  0.000000      0.32449749
  0.100000      0.32185666
  0.200000      0.31834965
  0.300000      0.31404649
  0.400000      0.30896658
  0.500000      0.30377849
  0.600000      0.29850863
  0.700000      0.29369175
  0.800000      0.28905214
  0.900000      0.28350551
  1.000000      0.27817644
  1.100000      0.27308032
  1.200000      0.26760145
  1.300000      0.26226435
  1.400000      0.25765013
  1.500000      0.25538665
  1.600000      0.25413947
  1.700000      0.24938394
  1.800000      0.25173525
  1.900000      0.25228656
  2.000000      0.24879902
  2.100000      0.24913411
  2.200000      0.25407934
  2.300000      0.25451938
  2.400000      0.25489056
  2.500000      0.25474161
  2.600000      0.25395573
  2.700000      0.25387554
  2.800000      0.25253252
  2.900000      0.25384818
  3.000000      0.25278217
  3.100000      0.25252950
  3.200000      0.25445510
  3.300000      0.25203888
  3.400000      0.24414211
  3.500000      0.24105216
  3.600000      0.23873270
  3.700000      0.23191101
  3.800000      0.23094926
  3.900000      0.23642075
  4.000000      0.24018833
  4.100000      0.24388595
  4.200000      0.24672188
  4.300000      0.24905041
  4.400000      0.25426973
  4.500000      0.25759866
  4.600000      0.25923152
  4.700000      0.25780024
  4.800000      0.25300122
  4.900000      0.25034664
  5.000000      0.24907521
  5.100000      0.24691595
  5.200000      0.24070659
  5.300000      0.24210814
  5.400000      0.24106583
  5.500000      0.24160215
  5.600000      0.24569678
  5.700000      0.24755550
  5.800000      0.24577251
  5.900000      0.24070325
  6.000000      0.24065764
  6.100000      0.24325971
  6.200000      0.24698232
  6.300000      0.25154645
  6.400000      0.25824534
  6.500000      0.26548999
  6.600000      0.27136252
  6.700000      0.28095567
  6.800000      0.29167450
  6.900000      0.29944737
  7.000000      0.31056046
  7.100000      0.32375589
  7.200000      0.33132202
  7.300000      0.33885661
  7.400000      0.34751100
  7.500000      0.35656984
  7.600000      0.36885693
  7.700000      0.38382368
  7.800000      0.40039979
  7.900000      0.41412691
  8.000000      0.42938171
  8.100000      0.44093731
  8.200000      0.44731334
  8.300000      0.45983131
  8.400000      0.47060358
  8.500000      0.47635518
  8.600000      0.48492369
  8.700000      0.49431991
  8.800000      0.50406882
  8.900000      0.51609229
  9.000000      0.51826057
  9.100000      0.51798508
  9.200000      0.51760375
  9.300000      0.50958051
  9.400000      0.49960776
  9.500000      0.49439870
  9.600000      0.48729799
  9.700000      0.47817512
  9.800000      0.47292002
  9.900000      0.46605989
 10.000000      0.46013936
 10.100000      0.45840904
 10.200000      0.45481196
 10.300000      0.44715098
 10.400000      0.44224454
 10.500000      0.43606396
 10.600000      0.42631952
 10.700000      0.42049191
 10.800000      0.41262683
 10.900000      0.40583123
 11.000000      0.40376865
 11.100000      0.40186478
 11.200000      0.39584347
 11.300000      0.39225836
 11.400000      0.38977261
 11.500000      0.38753301
 11.600000      0.38705999
 11.700000      0.38420463
 11.800000      0.37940448
 11.900000      0.37316925
 12.000000      0.36736746
 12.100000      0.36663678
 12.200000      0.36988180
 12.300000      0.37127851
 12.400000      0.37345495
 12.500000      0.37254724
 12.600000      0.37114282
 12.700000      0.37103263
 12.800000      0.37033538
 12.900000      0.37033395
 13.000000      0.37156612
 13.100000      0.36772899
 13.200000      0.36653772
 13.300000      0.36578847
 13.400000      0.36003797
 13.500000      0.35399813
 13.600000      0.34604762
 13.700000      0.33412407
 13.800000      0.32481428
 13.900000      0.31873849
 14.000000      0.31076327
 14.100000      0.30582618
 14.200000      0.30247191
 14.300000      0.29950894
 14.400000      0.29920216
 14.500000      0.30029214
 14.600000      0.29740038
 14.700000      0.29184754
 14.800000      0.28521687
 14.900000      0.27603702
 15.000000      0.26414375
 15.100000      0.24636540
 15.200000      0.22923577
 15.300000      0.21204445
 15.400000      0.19427926
 15.500000      0.17714989
 15.600000      0.15621337
 15.700000      0.13246069
 15.800000      0.11073250
 15.900000      0.08901398
 16.000000      0.06903261
 16.100000      0.04915590
 16.200000      0.03093550
 16.300000      0.01514159
 16.400000     -0.00205181
 16.500000     -0.02304845
 16.600000     -0.04083576
 16.700000     -0.05322664
 16.800000     -0.06384173
 16.900000     -0.07167624
 17.000000     -0.08417287
 17.100000     -0.09900840
 17.200000     -0.11424009
 17.300000     -0.12832736
 17.400000     -0.14296779
 17.500000     -0.15901644
 17.600000     -0.17699726
 17.700000     -0.19700704
 17.800000     -0.21936467
 17.900000     -0.24215406
 18.000000     -0.26022413
 18.100000     -0.27358137
 18.200000     -0.28516873
 18.300000     -0.29047533
 18.400000     -0.29719371
 18.500000     -0.30338939
 18.600000     -0.30698744
 18.700000     -0.31317991
 18.800000     -0.32077484
 18.900000     -0.33028088
 19.000000     -0.34479706
 19.100000     -0.35826631
 19.200000     -0.37309890
 19.300000     -0.38704520
 19.400000     -0.39796138
 19.500000     -0.41196123
 19.600000     -0.43074903
 19.700000     -0.45065581
 19.800000     -0.47298671
 19.900000     -0.49327610
 20.000000     -0.51186773
 20.100000     -0.52936262
 20.200000     -0.54366455
 20.300000     -0.56172672
 20.400000     -0.58619862
 20.500000     -0.60703447
 20.600000     -0.62786235
 20.700000     -0.64611126
 20.800000     -0.65365842
 20.900000     -0.66079166
 21.000000     -0.66884240
 21.100000     -0.67790482
 21.200000     -0.69357099
 21.300000     -0.71176073
 21.400000     -0.72673516
 21.500000     -0.74355169
 21.600000     -0.75501621
 21.700000     -0.76048476
 21.800000     -0.76439426
 21.900000     -0.76623052
 22.000000     -0.76960109
 22.100000     -0.77038100
 22.200000     -0.77120309
 22.300000     -0.77320138
 22.400000     -0.77633047
 22.500000     -0.78062019
 22.600000     -0.78355881
 22.700000     -0.78902656
 22.800000     -0.78644139
 22.900000     -0.77226488
 23.000000     -0.75374690
 23.100000     -0.73113864
 23.200000     -0.70917263
 23.300000     -0.69390064
 23.400000     -0.68156243
 23.500000     -0.67250691
 23.600000     -0.66026446
 23.700000     -0.64392966
 23.800000     -0.63171647
 23.900000     -0.61545228
 24.000000     -0.59633442
 24.100000     -0.57595438
 24.200000     -0.55876137
 24.300000     -0.54757114
 24.400000     -0.54411734
 24.500000     -0.54506592
 24.600000     -0.55225656
 24.700000     -0.55943487
 24.800000     -0.56106880
 24.900000     -0.56346190
 25.000000     -0.56746006
 25.100000     -0.57129453
 25.200000     -0.57838210
 25.300000     -0.58790883
 25.400000     -0.59796820
 25.500000     -0.60704939
 25.600000     -0.61174232
 25.700000     -0.61801312
 25.800000     -0.62833856
 25.900000     -0.63790171
 26.000000     -0.64392500
 26.100000     -0.65019344
 26.200000     -0.65607512
 26.300000     -0.65576031
 26.400000     -0.65145651
 26.500000     -0.64898961
 26.600000     -0.64324491
 26.700000     -0.63881570
 26.800000     -0.62876582
 26.900000     -0.61265967
 27.000000     -0.59880745
 27.100000     -0.58241730
 27.200000     -0.55847192
 27.300000     -0.53910201
 27.400000     -0.51933367
 27.500000     -0.49948159
 27.600000     -0.48884390
 27.700000     -0.47924275
 27.800000     -0.46962666
 27.900000     -0.47189028
 28.000000     -0.47955287
 28.100000     -0.48735932
 28.200000     -0.49718008
 28.300000     -0.50034567
 28.400000     -0.49932342
 28.500000     -0.49882459
 28.600000     -0.49851431
 28.700000     -0.50427663
 28.800000     -0.51822697
 28.900000     -0.53218079
 29.000000     -0.54238856
 29.100000     -0.54842373
 29.200000     -0.55046728
 29.300000     -0.55037816
 29.400000     -0.55329506
 29.500000     -0.55898081
 29.600000     -0.56455122
 29.700000     -0.57194977
 29.800000     -0.57533382
 29.900000     -0.57367173
 30.000000     -0.57456136
 30.100000     -0.58451343
 30.200000     -0.59785715
 30.300000     -0.61156584
 30.400000     -0.62558515
 30.500000     -0.63990641
 30.600000     -0.65397615
 30.700000     -0.66358856
 30.800000     -0.67525724
 30.900000     -0.68719584
 31.000000     -0.69296771
 31.100000     -0.68738752
 31.200000     -0.68240260
 31.300000     -0.67283065
 31.400000     -0.65990987
 31.500000     -0.65025668
 31.600000     -0.63784736
 31.700000     -0.63009839
 31.800000     -0.62856389
 31.900000     -0.62664636
 32.000000     -0.62559215
 32.100000     -0.62548901
 32.200000     -0.62930286
 32.300000     -0.63828752
 32.400000     -0.65439023
 32.500000     -0.67338601
 32.600000     -0.69308939
 32.700000     -0.71624264
 32.800000     -0.73849402
 32.900000     -0.76389833
 33.000000     -0.78887088
 33.100000     -0.81333462
 33.200000     -0.83573476
 33.300000     -0.85231395
 33.400000     -0.86322008
 33.500000     -0.86906427
 33.600000     -0.86750386
 33.700000     -0.87071570
 33.800000     -0.87598367
 33.900000     -0.87490088
 34.000000     -0.88008787
 34.100000     -0.88178064
 34.200000     -0.88418479
 34.300000     -0.89191882
 34.400000     -0.90062360
 34.500000     -0.90907344
 34.600000     -0.91439613
 34.700000     -0.92037747
 34.800000     -0.92054343
 34.900000     -0.92288331
 35.000000     -0.91828584
 35.100000     -0.91934965
 35.200000     -0.93206886
 35.300000     -0.93716852
 35.400000     -0.94157911
 35.500000     -0.94566046
 35.600000     -0.94759852
 35.700000     -0.94918226
 35.800000     -0.95013997
 35.900000     -0.95217481
 36.000000     -0.95433870
 36.100000     -0.95539862
 36.200000     -0.95500262
 36.300000     -0.95484595
 36.400000     -0.95584539
 36.500000     -0.95738812
 36.600000     -0.95856226
 36.700000     -0.95950004
 36.800000     -0.95997529
 36.900000     -0.96031400
 37.000000     -0.96202911
 37.100000     -0.96423853
 37.200000     -0.96625643
 37.300000     -0.96825894
 37.400000     -0.97078001
 37.500000     -0.97414039
 37.600000     -0.97823640
 37.700000     -0.98285780
 37.800000     -0.98689785
 37.900000     -0.99125200
 38.000000     -0.99480292
 38.100000     -0.99805116
 38.200000     -0.99948359
 38.300000     -0.99989357
 38.400000     -1.00000000
 38.500000     -0.99989905
 38.600000     -0.99991234
 38.700000     -0.99992629
 38.800000     -0.99966796
 38.900000     -0.99982189
 39.000000     -0.99974076
 39.100000     -0.99952558
 39.200000     -0.99963000
 39.300000     -0.99954164
 39.400000     -0.99953830
 39.500000     -0.99850290
 39.600000     -0.99673756
 39.700000     -0.99568867
 39.800000     -0.99502081
 39.900000     -0.99364503
