  0.000000      0.04953236
  0.100000      0.04598069
  0.200000      0.04227741
  0.300000      0.03812462
  0.400000      0.03400744
  0.500000      0.02934027
  0.600000      0.02490420
  0.700000      0.02089624
  0.800000      0.01746356
  0.900000      0.01377027
  1.000000      0.00949976
  1.100000      0.00525471
  1.200000      0.00180448
  1.300000     -0.00091963
  1.400000     -0.00436680
  1.500000     -0.00816172
  1.600000     -0.01169528
  1.700000     -0.01559576
  1.800000     -0.01984449
  1.900000     -0.02393230
  2.000000     -0.02840445
  2.100000     -0.03308499
  2.200000     -0.03729862
  2.300000     -0.04096887
  2.400000     -0.04434637
  2.500000     -0.04745496
  2.600000     -0.05062707
  2.700000     -0.05349531
  2.800000     -0.05524598
  2.900000     -0.05594017
  3.000000     -0.05525370
  3.100000     -0.05406501
  3.200000     -0.05191999
  3.300000     -0.04905284
  3.400000     -0.04553742
  3.500000     -0.04099027
  3.600000     -0.03500827
  3.700000     -0.02829045
  3.800000     -0.01993418
  3.900000     -0.01015197
  4.000000     -0.00055226
  4.100000      0.00871488
  4.200000      0.01759072
  4.300000      0.02679189
  4.400000      0.03626884
  4.500000      0.04582680
  4.600000      0.05451717
  4.700000      0.06357284
  4.800000      0.07222646
  4.900000      0.08154746
  5.000000      0.08956964
  5.100000      0.09617370
  5.200000      0.10348675
  5.300000      0.10988063
  5.400000      0.11423725
  5.500000      0.11780121
  5.600000      0.12021664
  5.700000      0.12155557
  5.800000      0.12360784
  5.900000      0.12502775
  6.000000      0.12680653
  6.100000      0.12700999
  6.200000      0.12571374
  6.300000      0.12275319
  6.400000      0.11850999
  6.500000      0.11378596
  6.600000      0.10884490
  6.700000      0.10269014
  6.800000      0.09590712
  6.900000      0.08845961
  7.000000      0.07869607
  7.100000      0.06879747
  7.200000      0.05757443
  7.300000      0.04627517
  7.400000      0.03290897
  7.500000      0.02049409
  7.600000      0.00563530
  7.700000     -0.00903774
  7.800000     -0.02306756
  7.900000     -0.03856892
  8.000000     -0.05450202
  8.100000     -0.06924472
  8.200000     -0.08357105
  8.300000     -0.09854899
  8.400000     -0.11158604
  8.500000     -0.12395905
  8.600000     -0.13723387
  8.700000     -0.14972925
  8.800000     -0.16258474
  8.900000     -0.17338835
  9.000000     -0.18202641
  9.100000     -0.18965007
  9.200000     -0.19496855
  9.300000     -0.19909755
  9.400000     -0.20336717
  9.500000     -0.20542532
  9.600000     -0.20517003
  9.700000     -0.20428080
  9.800000     -0.19969989
  9.900000     -0.19416377
 10.000000     -0.18472200
 10.100000     -0.17379038
 10.200000     -0.16014776
 10.300000     -0.14342511
 10.400000     -0.12479307
 10.500000     -0.09893442
 10.600000     -0.07190166
 10.700000     -0.03728590
 10.800000     -0.00013292
 10.900000      0.04299541
 11.000000      0.09056616
 11.100000      0.14090949
 11.200000      0.19725988
 11.300000      0.25497386
 11.400000      0.31964997
 11.500000      0.38365958
 11.600000      0.45404030
 11.700000      0.52125786
 11.800000      0.59138007
 11.900000      0.65484287
 12.000000      0.71889148
 12.100000      0.77613995
 12.200000      0.82930674
 12.300000      0.87503776
 12.400000      0.91394136
 12.500000      0.94555584
 12.600000      0.97008736
 12.700000      0.98901581
 12.800000      0.99788889
 12.900000      1.00000000
 13.000000      0.99162858
 13.100000      0.97439480
 13.200000      0.94820097
 13.300000      0.91381381
 13.400000      0.86860875
 13.500000      0.81473264
 13.600000      0.75256050
 13.700000      0.68296377
 13.800000      0.60610479
 13.900000      0.52486587
 14.000000      0.44073987
 14.100000      0.35461423
 14.200000      0.26519551
 14.300000      0.17576673
 14.400000      0.08602402
 14.500000     -0.00035550
 14.600000     -0.08282793
 14.700000     -0.16057293
 14.800000     -0.23300919
 14.900000     -0.29889508
 15.000000     -0.35861821
 15.100000     -0.41129159
 15.200000     -0.45984945
 15.300000     -0.50329929
 15.400000     -0.54151406
 15.500000     -0.57216838
 15.600000     -0.59965686
 15.700000     -0.62008658
 15.800000     -0.63497902
 15.900000     -0.64227003
 16.000000     -0.64656832
 16.100000     -0.64506877
 16.200000     -0.63963238
 16.300000     -0.63110593
 16.400000     -0.61850644
 16.500000     -0.60163194
 16.600000     -0.58211989
 16.700000     -0.56034394
 16.800000     -0.53853255
 16.900000     -0.51265061
 17.000000     -0.48685504
 17.100000     -0.46097247
 17.200000     -0.43493724
 17.300000     -0.40720639
 17.400000     -0.37946775
 17.500000     -0.35133175
 17.600000     -0.32388308
 17.700000     -0.29622173
 17.800000     -0.26837684
 17.900000     -0.23987934
 18.000000     -0.21219141
 18.100000     -0.18524285
 18.200000     -0.15962431
 18.300000     -0.13477014
 18.400000     -0.11037410
 18.500000     -0.08690294
 18.600000     -0.06470832
 18.700000     -0.04434708
 18.800000     -0.02542158
 18.900000     -0.00858990
 19.000000      0.00543413
 19.100000      0.01794893
 19.200000      0.02880198
 19.300000      0.03770787
 19.400000      0.04422607
 19.500000      0.04904345
 19.600000      0.05214011
 19.700000      0.05476977
 19.800000      0.05689638
 19.900000      0.05801508
 20.000000      0.05816355
 20.100000      0.05852055
 20.200000      0.05732593
 20.300000      0.05552183
 20.400000      0.05300532
 20.500000      0.05003214
 20.600000      0.04568621
 20.700000      0.04048876
 20.800000      0.03446553
 20.900000      0.02911577
 21.000000      0.02383409
 21.100000      0.01763294
 21.200000      0.01049181
 21.300000      0.00263897
 21.400000     -0.00625533
 21.500000     -0.01550703
 21.600000     -0.02571288
 21.700000     -0.03642044
 21.800000     -0.04665289
 21.900000     -0.05639429
 22.000000     -0.06641757
 22.100000     -0.07599659
 22.200000     -0.08531817
 22.300000     -0.09397271
 22.400000     -0.10100643
 22.500000     -0.10639025
 22.600000     -0.11214854
 22.700000     -0.11811613
 22.800000     -0.12301483
 22.900000     -0.12644463
 23.000000     -0.12832771
 23.100000     -0.12866553
 23.200000     -0.12908152
 23.300000     -0.12854046
 23.400000     -0.12708822
 23.500000     -0.12491090
 23.600000     -0.12178349
 23.700000     -0.11808722
 23.800000     -0.11347370
 23.900000     -0.10817242
 24.000000     -0.10243194
 24.100000     -0.09665688
 24.200000     -0.08985908
 24.300000     -0.08273058
 24.400000     -0.07544251
 24.500000     -0.06858246
 24.600000     -0.06173740
 24.700000     -0.05589555
 24.800000     -0.05074411
 24.900000     -0.04536168
 25.000000     -0.03924099
 25.100000     -0.03284683
 25.200000     -0.02679899
 25.300000     -0.02148419
 25.400000     -0.01682547
 25.500000     -0.01280094
 25.600000     -0.00971286
 25.700000     -0.00658869
 25.800000     -0.00415898
 25.900000     -0.00192946
 26.000000     -0.00039052
 26.100000      0.00024580
 26.200000      0.00121499
 26.300000      0.00157213
 26.400000      0.00313049
 26.500000      0.00463701
 26.600000      0.00640536
 26.700000      0.00847083
 26.800000      0.01042812
 26.900000      0.01196380
 27.000000      0.01350082
 27.100000      0.01497234
 27.200000      0.01555456
 27.300000      0.01561098
 27.400000      0.01518115
 27.500000      0.01305541
 27.600000      0.01015395
 27.700000      0.00648508
 27.800000      0.00207631
 27.900000     -0.00200338
 28.000000     -0.00704272
 28.100000     -0.01266209
 28.200000     -0.01768360
 28.300000     -0.02156551
 28.400000     -0.02486764
 28.500000     -0.02766342
 28.600000     -0.03068431
 28.700000     -0.03450666
 28.800000     -0.03840351
 28.900000     -0.04157463
 29.000000     -0.04305010
 29.100000     -0.04655991
 29.200000     -0.04942488
 29.300000     -0.05222742
 29.400000     -0.05530260
 29.500000     -0.05816731
 29.600000     -0.06072104
 29.700000     -0.06313430
 29.800000     -0.06490124
 29.900000     -0.06590860
 30.000000     -0.06631716
 30.100000     -0.06727461
 30.200000     -0.06856658
 30.300000     -0.06963333
 30.400000     -0.07062137
 30.500000     -0.07082960
 30.600000     -0.06997764
 30.700000     -0.06909764
 30.800000     -0.06801866
 30.900000     -0.06673208
 31.000000     -0.06420794
 31.100000     -0.06117930
 31.200000     -0.05797111
 31.300000     -0.05487303
 31.400000     -0.05087063
 31.500000     -0.04657291
 31.600000     -0.04212836
 31.700000     -0.03810507
 31.800000     -0.03405227
 31.900000     -0.03082050
 32.000000     -0.02794152
 32.100000     -0.02498271
 32.200000     -0.02226026
 32.300000     -0.01981823
 32.400000     -0.01748031
 32.500000     -0.01438093
 32.600000     -0.01111792
 32.700000     -0.00799291
 32.800000     -0.00538007
 32.900000     -0.00310219
 33.000000     -0.00064811
 33.100000      0.00168930
 33.200000      0.00467930
 33.300000      0.00739812
 33.400000      0.00930777
 33.500000      0.01065207
 33.600000      0.01160117
 33.700000      0.01194006
 33.800000      0.01155924
 33.900000      0.01096092
 34.000000      0.00978143
 34.100000      0.00846862
 34.200000      0.00699222
 34.300000      0.00541705
 34.400000      0.00405039
 34.500000      0.00295764
 34.600000      0.00168563
 34.700000      0.00041136
 34.800000     -0.00037439
 34.900000     -0.00110062
 35.000000     -0.00197890
 35.100000     -0.00258720
 35.200000     -0.00319268
 35.300000     -0.00417199
 35.400000     -0.00442783
 35.500000     -0.00466259
 35.600000     -0.00470328
 35.700000     -0.00434970
 35.800000     -0.00335977
 35.900000     -0.00261871
 36.000000     -0.00186726
 36.100000     -0.00105744
 36.200000     -0.00015978
 36.300000      0.00112642
 36.400000      0.00302931
 36.500000      0.00570657
 36.600000      0.00643747
 36.700000      0.00697647
 36.800000      0.00728696
 36.900000      0.00773265
 37.000000      0.00793124
 37.100000      0.00698948
 37.200000      0.00644204
 37.300000      0.00651018
 37.400000      0.00664370
 37.500000      0.00691198
 37.600000      0.00698632
 37.700000      0.00688519
 37.800000      0.00674727
 37.900000      0.00688649
 38.000000      0.00759221
 38.100000      0.00805530
 38.200000      0.00816864
 38.300000      0.00795919
 38.400000      0.00721229
 38.500000      0.00630475
 38.600000      0.00523987
 38.700000      0.00455627
 38.800000      0.00325584
 38.900000      0.00205512
 39.000000      0.00086160
 39.100000     -0.00033402
 39.200000     -0.00155469
 39.300000     -0.00277742
 39.400000     -0.00411942
 39.500000     -0.00515048
 39.600000     -0.00538616
 39.700000     -0.00517706
 39.800000     -0.00560504
 39.900000     -0.00570704
