  0.000000      0.10025149
  0.100000      0.09781563
  0.200000      0.09528504
  0.300000      0.09276061
  0.400000      0.09020674
  0.500000      0.08759066
  0.600000      0.08498059
  0.700000      0.08240569
  0.800000      0.07979594
  0.900000      0.07721812
  1.000000      0.07464402
  1.100000      0.07207499
  1.200000      0.06954163
  1.300000      0.06709011
  1.400000      0.06468838
  1.500000      0.06229922
  1.600000      0.06001165
  1.700000      0.05778550
  1.800000      0.05565570
  1.900000      0.05360595
  2.000000      0.05163076
  2.100000      0.04980360
  2.200000      0.04807611
  2.300000      0.04650158
  2.400000      0.04507469
  2.500000      0.04383004
  2.600000      0.04275389
  2.700000      0.04181566
  2.800000      0.04107484
  2.900000      0.04042203
  3.000000      0.03960093
  3.100000      0.03883593
  3.200000      0.03823777
  3.300000      0.03779485
  3.400000      0.03750373
  3.500000      0.03743569
  3.600000      0.03755067
  3.700000      0.03789633
  3.800000      0.03858618
  3.900000      0.03957561
  4.000000      0.04087704
  4.100000      0.04251850
  4.200000      0.04450412
  4.300000      0.04685196
  4.400000      0.04953263
  4.500000      0.05250074
  4.600000      0.05571328
  4.700000      0.05917940
  4.800000      0.06286216
  4.900000      0.06670704
  5.000000      0.07070020
  5.100000      0.07489644
  5.200000      0.07926907
  5.300000      0.08384051
  5.400000      0.08864528
  5.500000      0.09373282
  5.600000      0.09909556
  5.700000      0.10471857
  5.800000      0.11061521
  5.900000      0.11677694
  6.000000      0.12319653
  6.100000      0.12986961
  6.200000      0.13676609
  6.300000      0.14380309
  6.400000      0.15099800
  6.500000      0.15835680
  6.600000      0.16578805
  6.700000      0.17329416
  6.800000      0.18084382
  6.900000      0.18857480
  7.000000      0.19635502
  7.100000      0.20437820
  7.200000      0.21261669
  7.300000      0.22094582
  7.400000      0.22953132
  7.500000      0.23837545
  7.600000      0.24733517
  7.700000      0.25650674
  7.800000      0.26594163
  7.900000      0.27550403
  8.000000      0.28513376
  8.100000      0.29488353
  8.200000      0.30466332
  8.300000      0.31439208
  8.400000      0.32413931
  8.500000      0.33381033
  8.600000      0.34343295
  8.700000      0.35300643
  8.800000      0.36255737
  8.900000      0.37199320
  9.000000      0.38138965
  9.100000      0.39075552
  9.200000      0.40010424
  9.300000      0.40946869
  9.400000      0.41882682
  9.500000      0.42833646
  9.600000      0.43795387
  9.700000      0.44779833
  9.800000      0.45790474
  9.900000      0.46836203
 10.000000      0.47907295
 10.100000      0.49008565
 10.200000      0.50149886
 10.300000      0.51312259
 10.400000      0.52506095
 10.500000      0.53719627
 10.600000      0.54949413
 10.700000      0.56201335
 10.800000      0.57476830
 10.900000      0.58759147
 11.000000      0.60055867
 11.100000      0.61367915
 11.200000      0.62682723
 11.300000      0.64014674
 11.400000      0.65352051
 11.500000      0.66700248
 11.600000      0.68056856
 11.700000      0.69419418
 11.800000      0.70785284
 11.900000      0.72158629
 12.000000      0.73542254
 12.100000      0.74920767
 12.200000      0.76306893
 12.300000      0.77683276
 12.400000      0.79050583
 12.500000      0.80416668
 12.600000      0.81771148
 12.700000      0.83105519
 12.800000      0.84420607
 12.900000      0.85718213
 13.000000      0.86986663
 13.100000      0.88233624
 13.200000      0.89441689
 13.300000      0.90608542
 13.400000      0.91736498
 13.500000      0.92819428
 13.600000      0.93838609
 13.700000      0.94786525
 13.800000      0.95671669
 13.900000      0.96484123
 14.000000      0.97218120
 14.100000      0.97867543
 14.200000      0.98436825
 14.300000      0.98921595
 14.400000      0.99312349
 14.500000      0.99610853
 14.600000      0.99825719
 14.700000      0.99953364
 14.800000      1.00000000
 14.900000      0.99946924
 15.000000      0.99803343
 15.100000      0.99580997
 15.200000      0.99276045
 15.300000      0.98883654
 15.400000      0.98392725
 15.500000      0.97823064
 15.600000      0.97179358
 15.700000      0.96460383
 15.800000      0.95677058
 15.900000      0.94831068
 16.000000      0.93938437
 16.100000      0.92997849
 16.200000      0.92009623
 16.300000      0.90973726
 16.400000      0.89893616
 16.500000      0.88782400
 16.600000      0.87626266
 16.700000      0.86430155
 16.800000      0.85204311
 16.900000      0.83958610
 17.000000      0.82690591
 17.100000      0.81404802
 17.200000      0.80112310
 17.300000      0.78804691
 17.400000      0.77502094
 17.500000      0.76200381
 17.600000      0.74880705
 17.700000      0.73554868
 17.800000      0.72229829
 17.900000      0.70890031
 18.000000      0.69538918
 18.100000      0.68175012
 18.200000      0.66782141
 18.300000      0.65366944
 18.400000      0.63924445
 18.500000      0.62452253
 18.600000      0.60939049
 18.700000      0.59390751
 18.800000      0.57800063
 18.900000      0.56164090
 19.000000      0.54498007
 19.100000      0.52779067
 19.200000      0.51017920
 19.300000      0.49207505
 19.400000      0.47339831
 19.500000      0.45431835
 19.600000      0.43483542
 19.700000      0.41503150
 19.800000      0.39483762
 19.900000      0.37444649
 20.000000      0.35391106
 20.100000      0.33339976
 20.200000      0.31296779
 20.300000      0.29256704
 20.400000      0.27228189
 20.500000      0.25212870
 20.600000      0.23216910
 20.700000      0.21234357
 20.800000      0.19269963
 20.900000      0.17315012
 21.000000      0.15392810
 21.100000      0.13495633
 21.200000      0.11634505
 21.300000      0.09820987
 21.400000      0.08049112
 21.500000      0.06323590
 21.600000      0.04643229
 21.700000      0.03007860
 21.800000      0.01419324
 21.900000     -0.00112032
 22.000000     -0.01588378
 22.100000     -0.03019012
 22.200000     -0.04380646
 22.300000     -0.05675447
 22.400000     -0.06917319
 22.500000     -0.08080208
 22.600000     -0.09177838
 22.700000     -0.10214047
 22.800000     -0.11173911
 22.900000     -0.12065749
 23.000000     -0.12913468
 23.100000     -0.13685836
 23.200000     -0.14395466
 23.300000     -0.15062501
 23.400000     -0.15651117
 23.500000     -0.16193197
 23.600000     -0.16686515
 23.700000     -0.17118058
 23.800000     -0.17501480
 23.900000     -0.17835717
 24.000000     -0.18121716
 24.100000     -0.18364943
 24.200000     -0.18572110
 24.300000     -0.18730167
 24.400000     -0.18857349
 24.500000     -0.18944613
 24.600000     -0.18999339
 24.700000     -0.19020816
 24.800000     -0.19015965
 24.900000     -0.18974317
 25.000000     -0.18911220
 25.100000     -0.18823559
 25.200000     -0.18706605
 25.300000     -0.18565011
 25.400000     -0.18394679
 25.500000     -0.18203266
 25.600000     -0.17979164
 25.700000     -0.17725866
 25.800000     -0.17453006
 25.900000     -0.17155651
 26.000000     -0.16847459
 26.100000     -0.16523508
 26.200000     -0.16195993
 26.300000     -0.15865323
 26.400000     -0.15541822
 26.500000     -0.15231380
 26.600000     -0.14922611
 26.700000     -0.14636493
 26.800000     -0.14363879
 26.900000     -0.14097046
 27.000000     -0.13844903
 27.100000     -0.13611968
 27.200000     -0.13401480
 27.300000     -0.13194170
 27.400000     -0.13004900
 27.500000     -0.12827706
 27.600000     -0.12677630
 27.700000     -0.12563110
 27.800000     -0.12457094
 27.900000     -0.12374350
 28.000000     -0.12320823
 28.100000     -0.12302589
 28.200000     -0.12310078
 28.300000     -0.12339002
 28.400000     -0.12388185
 28.500000     -0.12468694
 28.600000     -0.12568162
 28.700000     -0.12677860
 28.800000     -0.12805313
 28.900000     -0.12945104
 29.000000     -0.13099077
 29.100000     -0.13262563
 29.200000     -0.13427611
 29.300000     -0.13600184
 29.400000     -0.13785188
 29.500000     -0.13979811
 29.600000     -0.14155263
 29.700000     -0.14344458
 29.800000     -0.14534298
 29.900000     -0.14729708
 30.000000     -0.14925725
 30.100000     -0.15116611
 30.200000     -0.15305633
 30.300000     -0.15494010
 30.400000     -0.15692485
 30.500000     -0.15869957
 30.600000     -0.16048194
 30.700000     -0.16217627
 30.800000     -0.16393475
 30.900000     -0.16560193
 31.000000     -0.16725472
 31.100000     -0.16898394
 31.200000     -0.17077246
 31.300000     -0.17254015
 31.400000     -0.17433053
 31.500000     -0.17627429
 31.600000     -0.17826275
 31.700000     -0.18028798
 31.800000     -0.18235293
 31.900000     -0.18436066
 32.000000     -0.18649075
 32.100000     -0.18873703
 32.200000     -0.19098370
 32.300000     -0.19337953
 32.400000     -0.19595731
 32.500000     -0.19869432
 32.600000     -0.20160686
 32.700000     -0.20475368
 32.800000     -0.20813359
 32.900000     -0.21173901
 33.000000     -0.21562494
 33.100000     -0.21969541
 33.200000     -0.22395141
 33.300000     -0.22840603
 33.400000     -0.23300984
 33.500000     -0.23770836
 33.600000     -0.24264715
 33.700000     -0.24766107
 33.800000     -0.25269329
 33.900000     -0.25784887
 34.000000     -0.26307190
 34.100000     -0.26834259
 34.200000     -0.27371480
 34.300000     -0.27916653
 34.400000     -0.28450887
 34.500000     -0.28998646
 34.600000     -0.29541920
 34.700000     -0.30069350
 34.800000     -0.30608415
 34.900000     -0.31140674
 35.000000     -0.31673821
 35.100000     -0.32205266
 35.200000     -0.32737173
 35.300000     -0.33271030
 35.400000     -0.33804232
 35.500000     -0.34337475
 35.600000     -0.34862209
 35.700000     -0.35393660
 35.800000     -0.35912641
 35.900000     -0.36420347
 36.000000     -0.36926558
 36.100000     -0.37423644
 36.200000     -0.37916639
 36.300000     -0.38383410
 36.400000     -0.38843982
 36.500000     -0.39298879
 36.600000     -0.39748194
 36.700000     -0.40196116
 36.800000     -0.40642490
 36.900000     -0.41082304
 37.000000     -0.41514427
 37.100000     -0.41938265
 37.200000     -0.42349309
 37.300000     -0.42743455
 37.400000     -0.43117826
 37.500000     -0.43471519
 37.600000     -0.43797637
 37.700000     -0.44098719
 37.800000     -0.44365942
 37.900000     -0.44591309
 38.000000     -0.44792677
 38.100000     -0.44959762
 38.200000     -0.45093573
 38.300000     -0.45201626
 38.400000     -0.45291624
 38.500000     -0.45353169
 38.600000     -0.45394400
 38.700000     -0.45416232
 38.800000     -0.45401634
 38.900000     -0.45374873
 39.000000     -0.45331504
 39.100000     -0.45262892
 39.200000     -0.45169164
 39.300000     -0.45062425
 39.400000     -0.44938580
 39.500000     -0.44792088
 39.600000     -0.44639425
 39.700000     -0.44467160
 39.800000     -0.44276708
 39.900000     -0.44075968
