  0.000000     -0.00140338
  0.100000     -0.00165828
  0.200000     -0.00162679
  0.300000     -0.00189326
  0.400000     -0.00205701
  0.500000     -0.00202216
  0.600000     -0.00198996
  0.700000     -0.00196054
  0.800000     -0.00193406
  0.900000     -0.00191051
  1.000000     -0.00188997
  1.100000     -0.00200879
  1.200000     -0.00236479
  1.300000     -0.00247174
  1.400000     -0.00306036
  1.500000     -0.00319413
  1.600000     -0.00320542
  1.700000     -0.00319262
  1.800000     -0.00317958
  1.900000     -0.00291421
  2.000000     -0.00285163
  2.100000     -0.00285525
  2.200000     -0.00277762
  2.300000     -0.00275277
  2.400000     -0.00281860
  2.500000     -0.00316894
  2.600000     -0.00269995
  2.700000     -0.00259470
  2.800000     -0.00267970
  2.900000     -0.00269779
  3.000000     -0.00269084
  3.100000     -0.00275721
  3.200000     -0.00246686
  3.300000     -0.00214967
  3.400000     -0.00208836
  3.500000     -0.00217588
  3.600000     -0.00218440
  3.700000     -0.00209834
  3.800000     -0.00228950
  3.900000     -0.00299131
  4.000000     -0.00325861
  4.100000     -0.00343862
  4.200000     -0.00414344
  4.300000     -0.00475036
  4.400000     -0.00536657
  4.500000     -0.00577147
  4.600000     -0.00609499
  4.700000     -0.00628862
  4.800000     -0.00721736
  4.900000     -0.00822034
  5.000000     -0.00907036
  5.100000     -0.01031222
  5.200000     -0.01084666
  5.300000     -0.01146124
  5.400000     -0.01182424
  5.500000     -0.01231254
  5.600000     -0.01281793
  5.700000     -0.01348415
  5.800000     -0.01438500
  5.900000     -0.01505972
  6.000000     -0.01565751
  6.100000     -0.01676127
  6.200000     -0.01741096
  6.300000     -0.01893610
  6.400000     -0.01986436
  6.500000     -0.02151240
  6.600000     -0.02245927
  6.700000     -0.02310348
  6.800000     -0.02391818
  6.900000     -0.02456123
  7.000000     -0.02569648
  7.100000     -0.02702991
  7.200000     -0.02834185
  7.300000     -0.02963925
  7.400000     -0.03046695
  7.500000     -0.03170095
  7.600000     -0.03365465
  7.700000     -0.03478779
  7.800000     -0.03637610
  7.900000     -0.03770223
  8.000000     -0.03911719
  8.100000     -0.04055893
  8.200000     -0.04157850
  8.300000     -0.04307681
  8.400000     -0.04476473
  8.500000     -0.04682851
  8.600000     -0.04858152
  8.700000     -0.05008587
  8.800000     -0.05157188
  8.900000     -0.05378076
  9.000000     -0.05733024
  9.100000     -0.06011466
  9.200000     -0.06249378
  9.300000     -0.06461259
  9.400000     -0.06716381
  9.500000     -0.06974659
  9.600000     -0.07183985
  9.700000     -0.07343672
  9.800000     -0.07534407
  9.900000     -0.07822195
 10.000000     -0.08121520
 10.100000     -0.08368816
 10.200000     -0.08602293
 10.300000     -0.08765813
 10.400000     -0.08921023
 10.500000     -0.09070930
 10.600000     -0.09238841
 10.700000     -0.09428188
 10.800000     -0.09546277
 10.900000     -0.09779736
 11.000000     -0.09854686
 11.100000     -0.09907912
 11.200000     -0.09938583
 11.300000     -0.09977472
 11.400000     -0.10046628
 11.500000     -0.10011189
 11.600000     -0.09963275
 11.700000     -0.09895112
 11.800000     -0.09794255
 11.900000     -0.09641674
 12.000000     -0.09505143
 12.100000     -0.09239666
 12.200000     -0.08951459
 12.300000     -0.08671204
 12.400000     -0.08300873
 12.500000     -0.07840825
 12.600000     -0.07325491
 12.700000     -0.06754141
 12.800000     -0.06125741
 12.900000     -0.05459886
 13.000000     -0.04735414
 13.100000     -0.03917950
 13.200000     -0.03039947
 13.300000     -0.02088773
 13.400000     -0.01067870
 13.500000      0.00054457
 13.600000      0.01245753
 13.700000      0.02505612
 13.800000      0.03842367
 13.900000      0.05256662
 14.000000      0.06749609
 14.100000      0.08321612
 14.200000      0.09972993
 14.300000      0.11703943
 14.400000      0.13514915
 14.500000      0.15405056
 14.600000      0.17373858
 14.700000      0.19420193
 14.800000      0.21542624
 14.900000      0.23739352
 15.000000      0.26008248
 15.100000      0.28346419
 15.200000      0.30750812
 15.300000      0.33217623
 15.400000      0.35829916
 15.500000      0.38459583
 15.600000      0.41163886
 15.700000      0.43849276
 15.800000      0.46570947
 15.900000      0.49322343
 16.000000      0.52096192
 16.100000      0.54885140
 16.200000      0.57681001
 16.300000      0.60475518
 16.400000      0.63259408
 16.500000      0.66023419
 16.600000      0.68757838
 16.700000      0.71452180
 16.800000      0.74095221
 16.900000      0.76676372
 17.000000      0.79184267
 17.100000      0.81606484
 17.200000      0.83930934
 17.300000      0.86145880
 17.400000      0.88239287
 17.500000      0.90198893
 17.600000      0.92010805
 17.700000      0.93664768
 17.800000      0.95149729
 17.900000      0.96454880
 18.000000      0.97570003
 18.100000      0.98486220
 18.200000      0.99194786
 18.300000      0.99688796
 18.400000      0.99958926
 18.500000      1.00000000
 18.600000      0.99805745
 18.700000      0.99373855
 18.800000      0.98703204
 18.900000      0.97794349
 19.000000      0.96647391
 19.100000      0.95262959
 19.200000      0.93643061
 19.300000      0.91791951
 19.400000      0.89714441
 19.500000      0.87416377
 19.600000      0.84903806
 19.700000      0.82185981
 19.800000      0.79272199
 19.900000      0.76171872
 20.000000      0.72894700
 20.100000      0.69451957
 20.200000      0.65856152
 20.300000      0.62119821
 20.400000      0.58255991
 20.500000      0.54277972
 20.600000      0.50199424
 20.700000      0.46034126
 20.800000      0.41795859
 20.900000      0.37498590
 21.000000      0.33155814
 21.100000      0.28781533
 21.200000      0.24390292
 21.300000      0.19996168
 21.400000      0.15613112
 21.500000      0.11255153
 21.600000      0.06936383
 21.700000      0.02669907
 21.800000     -0.01531255
 21.900000     -0.05654075
 22.000000     -0.09686013
 22.100000     -0.13616432
 22.200000     -0.17434574
 22.300000     -0.21130245
 22.400000     -0.24693932
 22.500000     -0.28117677
 22.600000     -0.31393412
 22.700000     -0.34515064
 22.800000     -0.37476595
 22.900000     -0.40273321
 23.000000     -0.42902410
 23.100000     -0.45360285
 23.200000     -0.47644890
 23.300000     -0.49755302
 23.400000     -0.51690587
 23.500000     -0.53451931
 23.600000     -0.55039603
 23.700000     -0.56456244
 23.800000     -0.57704074
 23.900000     -0.58787216
 24.000000     -0.59709058
 24.100000     -0.60473640
 24.200000     -0.61086086
 24.300000     -0.61551303
 24.400000     -0.61874517
 24.500000     -0.62061712
 24.600000     -0.62118562
 24.700000     -0.62051853
 24.800000     -0.61867347
 24.900000     -0.61571254
 25.000000     -0.61171097
 25.100000     -0.60673543
 25.200000     -0.60085467
 25.300000     -0.59413395
 25.400000     -0.58664855
 25.500000     -0.57846548
 25.600000     -0.56963962
 25.700000     -0.56024069
 25.800000     -0.55033488
 25.900000     -0.53998093
 26.000000     -0.52923844
 26.100000     -0.51816312
 26.200000     -0.50681052
 26.300000     -0.49523299
 26.400000     -0.48347684
 26.500000     -0.47159520
 26.600000     -0.45963222
 26.700000     -0.44763406
 26.800000     -0.43563550
 26.900000     -0.42367628
 27.000000     -0.41179174
 27.100000     -0.40001324
 27.200000     -0.38837184
 27.300000     -0.37689352
 27.400000     -0.36560091
 27.500000     -0.35451234
 27.600000     -0.34364715
 27.700000     -0.33302602
 27.800000     -0.32266095
 27.900000     -0.31256778
 28.000000     -0.30275333
 28.100000     -0.29322789
 28.200000     -0.28399369
 28.300000     -0.27505689
 28.400000     -0.26642043
 28.500000     -0.25808581
 28.600000     -0.25005382
 28.700000     -0.24232511
 28.800000     -0.23488246
 28.900000     -0.22772139
 29.000000     -0.22083162
 29.100000     -0.21421029
 29.200000     -0.20784803
 29.300000     -0.20174088
 29.400000     -0.19588326
 29.500000     -0.19026942
 29.600000     -0.18490613
 29.700000     -0.17978086
 29.800000     -0.17488849
 29.900000     -0.17022472
 30.000000     -0.16578375
 30.100000     -0.16156024
 30.200000     -0.15754472
 30.300000     -0.15372714
 30.400000     -0.15009692
 30.500000     -0.14665263
 30.600000     -0.14338421
 30.700000     -0.14028001
 30.800000     -0.13732770
 30.900000     -0.13452455
 31.000000     -0.13185989
 31.100000     -0.12932525
 31.200000     -0.12691118
 31.300000     -0.12461222
 31.400000     -0.12241950
 31.500000     -0.12032506
 31.600000     -0.11832276
 31.700000     -0.11640557
 31.800000     -0.11456693
 31.900000     -0.11280407
 32.000000     -0.11111124
 32.100000     -0.10948134
 32.200000     -0.10790876
 32.300000     -0.10637886
 32.400000     -0.10487372
 32.500000     -0.10342102
 32.600000     -0.10203792
 32.700000     -0.10069231
 32.800000     -0.09937979
 32.900000     -0.09809467
 33.000000     -0.09681000
 33.100000     -0.09554745
 33.200000     -0.09430325
 33.300000     -0.09306220
 33.400000     -0.09183173
 33.500000     -0.09062269
 33.600000     -0.08941653
 33.700000     -0.08821141
 33.800000     -0.08700559
 33.900000     -0.08579771
 34.000000     -0.08458727
 34.100000     -0.08337187
 34.200000     -0.08215128
 34.300000     -0.08092858
 34.400000     -0.07970385
 34.500000     -0.07847070
 34.600000     -0.07722879
 34.700000     -0.07600377
 34.800000     -0.07476750
 34.900000     -0.07351954
 35.000000     -0.07225592
 35.100000     -0.07097679
 35.200000     -0.06968888
 35.300000     -0.06845126
 35.400000     -0.06721063
 35.500000     -0.06597093
 35.600000     -0.06473262
 35.700000     -0.06349792
 35.800000     -0.06230077
 35.900000     -0.06110748
 36.000000     -0.05992848
 36.100000     -0.05878076
 36.200000     -0.05764447
 36.300000     -0.05652954
 36.400000     -0.05540585
 36.500000     -0.05428655
 36.600000     -0.05314383
 36.700000     -0.05177019
 36.800000     -0.05069995
 36.900000     -0.04964116
 37.000000     -0.04859720
 37.100000     -0.04755961
 37.200000     -0.04642488
 37.300000     -0.04528726
 37.400000     -0.04414099
 37.500000     -0.04295430
 37.600000     -0.04175483
 37.700000     -0.04064603
 37.800000     -0.03959681
 37.900000     -0.03867035
 38.000000     -0.03774733
 38.100000     -0.03681540
 38.200000     -0.03591976
 38.300000     -0.03502232
 38.400000     -0.03417472
 38.500000     -0.03331806
 38.600000     -0.03238590
 38.700000     -0.03144922
 38.800000     -0.03051011
 38.900000     -0.02959671
 39.000000     -0.02880562
 39.100000     -0.02807038
 39.200000     -0.02748076
 39.300000     -0.02689353
 39.400000     -0.02629939
 39.500000     -0.02573260
 39.600000     -0.02526082
 39.700000     -0.02482160
 39.800000     -0.02483938
 39.900000     -0.02470623
