  0.000000      0.01030668
  0.100000      0.01118426
  0.200000      0.01205025
  0.300000      0.01279488
  0.400000      0.01347204
  0.500000      0.01393289
  0.600000      0.01405033
  0.700000      0.01388640
  0.800000      0.01337819
  0.900000      0.01248575
  1.000000      0.01160848
  1.100000      0.01068457
  1.200000      0.00960784
  1.300000      0.00841600
  1.400000      0.00723526
  1.500000      0.00602269
  1.600000      0.00464025
  1.700000      0.00323073
  1.800000      0.00191742
  1.900000      0.00066269
  2.000000     -0.00050259
  2.100000     -0.00144906
  2.200000     -0.00268027
  2.300000     -0.00380894
  2.400000     -0.00488450
  2.500000     -0.00622737
  2.600000     -0.00738283
  2.700000     -0.00828050
  2.800000     -0.00871815
  2.900000     -0.00888681
  3.000000     -0.00886480
  3.100000     -0.00870396
  3.200000     -0.00886249
  3.300000     -0.00894471
  3.400000     -0.00873553
  3.500000     -0.00858126
  3.600000     -0.00843628
  3.700000     -0.00813767
  3.800000     -0.00730420
  3.900000     -0.00608922
  4.000000     -0.00488854
  4.100000     -0.00394923
  4.200000     -0.00322605
  4.300000     -0.00228359
  4.400000     -0.00130681
  4.500000     -0.00056593
  4.600000      0.00026962
  4.700000      0.00132455
  4.800000      0.00231035
  4.900000      0.00278589
  5.000000      0.00327823
  5.100000      0.00375165
  5.200000      0.00420526
  5.300000      0.00500914
  5.400000      0.00568442
  5.500000      0.00616635
  5.600000      0.00666208
  5.700000      0.00707865
  5.800000      0.00760674
  5.900000      0.00801294
  6.000000      0.00799848
  6.100000      0.00791849
  6.200000      0.00797167
  6.300000      0.00774373
  6.400000      0.00726672
  6.500000      0.00701486
  6.600000      0.00652999
  6.700000      0.00596592
  6.800000      0.00539789
  6.900000      0.00489285
  7.000000      0.00414242
  7.100000      0.00336630
  7.200000      0.00271645
  7.300000      0.00181022
  7.400000      0.00056740
  7.500000     -0.00094179
  7.600000     -0.00236281
  7.700000     -0.00361894
  7.800000     -0.00452779
  7.900000     -0.00536175
  8.000000     -0.00594326
  8.100000     -0.00609425
  8.200000     -0.00610892
  8.300000     -0.00599058
  8.400000     -0.00565144
  8.500000     -0.00485985
  8.600000     -0.00389730
  8.700000     -0.00271952
  8.800000     -0.00145641
  8.900000     -0.00024361
  9.000000      0.00070742
  9.100000      0.00148212
  9.200000      0.00197744
  9.300000      0.00214406
  9.400000      0.00243516
  9.500000      0.00295179
  9.600000      0.00342556
  9.700000      0.00420113
  9.800000      0.00524516
  9.900000      0.00575401
 10.000000      0.00552522
 10.100000      0.00552522
 10.200000      0.00539992
 10.300000      0.00529754
 10.400000      0.00536321
 10.500000      0.00521187
 10.600000      0.00499881
 10.700000      0.00486140
 10.800000      0.00480967
 10.900000      0.00483125
 11.000000      0.00480270
 11.100000      0.00461077
 11.200000      0.00385619
 11.300000      0.00345023
 11.400000      0.00303478
 11.500000      0.00240939
 11.600000      0.00160178
 11.700000      0.00037192
 11.800000     -0.00012769
 11.900000      0.00002095
 12.000000     -0.00041362
 12.100000     -0.00054861
 12.200000     -0.00032217
 12.300000     -0.00013798
 12.400000      0.00015274
 12.500000      0.00044474
 12.600000      0.00074106
 12.700000      0.00088666
 12.800000      0.00101778
 12.900000      0.00079994
 13.000000      0.00008237
 13.100000     -0.00094079
 13.200000     -0.00235310
 13.300000     -0.00402156
 13.400000     -0.00536301
 13.500000     -0.00702945
 13.600000     -0.00947756
 13.700000     -0.01214027
 13.800000     -0.01508835
 13.900000     -0.01861030
 14.000000     -0.02266681
 14.100000     -0.02685509
 14.200000     -0.03096879
 14.300000     -0.03510639
 14.400000     -0.03891021
 14.500000     -0.04233058
 14.600000     -0.04543843
 14.700000     -0.04834634
 14.800000     -0.05039950
 14.900000     -0.05130739
 15.000000     -0.05146249
 15.100000     -0.05057657
 15.200000     -0.04833730
 15.300000     -0.04454421
 15.400000     -0.03923954
 15.500000     -0.03215343
 15.600000     -0.02266407
 15.700000     -0.01059465
 15.800000      0.00454641
 15.900000      0.02358555
 16.000000      0.04668484
 16.100000      0.07422895
 16.200000      0.10654575
 16.300000      0.14366611
 16.400000      0.18571697
 16.500000      0.23241033
 16.600000      0.28348867
 16.700000      0.33817979
 16.800000      0.39588616
 16.900000      0.45618048
 17.000000      0.51796628
 17.100000      0.57990015
 17.200000      0.64090931
 17.300000      0.69991911
 17.400000      0.75580898
 17.500000      0.80806184
 17.600000      0.85556515
 17.700000      0.89713736
 17.800000      0.93281705
 17.900000      0.96163170
 18.000000      0.98283492
 18.100000      0.99611175
 18.200000      1.00000000
 18.300000      0.99430920
 18.400000      0.97986795
 18.500000      0.95641119
 18.600000      0.92385125
 18.700000      0.88283236
 18.800000      0.83360935
 18.900000      0.77635138
 19.000000      0.71205559
 19.100000      0.64169860
 19.200000      0.56635608
 19.300000      0.48695915
 19.400000      0.40476439
 19.500000      0.32123478
 19.600000      0.23812301
 19.700000      0.15627599
 19.800000      0.07648359
 19.900000     -0.00037497
 20.000000     -0.07374630
 20.100000     -0.14295612
 20.200000     -0.20755934
 20.300000     -0.26723165
 20.400000     -0.32194864
 20.500000     -0.37124757
 20.600000     -0.41524879
 20.700000     -0.45444465
 20.800000     -0.48867999
 20.900000     -0.51781415
 21.000000     -0.54258746
 21.100000     -0.56290047
 21.200000     -0.57854703
 21.300000     -0.58985938
 21.400000     -0.59760301
 21.500000     -0.60145554
 21.600000     -0.60163786
 21.700000     -0.59913217
 21.800000     -0.59433055
 21.900000     -0.58698829
 22.000000     -0.57731548
 22.100000     -0.56590036
 22.200000     -0.55314944
 22.300000     -0.53862498
 22.400000     -0.52314539
 22.500000     -0.50704898
 22.600000     -0.48993486
 22.700000     -0.47216525
 22.800000     -0.45422608
 22.900000     -0.43606237
 23.000000     -0.41753250
 23.100000     -0.39859254
 23.200000     -0.37934307
 23.300000     -0.35997296
 23.400000     -0.34038378
 23.500000     -0.32114144
 23.600000     -0.30213582
 23.700000     -0.28374202
 23.800000     -0.26628527
 23.900000     -0.24971957
 24.000000     -0.23385136
 24.100000     -0.21914444
 24.200000     -0.20524200
 24.300000     -0.19229335
 24.400000     -0.18051963
 24.500000     -0.16986991
 24.600000     -0.16004741
 24.700000     -0.15058139
 24.800000     -0.14180988
 24.900000     -0.13409980
 25.000000     -0.12697505
 25.100000     -0.12046482
 25.200000     -0.11505037
 25.300000     -0.10973177
 25.400000     -0.10477908
 25.500000     -0.10051307
 25.600000     -0.09669555
 25.700000     -0.09304853
 25.800000     -0.08937014
 25.900000     -0.08607690
 26.000000     -0.08293099
 26.100000     -0.07999848
 26.200000     -0.07754798
 26.300000     -0.07452727
 26.400000     -0.07185304
 26.500000     -0.06945898
 26.600000     -0.06692776
 26.700000     -0.06444118
 26.800000     -0.06210183
 26.900000     -0.06056593
 27.000000     -0.05965184
 27.100000     -0.05903929
 27.200000     -0.05910259
 27.300000     -0.05971349
 27.400000     -0.06039447
 27.500000     -0.06154293
 27.600000     -0.06284678
 27.700000     -0.06430439
 27.800000     -0.06594360
 27.900000     -0.06757129
 28.000000     -0.06949206
 28.100000     -0.07119301
 28.200000     -0.07280696
 28.300000     -0.07480520
 28.400000     -0.07648523
 28.500000     -0.07785867
 28.600000     -0.07904342
 28.700000     -0.08021147
 28.800000     -0.08110162
 28.900000     -0.08187405
 29.000000     -0.08273123
 29.100000     -0.08362513
 29.200000     -0.08428369
 29.300000     -0.08455297
 29.400000     -0.08422657
 29.500000     -0.08345416
 29.600000     -0.08236188
 29.700000     -0.08116238
 29.800000     -0.07961473
 29.900000     -0.07779483
 30.000000     -0.07616405
 30.100000     -0.07501799
 30.200000     -0.07376774
 30.300000     -0.07231277
 30.400000     -0.07095366
 30.500000     -0.06980610
 30.600000     -0.06849865
 30.700000     -0.06696184
 30.800000     -0.06548765
 30.900000     -0.06401314
 31.000000     -0.06252791
 31.100000     -0.06076458
 31.200000     -0.05924291
 31.300000     -0.05773978
 31.400000     -0.05590045
 31.500000     -0.05383584
 31.600000     -0.05151784
 31.700000     -0.04906149
 31.800000     -0.04612529
 31.900000     -0.04331891
 32.000000     -0.04064118
 32.100000     -0.03829312
 32.200000     -0.03624812
 32.300000     -0.03443421
 32.400000     -0.03273319
 32.500000     -0.03113755
 32.600000     -0.02971101
 32.700000     -0.02858185
 32.800000     -0.02766357
 32.900000     -0.02662244
 33.000000     -0.02550993
 33.100000     -0.02429368
 33.200000     -0.02305792
 33.300000     -0.02178256
 33.400000     -0.02036102
 33.500000     -0.01928576
 33.600000     -0.01828438
 33.700000     -0.01737376
 33.800000     -0.01689148
 33.900000     -0.01667374
 34.000000     -0.01648669
 34.100000     -0.01659927
 34.200000     -0.01685258
 34.300000     -0.01728474
 34.400000     -0.01748481
 34.500000     -0.01741768
 34.600000     -0.01737570
 34.700000     -0.01691327
 34.800000     -0.01626972
 34.900000     -0.01551944
 35.000000     -0.01458867
 35.100000     -0.01349352
 35.200000     -0.01251397
 35.300000     -0.01167428
 35.400000     -0.01076346
 35.500000     -0.00999631
 35.600000     -0.00950811
 35.700000     -0.00919145
 35.800000     -0.00885053
 35.900000     -0.00857411
 36.000000     -0.00833096
 36.100000     -0.00836444
 36.200000     -0.00827456
 36.300000     -0.00787960
 36.400000     -0.00739393
 36.500000     -0.00696753
 36.600000     -0.00672980
 36.700000     -0.00648190
 36.800000     -0.00614279
 36.900000     -0.00570489
 37.000000     -0.00521811
 37.100000     -0.00481311
 37.200000     -0.00448418
 37.300000     -0.00411498
 37.400000     -0.00376746
 37.500000     -0.00337254
 37.600000     -0.00298378
 37.700000     -0.00260019
 37.800000     -0.00209519
 37.900000     -0.00154635
 38.000000     -0.00098501
 38.100000     -0.00038358
 38.200000      0.00036697
 38.300000      0.00130936
 38.400000      0.00231648
 38.500000      0.00254688
 38.600000      0.00265522
 38.700000      0.00267826
 38.800000      0.00249173
 38.900000      0.00223601
 39.000000      0.00201723
 39.100000      0.00173937
 39.200000      0.00153088
 39.300000      0.00149913
 39.400000      0.00165242
 39.500000      0.00175003
 39.600000      0.00189320
 39.700000      0.00214736
 39.800000      0.00250376
 39.900000      0.00297084
