  0.000000     -0.02647797
  0.100000     -0.02648725
  0.200000     -0.02648264
  0.300000     -0.02642126
  0.400000     -0.02640266
  0.500000     -0.02646538
  0.600000     -0.02652380
  0.700000     -0.02657842
  0.800000     -0.02663147
  0.900000     -0.02667410
  1.000000     -0.02670558
  1.100000     -0.02672223
  1.200000     -0.02688695
  1.300000     -0.02687936
  1.400000     -0.02682653
  1.500000     -0.02676355
  1.600000     -0.02669272
  1.700000     -0.02661807
  1.800000     -0.02652425
  1.900000     -0.02641203
  2.000000     -0.02628218
  2.100000     -0.02615635
  2.200000     -0.02602214
  2.300000     -0.02587067
  2.400000     -0.02571634
  2.500000     -0.02555671
  2.600000     -0.02540963
  2.700000     -0.02526541
  2.800000     -0.02511839
  2.900000     -0.02498143
  3.000000     -0.02486774
  3.100000     -0.02475452
  3.200000     -0.02464252
  3.300000     -0.02452865
  3.400000     -0.02442782
  3.500000     -0.02434131
  3.600000     -0.02426343
  3.700000     -0.02417351
  3.800000     -0.02408635
  3.900000     -0.02400747
  4.000000     -0.02393195
  4.100000     -0.02387533
  4.200000     -0.02384120
  4.300000     -0.02383428
  4.400000     -0.02385676
  4.500000     -0.02391268
  4.600000     -0.02393615
  4.700000     -0.02391225
  4.800000     -0.02410090
  4.900000     -0.02433172
  5.000000     -0.02460889
  5.100000     -0.02493598
  5.200000     -0.02531047
  5.300000     -0.02573697
  5.400000     -0.02621676
  5.500000     -0.02676163
  5.600000     -0.02736609
  5.700000     -0.02801631
  5.800000     -0.02871777
  5.900000     -0.02947287
  6.000000     -0.03028017
  6.100000     -0.03113624
  6.200000     -0.03204138
  6.300000     -0.03299614
  6.400000     -0.03399851
  6.500000     -0.03504035
  6.600000     -0.03612783
  6.700000     -0.03725886
  6.800000     -0.03842896
  6.900000     -0.03964930
  7.000000     -0.04091093
  7.100000     -0.04221501
  7.200000     -0.04355191
  7.300000     -0.04492707
  7.400000     -0.04634009
  7.500000     -0.04779210
  7.600000     -0.04928109
  7.700000     -0.05080698
  7.800000     -0.05236925
  7.900000     -0.05395448
  8.000000     -0.05557653
  8.100000     -0.05722524
  8.200000     -0.05902484
  8.300000     -0.06095943
  8.400000     -0.06269698
  8.500000     -0.06446498
  8.600000     -0.06626356
  8.700000     -0.06808679
  8.800000     -0.06993244
  8.900000     -0.07180196
  9.000000     -0.07369603
  9.100000     -0.07560827
  9.200000     -0.07753666
  9.300000     -0.07947292
  9.400000     -0.08141041
  9.500000     -0.08333936
  9.600000     -0.08525492
  9.700000     -0.08715150
  9.800000     -0.08902736
  9.900000     -0.09087096
 10.000000     -0.09267229
 10.100000     -0.09442218
 10.200000     -0.09609633
 10.300000     -0.09769183
 10.400000     -0.09919875
 10.500000     -0.10060837
 10.600000     -0.10190772
 10.700000     -0.10307342
 10.800000     -0.10410504
 10.900000     -0.10498588
 11.000000     -0.10570498
 11.100000     -0.10624969
 11.200000     -0.10660484
 11.300000     -0.10675249
 11.400000     -0.10667791
 11.500000     -0.10636173
 11.600000     -0.10578630
 11.700000     -0.10493104
 11.800000     -0.10377526
 11.900000     -0.10230419
 12.000000     -0.10049556
 12.100000     -0.09832801
 12.200000     -0.09577893
 12.300000     -0.09282808
 12.400000     -0.08945297
 12.500000     -0.08563342
 12.600000     -0.08134661
 12.700000     -0.07656929
 12.800000     -0.07128386
 12.900000     -0.06547061
 13.000000     -0.05910837
 13.100000     -0.05217628
 13.200000     -0.04465644
 13.300000     -0.03652881
 13.400000     -0.02777211
 13.500000     -0.01838141
 13.600000     -0.00833368
 13.700000      0.00238491
 13.800000      0.01378448
 13.900000      0.02587536
 14.000000      0.03866218
 14.100000      0.05215501
 14.200000      0.06636519
 14.300000      0.08129306
 14.400000      0.09693831
 14.500000      0.11330161
 14.600000      0.13038548
 14.700000      0.14818805
 14.800000      0.16669846
 14.900000      0.18589899
 15.000000      0.20578064
 15.100000      0.22632601
 15.200000      0.24751018
 15.300000      0.26929939
 15.400000      0.29167030
 15.500000      0.31458253
 15.600000      0.33800045
 15.700000      0.36188364
 15.800000      0.38619051
 15.900000      0.41087366
 16.000000      0.43588091
 16.100000      0.46116160
 16.200000      0.48666040
 16.300000      0.51231863
 16.400000      0.53807575
 16.500000      0.56386639
 16.600000      0.58962427
 16.700000      0.61527559
 16.800000      0.64074969
 16.900000      0.66597204
 17.000000      0.69086277
 17.100000      0.71534722
 17.200000      0.73934422
 17.300000      0.76277587
 17.400000      0.78555579
 17.500000      0.80760451
 17.600000      0.82884493
 17.700000      0.84919279
 17.800000      0.86857063
 17.900000      0.88690661
 18.000000      0.90412020
 18.100000      0.92014487
 18.200000      0.93489636
 18.300000      0.94830807
 18.400000      0.96031278
 18.500000      0.97085839
 18.600000      0.97987807
 18.700000      0.98733513
 18.800000      0.99264700
 18.900000      0.99683728
 19.000000      0.99930029
 19.100000      1.00000000
 19.200000      0.99855344
 19.300000      0.99464069
 19.400000      0.98991266
 19.500000      0.98333436
 19.600000      0.97491308
 19.700000      0.96465589
 19.800000      0.95255473
 19.900000      0.93835781
 20.000000      0.92230733
 20.100000      0.90479489
 20.200000      0.88553150
 20.300000      0.86459364
 20.400000      0.84201785
 20.500000      0.81788769
 20.600000      0.79120680
 20.700000      0.76421657
 20.800000      0.73586961
 20.900000      0.70623231
 21.000000      0.67539492
 21.100000      0.64318139
 21.200000      0.60989470
 21.300000      0.57555610
 21.400000      0.54062142
 21.500000      0.50480647
 21.600000      0.46815878
 21.700000      0.43074417
 21.800000      0.39261954
 21.900000      0.35388636
 22.000000      0.31428002
 22.100000      0.27456383
 22.200000      0.23449468
 22.300000      0.19417918
 22.400000      0.15371985
 22.500000      0.11322687
 22.600000      0.07279962
 22.700000      0.03253408
 22.800000     -0.00805555
 22.900000     -0.04767891
 23.000000     -0.08680065
 23.100000     -0.12556252
 23.200000     -0.16336911
 23.300000     -0.20042945
 23.400000     -0.23666264
 23.500000     -0.27229272
 23.600000     -0.30681136
 23.700000     -0.34006833
 23.800000     -0.37236418
 23.900000     -0.40393623
 24.000000     -0.43360384
 24.100000     -0.46223299
 24.200000     -0.49082908
 24.300000     -0.51695324
 24.400000     -0.54181819
 24.500000     -0.56525399
 24.600000     -0.58749069
 24.700000     -0.60838585
 24.800000     -0.62793128
 24.900000     -0.64389140
 25.000000     -0.66234986
 25.100000     -0.67731018
 25.200000     -0.69074645
 25.300000     -0.70455374
 25.400000     -0.71563854
 25.500000     -0.72548998
 25.600000     -0.73390785
 25.700000     -0.74096138
 25.800000     -0.74668101
 25.900000     -0.75108517
 26.000000     -0.75421347
 26.100000     -0.75556038
 26.200000     -0.75612602
 26.300000     -0.75548117
 26.400000     -0.75366447
 26.500000     -0.75070965
 26.600000     -0.74664091
 26.700000     -0.74123739
 26.800000     -0.73497338
 26.900000     -0.72724085
 27.000000     -0.71850042
 27.100000     -0.70941054
 27.200000     -0.69723237
 27.300000     -0.68643151
 27.400000     -0.67483986
 27.500000     -0.66251450
 27.600000     -0.64950711
 27.700000     -0.63554664
 27.800000     -0.62128692
 27.900000     -0.60642901
 28.000000     -0.59046931
 28.100000     -0.57471598
 28.200000     -0.55855961
 28.300000     -0.54205523
 28.400000     -0.52524087
 28.500000     -0.50714197
 28.600000     -0.48923965
 28.700000     -0.47185613
 28.800000     -0.45434912
 28.900000     -0.43676907
 29.000000     -0.41915806
 29.100000     -0.40141514
 29.200000     -0.38349343
 29.300000     -0.36603798
 29.400000     -0.34870900
 29.500000     -0.33155505
 29.600000     -0.31460770
 29.700000     -0.29788639
 29.800000     -0.28143734
 29.900000     -0.26530237
 30.000000     -0.24950714
 30.100000     -0.23402557
 30.200000     -0.21892355
 30.300000     -0.20366443
 30.400000     -0.18733420
 30.500000     -0.17347188
 30.600000     -0.16005088
 30.700000     -0.14708498
 30.800000     -0.13372543
 30.900000     -0.12079392
 31.000000     -0.10933941
 31.100000     -0.09839447
 31.200000     -0.08783268
 31.300000     -0.07794034
 31.400000     -0.06737543
 31.500000     -0.05681547
 31.600000     -0.04777746
 31.700000     -0.03972432
 31.800000     -0.03215216
 31.900000     -0.02503312
 32.000000     -0.01837090
 32.100000     -0.01215455
 32.200000     -0.00638577
 32.300000     -0.00104210
 32.400000      0.00508816
 32.500000      0.00961418
 32.600000      0.01374341
 32.700000      0.01745622
 32.800000      0.02078452
 32.900000      0.02376609
 33.000000      0.02640730
 33.100000      0.02871403
 33.200000      0.03094922
 33.300000      0.03264430
 33.400000      0.03372661
 33.500000      0.03462565
 33.600000      0.03547125
 33.700000      0.03608110
 33.800000      0.03647089
 33.900000      0.03665008
 34.000000      0.03665811
 34.100000      0.03649165
 34.200000      0.03599817
 34.300000      0.03551567
 34.400000      0.03491593
 34.500000      0.03421523
 34.600000      0.03343419
 34.700000      0.03258202
 34.800000      0.03167444
 34.900000      0.03072494
 35.000000      0.02974392
 35.100000      0.02874225
 35.200000      0.02765568
 35.300000      0.02652080
 35.400000      0.02551005
 35.500000      0.02450336
 35.600000      0.02346457
 35.700000      0.02247451
 35.800000      0.02261745
 35.900000      0.02163371
 36.000000      0.02125967
 36.100000      0.02180073
 36.200000      0.02095286
 36.300000      0.02037578
 36.400000      0.01958088
 36.500000      0.01884431
 36.600000      0.01817420
 36.700000      0.01755612
 36.800000      0.01693986
 36.900000      0.01639699
 37.000000      0.01592762
 37.100000      0.01552889
 37.200000      0.01519563
 37.300000      0.01540837
 37.400000      0.01558345
 37.500000      0.01558920
 37.600000      0.01697395
 37.700000      0.01751981
 37.800000      0.01764705
 37.900000      0.01780286
 38.000000      0.01866031
 38.100000      0.01893810
 38.200000      0.01911813
 38.300000      0.01928142
 38.400000      0.01946874
 38.500000      0.01964842
 38.600000      0.01983369
 38.700000      0.02202910
 38.800000      0.02263589
 38.900000      0.02149315
 39.000000      0.02167445
 39.100000      0.01927947
 39.200000      0.01965174
 39.300000      0.02003824
 39.400000      0.02040842
 39.500000      0.02078819
 39.600000      0.02123018
 39.700000      0.02167032
 39.800000      0.02344464
 39.900000      0.02458162
