  0.000000     -0.00092518
  0.100000     -0.00135046
  0.200000     -0.00143659
  0.300000     -0.00096998
  0.400000     -0.00052861
  0.500000     -0.00072550
  0.600000     -0.00175213
  0.700000     -0.00275149
  0.800000     -0.00366957
  0.900000     -0.00479053
  1.000000     -0.00667935
  1.100000     -0.00853384
  1.200000     -0.00990084
  1.300000     -0.01156179
  1.400000     -0.01326151
  1.500000     -0.01455677
  1.600000     -0.01647263
  1.700000     -0.01819136
  1.800000     -0.01976105
  1.900000     -0.02190983
  2.000000     -0.02372462
  2.100000     -0.02521169
  2.200000     -0.02663013
  2.300000     -0.02877056
  2.400000     -0.03076113
  2.500000     -0.03229813
  2.600000     -0.03317048
  2.700000     -0.03444467
  2.800000     -0.03508174
  2.900000     -0.03492265
  3.000000     -0.03437933
  3.100000     -0.03311072
  3.200000     -0.02991348
  3.300000     -0.02409538
  3.400000     -0.01546073
  3.500000     -0.00592981
  3.600000      0.00660384
  3.700000      0.02319861
  3.800000      0.04280941
  3.900000      0.06556321
  4.000000      0.09259829
  4.100000      0.12402659
  4.200000      0.15927462
  4.300000      0.19942305
  4.400000      0.24435441
  4.500000      0.29389448
  4.600000      0.34837380
  4.700000      0.40553218
  4.800000      0.46545200
  4.900000      0.52671367
  5.000000      0.58833620
  5.100000      0.64989875
  5.200000      0.70994012
  5.300000      0.76753386
  5.400000      0.82025729
  5.500000      0.86750439
  5.600000      0.90814354
  5.700000      0.94168692
  5.800000      0.96764353
  5.900000      0.98545439
  6.000000      0.99640899
  6.100000      1.00000000
  6.200000      0.99431269
  6.300000      0.98174513
  6.400000      0.96155882
  6.500000      0.93390539
  6.600000      0.89908392
  6.700000      0.85681034
  6.800000      0.80790738
  6.900000      0.75220775
  7.000000      0.69117184
  7.100000      0.62593137
  7.200000      0.55684636
  7.300000      0.48347482
  7.400000      0.40728323
  7.500000      0.33037613
  7.600000      0.25336334
  7.700000      0.17569392
  7.800000      0.09878810
  7.900000      0.02427809
  8.000000     -0.04746064
  8.100000     -0.11636863
  8.200000     -0.18102669
  8.300000     -0.24240709
  8.400000     -0.29945286
  8.500000     -0.35214604
  8.600000     -0.39995950
  8.700000     -0.44235521
  8.800000     -0.48013887
  8.900000     -0.51323515
  9.000000     -0.54097900
  9.100000     -0.56437157
  9.200000     -0.58263909
  9.300000     -0.59766696
  9.400000     -0.60871797
  9.500000     -0.61539616
  9.600000     -0.61752105
  9.700000     -0.61778569
  9.800000     -0.61520953
  9.900000     -0.61001107
 10.000000     -0.60224177
 10.100000     -0.59259810
 10.200000     -0.58092922
 10.300000     -0.56828087
 10.400000     -0.55494989
 10.500000     -0.54006179
 10.600000     -0.52492003
 10.700000     -0.50943938
 10.800000     -0.49294640
 10.900000     -0.47547524
 11.000000     -0.45833246
 11.100000     -0.44130943
 11.200000     -0.42363582
 11.300000     -0.40674754
 11.400000     -0.39016094
 11.500000     -0.37416316
 11.600000     -0.35925714
 11.700000     -0.34490003
 11.800000     -0.33077539
 11.900000     -0.31696015
 12.000000     -0.30347785
 12.100000     -0.28965489
 12.200000     -0.27766853
 12.300000     -0.26683848
 12.400000     -0.25671129
 12.500000     -0.24698216
 12.600000     -0.23835346
 12.700000     -0.23009910
 12.800000     -0.22180590
 12.900000     -0.21338029
 13.000000     -0.20476341
 13.100000     -0.19729828
 13.200000     -0.19155885
 13.300000     -0.18510533
 13.400000     -0.17966525
 13.500000     -0.17371400
 13.600000     -0.16780626
 13.700000     -0.16234774
 13.800000     -0.15772828
 13.900000     -0.15373022
 14.000000     -0.14931358
 14.100000     -0.14505957
 14.200000     -0.14148101
 14.300000     -0.13888014
 14.400000     -0.13718977
 14.500000     -0.13425078
 14.600000     -0.13168152
 14.700000     -0.13001274
 14.800000     -0.12855432
 14.900000     -0.12787149
 15.000000     -0.12782790
 15.100000     -0.12823621
 15.200000     -0.12888626
 15.300000     -0.12907736
 15.400000     -0.12881596
 15.500000     -0.12938703
 15.600000     -0.12892197
 15.700000     -0.12784327
 15.800000     -0.12646827
 15.900000     -0.12448671
 16.000000     -0.12226233
 16.100000     -0.11950459
 16.200000     -0.11654735
 16.300000     -0.11376133
 16.400000     -0.11115019
 16.500000     -0.10836450
 16.600000     -0.10544840
 16.700000     -0.10331041
 16.800000     -0.10046488
 16.900000     -0.09675846
 17.000000     -0.09273043
 17.100000     -0.08878091
 17.200000     -0.08445196
 17.300000     -0.08045599
 17.400000     -0.07702177
 17.500000     -0.07333084
 17.600000     -0.07062842
 17.700000     -0.06772970
 17.800000     -0.06466197
 17.900000     -0.06228793
 18.000000     -0.05982898
 18.100000     -0.05720741
 18.200000     -0.05524554
 18.300000     -0.05270524
 18.400000     -0.05013820
 18.500000     -0.04711487
 18.600000     -0.04412668
 18.700000     -0.04099635
 18.800000     -0.03793594
 18.900000     -0.03527445
 19.000000     -0.03256904
 19.100000     -0.02957057
 19.200000     -0.02713735
 19.300000     -0.02579969
 19.400000     -0.02413533
 19.500000     -0.02182539
 19.600000     -0.01901756
 19.700000     -0.01621924
 19.800000     -0.01387223
 19.900000     -0.01125211
 20.000000     -0.00863268
 20.100000     -0.00643987
 20.200000     -0.00431431
 20.300000     -0.00315063
 20.400000     -0.00186794
 20.500000     -0.00136186
 20.600000     -0.00114521
 20.700000     -0.00066873
 20.800000     -0.00037373
 20.900000     -0.00066519
 21.000000     -0.00061715
 21.100000     -0.00039858
 21.200000     -0.00016095
 21.300000      0.00019772
 21.400000      0.00031988
 21.500000      0.00050177
 21.600000      0.00171323
 21.700000      0.00178890
 21.800000      0.00153735
 21.900000      0.00135365
 22.000000      0.00083142
 22.100000      0.00075456
 22.200000      0.00069675
 22.300000      0.00062794
 22.400000      0.00004634
 22.500000     -0.00035546
 22.600000      0.00015266
 22.700000      0.00106583
 22.800000      0.00150408
 22.900000      0.00163991
 23.000000      0.00079054
 23.100000      0.00045528
 23.200000      0.00030535
 23.300000      0.00006868
 23.400000     -0.00041360
 23.500000     -0.00052149
 23.600000     -0.00069404
 23.700000     -0.00096134
 23.800000     -0.00191859
 23.900000     -0.00217771
 24.000000     -0.00210104
 24.100000     -0.00165195
 24.200000     -0.00058979
 24.300000      0.00019656
 24.400000      0.00109100
 24.500000      0.00299221
 24.600000      0.00441735
 24.700000      0.00549506
 24.800000      0.00702941
 24.900000      0.00882615
 25.000000      0.01097845
 25.100000      0.01238474
 25.200000      0.01312916
 25.300000      0.01397361
 25.400000      0.01470946
 25.500000      0.01494568
 25.600000      0.01495871
 25.700000      0.01486707
 25.800000      0.01544931
 25.900000      0.01625638
 26.000000      0.01707300
 26.100000      0.01777221
 26.200000      0.01784911
 26.300000      0.01782039
 26.400000      0.01816526
 26.500000      0.01791493
 26.600000      0.01702403
 26.700000      0.01611304
 26.800000      0.01529272
 26.900000      0.01431471
 27.000000      0.01406397
 27.100000      0.01336392
 27.200000      0.01213734
 27.300000      0.01094358
 27.400000      0.01002290
 27.500000      0.00932227
 27.600000      0.00827978
 27.700000      0.00705654
 27.800000      0.00595492
 27.900000      0.00468963
 28.000000      0.00390152
 28.100000      0.00327417
 28.200000      0.00293303
 28.300000      0.00312862
 28.400000      0.00311761
 28.500000      0.00314682
 28.600000      0.00361833
 28.700000      0.00406865
 28.800000      0.00374573
 28.900000      0.00337316
 29.000000      0.00390357
 29.100000      0.00471929
 29.200000      0.00477361
 29.300000      0.00428144
 29.400000      0.00387605
 29.500000      0.00407410
 29.600000      0.00470552
 29.700000      0.00580418
 29.800000      0.00679258
 29.900000      0.00763962
 30.000000      0.00869360
 30.100000      0.00997980
 30.200000      0.01102820
 30.300000      0.01256617
 30.400000      0.01396905
 30.500000      0.01508792
 30.600000      0.01641493
 30.700000      0.01730399
 30.800000      0.01761520
 30.900000      0.01766730
 31.000000      0.01752439
 31.100000      0.01750002
 31.200000      0.01735692
 31.300000      0.01690250
 31.400000      0.01640714
 31.500000      0.01597814
 31.600000      0.01522122
 31.700000      0.01417566
 31.800000      0.01307256
 31.900000      0.01201387
 32.000000      0.01101350
 32.100000      0.00962573
 32.200000      0.00785387
 32.300000      0.00680358
 32.400000      0.00650699
 32.500000      0.00526518
 32.600000      0.00336427
 32.700000      0.00227099
 32.800000      0.00130726
 32.900000     -0.00060841
 33.000000     -0.00308451
 33.100000     -0.00498804
 33.200000     -0.00659929
 33.300000     -0.00808592
 33.400000     -0.00922325
 33.500000     -0.01043329
 33.600000     -0.01118165
 33.700000     -0.01199253
 33.800000     -0.01314048
 33.900000     -0.01490573
 34.000000     -0.01672508
 34.100000     -0.01828811
 34.200000     -0.02011358
 34.300000     -0.02232283
 34.400000     -0.02424351
 34.500000     -0.02545250
 34.600000     -0.02643162
 34.700000     -0.02721705
 34.800000     -0.02774829
 34.900000     -0.02809314
 35.000000     -0.02879994
 35.100000     -0.02937303
 35.200000     -0.02970565
 35.300000     -0.02964252
 35.400000     -0.02976495
 35.500000     -0.03034263
 35.600000     -0.03023193
 35.700000     -0.03019676
 35.800000     -0.03062962
 35.900000     -0.03092774
 36.000000     -0.03083196
 36.100000     -0.03096100
 36.200000     -0.03106920
 36.300000     -0.03039913
 36.400000     -0.02953430
 36.500000     -0.02871054
 36.600000     -0.02760730
 36.700000     -0.02590054
 36.800000     -0.02421526
 36.900000     -0.02245430
 37.000000     -0.02050739
 37.100000     -0.01875245
 37.200000     -0.01662101
 37.300000     -0.01420413
 37.400000     -0.01172523
 37.500000     -0.00942303
 37.600000     -0.00654866
 37.700000     -0.00351585
 37.800000     -0.00094617
 37.900000      0.00111288
 38.000000      0.00323444
 38.100000      0.00528578
 38.200000      0.00666290
 38.300000      0.00787079
 38.400000      0.00937994
 38.500000      0.01055897
 38.600000      0.01119404
 38.700000      0.01175294
 38.800000      0.01229691
 38.900000      0.01234370
 39.000000      0.01199838
 39.100000      0.01134093
 39.200000      0.01060802
 39.300000      0.01018128
 39.400000      0.01015426
 39.500000      0.01014004
 39.600000      0.00987966
 39.700000      0.00969102
 39.800000      0.01001875
 39.900000      0.01035288
