  0.000000      0.06323836
  0.100000      0.06663664
  0.200000      0.06925852
  0.300000      0.07117034
  0.400000      0.07325450
  0.500000      0.07504374
  0.600000      0.07731485
  0.700000      0.07959693
  0.800000      0.08251325
  0.900000      0.08621815
  1.000000      0.08957433
  1.100000      0.09246618
  1.200000      0.09527422
  1.300000      0.09784075
  1.400000      0.10039652
  1.500000      0.10227000
  1.600000      0.10334726
  1.700000      0.10352898
  1.800000      0.10395832
  1.900000      0.10298115
  2.000000      0.10158444
  2.100000      0.10080031
  2.200000      0.10066391
  2.300000      0.09769373
  2.400000      0.09752381
  2.500000      0.09824077
  2.600000      0.09747285
  2.700000      0.10127313
  2.800000      0.10772575
  2.900000      0.11223486
  3.000000      0.11566094
  3.100000      0.12212831
  3.200000      0.13104062
  3.300000      0.13874540
  3.400000      0.14551561
  3.500000      0.15313742
  3.600000      0.16209166
  3.700000      0.16961390
  3.800000      0.17469269
  3.900000      0.18128199
  4.000000      0.18696605
  4.100000      0.18942674
  4.200000      0.19346256
  4.300000      0.19800126
  4.400000      0.20069811
  4.500000      0.20569387
  4.600000      0.21348219
  4.700000      0.22013870
  4.800000      0.22861233
  4.900000      0.24127219
  5.000000      0.25563361
  5.100000      0.27114963
  5.200000      0.28900575
  5.300000      0.30774972
  5.400000      0.32594333
  5.500000      0.34525519
  5.600000      0.36208491
  5.700000      0.37701986
  5.800000      0.39520500
  5.900000      0.41340418
  6.000000      0.42919775
  6.100000      0.44558295
  6.200000      0.46390518
  6.300000      0.48117235
  6.400000      0.49831647
  6.500000      0.52000614
  6.600000      0.54153780
  6.700000      0.55999510
  6.800000      0.58044749
  6.900000      0.59649861
  7.000000      0.60755126
  7.100000      0.62015523
  7.200000      0.63270985
  7.300000      0.64317149
  7.400000      0.64961207
  7.500000      0.65191155
  7.600000      0.65235117
  7.700000      0.65093537
  7.800000      0.64769553
  7.900000      0.64507644
  8.000000      0.64035053
  8.100000      0.63482482
  8.200000      0.62520473
  8.300000      0.62150281
  8.400000      0.62606449
  8.500000      0.63545865
  8.600000      0.64121534
  8.700000      0.64671135
  8.800000      0.65365455
  8.900000      0.65510093
  9.000000      0.65768472
  9.100000      0.66094206
  9.200000      0.65977800
  9.300000      0.65539690
  9.400000      0.64596217
  9.500000      0.64303618
  9.600000      0.64199163
  9.700000      0.63770001
  9.800000      0.63983895
  9.900000      0.64107772
 10.000000      0.64474755
 10.100000      0.65080252
 10.200000      0.65979462
 10.300000      0.67042131
 10.400000      0.68383460
 10.500000      0.69952901
 10.600000      0.71253151
 10.700000      0.72951683
 10.800000      0.74340854
 10.900000      0.76513454
 11.000000      0.79707954
 11.100000      0.82868422
 11.200000      0.86898086
 11.300000      0.90824578
 11.400000      0.94348111
 11.500000      0.97298433
 11.600000      0.99479938
 11.700000      1.00000000
 11.800000      0.99974851
 11.900000      0.98466275
 12.000000      0.96011332
 12.100000      0.92392123
 12.200000      0.87641819
 12.300000      0.82324101
 12.400000      0.75847903
 12.500000      0.68902411
 12.600000      0.61785934
 12.700000      0.54243201
 12.800000      0.46809776
 12.900000      0.39095982
 13.000000      0.31281546
 13.100000      0.22956948
 13.200000      0.14645281
 13.300000      0.06910309
 13.400000     -0.01071673
 13.500000     -0.07736970
 13.600000     -0.14245249
 13.700000     -0.21354562
 13.800000     -0.27534782
 13.900000     -0.33284188
 14.000000     -0.38485720
 14.100000     -0.43162702
 14.200000     -0.46911937
 14.300000     -0.49643209
 14.400000     -0.52662026
 14.500000     -0.54976130
 14.600000     -0.56886955
 14.700000     -0.57277189
 14.800000     -0.57061725
 14.900000     -0.56180837
 15.000000     -0.54934886
 15.100000     -0.54407279
 15.200000     -0.54073183
 15.300000     -0.53709823
 15.400000     -0.53906971
 15.500000     -0.53383440
 15.600000     -0.53547574
 15.700000     -0.53488462
 15.800000     -0.53530545
 15.900000     -0.54000811
 16.000000     -0.53278576
 16.100000     -0.53448286
 16.200000     -0.52901734
 16.300000     -0.52492548
 16.400000     -0.52062785
 16.500000     -0.51785887
 16.600000     -0.51305795
 16.700000     -0.50380217
 16.800000     -0.50362126
 16.900000     -0.49346873
 17.000000     -0.48155657
 17.100000     -0.47294801
 17.200000     -0.45961281
 17.300000     -0.44997866
 17.400000     -0.44564564
 17.500000     -0.43281094
 17.600000     -0.42981167
 17.700000     -0.41835211
 17.800000     -0.40416314
 17.900000     -0.39489396
 18.000000     -0.38821388
 18.100000     -0.38767481
 18.200000     -0.38364212
 18.300000     -0.38596585
 18.400000     -0.37882251
 18.500000     -0.36989316
 18.600000     -0.36769867
 18.700000     -0.35650207
 18.800000     -0.34490787
 18.900000     -0.32999608
 19.000000     -0.31253270
 19.100000     -0.29688513
 19.200000     -0.27881854
 19.300000     -0.26146093
 19.400000     -0.25294314
 19.500000     -0.24332729
 19.600000     -0.23842181
 19.700000     -0.23976276
 19.800000     -0.23927742
 19.900000     -0.24205003
 20.000000     -0.24288750
 20.100000     -0.24517014
 20.200000     -0.25014361
 20.300000     -0.25921832
 20.400000     -0.26307502
 20.500000     -0.26862306
 20.600000     -0.27015726
 20.700000     -0.26460878
 20.800000     -0.25886093
 20.900000     -0.25076087
 21.000000     -0.24115991
 21.100000     -0.22553870
 21.200000     -0.21008874
 21.300000     -0.19552517
 21.400000     -0.18163927
 21.500000     -0.16548487
 21.600000     -0.15383938
 21.700000     -0.13988041
 21.800000     -0.13285290
 21.900000     -0.12464339
 22.000000     -0.12097172
 22.100000     -0.12109505
 22.200000     -0.12288317
 22.300000     -0.12906221
 22.400000     -0.13247605
 22.500000     -0.13490459
 22.600000     -0.13907879
 22.700000     -0.13901164
 22.800000     -0.14360860
 22.900000     -0.14724926
 23.000000     -0.14815077
 23.100000     -0.15325373
 23.200000     -0.16033132
 23.300000     -0.16018304
 23.400000     -0.16133631
 23.500000     -0.16032796
 23.600000     -0.15589551
 23.700000     -0.15348305
 23.800000     -0.14852065
 23.900000     -0.14379319
 24.000000     -0.13708944
 24.100000     -0.12840451
 24.200000     -0.12269279
 24.300000     -0.11727694
 24.400000     -0.11661838
 24.500000     -0.11633459
 24.600000     -0.11921343
 24.700000     -0.12521844
 24.800000     -0.13096529
 24.900000     -0.13356556
 25.000000     -0.13476799
 25.100000     -0.13745999
 25.200000     -0.14214607
 25.300000     -0.14913417
 25.400000     -0.15789721
 25.500000     -0.16403805
 25.600000     -0.16767794
 25.700000     -0.17425565
 25.800000     -0.17696205
 25.900000     -0.17488179
 26.000000     -0.17445237
 26.100000     -0.17588435
 26.200000     -0.17092480
 26.300000     -0.16804006
 26.400000     -0.16723892
 26.500000     -0.16540508
 26.600000     -0.16194618
 26.700000     -0.16147580
 26.800000     -0.16245073
 26.900000     -0.16536004
 27.000000     -0.16629203
 27.100000     -0.16741325
 27.200000     -0.16752176
 27.300000     -0.16522226
 27.400000     -0.16454977
 27.500000     -0.16456187
 27.600000     -0.16588669
 27.700000     -0.16591968
 27.800000     -0.16687043
 27.900000     -0.16816011
 28.000000     -0.16701671
 28.100000     -0.16793670
 28.200000     -0.16944003
 28.300000     -0.16976147
 28.400000     -0.16977140
 28.500000     -0.17038967
 28.600000     -0.17001872
 28.700000     -0.16991849
 28.800000     -0.16975171
 28.900000     -0.16805046
 29.000000     -0.16809319
 29.100000     -0.16568441
 29.200000     -0.16302247
 29.300000     -0.16421486
 29.400000     -0.16549648
 29.500000     -0.16606875
 29.600000     -0.16613350
 29.700000     -0.16478063
 29.800000     -0.16041690
 29.900000     -0.15671061
 30.000000     -0.15586651
 30.100000     -0.15371008
 30.200000     -0.15379078
 30.300000     -0.15417855
 30.400000     -0.15334320
 30.500000     -0.15413070
 30.600000     -0.15716213
 30.700000     -0.16190395
 30.800000     -0.16549035
 30.900000     -0.16926847
 31.000000     -0.17346516
 31.100000     -0.17723195
 31.200000     -0.18252962
 31.300000     -0.18843525
 31.400000     -0.19089196
 31.500000     -0.19184497
 31.600000     -0.19199656
 31.700000     -0.19074511
 31.800000     -0.19163788
 31.900000     -0.19334788
 32.000000     -0.19557155
 32.100000     -0.19903700
 32.200000     -0.19715138
 32.300000     -0.19529270
 32.400000     -0.19505589
 32.500000     -0.19639624
 32.600000     -0.19946370
 32.700000     -0.20033318
 32.800000     -0.20009283
 32.900000     -0.19994564
 33.000000     -0.20178123
 33.100000     -0.20591443
 33.200000     -0.21190781
 33.300000     -0.21712069
 33.400000     -0.22642737
 33.500000     -0.23606343
 33.600000     -0.24485452
 33.700000     -0.25491453
 33.800000     -0.26318788
 33.900000     -0.26989291
 34.000000     -0.27902256
 34.100000     -0.28748468
 34.200000     -0.29374582
 34.300000     -0.30063763
 34.400000     -0.30422781
 34.500000     -0.30506689
 34.600000     -0.30612468
 34.700000     -0.30431112
 34.800000     -0.30099474
 34.900000     -0.29896857
 35.000000     -0.29937482
 35.100000     -0.29925821
 35.200000     -0.29629555
 35.300000     -0.29302404
 35.400000     -0.28936361
 35.500000     -0.28479053
 35.600000     -0.28168845
 35.700000     -0.28161770
 35.800000     -0.28147957
 35.900000     -0.28111758
 36.000000     -0.28010321
 36.100000     -0.27898676
 36.200000     -0.27818955
 36.300000     -0.27689847
 36.400000     -0.27392294
 36.500000     -0.27014754
 36.600000     -0.26560019
 36.700000     -0.26042091
 36.800000     -0.25419979
 36.900000     -0.24808409
 37.000000     -0.24261072
 37.100000     -0.23580898
 37.200000     -0.22794551
 37.300000     -0.21973984
 37.400000     -0.21225600
 37.500000     -0.20558854
 37.600000     -0.19894951
 37.700000     -0.19349281
 37.800000     -0.18825296
 37.900000     -0.18355894
 38.000000     -0.17973825
 38.100000     -0.17684380
 38.200000     -0.17472232
 38.300000     -0.17336895
 38.400000     -0.17200972
 38.500000     -0.17094279
 38.600000     -0.16992819
 38.700000     -0.16958472
 38.800000     -0.16982743
 38.900000     -0.16975192
 39.000000     -0.16908400
 39.100000     -0.16827924
 39.200000     -0.16812471
 39.300000     -0.16877965
 39.400000     -0.16957873
 39.500000     -0.16973971
 39.600000     -0.16927576
 39.700000     -0.16927013
 39.800000     -0.17004560
 39.900000     -0.17108203
