  0.000000      0.04082115
  0.100000      0.04015871
  0.200000      0.03934406
  0.300000      0.03839086
  0.400000      0.03739743
  0.500000      0.03632437
  0.600000      0.03514521
  0.700000      0.03387128
  0.800000      0.03260501
  0.900000      0.03123531
  1.000000      0.02978004
  1.100000      0.02830140
  1.200000      0.02687052
  1.300000      0.02551992
  1.400000      0.02411254
  1.500000      0.02267574
  1.600000      0.02119564
  1.700000      0.01972656
  1.800000      0.01835577
  1.900000      0.01701528
  2.000000      0.01558205
  2.100000      0.01398764
  2.200000      0.01233183
  2.300000      0.01061998
  2.400000      0.00872718
  2.500000      0.00653110
  2.600000      0.00424931
  2.700000      0.00199951
  2.800000     -0.00037625
  2.900000     -0.00287563
  3.000000     -0.00555097
  3.100000     -0.00831599
  3.200000     -0.01108869
  3.300000     -0.01396306
  3.400000     -0.01700077
  3.500000     -0.02006584
  3.600000     -0.02327491
  3.700000     -0.02645303
  3.800000     -0.02969304
  3.900000     -0.03290195
  4.000000     -0.03603647
  4.100000     -0.03948568
  4.200000     -0.04290088
  4.300000     -0.04630724
  4.400000     -0.04982336
  4.500000     -0.05306245
  4.600000     -0.05610215
  4.700000     -0.05955631
  4.800000     -0.06289413
  4.900000     -0.06641217
  5.000000     -0.07006058
  5.100000     -0.07332289
  5.200000     -0.07698746
  5.300000     -0.08035638
  5.400000     -0.08377199
  5.500000     -0.08718971
  5.600000     -0.09033297
  5.700000     -0.09360499
  5.800000     -0.09672592
  5.900000     -0.09987515
  6.000000     -0.10351328
  6.100000     -0.10691570
  6.200000     -0.11002864
  6.300000     -0.11345943
  6.400000     -0.11683811
  6.500000     -0.12016285
  6.600000     -0.12373624
  6.700000     -0.12715084
  6.800000     -0.13045315
  6.900000     -0.13381060
  7.000000     -0.13707407
  7.100000     -0.14043824
  7.200000     -0.14380889
  7.300000     -0.14708618
  7.400000     -0.15016090
  7.500000     -0.15317457
  7.600000     -0.15601068
  7.700000     -0.15847943
  7.800000     -0.16090225
  7.900000     -0.16323572
  8.000000     -0.16534062
  8.100000     -0.16754345
  8.200000     -0.16953965
  8.300000     -0.17140051
  8.400000     -0.17317768
  8.500000     -0.17501543
  8.600000     -0.17648228
  8.700000     -0.17794985
  8.800000     -0.17922305
  8.900000     -0.18034022
  9.000000     -0.18148723
  9.100000     -0.18208812
  9.200000     -0.18282243
  9.300000     -0.18349435
  9.400000     -0.18340487
  9.500000     -0.18339414
  9.600000     -0.18321636
  9.700000     -0.18227699
  9.800000     -0.18126304
  9.900000     -0.18024045
 10.000000     -0.17858774
 10.100000     -0.17635536
 10.200000     -0.17379379
 10.300000     -0.17080655
 10.400000     -0.16733058
 10.500000     -0.16340913
 10.600000     -0.15902845
 10.700000     -0.15388370
 10.800000     -0.14812869
 10.900000     -0.14184268
 11.000000     -0.13509122
 11.100000     -0.12711155
 11.200000     -0.11840330
 11.300000     -0.10915067
 11.400000     -0.09864899
 11.500000     -0.08684335
 11.600000     -0.07450125
 11.700000     -0.06094966
 11.800000     -0.04609920
 11.900000     -0.03090325
 12.000000     -0.01442817
 12.100000      0.00314486
 12.200000      0.02161622
 12.300000      0.04093877
 12.400000      0.06132156
 12.500000      0.08246493
 12.600000      0.10486487
 12.700000      0.12816604
 12.800000      0.15233408
 12.900000      0.17726916
 13.000000      0.20329156
 13.100000      0.23014007
 13.200000      0.25758518
 13.300000      0.28601544
 13.400000      0.31481158
 13.500000      0.34400063
 13.600000      0.37405177
 13.700000      0.40430954
 13.800000      0.43455714
 13.900000      0.46502183
 14.000000      0.49520241
 14.100000      0.52499002
 14.200000      0.55501351
 14.300000      0.58431763
 14.400000      0.61306344
 14.500000      0.64161109
 14.600000      0.66985293
 14.700000      0.69692253
 14.800000      0.72301369
 14.900000      0.74774293
 15.000000      0.77138828
 15.100000      0.79399368
 15.200000      0.81530319
 15.300000      0.83518502
 15.400000      0.85353156
 15.500000      0.87015212
 15.600000      0.88606811
 15.700000      0.90092871
 15.800000      0.91456832
 15.900000      0.92736775
 16.000000      0.93911895
 16.100000      0.94988311
 16.200000      0.96009824
 16.300000      0.96916250
 16.400000      0.97710254
 16.500000      0.98404520
 16.600000      0.98984612
 16.700000      0.99456683
 16.800000      0.99791495
 16.900000      0.99957599
 17.000000      1.00000000
 17.100000      0.99911912
 17.200000      0.99696373
 17.300000      0.99325336
 17.400000      0.98807443
 17.500000      0.98068684
 17.600000      0.97085921
 17.700000      0.95907040
 17.800000      0.94526113
 17.900000      0.92871304
 18.000000      0.91008166
 18.100000      0.88832701
 18.200000      0.86358112
 18.300000      0.83612543
 18.400000      0.80505264
 18.500000      0.77124382
 18.600000      0.73492635
 18.700000      0.69557397
 18.800000      0.65381972
 18.900000      0.61007780
 19.000000      0.56444371
 19.100000      0.51818049
 19.200000      0.47056733
 19.300000      0.42170460
 19.400000      0.37258324
 19.500000      0.32368877
 19.600000      0.27452367
 19.700000      0.22596880
 19.800000      0.17884046
 19.900000      0.13247181
 20.000000      0.08737275
 20.100000      0.04308823
 20.200000      0.00088666
 20.300000     -0.03972952
 20.400000     -0.07905556
 20.500000     -0.11645092
 20.600000     -0.15275359
 20.700000     -0.18732119
 20.800000     -0.22025135
 20.900000     -0.25169715
 21.000000     -0.28182883
 21.100000     -0.31029496
 21.200000     -0.33720304
 21.300000     -0.36336351
 21.400000     -0.38801331
 21.500000     -0.41134044
 21.600000     -0.43345227
 21.700000     -0.45491908
 21.800000     -0.47568654
 21.900000     -0.49546648
 22.000000     -0.51418191
 22.100000     -0.53170462
 22.200000     -0.54851969
 22.300000     -0.56410296
 22.400000     -0.57894131
 22.500000     -0.59251607
 22.600000     -0.60487948
 22.700000     -0.61616114
 22.800000     -0.62597679
 22.900000     -0.63457088
 23.000000     -0.64177883
 23.100000     -0.64695841
 23.200000     -0.65083250
 23.300000     -0.65332761
 23.400000     -0.65538377
 23.500000     -0.65669569
 23.600000     -0.65675600
 23.700000     -0.65560015
 23.800000     -0.65312895
 23.900000     -0.65043197
 24.000000     -0.64590553
 24.100000     -0.64043357
 24.200000     -0.63491162
 24.300000     -0.62819956
 24.400000     -0.62109028
 24.500000     -0.61324551
 24.600000     -0.60490302
 24.700000     -0.59701042
 24.800000     -0.58864324
 24.900000     -0.58025466
 25.000000     -0.57183134
 25.100000     -0.56358148
 25.200000     -0.55537791
 25.300000     -0.54735193
 25.400000     -0.53923913
 25.500000     -0.53120943
 25.600000     -0.52372662
 25.700000     -0.51600495
 25.800000     -0.50805799
 25.900000     -0.50083225
 26.000000     -0.49389644
 26.100000     -0.48706937
 26.200000     -0.48062682
 26.300000     -0.47410863
 26.400000     -0.46764100
 26.500000     -0.46171055
 26.600000     -0.45570332
 26.700000     -0.44939731
 26.800000     -0.44307770
 26.900000     -0.43726968
 27.000000     -0.43176661
 27.100000     -0.42611311
 27.200000     -0.42061549
 27.300000     -0.41517690
 27.400000     -0.40972190
 27.500000     -0.40465109
 27.600000     -0.39980390
 27.700000     -0.39514969
 27.800000     -0.39038421
 27.900000     -0.38582833
 28.000000     -0.38167115
 28.100000     -0.37724438
 28.200000     -0.37242037
 28.300000     -0.36770999
 28.400000     -0.36306881
 28.500000     -0.35821957
 28.600000     -0.35319104
 28.700000     -0.34808189
 28.800000     -0.34299902
 28.900000     -0.33773697
 29.000000     -0.33261594
 29.100000     -0.32726014
 29.200000     -0.32174370
 29.300000     -0.31665325
 29.400000     -0.31142943
 29.500000     -0.30611934
 29.600000     -0.30080388
 29.700000     -0.29551005
 29.800000     -0.29033682
 29.900000     -0.28491472
 30.000000     -0.27963712
 30.100000     -0.27408002
 30.200000     -0.26883992
 30.300000     -0.26390380
 30.400000     -0.25902666
 30.500000     -0.25423579
 30.600000     -0.24953840
 30.700000     -0.24461788
 30.800000     -0.23958475
 30.900000     -0.23484225
 31.000000     -0.22987569
 31.100000     -0.22458227
 31.200000     -0.21960850
 31.300000     -0.21440937
 31.400000     -0.20872485
 31.500000     -0.20327231
 31.600000     -0.19723341
 31.700000     -0.19133059
 31.800000     -0.18556775
 31.900000     -0.17955117
 32.000000     -0.17358429
 32.100000     -0.16773479
 32.200000     -0.16156297
 32.300000     -0.15547126
 32.400000     -0.14942357
 32.500000     -0.14324589
 32.600000     -0.13748310
 32.700000     -0.13193669
 32.800000     -0.12593585
 32.900000     -0.12061747
 33.000000     -0.11530228
 33.100000     -0.10997015
 33.200000     -0.10474891
 33.300000     -0.09926819
 33.400000     -0.09424161
 33.500000     -0.08924723
 33.600000     -0.08442015
 33.700000     -0.07941686
 33.800000     -0.07396166
 33.900000     -0.06908159
 34.000000     -0.06418135
 34.100000     -0.05881570
 34.200000     -0.05444268
 34.300000     -0.04951733
 34.400000     -0.04484595
 34.500000     -0.04037225
 34.600000     -0.03576080
 34.700000     -0.03146093
 34.800000     -0.02733167
 34.900000     -0.02350848
 35.000000     -0.01965029
 35.100000     -0.01569803
 35.200000     -0.01196313
 35.300000     -0.00820264
 35.400000     -0.00455724
 35.500000     -0.00125787
 35.600000      0.00181497
 35.700000      0.00469952
 35.800000      0.00755550
 35.900000      0.01027564
 36.000000      0.01302239
 36.100000      0.01546847
 36.200000      0.01758194
 36.300000      0.01972223
 36.400000      0.02155528
 36.500000      0.02328946
 36.600000      0.02536382
 36.700000      0.02744088
 36.800000      0.02924837
 36.900000      0.03087113
 37.000000      0.03235566
 37.100000      0.03382377
 37.200000      0.03539491
 37.300000      0.03694494
 37.400000      0.03911487
 37.500000      0.03995612
 37.600000      0.04127584
 37.700000      0.04255810
 37.800000      0.04401137
 37.900000      0.04525045
 38.000000      0.04650417
 38.100000      0.04773076
 38.200000      0.04894492
 38.300000      0.05004165
 38.400000      0.05140464
 38.500000      0.05303348
 38.600000      0.05453510
 38.700000      0.05590485
 38.800000      0.05713056
 38.900000      0.05826278
 39.000000      0.05925991
 39.100000      0.06016414
 39.200000      0.06095862
 39.300000      0.06186012
 39.400000      0.06252561
 39.500000      0.06311872
 39.600000      0.06354069
 39.700000      0.06380066
 39.800000      0.06401244
 39.900000      0.06417503
