  0.000000      0.01004436
  0.100000      0.00938007
  0.200000      0.00862350
  0.300000      0.00788527
  0.400000      0.00668166
  0.500000      0.00526618
  0.600000      0.00415517
  0.700000      0.00346185
  0.800000      0.00261495
  0.900000      0.00181574
  1.000000      0.00101023
  1.100000      0.00066064
  1.200000      0.00046422
  1.300000      0.00012439
  1.400000     -0.00020795
  1.500000     -0.00045882
  1.600000     -0.00040974
  1.700000     -0.00070061
  1.800000     -0.00108106
  1.900000     -0.00140186
  2.000000     -0.00162827
  2.100000     -0.00155258
  2.200000     -0.00139591
  2.300000     -0.00146893
  2.400000     -0.00070804
  2.500000      0.00046694
  2.600000      0.00237394
  2.700000      0.00517703
  2.800000      0.00809644
  2.900000      0.01081888
  3.000000      0.01369638
  3.100000      0.01633908
  3.200000      0.01904817
  3.300000      0.02157203
  3.400000      0.02336296
  3.500000      0.02491123
  3.600000      0.02609324
  3.700000      0.02686747
  3.800000      0.02741347
  3.900000      0.02752482
  4.000000      0.02727209
  4.100000      0.02690899
  4.200000      0.02658119
  4.300000      0.02641962
  4.400000      0.02598466
  4.500000      0.02613485
  4.600000      0.02655558
  4.700000      0.02648948
  4.800000      0.02660463
  4.900000      0.02543843
  5.000000      0.02456211
  5.100000      0.02423216
  5.200000      0.02428850
  5.300000      0.02396776
  5.400000      0.02416570
  5.500000      0.02500100
  5.600000      0.02595771
  5.700000      0.02696801
  5.800000      0.02655450
  5.900000      0.02671200
  6.000000      0.02668594
  6.100000      0.02586393
  6.200000      0.02598553
  6.300000      0.02836589
  6.400000      0.02909681
  6.500000      0.02842099
  6.600000      0.03027287
  6.700000      0.03026781
  6.800000      0.02874111
  6.900000      0.02751629
  7.000000      0.02704091
  7.100000      0.02648865
  7.200000      0.02505560
  7.300000      0.02580411
  7.400000      0.02735240
  7.500000      0.02925223
  7.600000      0.03088679
  7.700000      0.03315979
  7.800000      0.03420952
  7.900000      0.03570553
  8.000000      0.03421116
  8.100000      0.03317223
  8.200000      0.03178151
  8.300000      0.02909626
  8.400000      0.02741675
  8.500000      0.02638734
  8.600000      0.02483730
  8.700000      0.02382086
  8.800000      0.02283589
  8.900000      0.02161354
  9.000000      0.02077296
  9.100000      0.01795703
  9.200000      0.01541886
  9.300000      0.01301897
  9.400000      0.00913140
  9.500000      0.00934075
  9.600000      0.00883605
  9.700000      0.00536004
  9.800000      0.00186386
  9.900000      0.00124275
 10.000000      0.00054377
 10.100000     -0.00119887
 10.200000     -0.00439413
 10.300000     -0.00549672
 10.400000     -0.00465410
 10.500000     -0.00754685
 10.600000     -0.01095703
 10.700000     -0.01285869
 10.800000     -0.01639979
 10.900000     -0.01943072
 11.000000     -0.02275145
 11.100000     -0.02397873
 11.200000     -0.02537897
 11.300000     -0.02570276
 11.400000     -0.02473835
 11.500000     -0.02292205
 11.600000     -0.01871366
 11.700000     -0.01602616
 11.800000     -0.01733397
 11.900000     -0.01935759
 12.000000     -0.02065937
 12.100000     -0.02478840
 12.200000     -0.02499451
 12.300000     -0.02938000
 12.400000     -0.03285834
 12.500000     -0.03623159
 12.600000     -0.03702306
 12.700000     -0.03260958
 12.800000     -0.02988887
 12.900000     -0.02750679
 13.000000     -0.02055525
 13.100000     -0.01197923
 13.200000      0.00142562
 13.300000      0.01586091
 13.400000      0.02680552
 13.500000      0.04134934
 13.600000      0.05971421
 13.700000      0.07901703
 13.800000      0.10613834
 13.900000      0.13795752
 14.000000      0.17457654
 14.100000      0.22151973
 14.200000      0.27427411
 14.300000      0.32742870
 14.400000      0.38256985
 14.500000      0.44198884
 14.600000      0.50389894
 14.700000      0.56245864
 14.800000      0.62415969
 14.900000      0.68840324
 15.000000      0.74569907
 15.100000      0.79577572
 15.200000      0.83755063
 15.300000      0.87363724
 15.400000      0.90848058
 15.500000      0.94103367
 15.600000      0.96582182
 15.700000      0.98579769
 15.800000      0.99464526
 15.900000      0.99816447
 16.000000      1.00000000
 16.100000      0.99794990
 16.200000      0.99216964
 16.300000      0.98197630
 16.400000      0.96429459
 16.500000      0.93825716
 16.600000      0.91047106
 16.700000      0.87907754
 16.800000      0.84995097
 16.900000      0.82559318
 17.000000      0.79736577
 17.100000      0.76170445
 17.200000      0.71954335
 17.300000      0.67366043
 17.400000      0.63160943
 17.500000      0.59547237
 17.600000      0.55737821
 17.700000      0.51606211
 17.800000      0.47571108
 17.900000      0.43296667
 18.000000      0.38766928
 18.100000      0.34363894
 18.200000      0.30504618
 18.300000      0.26906939
 18.400000      0.23139529
 18.500000      0.19335184
 18.600000      0.15832764
 18.700000      0.12266121
 18.800000      0.09142816
 18.900000      0.06618366
 19.000000      0.04629991
 19.100000      0.02518145
 19.200000      0.00047392
 19.300000     -0.02501751
 19.400000     -0.04607460
 19.500000     -0.06182317
 19.600000     -0.07575723
 19.700000     -0.08816731
 19.800000     -0.09833848
 19.900000     -0.10878573
 20.000000     -0.11805114
 20.100000     -0.12451769
 20.200000     -0.13226633
 20.300000     -0.14025715
 20.400000     -0.14811842
 20.500000     -0.15622823
 20.600000     -0.16380265
 20.700000     -0.17342329
 20.800000     -0.18222264
 20.900000     -0.18938883
 21.000000     -0.19226225
 21.100000     -0.18993868
 21.200000     -0.18588133
 21.300000     -0.18037877
 21.400000     -0.17455144
 21.500000     -0.17340959
 21.600000     -0.17576954
 21.700000     -0.18150306
 21.800000     -0.18469303
 21.900000     -0.18601301
 22.000000     -0.18452697
 22.100000     -0.17976395
 22.200000     -0.17504957
 22.300000     -0.17406047
 22.400000     -0.17574384
 22.500000     -0.17553927
 22.600000     -0.17594339
 22.700000     -0.17654785
 22.800000     -0.17737138
 22.900000     -0.17771120
 23.000000     -0.17733664
 23.100000     -0.17565680
 23.200000     -0.17697306
 23.300000     -0.17594900
 23.400000     -0.17947582
 23.500000     -0.18297453
 23.600000     -0.18519697
 23.700000     -0.18535909
 23.800000     -0.18298613
 23.900000     -0.18299954
 24.000000     -0.18340800
 24.100000     -0.18715301
 24.200000     -0.18900039
 24.300000     -0.19113922
 24.400000     -0.19040068
 24.500000     -0.18792439
 24.600000     -0.18261521
 24.700000     -0.16985695
 24.800000     -0.15639216
 24.900000     -0.15405656
 25.000000     -0.14939884
 25.100000     -0.14322385
 25.200000     -0.14020556
 25.300000     -0.13684655
 25.400000     -0.13228394
 25.500000     -0.12596862
 25.600000     -0.12022917
 25.700000     -0.11585303
 25.800000     -0.11305562
 25.900000     -0.11345364
 26.000000     -0.11442433
 26.100000     -0.11432993
 26.200000     -0.11314697
 26.300000     -0.11342362
 26.400000     -0.11029266
 26.500000     -0.10972035
 26.600000     -0.10777947
 26.700000     -0.10977026
 26.800000     -0.11115817
 26.900000     -0.11342873
 27.000000     -0.11360973
 27.100000     -0.11379344
 27.200000     -0.11378303
 27.300000     -0.11518143
 27.400000     -0.11700541
 27.500000     -0.11742216
 27.600000     -0.11469982
 27.700000     -0.11002992
 27.800000     -0.10647769
 27.900000     -0.10169545
 28.000000     -0.09895137
 28.100000     -0.09631612
 28.200000     -0.09412006
 28.300000     -0.09201695
 28.400000     -0.09238803
 28.500000     -0.09508394
 28.600000     -0.09770291
 28.700000     -0.10116440
 28.800000     -0.10350724
 28.900000     -0.10675825
 29.000000     -0.11016363
 29.100000     -0.11251346
 29.200000     -0.11442626
 29.300000     -0.11820028
 29.400000     -0.12214206
 29.500000     -0.12465104
 29.600000     -0.12709940
 29.700000     -0.12644331
 29.800000     -0.12661637
 29.900000     -0.12451435
 30.000000     -0.12449196
 30.100000     -0.12419629
 30.200000     -0.12608327
 30.300000     -0.12905242
 30.400000     -0.13128018
 30.500000     -0.13102163
 30.600000     -0.13116578
 30.700000     -0.13064427
 30.800000     -0.12919806
 30.900000     -0.12783089
 31.000000     -0.12703725
 31.100000     -0.12511325
 31.200000     -0.12276412
 31.300000     -0.11919256
 31.400000     -0.11490978
 31.500000     -0.10859717
 31.600000     -0.10468501
 31.700000     -0.10249316
 31.800000     -0.09896268
 31.900000     -0.09525303
 32.000000     -0.09272678
 32.100000     -0.09029502
 32.200000     -0.08873424
 32.300000     -0.08991129
 32.400000     -0.09002340
 32.500000     -0.09010816
 32.600000     -0.09095794
 32.700000     -0.09181621
 32.800000     -0.09150624
 32.900000     -0.09091259
 33.000000     -0.09100404
 33.100000     -0.09134079
 33.200000     -0.09159265
 33.300000     -0.09235876
 33.400000     -0.09192274
 33.500000     -0.09176286
 33.600000     -0.09234309
 33.700000     -0.09163120
 33.800000     -0.09157350
 33.900000     -0.09214565
 34.000000     -0.09272181
 34.100000     -0.09368515
 34.200000     -0.09517962
 34.300000     -0.09699297
 34.400000     -0.09927296
 34.500000     -0.10163542
 34.600000     -0.10344475
 34.700000     -0.10436068
 34.800000     -0.10524962
 34.900000     -0.10585338
 35.000000     -0.10596784
 35.100000     -0.10589429
 35.200000     -0.10574000
 35.300000     -0.10586063
 35.400000     -0.10620684
 35.500000     -0.10681000
 35.600000     -0.10689214
 35.700000     -0.10640416
 35.800000     -0.10578106
 35.900000     -0.10448277
 36.000000     -0.10346019
 36.100000     -0.10264188
 36.200000     -0.10213087
 36.300000     -0.10102720
 36.400000     -0.09961091
 36.500000     -0.09897126
 36.600000     -0.09821077
 36.700000     -0.09699192
 36.800000     -0.09606089
 36.900000     -0.09467347
 37.000000     -0.09281761
 37.100000     -0.09153953
 37.200000     -0.09110002
 37.300000     -0.09073947
 37.400000     -0.09060071
 37.500000     -0.09083618
 37.600000     -0.09126307
 37.700000     -0.09169952
 37.800000     -0.09237751
 37.900000     -0.09302770
 38.000000     -0.09319955
 38.100000     -0.09338353
 38.200000     -0.09347456
 38.300000     -0.09314849
 38.400000     -0.09274079
 38.500000     -0.09243400
 38.600000     -0.09178998
 38.700000     -0.09092263
 38.800000     -0.08949080
 38.900000     -0.08799634
 39.000000     -0.08691653
 39.100000     -0.08592152
 39.200000     -0.08494867
 39.300000     -0.08414829
 39.400000     -0.08366941
 39.500000     -0.08325371
 39.600000     -0.08302681
 39.700000     -0.08251523
 39.800000     -0.08206937
 39.900000     -0.08188400
