  0.000000     -0.02401692
  0.100000     -0.02330383
  0.200000     -0.02235454
  0.300000     -0.02069296
  0.400000     -0.01898956
  0.500000     -0.01701395
  0.600000     -0.01461741
  0.700000     -0.01198076
  0.800000     -0.00963552
  0.900000     -0.00678031
  1.000000     -0.00356242
  1.100000     -0.00096527
  1.200000      0.00122233
  1.300000      0.00470759
  1.400000      0.00919885
  1.500000      0.01313599
  1.600000      0.01714008
  1.700000      0.02071238
  1.800000      0.02476169
  1.900000      0.02798508
  2.000000      0.03121338
  2.100000      0.03588111
  2.200000      0.03804122
  2.300000      0.04047861
  2.400000      0.04435013
  2.500000      0.04834614
  2.600000      0.05196323
  2.700000      0.05514586
  2.800000      0.05748867
  2.900000      0.06001124
  3.000000      0.06106206
  3.100000      0.06227545
  3.200000      0.06365523
  3.300000      0.06293529
  3.400000      0.06302176
  3.500000      0.06345990
  3.600000      0.06258824
  3.700000      0.06110342
  3.800000      0.06036912
  3.900000      0.05946322
  4.000000      0.05625178
  4.100000      0.05312287
  4.200000      0.05010814
  4.300000      0.04592106
  4.400000      0.04051776
  4.500000      0.03509900
  4.600000      0.02896522
  4.700000      0.02289251
  4.800000      0.01715283
  4.900000      0.01027772
  5.000000      0.00344816
  5.100000     -0.00272498
  5.200000     -0.00964608
  5.300000     -0.01590157
  5.400000     -0.02152276
  5.500000     -0.02770478
  5.600000     -0.03560021
  5.700000     -0.04075149
  5.800000     -0.04566579
  5.900000     -0.05130248
  6.000000     -0.05738835
  6.100000     -0.06386787
  6.200000     -0.07036894
  6.300000     -0.07891505
  6.400000     -0.08445031
  6.500000     -0.09089035
  6.600000     -0.09760428
  6.700000     -0.10315008
  6.800000     -0.10921543
  6.900000     -0.11546458
  7.000000     -0.12055349
  7.100000     -0.12628202
  7.200000     -0.13189188
  7.300000     -0.13539728
  7.400000     -0.13577028
  7.500000     -0.13844212
  7.600000     -0.13863799
  7.700000     -0.13800823
  7.800000     -0.13672903
  7.900000     -0.13571849
  8.000000     -0.13530806
  8.100000     -0.13492692
  8.200000     -0.13161844
  8.300000     -0.13039358
  8.400000     -0.12736576
  8.500000     -0.12347071
  8.600000     -0.11929184
  8.700000     -0.11464087
  8.800000     -0.10942154
  8.900000     -0.10007392
  9.000000     -0.09146361
  9.100000     -0.08114839
  9.200000     -0.06827601
  9.300000     -0.05546377
  9.400000     -0.03834184
  9.500000     -0.02125326
  9.600000     -0.00088716
  9.700000      0.02349575
  9.800000      0.04940690
  9.900000      0.07848056
 10.000000      0.11170487
 10.100000      0.14680572
 10.200000      0.18166269
 10.300000      0.22062063
 10.400000      0.25881772
 10.500000      0.30107791
 10.600000      0.34394773
 10.700000      0.38849967
 10.800000      0.43416154
 10.900000      0.47983043
 11.000000      0.52739125
 11.100000      0.57136676
 11.200000      0.61683856
 11.300000      0.65976323
 11.400000      0.70184755
 11.500000      0.74390291
 11.600000      0.78110228
 11.700000      0.81966604
 11.800000      0.85156714
 11.900000      0.88197618
 12.000000      0.90963259
 12.100000      0.93429312
 12.200000      0.95550985
 12.300000      0.97368689
 12.400000      0.98738674
 12.500000      0.99481889
 12.600000      0.99896792
 12.700000      1.00000000
 12.800000      0.99525821
 12.900000      0.98502755
 13.000000      0.97192704
 13.100000      0.95525763
 13.200000      0.93661649
 13.300000      0.90997775
 13.400000      0.87712599
 13.500000      0.84204021
 13.600000      0.80374653
 13.700000      0.75969095
 13.800000      0.71160826
 13.900000      0.65887221
 14.000000      0.60715593
 14.100000      0.55043609
 14.200000      0.49242022
 14.300000      0.43325361
 14.400000      0.36968010
 14.500000      0.31029580
 14.600000      0.24875107
 14.700000      0.18678978
 14.800000      0.12529595
 14.900000      0.06831155
 15.000000      0.01134892
 15.100000     -0.03855800
 15.200000     -0.08583781
 15.300000     -0.13099196
 15.400000     -0.17571417
 15.500000     -0.21474599
 15.600000     -0.25274681
 15.700000     -0.28652884
 15.800000     -0.32039619
 15.900000     -0.34853921
 16.000000     -0.37602284
 16.100000     -0.39925748
 16.200000     -0.42093385
 16.300000     -0.43938199
 16.400000     -0.45574619
 16.500000     -0.46862846
 16.600000     -0.47897542
 16.700000     -0.48979872
 16.800000     -0.50248853
 16.900000     -0.51328955
 17.000000     -0.52066830
 17.100000     -0.52762990
 17.200000     -0.53190119
 17.300000     -0.52895168
 17.400000     -0.52592888
 17.500000     -0.52255366
 17.600000     -0.51967052
 17.700000     -0.51864903
 17.800000     -0.51808460
 17.900000     -0.51428197
 18.000000     -0.50291352
 18.100000     -0.49566188
 18.200000     -0.48745467
 18.300000     -0.47720711
 18.400000     -0.47189096
 18.500000     -0.46399156
 18.600000     -0.45606426
 18.700000     -0.44548000
 18.800000     -0.44122510
 18.900000     -0.43207753
 19.000000     -0.42558917
 19.100000     -0.41735682
 19.200000     -0.41072476
 19.300000     -0.40485090
 19.400000     -0.39852052
 19.500000     -0.39257092
 19.600000     -0.38537753
 19.700000     -0.38043133
 19.800000     -0.37532486
 19.900000     -0.36885359
 20.000000     -0.36130940
 20.100000     -0.35476445
 20.200000     -0.34605221
 20.300000     -0.33665572
 20.400000     -0.33178577
 20.500000     -0.32222848
 20.600000     -0.31254180
 20.700000     -0.30387593
 20.800000     -0.29346081
 20.900000     -0.28469342
 21.000000     -0.27597940
 21.100000     -0.26857853
 21.200000     -0.26304992
 21.300000     -0.25888695
 21.400000     -0.25453214
 21.500000     -0.25418121
 21.600000     -0.25159879
 21.700000     -0.25196869
 21.800000     -0.24864791
 21.900000     -0.24817174
 22.000000     -0.24412465
 22.100000     -0.24336883
 22.200000     -0.23761023
 22.300000     -0.23400548
 22.400000     -0.22748526
 22.500000     -0.22169629
 22.600000     -0.21561033
 22.700000     -0.20829652
 22.800000     -0.20176618
 22.900000     -0.19506797
 23.000000     -0.18926700
 23.100000     -0.18263698
 23.200000     -0.17636531
 23.300000     -0.16954901
 23.400000     -0.16612063
 23.500000     -0.15930059
 23.600000     -0.15665347
 23.700000     -0.15224495
 23.800000     -0.14915487
 23.900000     -0.14724293
 24.000000     -0.14424305
 24.100000     -0.14498006
 24.200000     -0.14400920
 24.300000     -0.14523509
 24.400000     -0.14393289
 24.500000     -0.14198434
 24.600000     -0.14312595
 24.700000     -0.14354227
 24.800000     -0.14129419
 24.900000     -0.13829392
 25.000000     -0.13911788
 25.100000     -0.13718581
 25.200000     -0.13731199
 25.300000     -0.13650263
 25.400000     -0.13377006
 25.500000     -0.13280352
 25.600000     -0.13088111
 25.700000     -0.12718126
 25.800000     -0.12369769
 25.900000     -0.12142392
 26.000000     -0.11626850
 26.100000     -0.11116764
 26.200000     -0.10726278
 26.300000     -0.10453241
 26.400000     -0.09760011
 26.500000     -0.09202511
 26.600000     -0.08654758
 26.700000     -0.08181453
 26.800000     -0.07969645
 26.900000     -0.07685086
 27.000000     -0.07501069
 27.100000     -0.07134366
 27.200000     -0.06731476
 27.300000     -0.06398192
 27.400000     -0.06030596
 27.500000     -0.05645958
 27.600000     -0.05306517
 27.700000     -0.05054900
 27.800000     -0.04672286
 27.900000     -0.04421125
 28.000000     -0.04149889
 28.100000     -0.03823741
 28.200000     -0.03567118
 28.300000     -0.03422277
 28.400000     -0.03203538
 28.500000     -0.03124750
 28.600000     -0.03044174
 28.700000     -0.02903779
 28.800000     -0.02671351
 28.900000     -0.02591788
 29.000000     -0.02521937
 29.100000     -0.02241036
 29.200000     -0.02039303
 29.300000     -0.01785631
 29.400000     -0.01346712
 29.500000     -0.00856613
 29.600000     -0.00425303
 29.700000     -0.00035248
 29.800000      0.00445784
 29.900000      0.00950072
 30.000000      0.01407320
 30.100000      0.01800300
 30.200000      0.02165587
 30.300000      0.02357980
 30.400000      0.02575407
 30.500000      0.02821915
 30.600000      0.03061558
 30.700000      0.03275504
 30.800000      0.03418690
 30.900000      0.03349497
 31.000000      0.03390122
 31.100000      0.03336881
 31.200000      0.03265710
 31.300000      0.03294313
 31.400000      0.03204107
 31.500000      0.03124348
 31.600000      0.03048554
 31.700000      0.02991561
 31.800000      0.03048528
 31.900000      0.03090072
 32.000000      0.03185929
 32.100000      0.03364707
 32.200000      0.03279166
 32.300000      0.03288326
 32.400000      0.03328743
 32.500000      0.03559301
 32.600000      0.03487993
 32.700000      0.03488236
 32.800000      0.03673880
 32.900000      0.03710232
 33.000000      0.03811912
 33.100000      0.03860995
 33.200000      0.04086336
 33.300000      0.04112103
 33.400000      0.04341388
 33.500000      0.04527346
 33.600000      0.04619057
 33.700000      0.04791971
 33.800000      0.04922072
 33.900000      0.05172310
 34.000000      0.05198575
 34.100000      0.05077536
 34.200000      0.05314937
 34.300000      0.05385529
 34.400000      0.05329002
 34.500000      0.05418878
 34.600000      0.05285802
 34.700000      0.05100058
 34.800000      0.05083529
 34.900000      0.05073703
 35.000000      0.05119925
 35.100000      0.04766125
 35.200000      0.04410795
 35.300000      0.04492655
 35.400000      0.04413606
 35.500000      0.04124327
 35.600000      0.04051805
 35.700000      0.04053785
 35.800000      0.03978840
 35.900000      0.03766025
 36.000000      0.03735762
 36.100000      0.03721369
 36.200000      0.03543305
 36.300000      0.03412060
 36.400000      0.03454133
 36.500000      0.03506967
 36.600000      0.03437586
 36.700000      0.03533154
 36.800000      0.03568427
 36.900000      0.03663439
 37.000000      0.03818808
 37.100000      0.03817681
 37.200000      0.03885927
 37.300000      0.04073144
 37.400000      0.04278088
 37.500000      0.04489425
 37.600000      0.04698932
 37.700000      0.05050430
 37.800000      0.05231650
 37.900000      0.05329438
 38.000000      0.05573296
 38.100000      0.05782497
 38.200000      0.05890582
 38.300000      0.06048225
 38.400000      0.06199202
 38.500000      0.06285327
 38.600000      0.06403335
 38.700000      0.06539859
 38.800000      0.06597206
 38.900000      0.06658738
 39.000000      0.06728185
 39.100000      0.06687929
 39.200000      0.06645173
 39.300000      0.06689366
 39.400000      0.06687163
 39.500000      0.06630495
 39.600000      0.06565255
 39.700000      0.06436084
 39.800000      0.06281652
 39.900000      0.06161837
