  0.000000      0.01100787
  0.100000      0.01086466
  0.200000      0.01076680
  0.300000      0.01070815
  0.400000      0.00448476
  0.500000      0.00185909
  0.600000      0.00221052
  0.700000      0.00264158
  0.800000      0.00314452
  0.900000      0.00371856
  1.000000      0.00305568
  1.100000      0.00162522
  1.200000     -0.00349922
  1.300000     -0.00224750
  1.400000     -0.00094239
  1.500000      0.00040509
  1.600000      0.00178843
  1.700000      0.00320085
  1.800000      0.00315744
  1.900000      0.00488612
  2.000000      0.00706799
  2.100000      0.01059147
  2.200000      0.01468209
  2.300000      0.01660591
  2.400000      0.01846781
  2.500000      0.02025415
  2.600000      0.02195829
  2.700000      0.02356489
  2.800000      0.02388521
  2.900000      0.02235889
  3.000000      0.02798334
  3.100000      0.02847857
  3.200000      0.02841045
  3.300000      0.02896089
  3.400000      0.02950826
  3.500000      0.02995417
  3.600000      0.03027490
  3.700000      0.03047535
  3.800000      0.03056033
  3.900000      0.03048497
  4.000000      0.03030777
  4.100000      0.03003505
  4.200000      0.02967128
  4.300000      0.02921634
  4.400000      0.02866782
  4.500000      0.02803516
  4.600000      0.02732258
  4.700000      0.02654134
  4.800000      0.02568792
  4.900000      0.02476789
  5.000000      0.02378911
  5.100000      0.02276111
  5.200000      0.02168932
  5.300000      0.02057568
  5.400000      0.01943240
  5.500000      0.01826674
  5.600000      0.01707706
  5.700000      0.01587005
  5.800000      0.01464955
  5.900000      0.01343657
  6.000000      0.01276371
  6.100000      0.01200896
  6.200000      0.00850057
  6.300000      0.00746766
  6.400000      0.00640210
  6.500000      0.00528971
  6.600000      0.00412699
  6.700000      0.00291346
  6.800000      0.00164373
  6.900000      0.00030085
  7.000000     -0.00110608
  7.100000     -0.00259620
  7.200000     -0.00415151
  7.300000     -0.00383667
  7.400000     -0.00530804
  7.500000     -0.00774518
  7.600000     -0.01034028
  7.700000     -0.01306999
  7.800000     -0.01593685
  7.900000     -0.01892576
  8.000000     -0.02203774
  8.100000     -0.02525058
  8.200000     -0.02855632
  8.300000     -0.03193810
  8.400000     -0.03539493
  8.500000     -0.03892705
  8.600000     -0.04251242
  8.700000     -0.04593309
  8.800000     -0.04939461
  8.900000     -0.05290517
  9.000000     -0.05646118
  9.100000     -0.06004990
  9.200000     -0.06366144
  9.300000     -0.06728588
  9.400000     -0.07092131
  9.500000     -0.07454508
  9.600000     -0.07814573
  9.700000     -0.08169706
  9.800000     -0.08517644
  9.900000     -0.08857470
 10.000000     -0.09186684
 10.100000     -0.09503801
 10.200000     -0.09805453
 10.300000     -0.10089696
 10.400000     -0.10352667
 10.500000     -0.10593095
 10.600000     -0.10808531
 10.700000     -0.10998111
 10.800000     -0.11158631
 10.900000     -0.11288311
 11.000000     -0.11385457
 11.100000     -0.11448091
 11.200000     -0.11476022
 11.300000     -0.11466938
 11.400000     -0.11418989
 11.500000     -0.11329968
 11.600000     -0.11198764
 11.700000     -0.11025520
 11.800000     -0.10808626
 11.900000     -0.10546861
 12.000000     -0.10238027
 12.100000     -0.09882185
 12.200000     -0.09479589
 12.300000     -0.09027171
 12.400000     -0.08523667
 12.500000     -0.07968291
 12.600000     -0.07360144
 12.700000     -0.06696490
 12.800000     -0.05975187
 12.900000     -0.05195468
 13.000000     -0.04354545
 13.100000     -0.03451084
 13.200000     -0.02482403
 13.300000     -0.01446134
 13.400000     -0.00341801
 13.500000      0.00835655
 13.600000      0.02086488
 13.700000      0.03414372
 13.800000      0.04818042
 13.900000      0.06298709
 14.000000      0.07859481
 14.100000      0.09499514
 14.200000      0.11221114
 14.300000      0.13020366
 14.400000      0.14896427
 14.500000      0.16848872
 14.600000      0.18877866
 14.700000      0.20982082
 14.800000      0.23155582
 14.900000      0.25396605
 15.000000      0.27702499
 15.100000      0.30069626
 15.200000      0.32495314
 15.300000      0.34972022
 15.400000      0.37497983
 15.500000      0.40066925
 15.600000      0.42673725
 15.700000      0.45313828
 15.800000      0.47980881
 15.900000      0.50667972
 16.000000      0.53368138
 16.100000      0.56075179
 16.200000      0.58780749
 16.300000      0.61477047
 16.400000      0.64155007
 16.500000      0.66806021
 16.600000      0.69420540
 16.700000      0.71989282
 16.800000      0.74503239
 16.900000      0.76952641
 17.000000      0.79327276
 17.100000      0.81615198
 17.200000      0.83809510
 17.300000      0.85900514
 17.400000      0.87879451
 17.500000      0.89736858
 17.600000      0.91464245
 17.700000      0.93052894
 17.800000      0.94498059
 17.900000      0.95791766
 18.000000      0.96920895
 18.100000      0.97884481
 18.200000      0.98674412
 18.300000      0.99288317
 18.400000      0.99718183
 18.500000      0.99955758
 18.600000      1.00000000
 18.700000      0.99846536
 18.800000      0.99490825
 18.900000      0.98926345
 19.000000      0.98152186
 19.100000      0.97170358
 19.200000      0.95975643
 19.300000      0.94566936
 19.400000      0.92947937
 19.500000      0.91120929
 19.600000      0.89085633
 19.700000      0.86839174
 19.800000      0.84389571
 19.900000      0.81745846
 20.000000      0.78907753
 20.100000      0.75883704
 20.200000      0.72673434
 20.300000      0.69293660
 20.400000      0.65749757
 20.500000      0.62050315
 20.600000      0.58202415
 20.700000      0.54216300
 20.800000      0.50106766
 20.900000      0.45882745
 21.000000      0.41555573
 21.100000      0.37136692
 21.200000      0.32642091
 21.300000      0.28083474
 21.400000      0.23474806
 21.500000      0.18828916
 21.600000      0.14162551
 21.700000      0.09489129
 21.800000      0.04820859
 21.900000      0.00170181
 22.000000     -0.04446142
 22.100000     -0.09017908
 22.200000     -0.13528552
 22.300000     -0.17969118
 22.400000     -0.22324513
 22.500000     -0.26586792
 22.600000     -0.30745743
 22.700000     -0.34786049
 22.800000     -0.38700475
 22.900000     -0.42481828
 23.000000     -0.46123761
 23.100000     -0.49615950
 23.200000     -0.52952055
 23.300000     -0.56125405
 23.400000     -0.59136275
 23.500000     -0.61978218
 23.600000     -0.64650047
 23.700000     -0.67147418
 23.800000     -0.69475271
 23.900000     -0.71634033
 24.000000     -0.73621941
 24.100000     -0.75441174
 24.200000     -0.77096676
 24.300000     -0.78594253
 24.400000     -0.79938034
 24.500000     -0.81131248
 24.600000     -0.82179363
 24.700000     -0.83088130
 24.800000     -0.83866626
 24.900000     -0.84519507
 25.000000     -0.85048220
 25.100000     -0.85363449
 25.200000     -0.85596275
 25.300000     -0.85791596
 25.400000     -0.85885949
 25.500000     -0.85885864
 25.600000     -0.85796100
 25.700000     -0.85617881
 25.800000     -0.85353689
 25.900000     -0.85007422
 26.000000     -0.84582079
 26.100000     -0.84079846
 26.200000     -0.83501666
 26.300000     -0.82849290
 26.400000     -0.82126875
 26.500000     -0.81336182
 26.600000     -0.80478624
 26.700000     -0.79554725
 26.800000     -0.78566913
 26.900000     -0.77516041
 27.000000     -0.76404624
 27.100000     -0.75234410
 27.200000     -0.74006581
 27.300000     -0.72723749
 27.400000     -0.71388007
 27.500000     -0.70000988
 27.600000     -0.68562458
 27.700000     -0.67074842
 27.800000     -0.65541943
 27.900000     -0.63966329
 28.000000     -0.62350371
 28.100000     -0.60698736
 28.200000     -0.59009201
 28.300000     -0.57287553
 28.400000     -0.55538484
 28.500000     -0.53765869
 28.600000     -0.51971460
 28.700000     -0.50178409
 28.800000     -0.48398934
 28.900000     -0.46611418
 29.000000     -0.44818871
 29.100000     -0.43026030
 29.200000     -0.41236715
 29.300000     -0.39457073
 29.400000     -0.37690331
 29.500000     -0.35941437
 29.600000     -0.34214934
 29.700000     -0.32517034
 29.800000     -0.30852270
 29.900000     -0.29224099
 30.000000     -0.27637249
 30.100000     -0.26095046
 30.200000     -0.24602798
 30.300000     -0.23162232
 30.400000     -0.21777664
 30.500000     -0.20450410
 30.600000     -0.19181909
 30.700000     -0.17976715
 30.800000     -0.16833318
 30.900000     -0.15753053
 31.000000     -0.14736023
 31.100000     -0.13782447
 31.200000     -0.12894501
 31.300000     -0.12069888
 31.400000     -0.11306702
 31.500000     -0.10603483
 31.600000     -0.09958366
 31.700000     -0.09371929
 31.800000     -0.08842377
 31.900000     -0.08366772
 32.000000     -0.07940550
 32.100000     -0.07561471
 32.200000     -0.07228708
 32.300000     -0.06937256
 32.400000     -0.06684458
 32.500000     -0.06466315
 32.600000     -0.06280816
 32.700000     -0.06123599
 32.800000     -0.05989836
 32.900000     -0.05875762
 33.000000     -0.05776522
 33.100000     -0.05697248
 33.200000     -0.05637301
 33.300000     -0.05579612
 33.400000     -0.05519624
 33.500000     -0.05468945
 33.600000     -0.05409322
 33.700000     -0.05332748
 33.800000     -0.05236263
 33.900000     -0.05116856
 34.000000     -0.04969695
 34.100000     -0.04795717
 34.200000     -0.04732218
 34.300000     -0.04497496
 34.400000     -0.04231969
 34.500000     -0.03935515
 34.600000     -0.03608832
 34.700000     -0.03246911
 34.800000     -0.02853625
 34.900000     -0.02430254
 35.000000     -0.01979056
 35.100000     -0.01500360
 35.200000     -0.00993688
 35.300000     -0.00463334
 35.400000      0.00108921
 35.500000      0.00728303
 35.600000      0.01232113
 35.700000      0.01757398
 35.800000      0.02300828
 35.900000      0.02860936
 36.000000      0.03411378
 36.100000      0.03953058
 36.200000      0.04492800
 36.300000      0.05044535
 36.400000      0.05606726
 36.500000      0.06177016
 36.600000      0.06753910
 36.700000      0.07333923
 36.800000      0.07915611
 36.900000      0.08496603
 37.000000      0.09075805
 37.100000      0.09650132
 37.200000      0.10227240
 37.300000      0.10800791
 37.400000      0.11367063
 37.500000      0.09740045
 37.600000      0.07777895
 37.700000      0.08438582
 37.800000      0.09081209
 37.900000      0.09704688
 38.000000      0.10309837
 38.100000      0.10854465
 38.200000      0.11391384
 38.300000      0.11918260
 38.400000      0.12435450
 38.500000      0.12942402
 38.600000      0.13436785
 38.700000      0.13916439
 38.800000      0.14380181
 38.900000      0.14828456
 39.000000      0.15237883
 39.100000      0.15630483
 39.200000      0.16005336
 39.300000      0.16362586
 39.400000      0.16701022
 39.500000      0.17016855
 39.600000      0.17300338
 39.700000      0.17577061
 39.800000      0.16869306
 39.900000      0.17234051
