  0.000000      0.00354900
  0.100000      0.00357541
  0.200000      0.00331172
  0.300000      0.00320618
  0.400000      0.00291722
  0.500000      0.00254118
  0.600000      0.00235718
  0.700000      0.00237453
  0.800000      0.00249191
  0.900000      0.00254913
  1.000000      0.00261024
  1.100000      0.00288544
  1.200000      0.00333240
  1.300000      0.00335641
  1.400000      0.00321790
  1.500000      0.00350430
  1.600000      0.00383063
  1.700000      0.00366864
  1.800000      0.00353579
  1.900000      0.00343404
  2.000000      0.00353394
  2.100000      0.00407367
  2.200000      0.00431866
  2.300000      0.00418188
  2.400000      0.00442327
  2.500000      0.00480793
  2.600000      0.00494924
  2.700000      0.00477614
  2.800000      0.00487995
  2.900000      0.00551197
  3.000000      0.00597306
  3.100000      0.00614805
  3.200000      0.00620310
  3.300000      0.00651494
  3.400000      0.00727382
  3.500000      0.00799466
  3.600000      0.00851742
  3.700000      0.00898870
  3.800000      0.00956180
  3.900000      0.00982140
  4.000000      0.00949943
  4.100000      0.00869316
  4.200000      0.00773930
  4.300000      0.00718918
  4.400000      0.00674276
  4.500000      0.00592838
  4.600000      0.00487574
  4.700000      0.00396680
  4.800000      0.00305742
  4.900000      0.00195356
  5.000000      0.00133889
  5.100000      0.00084057
  5.200000      0.00053703
  5.300000     -0.00015280
  5.400000     -0.00127559
  5.500000     -0.00247373
  5.600000     -0.00347344
  5.700000     -0.00504662
  5.800000     -0.00742566
  5.900000     -0.00979551
  6.000000     -0.01227533
  6.100000     -0.01476300
  6.200000     -0.01779695
  6.300000     -0.02069298
  6.400000     -0.02366532
  6.500000     -0.02704852
  6.600000     -0.03061387
  6.700000     -0.03412458
  6.800000     -0.03786501
  6.900000     -0.04148838
  7.000000     -0.04500033
  7.100000     -0.04856093
  7.200000     -0.05228398
  7.300000     -0.05618670
  7.400000     -0.06007571
  7.500000     -0.06394356
  7.600000     -0.06817490
  7.700000     -0.07286292
  7.800000     -0.07729557
  7.900000     -0.08179098
  8.000000     -0.08636497
  8.100000     -0.09029293
  8.200000     -0.09371909
  8.300000     -0.09743799
  8.400000     -0.10137591
  8.500000     -0.10438375
  8.600000     -0.10673210
  8.700000     -0.10891249
  8.800000     -0.11047979
  8.900000     -0.11094671
  9.000000     -0.11097147
  9.100000     -0.10980100
  9.200000     -0.10811978
  9.300000     -0.10587086
  9.400000     -0.10290426
  9.500000     -0.09892104
  9.600000     -0.09408822
  9.700000     -0.08833280
  9.800000     -0.08102495
  9.900000     -0.07221240
 10.000000     -0.06124141
 10.100000     -0.04936179
 10.200000     -0.03564930
 10.300000     -0.01942045
 10.400000     -0.00125608
 10.500000      0.01956124
 10.600000      0.04253786
 10.700000      0.06852695
 10.800000      0.09707365
 10.900000      0.12833811
 11.000000      0.16243219
 11.100000      0.20043748
 11.200000      0.24117920
 11.300000      0.28378618
 11.400000      0.32942480
 11.500000      0.37775705
 11.600000      0.42770173
 11.700000      0.47816950
 11.800000      0.52922897
 11.900000      0.58107034
 12.000000      0.63268620
 12.100000      0.68273384
 12.200000      0.73093349
 12.300000      0.77658132
 12.400000      0.81920721
 12.500000      0.85914368
 12.600000      0.89580958
 12.700000      0.92713296
 12.800000      0.95342884
 12.900000      0.97473819
 13.000000      0.98970960
 13.100000      0.99865792
 13.200000      1.00000000
 13.300000      0.99359796
 13.400000      0.97994769
 13.500000      0.95822411
 13.600000      0.92844011
 13.700000      0.89021191
 13.800000      0.84394109
 13.900000      0.78957533
 14.000000      0.72788995
 14.100000      0.65928721
 14.200000      0.58412304
 14.300000      0.50329492
 14.400000      0.41802242
 14.500000      0.32940572
 14.600000      0.23846159
 14.700000      0.14634541
 14.800000      0.05446519
 14.900000     -0.03625816
 15.000000     -0.12523673
 15.100000     -0.21099557
 15.200000     -0.29246103
 15.300000     -0.36962199
 15.400000     -0.44046660
 15.500000     -0.50480355
 15.600000     -0.56212291
 15.700000     -0.61182192
 15.800000     -0.65400922
 15.900000     -0.68856753
 16.000000     -0.71557021
 16.100000     -0.73455896
 16.200000     -0.74731930
 16.300000     -0.75365068
 16.400000     -0.75417687
 16.500000     -0.74943982
 16.600000     -0.73941503
 16.700000     -0.72535512
 16.800000     -0.70710311
 16.900000     -0.68563727
 17.000000     -0.66153256
 17.100000     -0.63508695
 17.200000     -0.60671001
 17.300000     -0.57790545
 17.400000     -0.54882119
 17.500000     -0.51981486
 17.600000     -0.49119917
 17.700000     -0.46345296
 17.800000     -0.43663431
 17.900000     -0.41020853
 18.000000     -0.38459912
 18.100000     -0.35963448
 18.200000     -0.33574552
 18.300000     -0.31331875
 18.400000     -0.29171513
 18.500000     -0.27038567
 18.600000     -0.25173908
 18.700000     -0.23383999
 18.800000     -0.21755899
 18.900000     -0.20210488
 19.000000     -0.18802408
 19.100000     -0.17520058
 19.200000     -0.16246630
 19.300000     -0.15037131
 19.400000     -0.13933413
 19.500000     -0.12923638
 19.600000     -0.11965274
 19.700000     -0.11020659
 19.800000     -0.10134792
 19.900000     -0.09347218
 20.000000     -0.08657583
 20.100000     -0.07993644
 20.200000     -0.07449336
 20.300000     -0.06938481
 20.400000     -0.06482134
 20.500000     -0.06053210
 20.600000     -0.05636417
 20.700000     -0.05258877
 20.800000     -0.04880614
 20.900000     -0.04463508
 21.000000     -0.04130606
 21.100000     -0.03779978
 21.200000     -0.03415171
 21.300000     -0.03072315
 21.400000     -0.02721015
 21.500000     -0.02398432
 21.600000     -0.02101498
 21.700000     -0.01789336
 21.800000     -0.01525955
 21.900000     -0.01307037
 22.000000     -0.01083129
 22.100000     -0.00854402
 22.200000     -0.00668298
 22.300000     -0.00533751
 22.400000     -0.00425477
 22.500000     -0.00331340
 22.600000     -0.00214724
 22.700000     -0.00127520
 22.800000     -0.00047760
 22.900000      0.00010729
 23.000000      0.00078535
 23.100000      0.00096743
 23.200000      0.00097339
 23.300000      0.00079560
 23.400000      0.00007142
 23.500000     -0.00039627
 23.600000     -0.00060696
 23.700000     -0.00115321
 23.800000     -0.00229070
 23.900000     -0.00405603
 24.000000     -0.00475800
 24.100000     -0.00506585
 24.200000     -0.00501144
 24.300000     -0.00586719
 24.400000     -0.00676841
 24.500000     -0.00675852
 24.600000     -0.00682534
 24.700000     -0.00706607
 24.800000     -0.00695891
 24.900000     -0.00698643
 25.000000     -0.00779800
 25.100000     -0.00858850
 25.200000     -0.00884549
 25.300000     -0.00926284
 25.400000     -0.00974623
 25.500000     -0.01079103
 25.600000     -0.01194557
 25.700000     -0.01308063
 25.800000     -0.01360527
 25.900000     -0.01427084
 26.000000     -0.01467504
 26.100000     -0.01557088
 26.200000     -0.01646237
 26.300000     -0.01702141
 26.400000     -0.01730482
 26.500000     -0.01731950
 26.600000     -0.01754957
 26.700000     -0.01781543
 26.800000     -0.01794303
 26.900000     -0.01842641
 27.000000     -0.01933644
 27.100000     -0.02103120
 27.200000     -0.02276791
 27.300000     -0.02426223
 27.400000     -0.02498219
 27.500000     -0.02590983
 27.600000     -0.02662289
 27.700000     -0.02859906
 27.800000     -0.03074843
 27.900000     -0.03187887
 28.000000     -0.03268807
 28.100000     -0.03256208
 28.200000     -0.03280333
 28.300000     -0.03331844
 28.400000     -0.03382069
 28.500000     -0.03407395
 28.600000     -0.03376478
 28.700000     -0.03287086
 28.800000     -0.03202796
 28.900000     -0.03131583
 29.000000     -0.03072505
 29.100000     -0.02980672
 29.200000     -0.02830915
 29.300000     -0.02709546
 29.400000     -0.02609701
 29.500000     -0.02511224
 29.600000     -0.02487857
 29.700000     -0.02479877
 29.800000     -0.02476711
 29.900000     -0.02455067
 30.000000     -0.02458777
 30.100000     -0.02409865
 30.200000     -0.02281683
 30.300000     -0.02114118
 30.400000     -0.02007314
 30.500000     -0.01953609
 30.600000     -0.01904432
 30.700000     -0.01822452
 30.800000     -0.01710697
 30.900000     -0.01658450
 31.000000     -0.01641990
 31.100000     -0.01618812
 31.200000     -0.01622390
 31.300000     -0.01619411
 31.400000     -0.01601134
 31.500000     -0.01597326
 31.600000     -0.01625058
 31.700000     -0.01620913
 31.800000     -0.01603016
 31.900000     -0.01665570
 32.000000     -0.01725548
 32.100000     -0.01784412
 32.200000     -0.01820402
 32.300000     -0.01876955
 32.400000     -0.02008183
 32.500000     -0.02143413
 32.600000     -0.02242273
 32.700000     -0.02321189
 32.800000     -0.02409798
 32.900000     -0.02498447
 33.000000     -0.02605882
 33.100000     -0.02706261
 33.200000     -0.02728583
 33.300000     -0.02653398
 33.400000     -0.02533462
 33.500000     -0.02405400
 33.600000     -0.02273887
 33.700000     -0.02097012
 33.800000     -0.01895519
 33.900000     -0.01707567
 34.000000     -0.01492520
 34.100000     -0.01263806
 34.200000     -0.01066931
 34.300000     -0.00862346
 34.400000     -0.00679364
 34.500000     -0.00523198
 34.600000     -0.00374683
 34.700000     -0.00258191
 34.800000     -0.00114575
 34.900000     -0.00012131
 35.000000      0.00060433
 35.100000      0.00169080
 35.200000      0.00247852
 35.300000      0.00323877
 35.400000      0.00374135
 35.500000      0.00417133
 35.600000      0.00444448
 35.700000      0.00465341
 35.800000      0.00482509
 35.900000      0.00489847
 36.000000      0.00531402
 36.100000      0.00546634
 36.200000      0.00545492
 36.300000      0.00516883
 36.400000      0.00512179
 36.500000      0.00563704
 36.600000      0.00623084
 36.700000      0.00674855
 36.800000      0.00718192
 36.900000      0.00745723
 37.000000      0.00773168
 37.100000      0.00831872
 37.200000      0.00938899
 37.300000      0.01039707
 37.400000      0.01114701
 37.500000      0.01243359
 37.600000      0.01368800
 37.700000      0.01459115
 37.800000      0.01564512
 37.900000      0.01665993
 38.000000      0.01742461
 38.100000      0.01785672
 38.200000      0.01820627
 38.300000      0.01844156
 38.400000      0.01849897
 38.500000      0.01852581
 38.600000      0.01867496
 38.700000      0.01884559
 38.800000      0.01888585
 38.900000      0.01866521
 39.000000      0.01853048
 39.100000      0.01846095
 39.200000      0.01844820
 39.300000      0.01856808
 39.400000      0.01934015
 39.500000      0.01977468
 39.600000      0.01961206
 39.700000      0.01920460
 39.800000      0.01907811
 39.900000      0.01904245
