  0.000000      0.01273863
  0.100000      0.01368760
  0.200000      0.01423823
  0.300000      0.01444414
  0.400000      0.01470882
  0.500000      0.01522507
  0.600000      0.01560675
  0.700000      0.01548709
  0.800000      0.01566006
  0.900000      0.01648332
  1.000000      0.01666043
  1.100000      0.01659701
  1.200000      0.01697402
  1.300000      0.01762145
  1.400000      0.01742836
  1.500000      0.01681206
  1.600000      0.01720482
  1.700000      0.01783393
  1.800000      0.01790142
  1.900000      0.01775752
  2.000000      0.01857553
  2.100000      0.01906459
  2.200000      0.01892137
  2.300000      0.01907921
  2.400000      0.01965769
  2.500000      0.02003015
  2.600000      0.01981012
  2.700000      0.01885350
  2.800000      0.01762480
  2.900000      0.01672204
  3.000000      0.01460921
  3.100000      0.01180665
  3.200000      0.00980058
  3.300000      0.00713032
  3.400000      0.00175645
  3.500000     -0.00819146
  3.600000     -0.01058043
  3.700000     -0.00661160
  3.800000     -0.00307005
  3.900000     -0.00194868
  4.000000     -0.00175110
  4.100000     -0.00201653
  4.200000     -0.00250350
  4.300000     -0.00395615
  4.400000     -0.00525962
  4.500000     -0.00659036
  4.600000     -0.00780530
  4.700000     -0.01036518
  4.800000     -0.01020917
  4.900000     -0.00989665
  5.000000     -0.01116122
  5.100000     -0.01214261
  5.200000     -0.00770331
  5.300000     -0.00476803
  5.400000     -0.00794670
  5.500000     -0.01461789
  5.600000     -0.02023269
  5.700000     -0.02078890
  5.800000     -0.01625544
  5.900000     -0.01200293
  6.000000     -0.01173674
  6.100000     -0.01210783
  6.200000     -0.01556908
  6.300000     -0.02408900
  6.400000     -0.03535137
  6.500000     -0.03988309
  6.600000     -0.03560345
  6.700000     -0.02795095
  6.800000     -0.02360702
  6.900000     -0.02256969
  7.000000     -0.02071409
  7.100000     -0.02014436
  7.200000     -0.02218480
  7.300000     -0.02323426
  7.400000     -0.01954148
  7.500000     -0.01373788
  7.600000     -0.01157004
  7.700000     -0.01036812
  7.800000     -0.01150692
  7.900000     -0.01324257
  8.000000     -0.01284415
  8.100000     -0.01059876
  8.200000     -0.00820041
  8.300000     -0.00963794
  8.400000     -0.01260070
  8.500000     -0.01280638
  8.600000     -0.00850563
  8.700000     -0.00829974
  8.800000     -0.00973232
  8.900000     -0.00975384
  9.000000     -0.01016349
  9.100000     -0.01243295
  9.200000     -0.01412381
  9.300000     -0.01037167
  9.400000     -0.01180214
  9.500000     -0.01270507
  9.600000     -0.01300080
  9.700000     -0.01117371
  9.800000     -0.01465283
  9.900000     -0.01630031
 10.000000     -0.01231228
 10.100000     -0.00603001
 10.200000     -0.00258824
 10.300000     -0.00076521
 10.400000     -0.00105204
 10.500000     -0.00304078
 10.600000     -0.00401870
 10.700000     -0.00310193
 10.800000     -0.00058186
 10.900000      0.00032570
 11.000000      0.00351530
 11.100000      0.00947433
 11.200000      0.01448151
 11.300000      0.01702806
 11.400000      0.01973465
 11.500000      0.02216164
 11.600000      0.02350816
 11.700000      0.02477582
 11.800000      0.02662648
 11.900000      0.02905803
 12.000000      0.02826854
 12.100000      0.02594776
 12.200000      0.02357706
 12.300000      0.02075627
 12.400000      0.01662195
 12.500000      0.01299369
 12.600000      0.01074673
 12.700000      0.00725890
 12.800000      0.00298513
 12.900000     -0.00020083
 13.000000     -0.00469376
 13.100000     -0.00838205
 13.200000     -0.01017792
 13.300000     -0.01213670
 13.400000     -0.01666721
 13.500000     -0.02121560
 13.600000     -0.02451916
 13.700000     -0.02944721
 13.800000     -0.04179307
 13.900000     -0.06093299
 14.000000     -0.07809444
 14.100000     -0.09001666
 14.200000     -0.09332118
 14.300000     -0.09122481
 14.400000     -0.08885649
 14.500000     -0.09188669
 14.600000     -0.09545639
 14.700000     -0.09711090
 14.800000     -0.09987906
 14.900000     -0.10323876
 15.000000     -0.11019272
 15.100000     -0.11842448
 15.200000     -0.12382362
 15.300000     -0.12789960
 15.400000     -0.12969058
 15.500000     -0.13064646
 15.600000     -0.13502827
 15.700000     -0.13769847
 15.800000     -0.13810187
 15.900000     -0.13426467
 16.000000     -0.12928037
 16.100000     -0.11537401
 16.200000     -0.09451158
 16.300000     -0.06988395
 16.400000     -0.03922743
 16.500000     -0.00778564
 16.600000      0.02290765
 16.700000      0.05995943
 16.800000      0.09437803
 16.900000      0.13232920
 17.000000      0.17582269
 17.100000      0.22278481
 17.200000      0.27339062
 17.300000      0.32389964
 17.400000      0.37730735
 17.500000      0.43115936
 17.600000      0.48745209
 17.700000      0.54126732
 17.800000      0.59631663
 17.900000      0.64639151
 18.000000      0.69503747
 18.100000      0.74262255
 18.200000      0.79005991
 18.300000      0.83243970
 18.400000      0.86814053
 18.500000      0.89802334
 18.600000      0.92310070
 18.700000      0.94616623
 18.800000      0.96888725
 18.900000      0.98532322
 19.000000      0.99510412
 19.100000      1.00000000
 19.200000      0.99985378
 19.300000      0.99570983
 19.400000      0.98664270
 19.500000      0.97368387
 19.600000      0.95476692
 19.700000      0.93393020
 19.800000      0.90660557
 19.900000      0.87238020
 20.000000      0.83340999
 20.100000      0.78842020
 20.200000      0.73912735
 20.300000      0.68546266
 20.400000      0.62251930
 20.500000      0.55289059
 20.600000      0.48189562
 20.700000      0.41633344
 20.800000      0.34878650
 20.900000      0.27891662
 21.000000      0.20921118
 21.100000      0.14164488
 21.200000      0.07368843
 21.300000      0.00839654
 21.400000     -0.04743636
 21.500000     -0.09905825
 21.600000     -0.14648148
 21.700000     -0.19011205
 21.800000     -0.23297596
 21.900000     -0.27288098
 22.000000     -0.30826464
 22.100000     -0.33736606
 22.200000     -0.36488219
 22.300000     -0.38926844
 22.400000     -0.40845199
 22.500000     -0.42464226
 22.600000     -0.43708263
 22.700000     -0.44883769
 22.800000     -0.45758094
 22.900000     -0.46720383
 23.000000     -0.47720946
 23.100000     -0.48039831
 23.200000     -0.47698735
 23.300000     -0.46990365
 23.400000     -0.46373764
 23.500000     -0.45675000
 23.600000     -0.45125845
 23.700000     -0.44610974
 23.800000     -0.44102939
 23.900000     -0.43357551
 24.000000     -0.42615951
 24.100000     -0.41661902
 24.200000     -0.40885812
 24.300000     -0.39933454
 24.400000     -0.39051770
 24.500000     -0.38095294
 24.600000     -0.37274884
 24.700000     -0.36267990
 24.800000     -0.35346243
 24.900000     -0.34314633
 25.000000     -0.33262469
 25.100000     -0.31951072
 25.200000     -0.30691597
 25.300000     -0.29395380
 25.400000     -0.28176966
 25.500000     -0.26989246
 25.600000     -0.26001391
 25.700000     -0.25067919
 25.800000     -0.24113931
 25.900000     -0.23176792
 26.000000     -0.22045148
 26.100000     -0.20921789
 26.200000     -0.19710669
 26.300000     -0.18599077
 26.400000     -0.17444255
 26.500000     -0.16374877
 26.600000     -0.15421815
 26.700000     -0.14641383
 26.800000     -0.13821015
 26.900000     -0.12913507
 27.000000     -0.12165668
 27.100000     -0.11622967
 27.200000     -0.11015660
 27.300000     -0.10533442
 27.400000     -0.10013305
 27.500000     -0.09601755
 27.600000     -0.09140009
 27.700000     -0.08649102
 27.800000     -0.08266325
 27.900000     -0.08084254
 28.000000     -0.07957750
 28.100000     -0.07873119
 28.200000     -0.07751090
 28.300000     -0.07509135
 28.400000     -0.07144456
 28.500000     -0.06894745
 28.600000     -0.06715002
 28.700000     -0.06470476
 28.800000     -0.06362450
 28.900000     -0.06253606
 29.000000     -0.06361526
 29.100000     -0.06330657
 29.200000     -0.06447538
 29.300000     -0.06630828
 29.400000     -0.06893428
 29.500000     -0.07105822
 29.600000     -0.07198932
 29.700000     -0.07419735
 29.800000     -0.07688442
 29.900000     -0.07921907
 30.000000     -0.08020007
 30.100000     -0.08179000
 30.200000     -0.08392247
 30.300000     -0.08444518
 30.400000     -0.08403739
 30.500000     -0.08319014
 30.600000     -0.08161093
 30.700000     -0.07981722
 30.800000     -0.07849292
 30.900000     -0.07599528
 31.000000     -0.07228348
 31.100000     -0.06751098
 31.200000     -0.06355743
 31.300000     -0.06071644
 31.400000     -0.05703393
 31.500000     -0.05440406
 31.600000     -0.05345943
 31.700000     -0.05299432
 31.800000     -0.05283957
 31.900000     -0.05323689
 32.000000     -0.05500030
 32.100000     -0.05768755
 32.200000     -0.06010821
 32.300000     -0.06270307
 32.400000     -0.06483843
 32.500000     -0.06775537
 32.600000     -0.06968143
 32.700000     -0.07155031
 32.800000     -0.07259147
 32.900000     -0.07169748
 33.000000     -0.06969215
 33.100000     -0.06804891
 33.200000     -0.06685798
 33.300000     -0.06471244
 33.400000     -0.06147582
 33.500000     -0.05833629
 33.600000     -0.05512768
 33.700000     -0.05149735
 33.800000     -0.04900065
 33.900000     -0.04727892
 34.000000     -0.04510990
 34.100000     -0.04186710
 34.200000     -0.03901903
 34.300000     -0.03599104
 34.400000     -0.03302636
 34.500000     -0.02970300
 34.600000     -0.02543853
 34.700000     -0.02061085
 34.800000     -0.01552195
 34.900000     -0.01028824
 35.000000     -0.00547779
 35.100000     -0.00014697
 35.200000      0.00305704
 35.300000      0.00481346
 35.400000      0.00672200
 35.500000      0.00914414
 35.600000      0.01079186
 35.700000      0.01139462
 35.800000      0.01153251
 35.900000      0.01112760
 36.000000      0.00991030
 36.100000      0.00848735
 36.200000      0.00727448
 36.300000      0.00700249
 36.400000      0.00650094
 36.500000      0.00504206
 36.600000      0.00441997
 36.700000      0.00480475
 36.800000      0.00534398
 36.900000      0.00527712
 37.000000      0.00606060
 37.100000      0.00755598
 37.200000      0.00913075
 37.300000      0.01065598
 37.400000      0.01244672
 37.500000      0.01322528
 37.600000      0.01186375
 37.700000      0.00931751
 37.800000      0.00964816
 37.900000      0.01386251
 38.000000      0.01741976
 38.100000      0.02043398
 38.200000      0.02322055
 38.300000      0.02532902
 38.400000      0.02643957
 38.500000      0.02653263
 38.600000      0.02654237
 38.700000      0.02580158
 38.800000      0.02360364
 38.900000      0.02022720
 39.000000      0.01896612
 39.100000      0.01965239
 39.200000      0.02053727
 39.300000      0.02109704
 39.400000      0.02108299
 39.500000      0.02102196
 39.600000      0.01964513
 39.700000      0.01857970
 39.800000      0.01868233
 39.900000      0.01918163
