  0.000000     -0.01656137
  0.100000     -0.01646400
  0.200000     -0.01635936
  0.300000     -0.01630927
  0.400000     -0.01626709
  0.500000     -0.01623758
  0.600000     -0.01624180
  0.700000     -0.01637163
  0.800000     -0.01657073
  0.900000     -0.01686174
  1.000000     -0.01717398
  1.100000     -0.01743527
  1.200000     -0.01768809
  1.300000     -0.01789521
  1.400000     -0.01804112
  1.500000     -0.01814016
  1.600000     -0.01818591
  1.700000     -0.01820053
  1.800000     -0.01825089
  1.900000     -0.01833800
  2.000000     -0.01844265
  2.100000     -0.01851176
  2.200000     -0.01851886
  2.300000     -0.01849332
  2.400000     -0.01835304
  2.500000     -0.01812310
  2.600000     -0.01781086
  2.700000     -0.01748321
  2.800000     -0.01717805
  2.900000     -0.01692947
  3.000000     -0.01670260
  3.100000     -0.01647882
  3.200000     -0.01624893
  3.300000     -0.01614860
  3.400000     -0.01616183
  3.500000     -0.01626502
  3.600000     -0.01641226
  3.700000     -0.01670030
  3.800000     -0.01716365
  3.900000     -0.01778393
  4.000000     -0.01843451
  4.100000     -0.01915389
  4.200000     -0.01981115
  4.300000     -0.02035644
  4.400000     -0.02083622
  4.500000     -0.02131988
  4.600000     -0.02164747
  4.700000     -0.02171090
  4.800000     -0.02143535
  4.900000     -0.02099729
  5.000000     -0.02046733
  5.100000     -0.01998453
  5.200000     -0.01951380
  5.300000     -0.01889130
  5.400000     -0.01830741
  5.500000     -0.01786221
  5.600000     -0.01751777
  5.700000     -0.01718668
  5.800000     -0.01698771
  5.900000     -0.01672598
  6.000000     -0.01660672
  6.100000     -0.01665026
  6.200000     -0.01665453
  6.300000     -0.01625389
  6.400000     -0.01611118
  6.500000     -0.01640744
  6.600000     -0.01590374
  6.700000     -0.01493793
  6.800000     -0.01390898
  6.900000     -0.01300926
  7.000000     -0.01358983
  7.100000     -0.01593496
  7.200000     -0.01841736
  7.300000     -0.01925822
  7.400000     -0.01854762
  7.500000     -0.01770176
  7.600000     -0.01794322
  7.700000     -0.01982489
  7.800000     -0.02207628
  7.900000     -0.02378345
  8.000000     -0.02487582
  8.100000     -0.02550918
  8.200000     -0.02530043
  8.300000     -0.02420273
  8.400000     -0.02220606
  8.500000     -0.01988939
  8.600000     -0.01674987
  8.700000     -0.01183956
  8.800000     -0.00526284
  8.900000      0.00158939
  9.000000      0.00796238
  9.100000      0.01257934
  9.200000      0.01675704
  9.300000      0.02340475
  9.400000      0.03408460
  9.500000      0.04831293
  9.600000      0.06532125
  9.700000      0.08506688
  9.800000      0.10823532
  9.900000      0.13423468
 10.000000      0.16362699
 10.100000      0.19831570
 10.200000      0.23955296
 10.300000      0.28815687
 10.400000      0.34220199
 10.500000      0.39921615
 10.600000      0.45923001
 10.700000      0.52150010
 10.800000      0.58373597
 10.900000      0.64452707
 11.000000      0.70305141
 11.100000      0.75933986
 11.200000      0.81337158
 11.300000      0.86480875
 11.400000      0.91050399
 11.500000      0.94642155
 11.600000      0.97260030
 11.700000      0.99010773
 11.800000      0.99939691
 11.900000      1.00000000
 12.000000      0.99155282
 12.100000      0.97386109
 12.200000      0.94727732
 12.300000      0.91333203
 12.400000      0.87273018
 12.500000      0.82462240
 12.600000      0.76995915
 12.700000      0.70892907
 12.800000      0.64271652
 12.900000      0.57196252
 13.000000      0.49889124
 13.100000      0.42501415
 13.200000      0.35042832
 13.300000      0.27578124
 13.400000      0.20091212
 13.500000      0.12744351
 13.600000      0.05860915
 13.700000     -0.00223097
 13.800000     -0.05371832
 13.900000     -0.09721700
 14.000000     -0.13536536
 14.100000     -0.16867523
 14.200000     -0.19701823
 14.300000     -0.22076363
 14.400000     -0.24249634
 14.500000     -0.26083265
 14.600000     -0.27271383
 14.700000     -0.27971102
 14.800000     -0.28258121
 14.900000     -0.28335673
 15.000000     -0.28261818
 15.100000     -0.28034285
 15.200000     -0.27671549
 15.300000     -0.27249090
 15.400000     -0.26743469
 15.500000     -0.26027086
 15.600000     -0.25088205
 15.700000     -0.24046532
 15.800000     -0.22977393
 15.900000     -0.21908973
 16.000000     -0.20930649
 16.100000     -0.20143608
 16.200000     -0.19652295
 16.300000     -0.19471023
 16.400000     -0.19527592
 16.500000     -0.19662928
 16.600000     -0.19657505
 16.700000     -0.19388708
 16.800000     -0.18910552
 16.900000     -0.18411494
 17.000000     -0.17981295
 17.100000     -0.17582075
 17.200000     -0.17284332
 17.300000     -0.17065665
 17.400000     -0.16818943
 17.500000     -0.16449711
 17.600000     -0.15912820
 17.700000     -0.15263285
 17.800000     -0.14573926
 17.900000     -0.13929057
 18.000000     -0.13447123
 18.100000     -0.13219257
 18.200000     -0.13135263
 18.300000     -0.13029178
 18.400000     -0.12749667
 18.500000     -0.12268174
 18.600000     -0.11832848
 18.700000     -0.11516870
 18.800000     -0.11297796
 18.900000     -0.11169133
 19.000000     -0.11137977
 19.100000     -0.11324390
 19.200000     -0.11660916
 19.300000     -0.11939175
 19.400000     -0.12002098
 19.500000     -0.11982598
 19.600000     -0.12045593
 19.700000     -0.12180883
 19.800000     -0.12422251
 19.900000     -0.12720989
 20.000000     -0.13014662
 20.100000     -0.13340254
 20.200000     -0.13729309
 20.300000     -0.14041562
 20.400000     -0.14287989
 20.500000     -0.14567943
 20.600000     -0.14855831
 20.700000     -0.15121312
 20.800000     -0.15370435
 20.900000     -0.15620856
 21.000000     -0.15798631
 21.100000     -0.15874306
 21.200000     -0.15936569
 21.300000     -0.16040881
 21.400000     -0.16138978
 21.500000     -0.16185584
 21.600000     -0.16180200
 21.700000     -0.16136653
 21.800000     -0.16077691
 21.900000     -0.15990402
 22.000000     -0.15845317
 22.100000     -0.15603763
 22.200000     -0.15275418
 22.300000     -0.14895449
 22.400000     -0.14518682
 22.500000     -0.14158061
 22.600000     -0.13812897
 22.700000     -0.13458387
 22.800000     -0.13109470
 22.900000     -0.12773589
 23.000000     -0.12448237
 23.100000     -0.12113871
 23.200000     -0.11771745
 23.300000     -0.11483543
 23.400000     -0.11243422
 23.500000     -0.11060880
 23.600000     -0.10918189
 23.700000     -0.10784339
 23.800000     -0.10651551
 23.900000     -0.10533942
 24.000000     -0.10437449
 24.100000     -0.10382615
 24.200000     -0.10364838
 24.300000     -0.10384659
 24.400000     -0.10429838
 24.500000     -0.10445338
 24.600000     -0.10418351
 24.700000     -0.10340231
 24.800000     -0.10214081
 24.900000     -0.10035587
 25.000000     -0.09827785
 25.100000     -0.09610440
 25.200000     -0.09402039
 25.300000     -0.09230015
 25.400000     -0.09094341
 25.500000     -0.08986435
 25.600000     -0.08908373
 25.700000     -0.08871193
 25.800000     -0.08868035
 25.900000     -0.08881738
 26.000000     -0.08898780
 26.100000     -0.08909612
 26.200000     -0.08889057
 26.300000     -0.08832787
 26.400000     -0.08751644
 26.500000     -0.08632905
 26.600000     -0.08489570
 26.700000     -0.08325982
 26.800000     -0.08155696
 26.900000     -0.07959857
 27.000000     -0.07732230
 27.100000     -0.07492696
 27.200000     -0.07260752
 27.300000     -0.07035484
 27.400000     -0.06831945
 27.500000     -0.06633413
 27.600000     -0.06444451
 27.700000     -0.06273773
 27.800000     -0.06132641
 27.900000     -0.06041216
 28.000000     -0.06003612
 28.100000     -0.05999588
 28.200000     -0.06010760
 28.300000     -0.06009693
 28.400000     -0.05994330
 28.500000     -0.05982435
 28.600000     -0.05977834
 28.700000     -0.05959580
 28.800000     -0.05898411
 28.900000     -0.05786669
 29.000000     -0.05635278
 29.100000     -0.05469224
 29.200000     -0.05301215
 29.300000     -0.05139086
 29.400000     -0.04987819
 29.500000     -0.04875588
 29.600000     -0.04804645
 29.700000     -0.04770580
 29.800000     -0.04762972
 29.900000     -0.04760817
 30.000000     -0.04787366
 30.100000     -0.04841179
 30.200000     -0.04919436
 30.300000     -0.04989723
 30.400000     -0.05042836
 30.500000     -0.05079269
 30.600000     -0.05116307
 30.700000     -0.05163975
 30.800000     -0.05198001
 30.900000     -0.05203638
 31.000000     -0.05192517
 31.100000     -0.05177654
 31.200000     -0.05127933
 31.300000     -0.05043819
 31.400000     -0.04917209
 31.500000     -0.04761379
 31.600000     -0.04572759
 31.700000     -0.04339166
 31.800000     -0.04087326
 31.900000     -0.03821122
 32.000000     -0.03548045
 32.100000     -0.03254616
 32.200000     -0.02957052
 32.300000     -0.02669968
 32.400000     -0.02397473
 32.500000     -0.02136914
 32.600000     -0.01891185
 32.700000     -0.01671600
 32.800000     -0.01475891
 32.900000     -0.01311433
 33.000000     -0.01181604
 33.100000     -0.01094972
 33.200000     -0.01035722
 33.300000     -0.01001395
 33.400000     -0.00994687
 33.500000     -0.01019168
 33.600000     -0.01063641
 33.700000     -0.01108311
 33.800000     -0.01159499
 33.900000     -0.01217970
 34.000000     -0.01291916
 34.100000     -0.01366169
 34.200000     -0.01446770
 34.300000     -0.01519378
 34.400000     -0.01576678
 34.500000     -0.01632351
 34.600000     -0.01690605
 34.700000     -0.01744061
 34.800000     -0.01788315
 34.900000     -0.01802806
 35.000000     -0.01789163
 35.100000     -0.01760752
 35.200000     -0.01709877
 35.300000     -0.01638129
 35.400000     -0.01550548
 35.500000     -0.01452182
 35.600000     -0.01333622
 35.700000     -0.01190351
 35.800000     -0.01048752
 35.900000     -0.00864031
 36.000000     -0.00673453
 36.100000     -0.00492396
 36.200000     -0.00333780
 36.300000     -0.00195367
 36.400000     -0.00087533
 36.500000     -0.00016433
 36.600000      0.00016799
 36.700000      0.00009825
 36.800000     -0.00038122
 36.900000     -0.00118369
 37.000000     -0.00210735
 37.100000     -0.00313102
 37.200000     -0.00406828
 37.300000     -0.00479324
 37.400000     -0.00525519
 37.500000     -0.00542468
 37.600000     -0.00534568
 37.700000     -0.00508376
 37.800000     -0.00455284
 37.900000     -0.00386681
 38.000000     -0.00328127
 38.100000     -0.00275613
 38.200000     -0.00214018
 38.300000     -0.00144670
 38.400000     -0.00070729
 38.500000      0.00009842
 38.600000      0.00097903
 38.700000      0.00188523
 38.800000      0.00287055
 38.900000      0.00387333
 39.000000      0.00486629
 39.100000      0.00584188
 39.200000      0.00673919
 39.300000      0.00764666
 39.400000      0.00850407
 39.500000      0.00940954
 39.600000      0.01027829
 39.700000      0.01112832
 39.800000      0.01200035
 39.900000      0.01276373
