  0.000000     -0.02474311
  0.100000     -0.02476862
  0.200000     -0.02493786
  0.300000     -0.02476153
  0.400000     -0.02428481
  0.500000     -0.02400163
  0.600000     -0.02356405
  0.700000     -0.02313379
  0.800000     -0.02312254
  0.900000     -0.02223369
  1.000000     -0.02096983
  1.100000     -0.01993283
  1.200000     -0.01928459
  1.300000     -0.01866359
  1.400000     -0.01813819
  1.500000     -0.01806174
  1.600000     -0.01837914
  1.700000     -0.01867804
  1.800000     -0.01875304
  1.900000     -0.01922443
  2.000000     -0.02020324
  2.100000     -0.02144949
  2.200000     -0.02229574
  2.300000     -0.02263574
  2.400000     -0.02265222
  2.500000     -0.02269262
  2.600000     -0.02267315
  2.700000     -0.02255995
  2.800000     -0.02248325
  2.900000     -0.02236617
  3.000000     -0.02234362
  3.100000     -0.02239809
  3.200000     -0.02266994
  3.300000     -0.02258515
  3.400000     -0.02224848
  3.500000     -0.02184186
  3.600000     -0.02161099
  3.700000     -0.02147991
  3.800000     -0.02202193
  3.900000     -0.02243022
  4.000000     -0.02249710
  4.100000     -0.02210451
  4.200000     -0.02121133
  4.300000     -0.02046294
  4.400000     -0.01954138
  4.500000     -0.01836836
  4.600000     -0.01762902
  4.700000     -0.01711261
  4.800000     -0.01712313
  4.900000     -0.01757693
  5.000000     -0.01849930
  5.100000     -0.01992216
  5.200000     -0.02152917
  5.300000     -0.02342769
  5.400000     -0.02528588
  5.500000     -0.02743034
  5.600000     -0.02922590
  5.700000     -0.03092847
  5.800000     -0.03322725
  5.900000     -0.03489881
  6.000000     -0.03565479
  6.100000     -0.03620977
  6.200000     -0.03657800
  6.300000     -0.03705052
  6.400000     -0.03667776
  6.500000     -0.03554361
  6.600000     -0.03413101
  6.700000     -0.03219693
  6.800000     -0.02991990
  6.900000     -0.02697563
  7.000000     -0.02242298
  7.100000     -0.01663467
  7.200000     -0.00971834
  7.300000     -0.00173975
  7.400000      0.00789934
  7.500000      0.01900167
  7.600000      0.03152590
  7.700000      0.04641746
  7.800000      0.06339372
  7.900000      0.08273812
  8.000000      0.10349600
  8.100000      0.12579866
  8.200000      0.15021156
  8.300000      0.17713966
  8.400000      0.20609524
  8.500000      0.23716880
  8.600000      0.27068564
  8.700000      0.30658025
  8.800000      0.34424709
  8.900000      0.38354734
  9.000000      0.42522380
  9.100000      0.46812644
  9.200000      0.51183019
  9.300000      0.55651964
  9.400000      0.60159013
  9.500000      0.64714635
  9.600000      0.69097509
  9.700000      0.73208067
  9.800000      0.77206546
  9.900000      0.80983124
 10.000000      0.84388276
 10.100000      0.87424841
 10.200000      0.90175336
 10.300000      0.92590044
 10.400000      0.94679490
 10.500000      0.96518216
 10.600000      0.98018248
 10.700000      0.99137783
 10.800000      0.99772815
 10.900000      1.00000000
 11.000000      0.99778514
 11.100000      0.99202694
 11.200000      0.98645085
 11.300000      0.98047752
 11.400000      0.97004142
 11.500000      0.95502265
 11.600000      0.93386182
 11.700000      0.90292647
 11.800000      0.86583938
 11.900000      0.82813531
 12.000000      0.78815779
 12.100000      0.74933600
 12.200000      0.71438773
 12.300000      0.67831690
 12.400000      0.64378534
 12.500000      0.60721259
 12.600000      0.56857717
 12.700000      0.52835809
 12.800000      0.48510121
 12.900000      0.43929848
 13.000000      0.39243723
 13.100000      0.34698471
 13.200000      0.30276397
 13.300000      0.25732084
 13.400000      0.21045966
 13.500000      0.16584522
 13.600000      0.12419300
 13.700000      0.08168738
 13.800000      0.04059800
 13.900000      0.00305226
 14.000000     -0.03350218
 14.100000     -0.06910461
 14.200000     -0.10460224
 14.300000     -0.13930291
 14.400000     -0.17212848
 14.500000     -0.20276954
 14.600000     -0.23038162
 14.700000     -0.25586879
 14.800000     -0.27746114
 14.900000     -0.29466532
 15.000000     -0.30899997
 15.100000     -0.32171972
 15.200000     -0.33511144
 15.300000     -0.34733595
 15.400000     -0.35683914
 15.500000     -0.36603126
 15.600000     -0.37437847
 15.700000     -0.38034947
 15.800000     -0.38446144
 15.900000     -0.38631593
 16.000000     -0.38271973
 16.100000     -0.37787493
 16.200000     -0.37195914
 16.300000     -0.36673114
 16.400000     -0.36323855
 16.500000     -0.35874677
 16.600000     -0.35149741
 16.700000     -0.34371154
 16.800000     -0.33570232
 16.900000     -0.32823687
 17.000000     -0.32027234
 17.100000     -0.31118735
 17.200000     -0.30261080
 17.300000     -0.29420448
 17.400000     -0.28496611
 17.500000     -0.27572054
 17.600000     -0.26732835
 17.700000     -0.25896819
 17.800000     -0.25073136
 17.900000     -0.24254576
 18.000000     -0.23470557
 18.100000     -0.22715344
 18.200000     -0.21908064
 18.300000     -0.21089271
 18.400000     -0.20294935
 18.500000     -0.19443077
 18.600000     -0.18539563
 18.700000     -0.17543224
 18.800000     -0.16645483
 18.900000     -0.15815186
 19.000000     -0.14988206
 19.100000     -0.14213433
 19.200000     -0.13577655
 19.300000     -0.13077269
 19.400000     -0.12702145
 19.500000     -0.12372418
 19.600000     -0.12087991
 19.700000     -0.11860231
 19.800000     -0.11627922
 19.900000     -0.11335265
 20.000000     -0.11010244
 20.100000     -0.10790979
 20.200000     -0.10713179
 20.300000     -0.10686475
 20.400000     -0.10718729
 20.500000     -0.10780623
 20.600000     -0.10884952
 20.700000     -0.11023048
 20.800000     -0.11154921
 20.900000     -0.11253554
 21.000000     -0.11323400
 21.100000     -0.11423255
 21.200000     -0.11526722
 21.300000     -0.11706117
 21.400000     -0.11881531
 21.500000     -0.12094930
 21.600000     -0.12337847
 21.700000     -0.12510713
 21.800000     -0.12723587
 21.900000     -0.12985309
 22.000000     -0.13305066
 22.100000     -0.13627047
 22.200000     -0.13955483
 22.300000     -0.14282073
 22.400000     -0.14592477
 22.500000     -0.14898081
 22.600000     -0.15159785
 22.700000     -0.15425127
 22.800000     -0.15657772
 22.900000     -0.15912278
 23.000000     -0.16192132
 23.100000     -0.16345475
 23.200000     -0.16426550
 23.300000     -0.16558738
 23.400000     -0.16711635
 23.500000     -0.16872581
 23.600000     -0.17055661
 23.700000     -0.17178524
 23.800000     -0.17224227
 23.900000     -0.17148474
 24.000000     -0.17012249
 24.100000     -0.16827681
 24.200000     -0.16613435
 24.300000     -0.16369640
 24.400000     -0.16142236
 24.500000     -0.15917494
 24.600000     -0.15669986
 24.700000     -0.15381068
 24.800000     -0.15088931
 24.900000     -0.14752770
 25.000000     -0.14385740
 25.100000     -0.14009371
 25.200000     -0.13614306
 25.300000     -0.13260711
 25.400000     -0.12916961
 25.500000     -0.12475320
 25.600000     -0.12096579
 25.700000     -0.11804682
 25.800000     -0.11487991
 25.900000     -0.11070180
 26.000000     -0.10643011
 26.100000     -0.10305878
 26.200000     -0.09965089
 26.300000     -0.09566400
 26.400000     -0.09185104
 26.500000     -0.08892416
 26.600000     -0.08716223
 26.700000     -0.08504062
 26.800000     -0.08216946
 26.900000     -0.07967597
 27.000000     -0.07800958
 27.100000     -0.07581868
 27.200000     -0.07258391
 27.300000     -0.06964589
 27.400000     -0.06824398
 27.500000     -0.06674432
 27.600000     -0.06474205
 27.700000     -0.06348689
 27.800000     -0.06248387
 27.900000     -0.06149683
 28.000000     -0.06090583
 28.100000     -0.06095931
 28.200000     -0.06186875
 28.300000     -0.06236233
 28.400000     -0.06225322
 28.500000     -0.06251090
 28.600000     -0.06210963
 28.700000     -0.06162019
 28.800000     -0.06150286
 28.900000     -0.06111937
 29.000000     -0.06050846
 29.100000     -0.06004171
 29.200000     -0.05953656
 29.300000     -0.05942485
 29.400000     -0.05975587
 29.500000     -0.06010789
 29.600000     -0.06109370
 29.700000     -0.06229710
 29.800000     -0.06401628
 29.900000     -0.06560374
 30.000000     -0.06688958
 30.100000     -0.06876029
 30.200000     -0.07030038
 30.300000     -0.07167196
 30.400000     -0.07316051
 30.500000     -0.07426158
 30.600000     -0.07507863
 30.700000     -0.07617498
 30.800000     -0.07737285
 30.900000     -0.07813723
 31.000000     -0.07922265
 31.100000     -0.08052585
 31.200000     -0.08177888
 31.300000     -0.08261170
 31.400000     -0.08311245
 31.500000     -0.08377435
 31.600000     -0.08447456
 31.700000     -0.08489261
 31.800000     -0.08500620
 31.900000     -0.08530544
 32.000000     -0.08577810
 32.100000     -0.08577482
 32.200000     -0.08533506
 32.300000     -0.08515647
 32.400000     -0.08516286
 32.500000     -0.08419007
 32.600000     -0.08296895
 32.700000     -0.08211939
 32.800000     -0.08097328
 32.900000     -0.07923313
 33.000000     -0.07708005
 33.100000     -0.07488300
 33.200000     -0.07275971
 33.300000     -0.07074553
 33.400000     -0.06863421
 33.500000     -0.06625171
 33.600000     -0.06328837
 33.700000     -0.06007151
 33.800000     -0.05712224
 33.900000     -0.05400713
 34.000000     -0.05058774
 34.100000     -0.04692355
 34.200000     -0.04289194
 34.300000     -0.03885408
 34.400000     -0.03484573
 34.500000     -0.03078349
 34.600000     -0.02670100
 34.700000     -0.02224637
 34.800000     -0.01761919
 34.900000     -0.01344463
 35.000000     -0.00965703
 35.100000     -0.00603659
 35.200000     -0.00266669
 35.300000     -0.00008665
 35.400000      0.00187721
 35.500000      0.00371675
 35.600000      0.00557387
 35.700000      0.00741475
 35.800000      0.00887297
 35.900000      0.01035943
 36.000000      0.01217662
 36.100000      0.01406412
 36.200000      0.01539941
 36.300000      0.01649742
 36.400000      0.01783986
 36.500000      0.01845114
 36.600000      0.01822932
 36.700000      0.01747896
 36.800000      0.01663093
 36.900000      0.01588920
 37.000000      0.01518325
 37.100000      0.01428342
 37.200000      0.01317280
 37.300000      0.01215563
 37.400000      0.01102637
 37.500000      0.00979850
 37.600000      0.00824620
 37.700000      0.00653484
 37.800000      0.00474733
 37.900000      0.00228592
 38.000000     -0.00060280
 38.100000     -0.00364353
 38.200000     -0.00662046
 38.300000     -0.00934383
 38.400000     -0.01183780
 38.500000     -0.01415150
 38.600000     -0.01664423
 38.700000     -0.01906518
 38.800000     -0.02092948
 38.900000     -0.02225056
 39.000000     -0.02382474
 39.100000     -0.02533855
 39.200000     -0.02645639
 39.300000     -0.02746670
 39.400000     -0.02819544
 39.500000     -0.02884081
 39.600000     -0.02985614
 39.700000     -0.03083500
 39.800000     -0.03155736
 39.900000     -0.03208181
