  0.000000      0.02069113
  0.100000      0.02051859
  0.200000      0.02028705
  0.300000      0.02002110
  0.400000      0.01970875
  0.500000      0.01929701
  0.600000      0.01881158
  0.700000      0.01830375
  0.800000      0.01780352
  0.900000      0.01728770
  1.000000      0.01688449
  1.100000      0.01683255
  1.200000      0.01682492
  1.300000      0.01690869
  1.400000      0.01702474
  1.500000      0.01710031
  1.600000      0.01711671
  1.700000      0.01697566
  1.800000      0.01668745
  1.900000      0.01630708
  2.000000      0.01582410
  2.100000      0.01541530
  2.200000      0.01505453
  2.300000      0.01442265
  2.400000      0.01358827
  2.500000      0.01271932
  2.600000      0.01185205
  2.700000      0.01103670
  2.800000      0.01029078
  2.900000      0.00952455
  3.000000      0.00869703
  3.100000      0.00782212
  3.200000      0.00688089
  3.300000      0.00596312
  3.400000      0.00503051
  3.500000      0.00405534
  3.600000      0.00302585
  3.700000      0.00194892
  3.800000      0.00081443
  3.900000     -0.00029959
  4.000000     -0.00142521
  4.100000     -0.00262981
  4.200000     -0.00383670
  4.300000     -0.00485180
  4.400000     -0.00586124
  4.500000     -0.00667368
  4.600000     -0.00756317
  4.700000     -0.00853580
  4.800000     -0.00960128
  4.900000     -0.01066001
  5.000000     -0.01174558
  5.100000     -0.01279417
  5.200000     -0.01398061
  5.300000     -0.01517653
  5.400000     -0.01631078
  5.500000     -0.01737011
  5.600000     -0.01863368
  5.700000     -0.02004033
  5.800000     -0.02162828
  5.900000     -0.02335387
  6.000000     -0.02524997
  6.100000     -0.02760838
  6.200000     -0.03045835
  6.300000     -0.03365898
  6.400000     -0.03710978
  6.500000     -0.04039281
  6.600000     -0.04359925
  6.700000     -0.04677010
  6.800000     -0.04937985
  6.900000     -0.05153530
  7.000000     -0.05332659
  7.100000     -0.05472159
  7.200000     -0.05555995
  7.300000     -0.05575989
  7.400000     -0.05585439
  7.500000     -0.05586244
  7.600000     -0.05585988
  7.700000     -0.05617424
  7.800000     -0.05664079
  7.900000     -0.05728674
  8.000000     -0.05790737
  8.100000     -0.05820490
  8.200000     -0.05796432
  8.300000     -0.05720110
  8.400000     -0.05599303
  8.500000     -0.05441113
  8.600000     -0.05274868
  8.700000     -0.05087570
  8.800000     -0.04875873
  8.900000     -0.04647209
  9.000000     -0.04424603
  9.100000     -0.04207999
  9.200000     -0.03987372
  9.300000     -0.03748627
  9.400000     -0.03478033
  9.500000     -0.03179772
  9.600000     -0.02805082
  9.700000     -0.02339287
  9.800000     -0.01771668
  9.900000     -0.01107661
 10.000000     -0.00364901
 10.100000      0.00473408
 10.200000      0.01402376
 10.300000      0.02422667
 10.400000      0.03506975
 10.500000      0.04683663
 10.600000      0.05987691
 10.700000      0.07406193
 10.800000      0.08913944
 10.900000      0.10553691
 11.000000      0.12309678
 11.100000      0.14188320
 11.200000      0.16217257
 11.300000      0.18415160
 11.400000      0.20770552
 11.500000      0.23295118
 11.600000      0.26016937
 11.700000      0.28922058
 11.800000      0.32008855
 11.900000      0.35253544
 12.000000      0.38625550
 12.100000      0.42120072
 12.200000      0.45750156
 12.300000      0.49509342
 12.400000      0.53375934
 12.500000      0.57313751
 12.600000      0.61287789
 12.700000      0.65268581
 12.800000      0.69208839
 12.900000      0.73066042
 13.000000      0.76764646
 13.100000      0.80270455
 13.200000      0.83528552
 13.300000      0.86510491
 13.400000      0.89191689
 13.500000      0.91608643
 13.600000      0.93762892
 13.700000      0.95587727
 13.800000      0.97083696
 13.900000      0.98246343
 14.000000      0.99094113
 14.100000      0.99669161
 14.200000      0.99977856
 14.300000      1.00000000
 14.400000      0.99760759
 14.500000      0.99283030
 14.600000      0.98533450
 14.700000      0.97530317
 14.800000      0.96362993
 14.900000      0.95059369
 15.000000      0.93685749
 15.100000      0.92221731
 15.200000      0.90678888
 15.300000      0.89055919
 15.400000      0.87389718
 15.500000      0.85678688
 15.600000      0.83906143
 15.700000      0.82062419
 15.800000      0.80128466
 15.900000      0.78108695
 16.000000      0.75962925
 16.100000      0.73696985
 16.200000      0.71272554
 16.300000      0.68704603
 16.400000      0.65965189
 16.500000      0.63066527
 16.600000      0.60030960
 16.700000      0.56914589
 16.800000      0.53762683
 16.900000      0.50582580
 17.000000      0.47387036
 17.100000      0.44181905
 17.200000      0.40942092
 17.300000      0.37612743
 17.400000      0.34152313
 17.500000      0.30563774
 17.600000      0.26845827
 17.700000      0.23063346
 17.800000      0.19290744
 17.900000      0.15589202
 18.000000      0.11983139
 18.100000      0.08512838
 18.200000      0.05241594
 18.300000      0.02213959
 18.400000     -0.00546889
 18.500000     -0.03073905
 18.600000     -0.05388500
 18.700000     -0.07497827
 18.800000     -0.09427403
 18.900000     -0.11204045
 19.000000     -0.12829804
 19.100000     -0.14320223
 19.200000     -0.15665345
 19.300000     -0.16918249
 19.400000     -0.18096824
 19.500000     -0.19224642
 19.600000     -0.20308180
 19.700000     -0.21320752
 19.800000     -0.22266650
 19.900000     -0.23148485
 20.000000     -0.23980370
 20.100000     -0.24785228
 20.200000     -0.25562800
 20.300000     -0.26352266
 20.400000     -0.27165633
 20.500000     -0.28033362
 20.600000     -0.28931192
 20.700000     -0.29852792
 20.800000     -0.30790314
 20.900000     -0.31745392
 21.000000     -0.32697343
 21.100000     -0.33611984
 21.200000     -0.34437147
 21.300000     -0.35173107
 21.400000     -0.35800529
 21.500000     -0.36324293
 21.600000     -0.36759800
 21.700000     -0.37121697
 21.800000     -0.37414223
 21.900000     -0.37634827
 22.000000     -0.37795744
 22.100000     -0.37912856
 22.200000     -0.37940461
 22.300000     -0.37847207
 22.400000     -0.37650017
 22.500000     -0.37377076
 22.600000     -0.37037218
 22.700000     -0.36650343
 22.800000     -0.36245724
 22.900000     -0.35815319
 23.000000     -0.35389108
 23.100000     -0.35021791
 23.200000     -0.34715185
 23.300000     -0.34430354
 23.400000     -0.34156262
 23.500000     -0.33877319
 23.600000     -0.33621922
 23.700000     -0.33381301
 23.800000     -0.33138178
 23.900000     -0.32897054
 24.000000     -0.32645299
 24.100000     -0.32367333
 24.200000     -0.32072692
 24.300000     -0.31750805
 24.400000     -0.31434027
 24.500000     -0.31130415
 24.600000     -0.30864339
 24.700000     -0.30651529
 24.800000     -0.30474546
 24.900000     -0.30353028
 25.000000     -0.30299289
 25.100000     -0.30294420
 25.200000     -0.30300244
 25.300000     -0.30280934
 25.400000     -0.30162754
 25.500000     -0.29989872
 25.600000     -0.29769817
 25.700000     -0.29542387
 25.800000     -0.29331393
 25.900000     -0.29107334
 26.000000     -0.28855343
 26.100000     -0.28541264
 26.200000     -0.28186273
 26.300000     -0.27867426
 26.400000     -0.27608782
 26.500000     -0.27383794
 26.600000     -0.27200283
 26.700000     -0.27017587
 26.800000     -0.26829966
 26.900000     -0.26606519
 27.000000     -0.26348419
 27.100000     -0.26033634
 27.200000     -0.25676576
 27.300000     -0.25304721
 27.400000     -0.24950065
 27.500000     -0.24654367
 27.600000     -0.24439241
 27.700000     -0.24341730
 27.800000     -0.24353984
 27.900000     -0.24425170
 28.000000     -0.24517047
 28.100000     -0.24566054
 28.200000     -0.24569446
 28.300000     -0.24536779
 28.400000     -0.24474561
 28.500000     -0.24402116
 28.600000     -0.24321534
 28.700000     -0.24220646
 28.800000     -0.24089426
 28.900000     -0.23962976
 29.000000     -0.23834766
 29.100000     -0.23706329
 29.200000     -0.23575199
 29.300000     -0.23432101
 29.400000     -0.23310037
 29.500000     -0.23176628
 29.600000     -0.23070259
 29.700000     -0.23005572
 29.800000     -0.22951509
 29.900000     -0.22879515
 30.000000     -0.22788901
 30.100000     -0.22643421
 30.200000     -0.22455457
 30.300000     -0.22247268
 30.400000     -0.22048074
 30.500000     -0.21867237
 30.600000     -0.21738426
 30.700000     -0.21640053
 30.800000     -0.21610627
 30.900000     -0.21616844
 31.000000     -0.21610655
 31.100000     -0.21588641
 31.200000     -0.21545034
 31.300000     -0.21494634
 31.400000     -0.21438485
 31.500000     -0.21385859
 31.600000     -0.21347612
 31.700000     -0.21298252
 31.800000     -0.21219652
 31.900000     -0.21121603
 32.000000     -0.21023427
 32.100000     -0.20964960
 32.200000     -0.20910625
 32.300000     -0.20830344
 32.400000     -0.20761163
 32.500000     -0.20709084
 32.600000     -0.20671098
 32.700000     -0.20622865
 32.800000     -0.20570669
 32.900000     -0.20501231
 33.000000     -0.20395568
 33.100000     -0.20286944
 33.200000     -0.20174454
 33.300000     -0.20083396
 33.400000     -0.19983493
 33.500000     -0.19910103
 33.600000     -0.19880772
 33.700000     -0.19862670
 33.800000     -0.19829978
 33.900000     -0.19776031
 34.000000     -0.19712389
 34.100000     -0.19665741
 34.200000     -0.19642887
 34.300000     -0.19590893
 34.400000     -0.19520320
 34.500000     -0.19432208
 34.600000     -0.19295243
 34.700000     -0.19114072
 34.800000     -0.18888865
 34.900000     -0.18627662
 35.000000     -0.18312110
 35.100000     -0.17966284
 35.200000     -0.17574768
 35.300000     -0.17139500
 35.400000     -0.16700224
 35.500000     -0.16238466
 35.600000     -0.15766075
 35.700000     -0.15301904
 35.800000     -0.14861016
 35.900000     -0.14441231
 36.000000     -0.14064558
 36.100000     -0.13723378
 36.200000     -0.13405297
 36.300000     -0.13120520
 36.400000     -0.12848447
 36.500000     -0.12598586
 36.600000     -0.12354664
 36.700000     -0.12125906
 36.800000     -0.11911419
 36.900000     -0.11729152
 37.000000     -0.11570413
 37.100000     -0.11434570
 37.200000     -0.11320592
 37.300000     -0.11209504
 37.400000     -0.11098542
 37.500000     -0.10986606
 37.600000     -0.10854715
 37.700000     -0.10703201
 37.800000     -0.10547883
 37.900000     -0.10366218
 38.000000     -0.10190675
 38.100000     -0.10003175
 38.200000     -0.09846000
 38.300000     -0.09673461
 38.400000     -0.09489562
 38.500000     -0.09293885
 38.600000     -0.09096159
 38.700000     -0.08892749
 38.800000     -0.08720224
 38.900000     -0.08562927
 39.000000     -0.08417441
 39.100000     -0.08312037
 39.200000     -0.08241999
 39.300000     -0.08202547
 39.400000     -0.08170022
 39.500000     -0.08148598
 39.600000     -0.08143366
 39.700000     -0.08142166
 39.800000     -0.08149893
 39.900000     -0.08160544
