  0.000000      0.00097579
  0.100000      0.00061442
  0.200000      0.00009314
  0.300000     -0.00044770
  0.400000     -0.00067455
  0.500000     -0.00135237
  0.600000     -0.00243861
  0.700000     -0.00321888
  0.800000     -0.00362528
  0.900000     -0.00398463
  1.000000     -0.00431865
  1.100000     -0.00441619
  1.200000     -0.00463992
  1.300000     -0.00516818
  1.400000     -0.00591082
  1.500000     -0.00639274
  1.600000     -0.00659474
  1.700000     -0.00674461
  1.800000     -0.00697777
  1.900000     -0.00712848
  2.000000     -0.00650333
  2.100000     -0.00582097
  2.200000     -0.00484521
  2.300000     -0.00378211
  2.400000     -0.00282665
  2.500000     -0.00181052
  2.600000     -0.00045673
  2.700000      0.00092383
  2.800000      0.00235844
  2.900000      0.00410131
  3.000000      0.00657834
  3.100000      0.00865437
  3.200000      0.01007900
  3.300000      0.01115331
  3.400000      0.01201317
  3.500000      0.01292482
  3.600000      0.01362682
  3.700000      0.01376578
  3.800000      0.01334656
  3.900000      0.01271833
  4.000000      0.01231309
  4.100000      0.01160297
  4.200000      0.01047547
  4.300000      0.00959448
  4.400000      0.00886348
  4.500000      0.00796286
  4.600000      0.00679480
  4.700000      0.00593802
  4.800000      0.00550992
  4.900000      0.00489881
  5.000000      0.00443231
  5.100000      0.00426769
  5.200000      0.00447807
  5.300000      0.00493218
  5.400000      0.00534237
  5.500000      0.00527666
  5.600000      0.00467139
  5.700000      0.00432829
  5.800000      0.00457343
  5.900000      0.00409968
  6.000000      0.00324731
  6.100000      0.00175317
  6.200000      0.00036982
  6.300000     -0.00036655
  6.400000     -0.00122471
  6.500000     -0.00256808
  6.600000     -0.00413190
  6.700000     -0.00570679
  6.800000     -0.00739664
  6.900000     -0.00871593
  7.000000     -0.00980586
  7.100000     -0.01012524
  7.200000     -0.00982380
  7.300000     -0.00873402
  7.400000     -0.00692757
  7.500000     -0.00473865
  7.600000     -0.00260971
  7.700000     -0.00107772
  7.800000     -0.00061026
  7.900000     -0.00038555
  8.000000     -0.00205078
  8.100000     -0.00305126
  8.200000     -0.00536944
  8.300000     -0.00701852
  8.400000     -0.00732197
  8.500000     -0.00747167
  8.600000     -0.00609546
  8.700000     -0.00544379
  8.800000     -0.00388258
  8.900000     -0.00253771
  9.000000     -0.00116835
  9.100000      0.00041301
  9.200000      0.00149291
  9.300000      0.00292118
  9.400000      0.00416272
  9.500000      0.00514010
  9.600000      0.00619609
  9.700000      0.00730474
  9.800000      0.00853315
  9.900000      0.00858140
 10.000000      0.00870842
 10.100000      0.00906326
 10.200000      0.00906794
 10.300000      0.00952594
 10.400000      0.01003351
 10.500000      0.00925233
 10.600000      0.00836905
 10.700000      0.00743236
 10.800000      0.00680612
 10.900000      0.00555467
 11.000000      0.00325795
 11.100000      0.00096411
 11.200000     -0.00166147
 11.300000     -0.00219059
 11.400000     -0.00130786
 11.500000     -0.00067570
 11.600000     -0.00094149
 11.700000     -0.00100950
 11.800000     -0.00088181
 11.900000      0.00037949
 12.000000      0.00124649
 12.100000      0.00048140
 12.200000     -0.00111730
 12.300000     -0.00138953
 12.400000      0.00077132
 12.500000      0.00578030
 12.600000      0.01366652
 12.700000      0.02403429
 12.800000      0.03614790
 12.900000      0.04905191
 13.000000      0.06420750
 13.100000      0.08265659
 13.200000      0.10440013
 13.300000      0.13050279
 13.400000      0.16227248
 13.500000      0.19950658
 13.600000      0.24336838
 13.700000      0.29298478
 13.800000      0.34677229
 13.900000      0.40452870
 14.000000      0.46617401
 14.100000      0.52958141
 14.200000      0.59408867
 14.300000      0.65770135
 14.400000      0.71999909
 14.500000      0.77987383
 14.600000      0.83495391
 14.700000      0.88371647
 14.800000      0.92465516
 14.900000      0.95641054
 15.000000      0.97908050
 15.100000      0.99360791
 15.200000      1.00000000
 15.300000      0.99719400
 15.400000      0.98393526
 15.500000      0.95979457
 15.600000      0.92441189
 15.700000      0.87866109
 15.800000      0.82396451
 15.900000      0.76092630
 16.000000      0.69096690
 16.100000      0.61467019
 16.200000      0.53315873
 16.300000      0.44927407
 16.400000      0.36470040
 16.500000      0.27965593
 16.600000      0.19547843
 16.700000      0.11281621
 16.800000      0.03206432
 16.900000     -0.04534498
 17.000000     -0.11567675
 17.100000     -0.17893422
 17.200000     -0.23768569
 17.300000     -0.29247819
 17.400000     -0.34249518
 17.500000     -0.38802270
 17.600000     -0.42627443
 17.700000     -0.45555006
 17.800000     -0.47727909
 17.900000     -0.49497598
 18.000000     -0.50808941
 18.100000     -0.51655322
 18.200000     -0.52024816
 18.300000     -0.52010707
 18.400000     -0.51710165
 18.500000     -0.51346143
 18.600000     -0.50933378
 18.700000     -0.50498244
 18.800000     -0.49990640
 18.900000     -0.49367984
 19.000000     -0.48576378
 19.100000     -0.47772217
 19.200000     -0.46871005
 19.300000     -0.45920137
 19.400000     -0.44802297
 19.500000     -0.43474030
 19.600000     -0.41949823
 19.700000     -0.40521483
 19.800000     -0.39209210
 19.900000     -0.37911330
 20.000000     -0.36670466
 20.100000     -0.35355135
 20.200000     -0.33992876
 20.300000     -0.32594093
 20.400000     -0.31098050
 20.500000     -0.29576153
 20.600000     -0.28155616
 20.700000     -0.26971496
 20.800000     -0.25998278
 20.900000     -0.25005018
 21.000000     -0.23939713
 21.100000     -0.22915156
 21.200000     -0.22025785
 21.300000     -0.21153710
 21.400000     -0.20299190
 21.500000     -0.19444593
 21.600000     -0.18617175
 21.700000     -0.17915997
 21.800000     -0.17347690
 21.900000     -0.16831320
 22.000000     -0.16359807
 22.100000     -0.15864374
 22.200000     -0.15394623
 22.300000     -0.14938580
 22.400000     -0.14472679
 22.500000     -0.14033858
 22.600000     -0.13616784
 22.700000     -0.13158835
 22.800000     -0.12714705
 22.900000     -0.12282546
 23.000000     -0.11848387
 23.100000     -0.11350048
 23.200000     -0.10817129
 23.300000     -0.10434187
 23.400000     -0.10168989
 23.500000     -0.09894937
 23.600000     -0.09608543
 23.700000     -0.09295867
 23.800000     -0.08918476
 23.900000     -0.08515232
 24.000000     -0.08109579
 24.100000     -0.07669430
 24.200000     -0.07142291
 24.300000     -0.06593899
 24.400000     -0.06066574
 24.500000     -0.05582242
 24.600000     -0.05176623
 24.700000     -0.04784935
 24.800000     -0.04377553
 24.900000     -0.03969801
 25.000000     -0.03533372
 25.100000     -0.03089263
 25.200000     -0.02643183
 25.300000     -0.02199383
 25.400000     -0.01764447
 25.500000     -0.01332575
 25.600000     -0.00822937
 25.700000     -0.00339285
 25.800000      0.00075352
 25.900000      0.00340019
 26.000000      0.00401867
 26.100000      0.00293717
 26.200000      0.00136572
 26.300000     -0.00061696
 26.400000     -0.00307653
 26.500000     -0.00550552
 26.600000     -0.00806252
 26.700000     -0.01035322
 26.800000     -0.01227117
 26.900000     -0.01457991
 27.000000     -0.01744852
 27.100000     -0.01999502
 27.200000     -0.02184245
 27.300000     -0.02336821
 27.400000     -0.02514701
 27.500000     -0.02718815
 27.600000     -0.02866720
 27.700000     -0.02927106
 27.800000     -0.02927590
 27.900000     -0.03005200
 28.000000     -0.03064002
 28.100000     -0.03146774
 28.200000     -0.03229933
 28.300000     -0.03407821
 28.400000     -0.03529518
 28.500000     -0.03566663
 28.600000     -0.03526710
 28.700000     -0.03442983
 28.800000     -0.03371614
 28.900000     -0.03195567
 29.000000     -0.02991056
 29.100000     -0.02716273
 29.200000     -0.02371011
 29.300000     -0.02061730
 29.400000     -0.01820612
 29.500000     -0.01531042
 29.600000     -0.01217805
 29.700000     -0.00922123
 29.800000     -0.00619778
 29.900000     -0.00293186
 30.000000      0.00044325
 30.100000      0.00340238
 30.200000      0.00604835
 30.300000      0.00809479
 30.400000      0.00949393
 30.500000      0.01064885
 30.600000      0.01139238
 30.700000      0.01194994
 30.800000      0.01270759
 30.900000      0.01361811
 31.000000      0.01457920
 31.100000      0.01534936
 31.200000      0.01615021
 31.300000      0.01613027
 31.400000      0.01571068
 31.500000      0.01531550
 31.600000      0.01440408
 31.700000      0.01305644
 31.800000      0.01137046
 31.900000      0.00933519
 32.000000      0.00712327
 32.100000      0.00428152
 32.200000      0.00098305
 32.300000     -0.00282442
 32.400000     -0.00673806
 32.500000     -0.01066884
 32.600000     -0.01449944
 32.700000     -0.01804899
 32.800000     -0.02173935
 32.900000     -0.02516069
 33.000000     -0.02782808
 33.100000     -0.02987866
 33.200000     -0.03140880
 33.300000     -0.03249962
 33.400000     -0.03329039
 33.500000     -0.03385043
 33.600000     -0.03408817
 33.700000     -0.03380886
 33.800000     -0.03338008
 33.900000     -0.03275364
 34.000000     -0.03131150
 34.100000     -0.02967977
 34.200000     -0.02783781
 34.300000     -0.02504215
 34.400000     -0.02150568
 34.500000     -0.01785158
 34.600000     -0.01399245
 34.700000     -0.00949874
 34.800000     -0.00487425
 34.900000     -0.00050557
 35.000000      0.00307475
 35.100000      0.00620127
 35.200000      0.00925219
 35.300000      0.01171394
 35.400000      0.01361942
 35.500000      0.01556225
 35.600000      0.01708651
 35.700000      0.01810858
 35.800000      0.01899895
 35.900000      0.01977222
 36.000000      0.02066271
 36.100000      0.02148295
 36.200000      0.02222500
 36.300000      0.02280768
 36.400000      0.02324705
 36.500000      0.02351131
 36.600000      0.02323145
 36.700000      0.02242918
 36.800000      0.02096776
 36.900000      0.01923300
 37.000000      0.01715302
 37.100000      0.01487070
 37.200000      0.01224071
 37.300000      0.00939782
 37.400000      0.00694542
 37.500000      0.00504020
 37.600000      0.00306528
 37.700000      0.00122906
 37.800000     -0.00013758
 37.900000     -0.00105101
 38.000000     -0.00163397
 38.100000     -0.00241829
 38.200000     -0.00309000
 38.300000     -0.00302852
 38.400000     -0.00270651
 38.500000     -0.00252069
 38.600000     -0.00199978
 38.700000     -0.00107095
 38.800000     -0.00020150
 38.900000      0.00066534
 39.000000      0.00181978
 39.100000      0.00311322
 39.200000      0.00396287
 39.300000      0.00463349
 39.400000      0.00479988
 39.500000      0.00466672
 39.600000      0.00425390
 39.700000      0.00331984
 39.800000      0.00236191
 39.900000      0.00145807
