  0.000000     -0.01357916
  0.100000     -0.01539431
  0.200000     -0.01726706
  0.300000     -0.01900254
  0.400000     -0.02032183
  0.500000     -0.02161735
  0.600000     -0.02275818
  0.700000     -0.02374030
  0.800000     -0.02449200
  0.900000     -0.02549992
  1.000000     -0.02627592
  1.100000     -0.02644425
  1.200000     -0.02623247
  1.300000     -0.02535456
  1.400000     -0.02372073
  1.500000     -0.02100091
  1.600000     -0.01697653
  1.700000     -0.01187452
  1.800000     -0.00514356
  1.900000      0.00373919
  2.000000      0.01475676
  2.100000      0.02827032
  2.200000      0.04483502
  2.300000      0.06495093
  2.400000      0.08896064
  2.500000      0.11766953
  2.600000      0.15095967
  2.700000      0.18931398
  2.800000      0.23256812
  2.900000      0.28050306
  3.000000      0.33313769
  3.100000      0.38995371
  3.200000      0.44985654
  3.300000      0.51177609
  3.400000      0.57446380
  3.500000      0.63682758
  3.600000      0.69751996
  3.700000      0.75520147
  3.800000      0.80855204
  3.900000      0.85675517
  4.000000      0.89889374
  4.100000      0.93425030
  4.200000      0.96241524
  4.300000      0.98345972
  4.400000      0.99584035
  4.500000      1.00000000
  4.600000      0.99464316
  4.700000      0.98116900
  4.800000      0.95951761
  4.900000      0.92991635
  5.000000      0.89124448
  5.100000      0.84546539
  5.200000      0.79255568
  5.300000      0.73353872
  5.400000      0.66987463
  5.500000      0.60133161
  5.600000      0.52812300
  5.700000      0.45144475
  5.800000      0.37205580
  5.900000      0.29222025
  6.000000      0.21273176
  6.100000      0.13496067
  6.200000      0.06035468
  6.300000     -0.01056813
  6.400000     -0.07778123
  6.500000     -0.14058041
  6.600000     -0.19918330
  6.700000     -0.25177267
  6.800000     -0.29788572
  6.900000     -0.33857063
  7.000000     -0.37489752
  7.100000     -0.40562951
  7.200000     -0.43221542
  7.300000     -0.45606059
  7.400000     -0.47681113
  7.500000     -0.49269183
  7.600000     -0.50381605
  7.700000     -0.50930416
  7.800000     -0.51182067
  7.900000     -0.51300577
  8.000000     -0.51259239
  8.100000     -0.50959756
  8.200000     -0.50602353
  8.300000     -0.50094653
  8.400000     -0.49431892
  8.500000     -0.48737901
  8.600000     -0.47988829
  8.700000     -0.47264723
  8.800000     -0.46504119
  8.900000     -0.45599487
  9.000000     -0.44694701
  9.100000     -0.43899751
  9.200000     -0.42998359
  9.300000     -0.41953251
  9.400000     -0.41000516
  9.500000     -0.40074751
  9.600000     -0.39016858
  9.700000     -0.37867833
  9.800000     -0.36744480
  9.900000     -0.35689300
 10.000000     -0.34583026
 10.100000     -0.33343459
 10.200000     -0.32038775
 10.300000     -0.30646407
 10.400000     -0.29275532
 10.500000     -0.27931529
 10.600000     -0.26629133
 10.700000     -0.25408124
 10.800000     -0.24200544
 10.900000     -0.22931793
 11.000000     -0.21655411
 11.100000     -0.20462946
 11.200000     -0.19345142
 11.300000     -0.18349562
 11.400000     -0.17381479
 11.500000     -0.16426649
 11.600000     -0.15521662
 11.700000     -0.14743930
 11.800000     -0.14037107
 11.900000     -0.13374064
 12.000000     -0.12808501
 12.100000     -0.12342144
 12.200000     -0.11964537
 12.300000     -0.11567190
 12.400000     -0.11170979
 12.500000     -0.10918069
 12.600000     -0.10783556
 12.700000     -0.10683038
 12.800000     -0.10547245
 12.900000     -0.10513552
 13.000000     -0.10509964
 13.100000     -0.10487861
 13.200000     -0.10446742
 13.300000     -0.10422217
 13.400000     -0.10506857
 13.500000     -0.10702593
 13.600000     -0.10908047
 13.700000     -0.11011495
 13.800000     -0.11066511
 13.900000     -0.11146967
 14.000000     -0.11198570
 14.100000     -0.11261388
 14.200000     -0.11360549
 14.300000     -0.11403185
 14.400000     -0.11451623
 14.500000     -0.11452729
 14.600000     -0.11371412
 14.700000     -0.11235056
 14.800000     -0.11099677
 14.900000     -0.10937410
 15.000000     -0.10726342
 15.100000     -0.10552329
 15.200000     -0.10394752
 15.300000     -0.10201755
 15.400000     -0.10001679
 15.500000     -0.09867196
 15.600000     -0.09779305
 15.700000     -0.09599651
 15.800000     -0.09432569
 15.900000     -0.09202546
 16.000000     -0.09008549
 16.100000     -0.08921007
 16.200000     -0.08751181
 16.300000     -0.08558883
 16.400000     -0.08359938
 16.500000     -0.08120284
 16.600000     -0.07942621
 16.700000     -0.07836726
 16.800000     -0.07724878
 16.900000     -0.07664127
 17.000000     -0.07592273
 17.100000     -0.07507823
 17.200000     -0.07470966
 17.300000     -0.07454728
 17.400000     -0.07426222
 17.500000     -0.07425566
 17.600000     -0.07443729
 17.700000     -0.07427147
 17.800000     -0.07428822
 17.900000     -0.07356664
 18.000000     -0.07246015
 18.100000     -0.07083892
 18.200000     -0.06855510
 18.300000     -0.06663307
 18.400000     -0.06448536
 18.500000     -0.06175950
 18.600000     -0.05907021
 18.700000     -0.05647775
 18.800000     -0.05399365
 18.900000     -0.05142348
 19.000000     -0.04873040
 19.100000     -0.04580954
 19.200000     -0.04225179
 19.300000     -0.03882704
 19.400000     -0.03537095
 19.500000     -0.03206827
 19.600000     -0.02863081
 19.700000     -0.02538929
 19.800000     -0.02264511
 19.900000     -0.02035949
 20.000000     -0.01795657
 20.100000     -0.01594278
 20.200000     -0.01405766
 20.300000     -0.01265215
 20.400000     -0.01138339
 20.500000     -0.01049786
 20.600000     -0.00952930
 20.700000     -0.00838260
 20.800000     -0.00698159
 20.900000     -0.00600138
 21.000000     -0.00507331
 21.100000     -0.00417859
 21.200000     -0.00289395
 21.300000     -0.00196664
 21.400000     -0.00100933
 21.500000     -0.00024067
 21.600000      0.00034609
 21.700000      0.00047350
 21.800000      0.00035287
 21.900000      0.00010616
 22.000000     -0.00001604
 22.100000     -0.00008842
 22.200000     -0.00029448
 22.300000     -0.00079982
 22.400000     -0.00177180
 22.500000     -0.00292720
 22.600000     -0.00405151
 22.700000     -0.00505492
 22.800000     -0.00606446
 22.900000     -0.00732470
 23.000000     -0.00906502
 23.100000     -0.01065164
 23.200000     -0.01206558
 23.300000     -0.01353194
 23.400000     -0.01471739
 23.500000     -0.01547873
 23.600000     -0.01623396
 23.700000     -0.01691668
 23.800000     -0.01735294
 23.900000     -0.01742986
 24.000000     -0.01701823
 24.100000     -0.01659124
 24.200000     -0.01634084
 24.300000     -0.01622716
 24.400000     -0.01611108
 24.500000     -0.01567640
 24.600000     -0.01484353
 24.700000     -0.01400065
 24.800000     -0.01328379
 24.900000     -0.01261252
 25.000000     -0.01161149
 25.100000     -0.01015134
 25.200000     -0.00860650
 25.300000     -0.00700446
 25.400000     -0.00533504
 25.500000     -0.00351033
 25.600000     -0.00180971
 25.700000     -0.00011885
 25.800000      0.00152583
 25.900000      0.00296138
 26.000000      0.00430040
 26.100000      0.00552462
 26.200000      0.00666544
 26.300000      0.00762490
 26.400000      0.00840038
 26.500000      0.00940001
 26.600000      0.01050620
 26.700000      0.01169992
 26.800000      0.01293059
 26.900000      0.01394913
 27.000000      0.01493737
 27.100000      0.01583918
 27.200000      0.01680720
 27.300000      0.01782224
 27.400000      0.01879840
 27.500000      0.01976955
 27.600000      0.02053592
 27.700000      0.02095917
 27.800000      0.02109785
 27.900000      0.02141378
 28.000000      0.02177020
 28.100000      0.02225043
 28.200000      0.02252552
 28.300000      0.02253620
 28.400000      0.02251750
 28.500000      0.02279344
 28.600000      0.02328620
 28.700000      0.02381202
 28.800000      0.02386625
 28.900000      0.02400361
 29.000000      0.02426830
 29.100000      0.02473572
 29.200000      0.02497849
 29.300000      0.02509800
 29.400000      0.02500653
 29.500000      0.02466641
 29.600000      0.02405047
 29.700000      0.02319273
 29.800000      0.02171244
 29.900000      0.01990113
 30.000000      0.01807598
 30.100000      0.01601501
 30.200000      0.01389229
 30.300000      0.01203157
 30.400000      0.01003515
 30.500000      0.00784679
 30.600000      0.00551904
 30.700000      0.00334329
 30.800000      0.00112441
 30.900000     -0.00101202
 31.000000     -0.00304938
 31.100000     -0.00486096
 31.200000     -0.00630119
 31.300000     -0.00744419
 31.400000     -0.00843704
 31.500000     -0.00903394
 31.600000     -0.00912628
 31.700000     -0.00909312
 31.800000     -0.00885356
 31.900000     -0.00841804
 32.000000     -0.00797878
 32.100000     -0.00759093
 32.200000     -0.00726903
 32.300000     -0.00717283
 32.400000     -0.00743786
 32.500000     -0.00735099
 32.600000     -0.00735421
 32.700000     -0.00765858
 32.800000     -0.00782846
 32.900000     -0.00769920
 33.000000     -0.00744865
 33.100000     -0.00709178
 33.200000     -0.00695405
 33.300000     -0.00653393
 33.400000     -0.00598239
 33.500000     -0.00546104
 33.600000     -0.00491611
 33.700000     -0.00443355
 33.800000     -0.00374462
 33.900000     -0.00282777
 34.000000     -0.00182603
 34.100000     -0.00075100
 34.200000      0.00046638
 34.300000      0.00163605
 34.400000      0.00310966
 34.500000      0.00452681
 34.600000      0.00618650
 34.700000      0.00783828
 34.800000      0.00977524
 34.900000      0.01160143
 35.000000      0.01362897
 35.100000      0.01594033
 35.200000      0.01829670
 35.300000      0.02048303
 35.400000      0.02239646
 35.500000      0.02426437
 35.600000      0.02586141
 35.700000      0.02714706
 35.800000      0.02825518
 35.900000      0.02923369
 36.000000      0.02986555
 36.100000      0.02999213
 36.200000      0.02989199
 36.300000      0.02926322
 36.400000      0.02831270
 36.500000      0.02734735
 36.600000      0.02611950
 36.700000      0.02494126
 36.800000      0.02358812
 36.900000      0.02210372
 37.000000      0.02044068
 37.100000      0.01879016
 37.200000      0.01680769
 37.300000      0.01492416
 37.400000      0.01323038
 37.500000      0.01169589
 37.600000      0.01023551
 37.700000      0.00916555
 37.800000      0.00846481
 37.900000      0.00796381
 38.000000      0.00779851
 38.100000      0.00789225
 38.200000      0.00813910
 38.300000      0.00865455
 38.400000      0.00937682
 38.500000      0.01015227
 38.600000      0.01101965
 38.700000      0.01216728
 38.800000      0.01348694
 38.900000      0.01469645
 39.000000      0.01575239
 39.100000      0.01674632
 39.200000      0.01735869
 39.300000      0.01774630
 39.400000      0.01787411
 39.500000      0.01773154
 39.600000      0.01767626
 39.700000      0.01751205
 39.800000      0.01712885
 39.900000      0.01655904
