  0.000000     -0.02586605
  0.100000     -0.02655351
  0.200000     -0.02720746
  0.300000     -0.02781867
  0.400000     -0.02837698
  0.500000     -0.02831890
  0.600000     -0.02806309
  0.700000     -0.02877757
  0.800000     -0.02934757
  0.900000     -0.02983338
  1.000000     -0.03020022
  1.100000     -0.03100752
  1.200000     -0.03214198
  1.300000     -0.03348579
  1.400000     -0.03287353
  1.500000     -0.03209056
  1.600000     -0.03054498
  1.700000     -0.03051038
  1.800000     -0.03041264
  1.900000     -0.03025673
  2.000000     -0.03004093
  2.100000     -0.02977392
  2.200000     -0.02946381
  2.300000     -0.02911191
  2.400000     -0.02859000
  2.500000     -0.02811478
  2.600000     -0.02768416
  2.700000     -0.02731253
  2.800000     -0.02700741
  2.900000     -0.02678061
  3.000000     -0.02653647
  3.100000     -0.02588204
  3.200000     -0.02590298
  3.300000     -0.02597107
  3.400000     -0.02610263
  3.500000     -0.02629070
  3.600000     -0.02652660
  3.700000     -0.02679949
  3.800000     -0.02710381
  3.900000     -0.02743588
  4.000000     -0.02782893
  4.100000     -0.02827782
  4.200000     -0.02872834
  4.300000     -0.02919251
  4.400000     -0.02967180
  4.500000     -0.03027942
  4.600000     -0.03109908
  4.700000     -0.03190502
  4.800000     -0.03269114
  4.900000     -0.03346909
  5.000000     -0.03424261
  5.100000     -0.03501200
  5.200000     -0.03578792
  5.300000     -0.03657279
  5.400000     -0.03736673
  5.500000     -0.03817620
  5.600000     -0.03898995
  5.700000     -0.03980662
  5.800000     -0.04062415
  5.900000     -0.04143375
  6.000000     -0.04221960
  6.100000     -0.04297827
  6.200000     -0.04369743
  6.300000     -0.04436656
  6.400000     -0.04497725
  6.500000     -0.04552512
  6.600000     -0.04599663
  6.700000     -0.04639311
  6.800000     -0.04671301
  6.900000     -0.04696081
  7.000000     -0.04718721
  7.100000     -0.04740319
  7.200000     -0.04759061
  7.300000     -0.04776194
  7.400000     -0.04793729
  7.500000     -0.04814272
  7.600000     -0.04839044
  7.700000     -0.04870077
  7.800000     -0.04910557
  7.900000     -0.04962227
  8.000000     -0.05025346
  8.100000     -0.05101912
  8.200000     -0.05192597
  8.300000     -0.05297865
  8.400000     -0.05419684
  8.500000     -0.05738346
  8.600000     -0.05978589
  8.700000     -0.06143912
  8.800000     -0.06322328
  8.900000     -0.06513332
  9.000000     -0.06716012
  9.100000     -0.06928396
  9.200000     -0.07149380
  9.300000     -0.07379005
  9.400000     -0.07615669
  9.500000     -0.07858438
  9.600000     -0.08106810
  9.700000     -0.08359566
  9.800000     -0.08616869
  9.900000     -0.08874882
 10.000000     -0.09131568
 10.100000     -0.09385480
 10.200000     -0.09635462
 10.300000     -0.09879326
 10.400000     -0.10116072
 10.500000     -0.10344385
 10.600000     -0.10563759
 10.700000     -0.10771831
 10.800000     -0.10966175
 10.900000     -0.11144638
 11.000000     -0.11304900
 11.100000     -0.11443774
 11.200000     -0.11559253
 11.300000     -0.11648434
 11.400000     -0.11707567
 11.500000     -0.11733375
 11.600000     -0.11722824
 11.700000     -0.11671820
 11.800000     -0.11576510
 11.900000     -0.11433568
 12.000000     -0.11238571
 12.100000     -0.10988206
 12.200000     -0.10679708
 12.300000     -0.10308679
 12.400000     -0.09871369
 12.500000     -0.09365111
 12.600000     -0.08787421
 12.700000     -0.08135748
 12.800000     -0.07408917
 12.900000     -0.06604736
 13.000000     -0.05721746
 13.100000     -0.04758368
 13.200000     -0.03714584
 13.300000     -0.02590097
 13.400000     -0.01382942
 13.500000     -0.00091605
 13.600000      0.01283197
 13.700000      0.02741201
 13.800000      0.04283016
 13.900000      0.05910734
 14.000000      0.07625429
 14.100000      0.09425540
 14.200000      0.11309877
 14.300000      0.13281161
 14.400000      0.15338895
 14.500000      0.17479709
 14.600000      0.19701607
 14.700000      0.22001423
 14.800000      0.24374982
 14.900000      0.26817532
 15.000000      0.29326809
 15.100000      0.31898382
 15.200000      0.34526864
 15.300000      0.37207166
 15.400000      0.39933751
 15.500000      0.42699413
 15.600000      0.45496565
 15.700000      0.48317954
 15.800000      0.51155994
 15.900000      0.54003845
 16.000000      0.56854450
 16.100000      0.59697859
 16.200000      0.62525032
 16.300000      0.65326676
 16.400000      0.68092492
 16.500000      0.70813583
 16.600000      0.73480106
 16.700000      0.76087170
 16.800000      0.78639742
 16.900000      0.81110489
 17.000000      0.83486010
 17.100000      0.85751891
 17.200000      0.87895178
 17.300000      0.89902426
 17.400000      0.91762873
 17.500000      0.93464981
 17.600000      0.94998258
 17.700000      0.96347511
 17.800000      0.97503295
 17.900000      0.98454266
 18.000000      0.99187578
 18.100000      0.99693142
 18.200000      0.99965889
 18.300000      1.00000000
 18.400000      0.99781602
 18.500000      0.99304606
 18.600000      0.98571112
 18.700000      0.97575986
 18.800000      0.96316623
 18.900000      0.94791013
 19.000000      0.92996666
 19.100000      0.90942979
 19.200000      0.88640243
 19.300000      0.86094682
 19.400000      0.83316698
 19.500000      0.80314195
 19.600000      0.77101140
 19.700000      0.73686783
 19.800000      0.70082922
 19.900000      0.66303490
 20.000000      0.62360674
 20.100000      0.58268427
 20.200000      0.54025417
 20.300000      0.49617281
 20.400000      0.45017681
 20.500000      0.40206900
 20.600000      0.35192077
 20.700000      0.30016965
 20.800000      0.24756487
 20.900000      0.19497609
 21.000000      0.14304553
 21.100000      0.09202707
 21.200000      0.04194505
 21.300000     -0.00719883
 21.400000     -0.05538336
 21.500000     -0.10253128
 21.600000     -0.14854922
 21.700000     -0.19331942
 21.800000     -0.23671059
 21.900000     -0.27856422
 22.000000     -0.31867118
 22.100000     -0.35688272
 22.200000     -0.39312697
 22.300000     -0.42738333
 22.400000     -0.45965205
 22.500000     -0.48994156
 22.600000     -0.51827558
 22.700000     -0.54466808
 22.800000     -0.56919248
 22.900000     -0.59157430
 23.000000     -0.61110970
 23.100000     -0.63029491
 23.200000     -0.64771271
 23.300000     -0.66328983
 23.400000     -0.67689886
 23.500000     -0.68850315
 23.600000     -0.69815780
 23.700000     -0.70592601
 23.800000     -0.71189550
 23.900000     -0.71613631
 24.000000     -0.71868905
 24.100000     -0.71964940
 24.200000     -0.71933046
 24.300000     -0.71763668
 24.400000     -0.71455187
 24.500000     -0.71013902
 24.600000     -0.70448470
 24.700000     -0.69763272
 24.800000     -0.68965208
 24.900000     -0.68059775
 25.000000     -0.67050656
 25.100000     -0.65946117
 25.200000     -0.64754808
 25.300000     -0.63481812
 25.400000     -0.61939748
 25.500000     -0.60514724
 25.600000     -0.58828609
 25.700000     -0.57284721
 25.800000     -0.55690680
 25.900000     -0.54053172
 26.000000     -0.52375973
 26.100000     -0.50667922
 26.200000     -0.48935843
 26.300000     -0.47186016
 26.400000     -0.45424553
 26.500000     -0.43653826
 26.600000     -0.41881997
 26.700000     -0.40113383
 26.800000     -0.38351891
 26.900000     -0.36602521
 27.000000     -0.34867936
 27.100000     -0.33153282
 27.200000     -0.31462099
 27.300000     -0.29574169
 27.400000     -0.27496600
 27.500000     -0.25926074
 27.600000     -0.24389724
 27.700000     -0.22890449
 27.800000     -0.21430327
 27.900000     -0.20010539
 28.000000     -0.18633200
 28.100000     -0.17298793
 28.200000     -0.16008186
 28.300000     -0.14762464
 28.400000     -0.13564155
 28.500000     -0.12412580
 28.600000     -0.10958218
 28.700000     -0.09521304
 28.800000     -0.08507247
 28.900000     -0.07537259
 29.000000     -0.06611715
 29.100000     -0.05727555
 29.200000     -0.04883078
 29.300000     -0.04076953
 29.400000     -0.03308230
 29.500000     -0.02577866
 29.600000     -0.01881968
 29.700000     -0.01219801
 29.800000     -0.00591472
 29.900000      0.00002169
 30.000000      0.00558958
 30.100000      0.01080688
 30.200000      0.01567665
 30.300000      0.02017772
 30.400000      0.02430499
 30.500000      0.02805473
 30.600000      0.03244834
 30.700000      0.03549008
 30.800000      0.03817489
 30.900000      0.04050832
 31.000000      0.04248531
 31.100000      0.04413449
 31.200000      0.04546916
 31.300000      0.04651638
 31.400000      0.04733952
 31.500000      0.04788920
 31.600000      0.05336236
 31.700000      0.05339950
 31.800000      0.05321124
 31.900000      0.05281644
 32.000000      0.05223056
 32.100000      0.05146590
 32.200000      0.05053537
 32.300000      0.04945188
 32.400000      0.04823151
 32.500000      0.04687764
 32.600000      0.04539792
 32.700000      0.04378908
 32.800000      0.04206497
 32.900000      0.03989191
 33.000000      0.03602557
 33.100000      0.03036159
 33.200000      0.02726784
 33.300000      0.02476567
 33.400000      0.02215602
 33.500000      0.01942069
 33.600000      0.01657313
 33.700000      0.01361006
 33.800000      0.01053860
 33.900000      0.00737020
 34.000000      0.00411716
 34.100000      0.00080738
 34.200000     -0.00253884
 34.300000     -0.00589558
 34.400000     -0.00923606
 34.500000     -0.01253282
 34.600000     -0.01571525
 34.700000     -0.01510056
 34.800000     -0.01802380
 34.900000     -0.02092473
 35.000000     -0.02370327
 35.100000     -0.02630688
 35.200000     -0.02880619
 35.300000     -0.03114935
 35.400000     -0.03335825
 35.500000     -0.03561534
 35.600000     -0.03525505
 35.700000     -0.03684014
 35.800000     -0.03822919
 35.900000     -0.03942840
 36.000000     -0.04042981
 36.100000     -0.04124218
 36.200000     -0.04190737
 36.300000     -0.04243653
 36.400000     -0.04280058
 36.500000     -0.04300113
 36.600000     -0.04304629
 36.700000     -0.04294029
 36.800000     -0.04268636
 36.900000     -0.04229036
 37.000000     -0.04175451
 37.100000     -0.04120435
 37.200000     -0.04108119
 37.300000     -0.04086215
 37.400000     -0.04025127
 37.500000     -0.03956716
 37.600000     -0.03631887
 37.700000     -0.03323507
 37.800000     -0.02993285
 37.900000     -0.02895580
 38.000000     -0.02794206
 38.100000     -0.02688567
 38.200000     -0.02578746
 38.300000     -0.02081372
 38.400000     -0.01966077
 38.500000     -0.01844069
 38.600000     -0.01716099
 38.700000     -0.01581777
 38.800000     -0.01442208
 38.900000     -0.01297377
 39.000000     -0.01147317
 39.100000     -0.00993798
 39.200000     -0.00838017
 39.300000     -0.00674074
 39.400000     -0.00490583
 39.500000     -0.00306516
 39.600000     -0.00123020
 39.700000      0.00053198
 39.800000      0.00186113
 39.900000      0.00042554
