  0.000000     -0.01556680
  0.100000     -0.01652329
  0.200000     -0.01729411
  0.300000     -0.01788349
  0.400000     -0.01853592
  0.500000     -0.01937292
  0.600000     -0.02017252
  0.700000     -0.02074325
  0.800000     -0.02149740
  0.900000     -0.02245654
  1.000000     -0.02335628
  1.100000     -0.02441618
  1.200000     -0.02574087
  1.300000     -0.02719920
  1.400000     -0.02841747
  1.500000     -0.02970336
  1.600000     -0.03126551
  1.700000     -0.03265269
  1.800000     -0.03369943
  1.900000     -0.03473816
  2.000000     -0.03548852
  2.100000     -0.03582049
  2.200000     -0.03618837
  2.300000     -0.03648013
  2.400000     -0.03720390
  2.500000     -0.03793359
  2.600000     -0.03875616
  2.700000     -0.03976605
  2.800000     -0.04092056
  2.900000     -0.04209983
  3.000000     -0.04328678
  3.100000     -0.04470946
  3.200000     -0.04603187
  3.300000     -0.04741672
  3.400000     -0.04906926
  3.500000     -0.05071794
  3.600000     -0.05207336
  3.700000     -0.05390392
  3.800000     -0.05602217
  3.900000     -0.05767220
  4.000000     -0.05930480
  4.100000     -0.06057093
  4.200000     -0.06145623
  4.300000     -0.06240826
  4.400000     -0.06319602
  4.500000     -0.06361642
  4.600000     -0.06394624
  4.700000     -0.06452020
  4.800000     -0.06478584
  4.900000     -0.06499986
  5.000000     -0.06513823
  5.100000     -0.06486713
  5.200000     -0.06480205
  5.300000     -0.06464495
  5.400000     -0.06458657
  5.500000     -0.06415591
  5.600000     -0.06375521
  5.700000     -0.06353771
  5.800000     -0.06337452
  5.900000     -0.06330852
  6.000000     -0.06335605
  6.100000     -0.06298981
  6.200000     -0.06342030
  6.300000     -0.06418768
  6.400000     -0.06492584
  6.500000     -0.06609734
  6.600000     -0.06749559
  6.700000     -0.06912771
  6.800000     -0.07138948
  6.900000     -0.07437430
  7.000000     -0.07799038
  7.100000     -0.08148074
  7.200000     -0.08547127
  7.300000     -0.08901401
  7.400000     -0.09321345
  7.500000     -0.09774916
  7.600000     -0.10287308
  7.700000     -0.10797803
  7.800000     -0.11248589
  7.900000     -0.11701972
  8.000000     -0.12075781
  8.100000     -0.12450503
  8.200000     -0.12810840
  8.300000     -0.13190153
  8.400000     -0.13579241
  8.500000     -0.13870354
  8.600000     -0.14101353
  8.700000     -0.14274056
  8.800000     -0.14457834
  8.900000     -0.14657548
  9.000000     -0.14817504
  9.100000     -0.15016509
  9.200000     -0.15258372
  9.300000     -0.15494753
  9.400000     -0.15809458
  9.500000     -0.16044659
  9.600000     -0.16332951
  9.700000     -0.16595159
  9.800000     -0.16871354
  9.900000     -0.17214316
 10.000000     -0.17511892
 10.100000     -0.17798082
 10.200000     -0.18045473
 10.300000     -0.18340878
 10.400000     -0.18651467
 10.500000     -0.18860155
 10.600000     -0.19068034
 10.700000     -0.19201130
 10.800000     -0.19294383
 10.900000     -0.19353862
 11.000000     -0.19400137
 11.100000     -0.19438064
 11.200000     -0.19488439
 11.300000     -0.19579448
 11.400000     -0.19681826
 11.500000     -0.19750794
 11.600000     -0.19766961
 11.700000     -0.19770600
 11.800000     -0.19746243
 11.900000     -0.19713915
 12.000000     -0.19688255
 12.100000     -0.19642953
 12.200000     -0.19641358
 12.300000     -0.19681469
 12.400000     -0.19740080
 12.500000     -0.19879271
 12.600000     -0.19990805
 12.700000     -0.20118185
 12.800000     -0.20256859
 12.900000     -0.20406001
 13.000000     -0.20562132
 13.100000     -0.20616986
 13.200000     -0.20581170
 13.300000     -0.20458499
 13.400000     -0.20269648
 13.500000     -0.19995248
 13.600000     -0.19613944
 13.700000     -0.19154986
 13.800000     -0.18632259
 13.900000     -0.17965853
 14.000000     -0.17163818
 14.100000     -0.16267122
 14.200000     -0.15279924
 14.300000     -0.14190072
 14.400000     -0.12965413
 14.500000     -0.11636225
 14.600000     -0.10164161
 14.700000     -0.08647664
 14.800000     -0.06952812
 14.900000     -0.05053099
 15.000000     -0.02934153
 15.100000     -0.00579041
 15.200000      0.02002126
 15.300000      0.04789804
 15.400000      0.07782416
 15.500000      0.10980531
 15.600000      0.14371303
 15.700000      0.17974710
 15.800000      0.21782034
 15.900000      0.25732985
 16.000000      0.29790727
 16.100000      0.33917176
 16.200000      0.38117222
 16.300000      0.42343865
 16.400000      0.46617914
 16.500000      0.50821575
 16.600000      0.54899061
 16.700000      0.58878432
 16.800000      0.62786757
 16.900000      0.66537970
 17.000000      0.70140851
 17.100000      0.73577039
 17.200000      0.76890998
 17.300000      0.80030683
 17.400000      0.83024123
 17.500000      0.85738108
 17.600000      0.88218847
 17.700000      0.90431225
 17.800000      0.92373841
 17.900000      0.94127422
 18.000000      0.95657132
 18.100000      0.96931334
 18.200000      0.97973265
 18.300000      0.98766637
 18.400000      0.99311414
 18.500000      0.99665018
 18.600000      0.99907043
 18.700000      1.00000000
 18.800000      0.99989318
 18.900000      0.99838272
 19.000000      0.99529588
 19.100000      0.99091015
 19.200000      0.98498638
 19.300000      0.97794651
 19.400000      0.96953621
 19.500000      0.95968150
 19.600000      0.94763642
 19.700000      0.93251000
 19.800000      0.91451444
 19.900000      0.89301672
 20.000000      0.86730706
 20.100000      0.83779849
 20.200000      0.80441454
 20.300000      0.76711402
 20.400000      0.72515732
 20.500000      0.67966752
 20.600000      0.63079074
 20.700000      0.57835755
 20.800000      0.52270132
 20.900000      0.46424233
 21.000000      0.40481209
 21.100000      0.34490772
 21.200000      0.28501002
 21.300000      0.22584993
 21.400000      0.16789851
 21.500000      0.11254529
 21.600000      0.05945042
 21.700000      0.00993139
 21.800000     -0.03668399
 21.900000     -0.07970457
 22.000000     -0.11833436
 22.100000     -0.15280788
 22.200000     -0.18431974
 22.300000     -0.21240999
 22.400000     -0.23780513
 22.500000     -0.26165123
 22.600000     -0.28325571
 22.700000     -0.30274630
 22.800000     -0.32105339
 22.900000     -0.33794068
 23.000000     -0.35265422
 23.100000     -0.36635271
 23.200000     -0.37847703
 23.300000     -0.38853818
 23.400000     -0.39677707
 23.500000     -0.40380527
 23.600000     -0.40952700
 23.700000     -0.41423469
 23.800000     -0.41804467
 23.900000     -0.42118050
 24.000000     -0.42431915
 24.100000     -0.42736115
 24.200000     -0.42997387
 24.300000     -0.43208114
 24.400000     -0.43422326
 24.500000     -0.43645505
 24.600000     -0.43785909
 24.700000     -0.43833813
 24.800000     -0.43749884
 24.900000     -0.43609044
 25.000000     -0.43383931
 25.100000     -0.42980313
 25.200000     -0.42514279
 25.300000     -0.41928409
 25.400000     -0.41291181
 25.500000     -0.40539520
 25.600000     -0.39806921
 25.700000     -0.39022282
 25.800000     -0.38179429
 25.900000     -0.37329005
 26.000000     -0.36466571
 26.100000     -0.35550731
 26.200000     -0.34617293
 26.300000     -0.33694102
 26.400000     -0.32799384
 26.500000     -0.31932860
 26.600000     -0.31053207
 26.700000     -0.30119305
 26.800000     -0.29258894
 26.900000     -0.28463245
 27.000000     -0.27769124
 27.100000     -0.27003764
 27.200000     -0.26246445
 27.300000     -0.25449266
 27.400000     -0.24596526
 27.500000     -0.23772302
 27.600000     -0.22961624
 27.700000     -0.22137918
 27.800000     -0.21342635
 27.900000     -0.20483343
 28.000000     -0.19653384
 28.100000     -0.18880779
 28.200000     -0.18178801
 28.300000     -0.17450259
 28.400000     -0.16794911
 28.500000     -0.16207952
 28.600000     -0.15671202
 28.700000     -0.15163897
 28.800000     -0.14707847
 28.900000     -0.14318420
 29.000000     -0.14021832
 29.100000     -0.13775463
 29.200000     -0.13670519
 29.300000     -0.13637694
 29.400000     -0.13582120
 29.500000     -0.13562847
 29.600000     -0.13539988
 29.700000     -0.13526612
 29.800000     -0.13475311
 29.900000     -0.13376317
 30.000000     -0.13278518
 30.100000     -0.13098479
 30.200000     -0.12945391
 30.300000     -0.12742296
 30.400000     -0.12540155
 30.500000     -0.12335803
 30.600000     -0.12173983
 30.700000     -0.12008011
 30.800000     -0.11818428
 30.900000     -0.11811299
 31.000000     -0.11816741
 31.100000     -0.11811471
 31.200000     -0.11813091
 31.300000     -0.11831428
 31.400000     -0.11880901
 31.500000     -0.11914205
 31.600000     -0.11985377
 31.700000     -0.12045109
 31.800000     -0.12089749
 31.900000     -0.12103631
 32.000000     -0.12127881
 32.100000     -0.12120020
 32.200000     -0.12161702
 32.300000     -0.12222303
 32.400000     -0.12235490
 32.500000     -0.12219167
 32.600000     -0.12195359
 32.700000     -0.12155234
 32.800000     -0.12072035
 32.900000     -0.11972893
 33.000000     -0.11803268
 33.100000     -0.11601638
 33.200000     -0.11385179
 33.300000     -0.11106578
 33.400000     -0.10738957
 33.500000     -0.10351343
 33.600000     -0.09965876
 33.700000     -0.09566391
 33.800000     -0.09134373
 33.900000     -0.08692436
 34.000000     -0.08274143
 34.100000     -0.07901053
 34.200000     -0.07570784
 34.300000     -0.07259411
 34.400000     -0.06977231
 34.500000     -0.06706684
 34.600000     -0.06481513
 34.700000     -0.06288542
 34.800000     -0.06114786
 34.900000     -0.05965002
 35.000000     -0.05815923
 35.100000     -0.05677257
 35.200000     -0.05563986
 35.300000     -0.05463143
 35.400000     -0.05393753
 35.500000     -0.05313003
 35.600000     -0.05221492
 35.700000     -0.05140759
 35.800000     -0.05061526
 35.900000     -0.05029662
 36.000000     -0.05035590
 36.100000     -0.05009090
 36.200000     -0.04994810
 36.300000     -0.05064131
 36.400000     -0.05163250
 36.500000     -0.05283499
 36.600000     -0.05381014
 36.700000     -0.05415147
 36.800000     -0.05467338
 36.900000     -0.05462034
 37.000000     -0.05431135
 37.100000     -0.05432824
 37.200000     -0.05423521
 37.300000     -0.05346743
 37.400000     -0.05222435
 37.500000     -0.05129159
 37.600000     -0.05001980
 37.700000     -0.04827484
 37.800000     -0.04600474
 37.900000     -0.04330723
 38.000000     -0.04056027
 38.100000     -0.03809780
 38.200000     -0.03556126
 38.300000     -0.03247449
 38.400000     -0.02954488
 38.500000     -0.02737052
 38.600000     -0.02544679
 38.700000     -0.02311719
 38.800000     -0.02051491
 38.900000     -0.01741547
 39.000000     -0.01447740
 39.100000     -0.01124829
 39.200000     -0.00823313
 39.300000     -0.00510264
 39.400000     -0.00171277
 39.500000      0.00164563
 39.600000      0.00475239
 39.700000      0.00772136
 39.800000      0.01045969
 39.900000      0.01275149
