  0.000000     -0.00025242
  0.100000     -0.00048568
  0.200000     -0.00055665
  0.300000     -0.00039844
  0.400000     -0.00008111
  0.500000      0.00025751
  0.600000      0.00034790
  0.700000      0.00033059
  0.800000      0.00044844
  0.900000      0.00081395
  1.000000      0.00104715
  1.100000      0.00132016
  1.200000      0.00158889
  1.300000      0.00179919
  1.400000      0.00217154
  1.500000      0.00247033
  1.600000      0.00252536
  1.700000      0.00271873
  1.800000      0.00300409
  1.900000      0.00330640
  2.000000      0.00365413
  2.100000      0.00435559
  2.200000      0.00544687
  2.300000      0.00683432
  2.400000      0.00793884
  2.500000      0.00889370
  2.600000      0.01035617
  2.700000      0.01237727
  2.800000      0.01443600
  2.900000      0.01659928
  3.000000      0.01878451
  3.100000      0.02074651
  3.200000      0.02248224
  3.300000      0.02436763
  3.400000      0.02624140
  3.500000      0.02760116
  3.600000      0.02871424
  3.700000      0.02958303
  3.800000      0.03003549
  3.900000      0.02996833
  4.000000      0.02930351
  4.100000      0.02844102
  4.200000      0.02762683
  4.300000      0.02674119
  4.400000      0.02544234
  4.500000      0.02385729
  4.600000      0.02196593
  4.700000      0.01981967
  4.800000      0.01759675
  4.900000      0.01527446
  5.000000      0.01301058
  5.100000      0.01090997
  5.200000      0.00879796
  5.300000      0.00662863
  5.400000      0.00443093
  5.500000      0.00245565
  5.600000      0.00043302
  5.700000     -0.00137385
  5.800000     -0.00311039
  5.900000     -0.00431437
  6.000000     -0.00493335
  6.100000     -0.00502173
  6.200000     -0.00487185
  6.300000     -0.00454765
  6.400000     -0.00406655
  6.500000     -0.00342411
  6.600000     -0.00254031
  6.700000     -0.00136486
  6.800000      0.00032880
  6.900000      0.00253810
  7.000000      0.00491811
  7.100000      0.00743575
  7.200000      0.01004690
  7.300000      0.01283841
  7.400000      0.01569523
  7.500000      0.01877049
  7.600000      0.02231527
  7.700000      0.02593898
  7.800000      0.02934386
  7.900000      0.03258882
  8.000000      0.03584297
  8.100000      0.03920137
  8.200000      0.04243313
  8.300000      0.04574505
  8.400000      0.04882565
  8.500000      0.05152548
  8.600000      0.05444211
  8.700000      0.05757206
  8.800000      0.06047477
  8.900000      0.06334961
  9.000000      0.06634572
  9.100000      0.06936829
  9.200000      0.07142313
  9.300000      0.07315077
  9.400000      0.07448316
  9.500000      0.07532373
  9.600000      0.07542457
  9.700000      0.07538333
  9.800000      0.07557162
  9.900000      0.07543282
 10.000000      0.07525776
 10.100000      0.07471808
 10.200000      0.07370733
 10.300000      0.07254928
 10.400000      0.07119581
 10.500000      0.06974243
 10.600000      0.06805782
 10.700000      0.06624207
 10.800000      0.06434059
 10.900000      0.06228045
 11.000000      0.06042272
 11.100000      0.05870686
 11.200000      0.05668147
 11.300000      0.05487834
 11.400000      0.05324770
 11.500000      0.05200191
 11.600000      0.05096708
 11.700000      0.05023964
 11.800000      0.04944895
 11.900000      0.04906143
 12.000000      0.04907308
 12.100000      0.04955402
 12.200000      0.05049610
 12.300000      0.05161803
 12.400000      0.05317625
 12.500000      0.05506996
 12.600000      0.05742379
 12.700000      0.06042298
 12.800000      0.06377353
 12.900000      0.06718100
 13.000000      0.07013397
 13.100000      0.07298447
 13.200000      0.07600195
 13.300000      0.07897581
 13.400000      0.08186773
 13.500000      0.08465672
 13.600000      0.08663983
 13.700000      0.08810904
 13.800000      0.08895196
 13.900000      0.08915830
 14.000000      0.08941991
 14.100000      0.08890333
 14.200000      0.08713162
 14.300000      0.08499026
 14.400000      0.08246842
 14.500000      0.07942757
 14.600000      0.07575774
 14.700000      0.07179273
 14.800000      0.06789323
 14.900000      0.06451304
 15.000000      0.06149947
 15.100000      0.05861640
 15.200000      0.05558461
 15.300000      0.05273515
 15.400000      0.05026933
 15.500000      0.04783562
 15.600000      0.04523932
 15.700000      0.04289409
 15.800000      0.04077373
 15.900000      0.03868051
 16.000000      0.03663933
 16.100000      0.03484228
 16.200000      0.03313089
 16.300000      0.03107451
 16.400000      0.02897322
 16.500000      0.02664925
 16.600000      0.02363951
 16.700000      0.02036032
 16.800000      0.01649394
 16.900000      0.01215139
 17.000000      0.00737006
 17.100000      0.00245214
 17.200000     -0.00287118
 17.300000     -0.00839658
 17.400000     -0.01430344
 17.500000     -0.02003499
 17.600000     -0.02606762
 17.700000     -0.03251896
 17.800000     -0.03902903
 17.900000     -0.04548665
 18.000000     -0.05175780
 18.100000     -0.05815885
 18.200000     -0.06483865
 18.300000     -0.07143177
 18.400000     -0.07813571
 18.500000     -0.08509125
 18.600000     -0.09204655
 18.700000     -0.09893324
 18.800000     -0.10580803
 18.900000     -0.11228795
 19.000000     -0.11829814
 19.100000     -0.12435417
 19.200000     -0.13008445
 19.300000     -0.13512981
 19.400000     -0.14032326
 19.500000     -0.14581991
 19.600000     -0.15128290
 19.700000     -0.15669663
 19.800000     -0.16219954
 19.900000     -0.16710784
 20.000000     -0.17186628
 20.100000     -0.17722569
 20.200000     -0.18288739
 20.300000     -0.18884676
 20.400000     -0.19478322
 20.500000     -0.20061925
 20.600000     -0.20606225
 20.700000     -0.21112064
 20.800000     -0.21563036
 20.900000     -0.21998104
 21.000000     -0.22461817
 21.100000     -0.22875276
 21.200000     -0.23243346
 21.300000     -0.23585528
 21.400000     -0.23894164
 21.500000     -0.24183516
 21.600000     -0.24426702
 21.700000     -0.24565973
 21.800000     -0.24668970
 21.900000     -0.24761467
 22.000000     -0.24844820
 22.100000     -0.24903793
 22.200000     -0.24954229
 22.300000     -0.25012267
 22.400000     -0.25071232
 22.500000     -0.25144026
 22.600000     -0.25202528
 22.700000     -0.25223579
 22.800000     -0.25200276
 22.900000     -0.25162737
 23.000000     -0.25105684
 23.100000     -0.24972299
 23.200000     -0.24826755
 23.300000     -0.24676803
 23.400000     -0.24461267
 23.500000     -0.24234024
 23.600000     -0.24023015
 23.700000     -0.23803992
 23.800000     -0.23567407
 23.900000     -0.23344370
 24.000000     -0.23084422
 24.100000     -0.22756391
 24.200000     -0.22406208
 24.300000     -0.22038377
 24.400000     -0.21719540
 24.500000     -0.21426742
 24.600000     -0.21162677
 24.700000     -0.20943096
 24.800000     -0.20767260
 24.900000     -0.20580925
 25.000000     -0.20391653
 25.100000     -0.20213202
 25.200000     -0.20033839
 25.300000     -0.19772329
 25.400000     -0.19470565
 25.500000     -0.19187224
 25.600000     -0.18947278
 25.700000     -0.18714492
 25.800000     -0.18500731
 25.900000     -0.18281538
 26.000000     -0.18072147
 26.100000     -0.17808416
 26.200000     -0.17493016
 26.300000     -0.17158221
 26.400000     -0.16785029
 26.500000     -0.16347280
 26.600000     -0.15835916
 26.700000     -0.15224242
 26.800000     -0.14489181
 26.900000     -0.13756077
 27.000000     -0.12990366
 27.100000     -0.12246958
 27.200000     -0.11575499
 27.300000     -0.10911700
 27.400000     -0.10308087
 27.500000     -0.09813753
 27.600000     -0.09444187
 27.700000     -0.09098838
 27.800000     -0.08698689
 27.900000     -0.08215860
 28.000000     -0.07738913
 28.100000     -0.07249068
 28.200000     -0.06735761
 28.300000     -0.06256219
 28.400000     -0.05856905
 28.500000     -0.05470028
 28.600000     -0.05136385
 28.700000     -0.04978031
 28.800000     -0.04837844
 28.900000     -0.04669361
 29.000000     -0.04526649
 29.100000     -0.04424879
 29.200000     -0.04300033
 29.300000     -0.04207011
 29.400000     -0.04130766
 29.500000     -0.04081069
 29.600000     -0.04128949
 29.700000     -0.04205876
 29.800000     -0.04274661
 29.900000     -0.04283277
 30.000000     -0.04282752
 30.100000     -0.04319402
 30.200000     -0.04433361
 30.300000     -0.04632229
 30.400000     -0.04835388
 30.500000     -0.05090983
 30.600000     -0.05370170
 30.700000     -0.05711353
 30.800000     -0.06081238
 30.900000     -0.06498249
 31.000000     -0.06979487
 31.100000     -0.07497986
 31.200000     -0.08117052
 31.300000     -0.08783426
 31.400000     -0.09331521
 31.500000     -0.09788289
 31.600000     -0.10227679
 31.700000     -0.10705026
 31.800000     -0.11152993
 31.900000     -0.11540207
 32.000000     -0.11968039
 32.100000     -0.12511241
 32.200000     -0.13035485
 32.300000     -0.13531784
 32.400000     -0.13952271
 32.500000     -0.14245209
 32.600000     -0.14444334
 32.700000     -0.14509304
 32.800000     -0.14443266
 32.900000     -0.14234322
 33.000000     -0.13854502
 33.100000     -0.13302267
 33.200000     -0.12507218
 33.300000     -0.11544114
 33.400000     -0.10309443
 33.500000     -0.08784692
 33.600000     -0.06834572
 33.700000     -0.04474037
 33.800000     -0.01535495
 33.900000      0.01865604
 34.000000      0.05770128
 34.100000      0.10076747
 34.200000      0.14827666
 34.300000      0.19885119
 34.400000      0.25242266
 34.500000      0.30748449
 34.600000      0.36529995
 34.700000      0.42362163
 34.800000      0.48256956
 34.900000      0.54190933
 35.000000      0.60178578
 35.100000      0.66086768
 35.200000      0.71756912
 35.300000      0.76976757
 35.400000      0.81730591
 35.500000      0.85985780
 35.600000      0.89609556
 35.700000      0.92651898
 35.800000      0.95118835
 35.900000      0.97092330
 36.000000      0.98620861
 36.100000      0.99615066
 36.200000      1.00000000
 36.300000      0.99585281
 36.400000      0.98489566
 36.500000      0.96660477
 36.600000      0.94143172
 36.700000      0.91016320
 36.800000      0.87248789
 36.900000      0.82766334
 37.000000      0.77663832
 37.100000      0.72006525
 37.200000      0.65879832
 37.300000      0.59411637
 37.400000      0.52647695
 37.500000      0.45700921
 37.600000      0.38631027
 37.700000      0.31562556
 37.800000      0.24588675
 37.900000      0.17864648
 38.000000      0.11435695
 38.100000      0.05377804
 38.200000     -0.00264161
 38.300000     -0.05494501
 38.400000     -0.10269448
 38.500000     -0.14565273
 38.600000     -0.18357758
 38.700000     -0.21653958
 38.800000     -0.24411947
 38.900000     -0.26688277
 39.000000     -0.28470505
 39.100000     -0.29766308
 39.200000     -0.30666842
 39.300000     -0.31214267
 39.400000     -0.31404573
 39.500000     -0.31329675
 39.600000     -0.31009403
 39.700000     -0.30522972
 39.800000     -0.29964972
 39.900000     -0.29279076
