  0.000000     -0.01632471
  0.100000     -0.01610327
  0.200000     -0.01597649
  0.300000     -0.01585017
  0.400000     -0.01582236
  0.500000     -0.01588503
  0.600000     -0.01602946
  0.700000     -0.01618335
  0.800000     -0.01633537
  0.900000     -0.01652155
  1.000000     -0.01662649
  1.100000     -0.01680498
  1.200000     -0.01687815
  1.300000     -0.01700783
  1.400000     -0.01733668
  1.500000     -0.01778428
  1.600000     -0.01826922
  1.700000     -0.01882223
  1.800000     -0.01932635
  1.900000     -0.01983219
  2.000000     -0.02017087
  2.100000     -0.02031798
  2.200000     -0.02042197
  2.300000     -0.02048733
  2.400000     -0.02048511
  2.500000     -0.02008422
  2.600000     -0.01943988
  2.700000     -0.01869425
  2.800000     -0.01805641
  2.900000     -0.01748170
  3.000000     -0.01695329
  3.100000     -0.01634564
  3.200000     -0.01579521
  3.300000     -0.01561467
  3.400000     -0.01566067
  3.500000     -0.01584274
  3.600000     -0.01612996
  3.700000     -0.01658465
  3.800000     -0.01723385
  3.900000     -0.01805318
  4.000000     -0.01893500
  4.100000     -0.01951406
  4.200000     -0.01992396
  4.300000     -0.02001071
  4.400000     -0.01967946
  4.500000     -0.01859712
  4.600000     -0.01722599
  4.700000     -0.01577257
  4.800000     -0.01446354
  4.900000     -0.01359850
  5.000000     -0.01315126
  5.100000     -0.01291044
  5.200000     -0.01297893
  5.300000     -0.01288337
  5.400000     -0.01245447
  5.500000     -0.01151497
  5.600000     -0.00998701
  5.700000     -0.00809783
  5.800000     -0.00577776
  5.900000     -0.00306548
  6.000000     -0.00025198
  6.100000      0.00247935
  6.200000      0.00500231
  6.300000      0.00723026
  6.400000      0.00933930
  6.500000      0.01116250
  6.600000      0.01253313
  6.700000      0.01330204
  6.800000      0.01391171
  6.900000      0.01447581
  7.000000      0.01501488
  7.100000      0.01576499
  7.200000      0.01635099
  7.300000      0.01694444
  7.400000      0.01744975
  7.500000      0.01803126
  7.600000      0.01871785
  7.700000      0.01984443
  7.800000      0.02126976
  7.900000      0.02328375
  8.000000      0.02581526
  8.100000      0.02885711
  8.200000      0.03114312
  8.300000      0.03364349
  8.400000      0.03783404
  8.500000      0.04230632
  8.600000      0.04805818
  8.700000      0.05540080
  8.800000      0.06400374
  8.900000      0.07441998
  9.000000      0.08623432
  9.100000      0.09902519
  9.200000      0.11253333
  9.300000      0.12696954
  9.400000      0.14221290
  9.500000      0.15918709
  9.600000      0.17730193
  9.700000      0.19645994
  9.800000      0.21786810
  9.900000      0.24094709
 10.000000      0.26340423
 10.100000      0.28592995
 10.200000      0.31043397
 10.300000      0.33846191
 10.400000      0.37005703
 10.500000      0.40294462
 10.600000      0.43658162
 10.700000      0.47238445
 10.800000      0.51014432
 10.900000      0.54972805
 11.000000      0.59162584
 11.100000      0.63408279
 11.200000      0.67661062
 11.300000      0.72045406
 11.400000      0.76191592
 11.500000      0.79860682
 11.600000      0.83562601
 11.700000      0.87022028
 11.800000      0.89783877
 11.900000      0.92553325
 12.000000      0.95158595
 12.100000      0.97039860
 12.200000      0.98302114
 12.300000      0.99240136
 12.400000      0.99746384
 12.500000      1.00000000
 12.600000      0.99696813
 12.700000      0.99079478
 12.800000      0.98131870
 12.900000      0.96758855
 13.000000      0.94998384
 13.100000      0.93074017
 13.200000      0.90539369
 13.300000      0.86878393
 13.400000      0.82875656
 13.500000      0.78589097
 13.600000      0.73737498
 13.700000      0.68227543
 13.800000      0.62348117
 13.900000      0.56281985
 14.000000      0.49817631
 14.100000      0.43164828
 14.200000      0.36480941
 14.300000      0.29969357
 14.400000      0.23201715
 14.500000      0.16633844
 14.600000      0.10633232
 14.700000      0.04916107
 14.800000     -0.01081916
 14.900000     -0.06916483
 15.000000     -0.12103414
 15.100000     -0.16834882
 15.200000     -0.21038700
 15.300000     -0.24793340
 15.400000     -0.28188569
 15.500000     -0.30851067
 15.600000     -0.33133988
 15.700000     -0.35346739
 15.800000     -0.37488024
 15.900000     -0.39401752
 16.000000     -0.41089250
 16.100000     -0.42557274
 16.200000     -0.43648685
 16.300000     -0.44515572
 16.400000     -0.45248381
 16.500000     -0.46188346
 16.600000     -0.47846983
 16.700000     -0.48157432
 16.800000     -0.48440017
 16.900000     -0.48555454
 17.000000     -0.48301974
 17.100000     -0.47971739
 17.200000     -0.47550475
 17.300000     -0.46924331
 17.400000     -0.46263984
 17.500000     -0.45733443
 17.600000     -0.45294014
 17.700000     -0.44745906
 17.800000     -0.43888550
 17.900000     -0.42682531
 18.000000     -0.41417332
 18.100000     -0.41122344
 18.200000     -0.39824869
 18.300000     -0.38348594
 18.400000     -0.37537692
 18.500000     -0.36855310
 18.600000     -0.35438144
 18.700000     -0.34404220
 18.800000     -0.33498261
 18.900000     -0.32596812
 19.000000     -0.31821561
 19.100000     -0.31299621
 19.200000     -0.30692743
 19.300000     -0.30066264
 19.400000     -0.29629318
 19.500000     -0.29470717
 19.600000     -0.29352455
 19.700000     -0.29173198
 19.800000     -0.29032407
 19.900000     -0.29065551
 20.000000     -0.28996179
 20.100000     -0.28705888
 20.200000     -0.28686460
 20.300000     -0.28618353
 20.400000     -0.28579725
 20.500000     -0.28457938
 20.600000     -0.28511761
 20.700000     -0.28129830
 20.800000     -0.27651822
 20.900000     -0.27253383
 21.000000     -0.26945958
 21.100000     -0.26726461
 21.200000     -0.26468353
 21.300000     -0.26262623
 21.400000     -0.26145750
 21.500000     -0.26006150
 21.600000     -0.25819398
 21.700000     -0.25705296
 21.800000     -0.25447319
 21.900000     -0.25139031
 22.000000     -0.24857772
 22.100000     -0.24597333
 22.200000     -0.24360737
 22.300000     -0.24132346
 22.400000     -0.23828169
 22.500000     -0.23547070
 22.600000     -0.23401639
 22.700000     -0.23237055
 22.800000     -0.23146565
 22.900000     -0.22899336
 23.000000     -0.22616755
 23.100000     -0.22327653
 23.200000     -0.21909441
 23.300000     -0.21453054
 23.400000     -0.21018758
 23.500000     -0.20685843
 23.600000     -0.20373230
 23.700000     -0.20059784
 23.800000     -0.19788554
 23.900000     -0.19535827
 24.000000     -0.19329411
 24.100000     -0.19228907
 24.200000     -0.19142957
 24.300000     -0.19001170
 24.400000     -0.18821278
 24.500000     -0.18655002
 24.600000     -0.18547128
 24.700000     -0.18410231
 24.800000     -0.18184988
 24.900000     -0.17866861
 25.000000     -0.17596146
 25.100000     -0.17346120
 25.200000     -0.17092299
 25.300000     -0.16877670
 25.400000     -0.16696842
 25.500000     -0.16504962
 25.600000     -0.16271957
 25.700000     -0.16074190
 25.800000     -0.15901368
 25.900000     -0.15765136
 26.000000     -0.15652785
 26.100000     -0.15523512
 26.200000     -0.15378079
 26.300000     -0.15221625
 26.400000     -0.15025437
 26.500000     -0.14836980
 26.600000     -0.14646753
 26.700000     -0.14480669
 26.800000     -0.14317670
 26.900000     -0.14146260
 27.000000     -0.14013799
 27.100000     -0.13929047
 27.200000     -0.13843479
 27.300000     -0.13768763
 27.400000     -0.13673750
 27.500000     -0.13561604
 27.600000     -0.13420670
 27.700000     -0.13251627
 27.800000     -0.13073819
 27.900000     -0.12909701
 28.000000     -0.12763436
 28.100000     -0.12655448
 28.200000     -0.12573235
 28.300000     -0.12499580
 28.400000     -0.12472134
 28.500000     -0.12414215
 28.600000     -0.12379162
 28.700000     -0.12304094
 28.800000     -0.12207460
 28.900000     -0.12094634
 29.000000     -0.11939517
 29.100000     -0.11745153
 29.200000     -0.11506707
 29.300000     -0.11204831
 29.400000     -0.10875737
 29.500000     -0.10543747
 29.600000     -0.10211397
 29.700000     -0.09907867
 29.800000     -0.09593071
 29.900000     -0.09284726
 30.000000     -0.09012861
 30.100000     -0.08718780
 30.200000     -0.08421419
 30.300000     -0.08118530
 30.400000     -0.07791124
 30.500000     -0.07459366
 30.600000     -0.07133068
 30.700000     -0.06806841
 30.800000     -0.06504551
 30.900000     -0.06237937
 31.000000     -0.05995194
 31.100000     -0.05767870
 31.200000     -0.05534293
 31.300000     -0.05283315
 31.400000     -0.05051144
 31.500000     -0.04782457
 31.600000     -0.04525863
 31.700000     -0.04285059
 31.800000     -0.04052373
 31.900000     -0.03844871
 32.000000     -0.03636481
 32.100000     -0.03445426
 32.200000     -0.03241324
 32.300000     -0.03046683
 32.400000     -0.02838229
 32.500000     -0.02626794
 32.600000     -0.02433391
 32.700000     -0.02250883
 32.800000     -0.02077539
 32.900000     -0.01921258
 33.000000     -0.01769434
 33.100000     -0.01621108
 33.200000     -0.01474997
 33.300000     -0.01308349
 33.400000     -0.01067410
 33.500000     -0.00806900
 33.600000     -0.00555187
 33.700000     -0.00305352
 33.800000     -0.00067170
 33.900000      0.00161472
 34.000000      0.00390973
 34.100000      0.00617667
 34.200000      0.00848876
 34.300000      0.01077211
 34.400000      0.01276285
 34.500000      0.01433866
 34.600000      0.01545835
 34.700000      0.01600873
 34.800000      0.01587921
 34.900000      0.01501421
 35.000000      0.01378990
 35.100000      0.01220113
 35.200000      0.01035324
 35.300000      0.00829404
 35.400000      0.00610253
 35.500000      0.00376901
 35.600000      0.00143551
 35.700000     -0.00061203
 35.800000     -0.00252465
 35.900000     -0.00392074
 36.000000     -0.00479796
 36.100000     -0.00531682
 36.200000     -0.00542064
 36.300000     -0.00494656
 36.400000     -0.00404237
 36.500000     -0.00264755
 36.600000     -0.00092565
 36.700000      0.00125807
 36.800000      0.00351347
 36.900000      0.00546584
 37.000000      0.00742785
 37.100000      0.00892222
 37.200000      0.01018668
 37.300000      0.01117351
 37.400000      0.01188897
 37.500000      0.01269446
 37.600000      0.01347058
 37.700000      0.01443002
 37.800000      0.01567287
 37.900000      0.01706187
 38.000000      0.01867621
 38.100000      0.02056350
 38.200000      0.02245837
 38.300000      0.02442557
 38.400000      0.02628008
 38.500000      0.02807162
 38.600000      0.02985989
 38.700000      0.03143098
 38.800000      0.03292790
 38.900000      0.03431158
 39.000000      0.03566883
 39.100000      0.03697987
 39.200000      0.03825378
 39.300000      0.03935004
 39.400000      0.04039421
 39.500000      0.04132843
 39.600000      0.04208136
 39.700000      0.04263908
 39.800000      0.04315260
 39.900000      0.04343863
