  0.000000      0.01780086
  0.100000      0.01825406
  0.200000      0.01858659
  0.300000      0.01843985
  0.400000      0.01808246
  0.500000      0.01964044
  0.600000      0.02088184
  0.700000      0.02146956
  0.800000      0.02177563
  0.900000      0.02109132
  1.000000      0.02021640
  1.100000      0.01898859
  1.200000      0.01946008
  1.300000      0.02141501
  1.400000      0.02384533
  1.500000      0.02696338
  1.600000      0.02950328
  1.700000      0.03188616
  1.800000      0.03347766
  1.900000      0.03334928
  2.000000      0.03220104
  2.100000      0.03032629
  2.200000      0.02885735
  2.300000      0.02842643
  2.400000      0.02949770
  2.500000      0.03163279
  2.600000      0.03450798
  2.700000      0.03762728
  2.800000      0.03967496
  2.900000      0.03976826
  3.000000      0.03967789
  3.100000      0.04180853
  3.200000      0.04627435
  3.300000      0.05112463
  3.400000      0.05456320
  3.500000      0.05546912
  3.600000      0.05277864
  3.700000      0.04960984
  3.800000      0.04689144
  3.900000      0.04480206
  4.000000      0.04450147
  4.100000      0.04702483
  4.200000      0.05098719
  4.300000      0.05388627
  4.400000      0.05619963
  4.500000      0.05774721
  4.600000      0.05818111
  4.700000      0.05711187
  4.800000      0.05542972
  4.900000      0.05481330
  5.000000      0.05367036
  5.100000      0.05231800
  5.200000      0.05096698
  5.300000      0.04930678
  5.400000      0.04824781
  5.500000      0.04496833
  5.600000      0.04243286
  5.700000      0.03902379
  5.800000      0.03490592
  5.900000      0.03301951
  6.000000      0.03150933
  6.100000      0.03165069
  6.200000      0.03083772
  6.300000      0.02798951
  6.400000      0.02522077
  6.500000      0.02479752
  6.600000      0.02417042
  6.700000      0.02649478
  6.800000      0.03135675
  6.900000      0.03849825
  7.000000      0.04314677
  7.100000      0.04524240
  7.200000      0.04626740
  7.300000      0.04712763
  7.400000      0.04881485
  7.500000      0.04998737
  7.600000      0.05144673
  7.700000      0.05415882
  7.800000      0.05448922
  7.900000      0.05393271
  8.000000      0.05205717
  8.100000      0.05169967
  8.200000      0.05229159
  8.300000      0.05488843
  8.400000      0.05653484
  8.500000      0.05646514
  8.600000      0.05565708
  8.700000      0.05629229
  8.800000      0.05960737
  8.900000      0.06309565
  9.000000      0.06767372
  9.100000      0.07178611
  9.200000      0.07590685
  9.300000      0.07898713
  9.400000      0.08134607
  9.500000      0.08474959
  9.600000      0.08872247
  9.700000      0.09074583
  9.800000      0.09177968
  9.900000      0.09146059
 10.000000      0.09319088
 10.100000      0.09411206
 10.200000      0.09509421
 10.300000      0.09466276
 10.400000      0.09509501
 10.500000      0.09775205
 10.600000      0.10187110
 10.700000      0.10595271
 10.800000      0.11047675
 10.900000      0.11277974
 11.000000      0.11458252
 11.100000      0.11528501
 11.200000      0.11602161
 11.300000      0.11686802
 11.400000      0.11773125
 11.500000      0.11655538
 11.600000      0.11623206
 11.700000      0.11533204
 11.800000      0.11385599
 11.900000      0.11196128
 12.000000      0.11138545
 12.100000      0.11077826
 12.200000      0.10893217
 12.300000      0.10774334
 12.400000      0.10804750
 12.500000      0.10789849
 12.600000      0.10867500
 12.700000      0.10781096
 12.800000      0.10652817
 12.900000      0.10349551
 13.000000      0.10328903
 13.100000      0.10288260
 13.200000      0.10368356
 13.300000      0.10687276
 13.400000      0.10891592
 13.500000      0.11238791
 13.600000      0.11627286
 13.700000      0.12099362
 13.800000      0.12680731
 13.900000      0.13289229
 14.000000      0.14203265
 14.100000      0.15221715
 14.200000      0.16219761
 14.300000      0.17203678
 14.400000      0.18119742
 14.500000      0.19264692
 14.600000      0.20587510
 14.700000      0.22228022
 14.800000      0.23980227
 14.900000      0.26015404
 15.000000      0.27684758
 15.100000      0.29377355
 15.200000      0.30975483
 15.300000      0.32681233
 15.400000      0.34841019
 15.500000      0.36931928
 15.600000      0.38722293
 15.700000      0.39994202
 15.800000      0.40471538
 15.900000      0.40836470
 16.000000      0.41018580
 16.100000      0.40886646
 16.200000      0.40324423
 16.300000      0.40585690
 16.400000      0.41412913
 16.500000      0.42588070
 16.600000      0.44187987
 16.700000      0.45198583
 16.800000      0.45648395
 16.900000      0.46366020
 17.000000      0.47562122
 17.100000      0.49117413
 17.200000      0.50181925
 17.300000      0.51242853
 17.400000      0.53063686
 17.500000      0.54322804
 17.600000      0.55534652
 17.700000      0.55569665
 17.800000      0.55338127
 17.900000      0.55113104
 18.000000      0.56164262
 18.100000      0.56768739
 18.200000      0.57413498
 18.300000      0.58165216
 18.400000      0.57988397
 18.500000      0.57269063
 18.600000      0.57214167
 18.700000      0.56726479
 18.800000      0.56332364
 18.900000      0.56777490
 19.000000      0.57199683
 19.100000      0.58361512
 19.200000      0.59308320
 19.300000      0.59881735
 19.400000      0.61271196
 19.500000      0.62848681
 19.600000      0.64574568
 19.700000      0.66778194
 19.800000      0.68856621
 19.900000      0.69754679
 20.000000      0.70430745
 20.100000      0.70678607
 20.200000      0.70961858
 20.300000      0.71164545
 20.400000      0.71559225
 20.500000      0.70762691
 20.600000      0.69260907
 20.700000      0.66713309
 20.800000      0.63781217
 20.900000      0.61365185
 21.000000      0.60376210
 21.100000      0.61186589
 21.200000      0.63726205
 21.300000      0.67636784
 21.400000      0.72594531
 21.500000      0.76510348
 21.600000      0.80135118
 21.700000      0.83180674
 21.800000      0.85159458
 21.900000      0.85362519
 22.000000      0.83476018
 22.100000      0.80998175
 22.200000      0.77905006
 22.300000      0.74219593
 22.400000      0.69956930
 22.500000      0.64591515
 22.600000      0.58745868
 22.700000      0.53359712
 22.800000      0.48249472
 22.900000      0.42948052
 23.000000      0.38137345
 23.100000      0.33829160
 23.200000      0.28872926
 23.300000      0.24211560
 23.400000      0.20315194
 23.500000      0.16109529
 23.600000      0.11771634
 23.700000      0.07394348
 23.800000      0.03087515
 23.900000     -0.01344733
 24.000000     -0.06167319
 24.100000     -0.11053193
 24.200000     -0.15775985
 24.300000     -0.20437930
 24.400000     -0.25787647
 24.500000     -0.31557616
 24.600000     -0.37793565
 24.700000     -0.43900073
 24.800000     -0.49948911
 24.900000     -0.56706220
 25.000000     -0.63709031
 25.100000     -0.70447527
 25.200000     -0.76530156
 25.300000     -0.82346291
 25.400000     -0.87464841
 25.500000     -0.91845286
 25.600000     -0.95551306
 25.700000     -0.98177023
 25.800000     -0.99816358
 25.900000     -1.00000000
 26.000000     -0.99876168
 26.100000     -0.97960609
 26.200000     -0.95710191
 26.300000     -0.94391435
 26.400000     -0.91687863
 26.500000     -0.89061522
 26.600000     -0.87683201
 26.700000     -0.87094772
 26.800000     -0.85699542
 26.900000     -0.85425465
 27.000000     -0.85663668
 27.100000     -0.85602490
 27.200000     -0.86299483
 27.300000     -0.86800954
 27.400000     -0.86969228
 27.500000     -0.87260985
 27.600000     -0.87200796
 27.700000     -0.86341312
 27.800000     -0.85237216
 27.900000     -0.83861003
 28.000000     -0.82223659
 28.100000     -0.79906642
 28.200000     -0.78882146
 28.300000     -0.78123052
 28.400000     -0.77639922
 28.500000     -0.77571721
 28.600000     -0.77767327
 28.700000     -0.77790905
 28.800000     -0.77584812
 28.900000     -0.76732977
 29.000000     -0.76028563
 29.100000     -0.75234576
 29.200000     -0.74198000
 29.300000     -0.73420880
 29.400000     -0.72622849
 29.500000     -0.71435867
 29.600000     -0.70437285
 29.700000     -0.69168036
 29.800000     -0.67451916
 29.900000     -0.65827734
 30.000000     -0.64540381
 30.100000     -0.63473503
 30.200000     -0.62949889
 30.300000     -0.62388509
 30.400000     -0.61758864
 30.500000     -0.61132029
 30.600000     -0.60590071
 30.700000     -0.60075062
 30.800000     -0.59578438
 30.900000     -0.59151054
 31.000000     -0.58676100
 31.100000     -0.58214204
 31.200000     -0.57760820
 31.300000     -0.57223667
 31.400000     -0.56787405
 31.500000     -0.56587502
 31.600000     -0.56280616
 31.700000     -0.55812845
 31.800000     -0.55338020
 31.900000     -0.54969932
 32.000000     -0.54747795
 32.100000     -0.54440577
 32.200000     -0.54089765
 32.300000     -0.53480888
 32.400000     -0.52641858
 32.500000     -0.51819165
 32.600000     -0.50865865
 32.700000     -0.50130119
 32.800000     -0.49257112
 32.900000     -0.48291363
 33.000000     -0.47325208
 33.100000     -0.46506067
 33.200000     -0.45543719
 33.300000     -0.44368234
 33.400000     -0.43397465
 33.500000     -0.42557509
 33.600000     -0.41890514
 33.700000     -0.41284185
 33.800000     -0.40765030
 33.900000     -0.40346035
 34.000000     -0.39787347
 34.100000     -0.39238261
 34.200000     -0.38829603
 34.300000     -0.38503555
 34.400000     -0.38169488
 34.500000     -0.37863782
 34.600000     -0.37725537
 34.700000     -0.37578950
 34.800000     -0.37357270
 34.900000     -0.37016963
 35.000000     -0.36872750
 35.100000     -0.36807364
 35.200000     -0.36659634
 35.300000     -0.36340634
 35.400000     -0.35887984
 35.500000     -0.35305690
 35.600000     -0.34810449
 35.700000     -0.34418298
 35.800000     -0.34131252
 35.900000     -0.34020332
 36.000000     -0.34063621
 36.100000     -0.34037354
 36.200000     -0.33847265
 36.300000     -0.33611566
 36.400000     -0.33496933
 36.500000     -0.33499490
 36.600000     -0.33536792
 36.700000     -0.33460126
 36.800000     -0.33292779
 36.900000     -0.33021813
 37.000000     -0.32762617
 37.100000     -0.32592621
 37.200000     -0.32454888
 37.300000     -0.32229653
 37.400000     -0.31940995
 37.500000     -0.31714267
 37.600000     -0.31440049
 37.700000     -0.31176944
 37.800000     -0.30972364
 37.900000     -0.30934708
 38.000000     -0.30880550
 38.100000     -0.30724274
 38.200000     -0.30386537
 38.300000     -0.29868858
 38.400000     -0.29429509
 38.500000     -0.29020673
 38.600000     -0.28731226
 38.700000     -0.28395795
 38.800000     -0.28061570
 38.900000     -0.27697131
 39.000000     -0.27229246
 39.100000     -0.26682246
 39.200000     -0.26150314
 39.300000     -0.25765736
 39.400000     -0.25321068
 39.500000     -0.24873354
 39.600000     -0.24413284
 39.700000     -0.23954855
 39.800000     -0.23503540
 39.900000     -0.23122217
