  0.000000     -0.01001269
  0.100000     -0.00939597
  0.200000     -0.00914496
  0.300000     -0.00886562
  0.400000     -0.00883868
  0.500000     -0.00963715
  0.600000     -0.00999734
  0.700000     -0.00977367
  0.800000     -0.01003509
  0.900000     -0.01081557
  1.000000     -0.01121916
  1.100000     -0.01071910
  1.200000     -0.01112182
  1.300000     -0.01073755
  1.400000     -0.00879012
  1.500000     -0.00986090
  1.600000     -0.00993874
  1.700000     -0.00932292
  1.800000     -0.00827467
  1.900000     -0.00739733
  2.000000     -0.00695235
  2.100000     -0.00614718
  2.200000     -0.00505679
  2.300000     -0.00415183
  2.400000     -0.00311857
  2.500000     -0.00223114
  2.600000     -0.00076290
  2.700000      0.00117446
  2.800000      0.00286484
  2.900000      0.00426409
  3.000000      0.00526820
  3.100000      0.00515799
  3.200000      0.00556183
  3.300000      0.00584529
  3.400000      0.00611193
  3.500000      0.00522116
  3.600000      0.00306850
  3.700000      0.00097453
  3.800000     -0.00178735
  3.900000     -0.00496141
  4.000000     -0.00818644
  4.100000     -0.01100549
  4.200000     -0.01319307
  4.300000     -0.01504830
  4.400000     -0.01650479
  4.500000     -0.01768416
  4.600000     -0.01873329
  4.700000     -0.02016552
  4.800000     -0.02071933
  4.900000     -0.02009929
  5.000000     -0.01947332
  5.100000     -0.01721234
  5.200000     -0.01331268
  5.300000     -0.01055943
  5.400000     -0.00996664
  5.500000     -0.01103143
  5.600000     -0.01272128
  5.700000     -0.01505434
  5.800000     -0.01816692
  5.900000     -0.02082053
  6.000000     -0.02417548
  6.100000     -0.02755144
  6.200000     -0.02953822
  6.300000     -0.03154662
  6.400000     -0.03572590
  6.500000     -0.03947576
  6.600000     -0.04250357
  6.700000     -0.04545074
  6.800000     -0.05032078
  6.900000     -0.05635766
  7.000000     -0.06011811
  7.100000     -0.06532990
  7.200000     -0.07226240
  7.300000     -0.08131385
  7.400000     -0.08948874
  7.500000     -0.09884629
  7.600000     -0.11215819
  7.700000     -0.12849291
  7.800000     -0.14892269
  7.900000     -0.17514169
  8.000000     -0.20574106
  8.100000     -0.23828777
  8.200000     -0.27534959
  8.300000     -0.31716873
  8.400000     -0.36366242
  8.500000     -0.41616992
  8.600000     -0.47535102
  8.700000     -0.54191449
  8.800000     -0.61342859
  8.900000     -0.68330617
  9.000000     -0.74536188
  9.100000     -0.79500889
  9.200000     -0.82774588
  9.300000     -0.84148889
  9.400000     -0.83540570
  9.500000     -0.80734169
  9.600000     -0.75595749
  9.700000     -0.68077426
  9.800000     -0.58379073
  9.900000     -0.46504773
 10.000000     -0.32694211
 10.100000     -0.17350754
 10.200000     -0.01291145
 10.300000      0.14989443
 10.400000      0.30621538
 10.500000      0.45006266
 10.600000      0.57878149
 10.700000      0.68986304
 10.800000      0.78467248
 10.900000      0.86312753
 11.000000      0.92494297
 11.100000      0.96996719
 11.200000      0.99429003
 11.300000      1.00000000
 11.400000      0.99071867
 11.500000      0.96105738
 11.600000      0.91245161
 11.700000      0.85051510
 11.800000      0.77386317
 11.900000      0.68641714
 12.000000      0.58967696
 12.100000      0.48694303
 12.200000      0.38383960
 12.300000      0.28301609
 12.400000      0.18955131
 12.500000      0.10385462
 12.600000      0.03038644
 12.700000     -0.02943641
 12.800000     -0.07301469
 12.900000     -0.10156627
 13.000000     -0.11929174
 13.100000     -0.12980046
 13.200000     -0.13377134
 13.300000     -0.13206662
 13.400000     -0.12397737
 13.500000     -0.11189438
 13.600000     -0.09508465
 13.700000     -0.07844008
 13.800000     -0.06562052
 13.900000     -0.05504498
 14.000000     -0.04559310
 14.100000     -0.03316108
 14.200000     -0.01946090
 14.300000     -0.00684615
 14.400000      0.00399792
 14.500000      0.01498990
 14.600000      0.02318942
 14.700000      0.03126122
 14.800000      0.03692403
 14.900000      0.04410013
 15.000000      0.05159151
 15.100000      0.05886805
 15.200000      0.06255485
 15.300000      0.06343599
 15.400000      0.06217892
 15.500000      0.06265255
 15.600000      0.06449674
 15.700000      0.06586466
 15.800000      0.06547614
 15.900000      0.06365566
 16.000000      0.06094502
 16.100000      0.05919647
 16.200000      0.05398739
 16.300000      0.04513658
 16.400000      0.03759602
 16.500000      0.03188361
 16.600000      0.03071698
 16.700000      0.03126379
 16.800000      0.03280100
 16.900000      0.03003200
 17.000000      0.02883786
 17.100000      0.02579588
 17.200000      0.02331334
 17.300000      0.02092732
 17.400000      0.02079512
 17.500000      0.02145731
 17.600000      0.02377657
 17.700000      0.02679208
 17.800000      0.02734710
 17.900000      0.02697899
 18.000000      0.02667073
 18.100000      0.02613680
 18.200000      0.01491849
 18.300000      0.01214782
 18.400000      0.01176274
 18.500000      0.00876427
 18.600000      0.00383329
 18.700000     -0.00121181
 18.800000     -0.00566565
 18.900000     -0.00353330
 19.000000      0.00018159
 19.100000      0.00452154
 19.200000      0.00825869
 19.300000      0.01139299
 19.400000      0.01676304
 19.500000      0.01847272
 19.600000      0.01957366
 19.700000      0.02306380
 19.800000      0.02456686
 19.900000      0.02639883
 20.000000      0.02685647
 20.100000      0.02694374
 20.200000      0.02861487
 20.300000      0.03062639
 20.400000      0.03100721
 20.500000      0.03158615
 20.600000      0.03125816
 20.700000      0.02936564
 20.800000      0.03011182
 20.900000      0.02950741
 21.000000      0.03248766
 21.100000      0.03092699
 21.200000      0.03100963
 21.300000      0.02831413
 21.400000      0.02218464
 21.500000      0.01581096
 21.600000      0.00769731
 21.700000     -0.00006480
 21.800000     -0.00730973
 21.900000     -0.01094416
 22.000000     -0.01274326
 22.100000     -0.01324400
 22.200000     -0.01388486
 22.300000     -0.01444531
 22.400000     -0.01716978
 22.500000     -0.01959516
 22.600000     -0.01709958
 22.700000     -0.01720483
 22.800000     -0.01611536
 22.900000     -0.01544502
 23.000000     -0.01552014
 23.100000     -0.01588421
 23.200000     -0.01485650
 23.300000     -0.01373958
 23.400000     -0.00913799
 23.500000     -0.00462583
 23.600000     -0.00259519
 23.700000     -0.00236128
 23.800000      0.00074685
 23.900000      0.00143645
 24.000000     -0.00041078
 24.100000     -0.00231860
 24.200000     -0.00612932
 24.300000     -0.00946223
 24.400000     -0.01371297
 24.500000     -0.01813957
 24.600000     -0.01624154
 24.700000     -0.01564131
 24.800000     -0.01356852
 24.900000     -0.01327664
 25.000000     -0.01214136
 25.100000     -0.01115709
 25.200000     -0.00975726
 25.300000     -0.01077981
 25.400000     -0.01493478
 25.500000     -0.01870356
 25.600000     -0.02226592
 25.700000     -0.02590042
 25.800000     -0.03080319
 25.900000     -0.03670349
 26.000000     -0.04181415
 26.100000     -0.04575192
 26.200000     -0.04785730
 26.300000     -0.05056002
 26.400000     -0.05392669
 26.500000     -0.05829930
 26.600000     -0.06263379
 26.700000     -0.06495210
 26.800000     -0.06507883
 26.900000     -0.06140686
 27.000000     -0.05815069
 27.100000     -0.05633159
 27.200000     -0.05190374
 27.300000     -0.04986416
 27.400000     -0.04780691
 27.500000     -0.04389935
 27.600000     -0.04191499
 27.700000     -0.04056640
 27.800000     -0.03956723
 27.900000     -0.03935551
 28.000000     -0.03883661
 28.100000     -0.03439034
 28.200000     -0.03045843
 28.300000     -0.02906362
 28.400000     -0.02641077
 28.500000     -0.02246041
 28.600000     -0.02016644
 28.700000     -0.01742758
 28.800000     -0.01529141
 28.900000     -0.01143151
 29.000000     -0.00792607
 29.100000     -0.00639729
 29.200000     -0.00621394
 29.300000     -0.00585914
 29.400000     -0.00696629
 29.500000     -0.00902722
 29.600000     -0.01135372
 29.700000     -0.01389319
 29.800000     -0.01712665
 29.900000     -0.02207997
 30.000000     -0.02715167
 30.100000     -0.03194233
 30.200000     -0.03608414
 30.300000     -0.04105589
 30.400000     -0.04438109
 30.500000     -0.04643099
 30.600000     -0.04797394
 30.700000     -0.05061427
 30.800000     -0.05268493
 30.900000     -0.05523643
 31.000000     -0.05935723
 31.100000     -0.05970703
 31.200000     -0.05909016
 31.300000     -0.05871909
 31.400000     -0.06073997
 31.500000     -0.06174007
 31.600000     -0.06271874
 31.700000     -0.06322946
 31.800000     -0.06308488
 31.900000     -0.06256194
 32.000000     -0.06119220
 32.100000     -0.05894471
 32.200000     -0.05590587
 32.300000     -0.05337848
 32.400000     -0.05244982
 32.500000     -0.05041257
 32.600000     -0.04809894
 32.700000     -0.04396509
 32.800000     -0.03936997
 32.900000     -0.03625938
 33.000000     -0.03659354
 33.100000     -0.03576179
 33.200000     -0.03454510
 33.300000     -0.03466122
 33.400000     -0.03382982
 33.500000     -0.03239765
 33.600000     -0.03066739
 33.700000     -0.03123620
 33.800000     -0.03176362
 33.900000     -0.03063397
 34.000000     -0.03080777
 34.100000     -0.03161653
 34.200000     -0.03101099
 34.300000     -0.02958684
 34.400000     -0.02925181
 34.500000     -0.02974401
 34.600000     -0.02944525
 34.700000     -0.02885921
 34.800000     -0.02912070
 34.900000     -0.02842371
 35.000000     -0.02809383
 35.100000     -0.02898659
 35.200000     -0.02945845
 35.300000     -0.02994477
 35.400000     -0.02976951
 35.500000     -0.02951022
 35.600000     -0.02934785
 35.700000     -0.02873816
 35.800000     -0.02792350
 35.900000     -0.02660360
 36.000000     -0.02443696
 36.100000     -0.02387590
 36.200000     -0.02317326
 36.300000     -0.02203579
 36.400000     -0.02020386
 36.500000     -0.01902189
 36.600000     -0.01814868
 36.700000     -0.01729643
 36.800000     -0.01702661
 36.900000     -0.01737602
 37.000000     -0.01881167
 37.100000     -0.02018950
 37.200000     -0.02126430
 37.300000     -0.02189446
 37.400000     -0.02150771
 37.500000     -0.02100534
 37.600000     -0.02128807
 37.700000     -0.02300513
 37.800000     -0.02469155
 37.900000     -0.02596066
 38.000000     -0.02629869
 38.100000     -0.02766802
 38.200000     -0.02950544
 38.300000     -0.03030545
 38.400000     -0.03168439
 38.500000     -0.03331558
 38.600000     -0.03496744
 38.700000     -0.03564317
 38.800000     -0.03622432
 38.900000     -0.03641727
 39.000000     -0.03611398
 39.100000     -0.03614752
 39.200000     -0.03662375
 39.300000     -0.03767467
 39.400000     -0.03888521
 39.500000     -0.04086737
 39.600000     -0.04277520
 39.700000     -0.04416484
 39.800000     -0.04417055
 39.900000     -0.04490983
