  0.000000     -0.08048903
  0.100000     -0.08113062
  0.200000     -0.08165858
  0.300000     -0.08214164
  0.400000     -0.08246828
  0.500000     -0.08261068
  0.600000     -0.08270740
  0.700000     -0.08288577
  0.800000     -0.08352606
  0.900000     -0.08440917
  1.000000     -0.08557488
  1.100000     -0.08677275
  1.200000     -0.08805865
  1.300000     -0.08972727
  1.400000     -0.09153615
  1.500000     -0.09328351
  1.600000     -0.09498317
  1.700000     -0.09641666
  1.800000     -0.09748135
  1.900000     -0.09850527
  2.000000     -0.09960889
  2.100000     -0.10071616
  2.200000     -0.10185301
  2.300000     -0.10276171
  2.400000     -0.10368818
  2.500000     -0.10475066
  2.600000     -0.10580654
  2.700000     -0.10679969
  2.800000     -0.10751811
  2.900000     -0.10812828
  3.000000     -0.10851125
  3.100000     -0.10889744
  3.200000     -0.10946567
  3.300000     -0.11050184
  3.400000     -0.11165407
  3.500000     -0.11258520
  3.600000     -0.11314897
  3.700000     -0.11338296
  3.800000     -0.11386231
  3.900000     -0.11474088
  4.000000     -0.11591892
  4.100000     -0.11711524
  4.200000     -0.11764017
  4.300000     -0.11797794
  4.400000     -0.11851108
  4.500000     -0.11951793
  4.600000     -0.12068000
  4.700000     -0.12150940
  4.800000     -0.12194351
  4.900000     -0.12184082
  5.000000     -0.12136933
  5.100000     -0.12094518
  5.200000     -0.12167266
  5.300000     -0.12282146
  5.400000     -0.12253920
  5.500000     -0.12075994
  5.600000     -0.11952917
  5.700000     -0.12047160
  5.800000     -0.12222121
  5.900000     -0.12245831
  6.000000     -0.12173593
  6.100000     -0.12184116
  6.200000     -0.12262280
  6.300000     -0.12258014
  6.400000     -0.12147922
  6.500000     -0.12044693
  6.600000     -0.12127510
  6.700000     -0.12299015
  6.800000     -0.12374641
  6.900000     -0.12374599
  7.000000     -0.12400918
  7.100000     -0.12529833
  7.200000     -0.12710208
  7.300000     -0.12794214
  7.400000     -0.12877316
  7.500000     -0.13110682
  7.600000     -0.13421207
  7.700000     -0.13708855
  7.800000     -0.14007376
  7.900000     -0.14326264
  8.000000     -0.14633802
  8.100000     -0.14926956
  8.200000     -0.15316488
  8.300000     -0.15858654
  8.400000     -0.16483060
  8.500000     -0.17081699
  8.600000     -0.17659181
  8.700000     -0.18274813
  8.800000     -0.18912686
  8.900000     -0.19542358
  9.000000     -0.20205873
  9.100000     -0.20831806
  9.200000     -0.21454804
  9.300000     -0.22138515
  9.400000     -0.22850317
  9.500000     -0.23578454
  9.600000     -0.24323103
  9.700000     -0.25204913
  9.800000     -0.26141649
  9.900000     -0.27079966
 10.000000     -0.28051167
 10.100000     -0.29084586
 10.200000     -0.30071580
 10.300000     -0.31048718
 10.400000     -0.32157333
 10.500000     -0.33273704
 10.600000     -0.34439207
 10.700000     -0.35502493
 10.800000     -0.36426176
 10.900000     -0.37464701
 11.000000     -0.38534676
 11.100000     -0.39556680
 11.200000     -0.40468103
 11.300000     -0.41264167
 11.400000     -0.41997083
 11.500000     -0.42712287
 11.600000     -0.43330021
 11.700000     -0.43863483
 11.800000     -0.44272997
 11.900000     -0.44520127
 12.000000     -0.44847312
 12.100000     -0.45032969
 12.200000     -0.45023014
 12.300000     -0.44882343
 12.400000     -0.44692675
 12.500000     -0.44408327
 12.600000     -0.44019589
 12.700000     -0.43653244
 12.800000     -0.43150089
 12.900000     -0.42548910
 13.000000     -0.41833320
 13.100000     -0.40772338
 13.200000     -0.39647159
 13.300000     -0.38504286
 13.400000     -0.37230760
 13.500000     -0.36014668
 13.600000     -0.34775610
 13.700000     -0.33507318
 13.800000     -0.32005262
 13.900000     -0.30162404
 14.000000     -0.28180101
 14.100000     -0.26127959
 14.200000     -0.23944592
 14.300000     -0.21583652
 14.400000     -0.19032224
 14.500000     -0.16504624
 14.600000     -0.14043719
 14.700000     -0.11328844
 14.800000     -0.08384343
 14.900000     -0.05415076
 15.000000     -0.02283903
 15.100000      0.00874482
 15.200000      0.04268723
 15.300000      0.07730495
 15.400000      0.11222849
 15.500000      0.14881681
 15.600000      0.18651461
 15.700000      0.22529773
 15.800000      0.26491727
 15.900000      0.30615663
 16.000000      0.34770214
 16.100000      0.38942125
 16.200000      0.43234377
 16.300000      0.47362721
 16.400000      0.51311881
 16.500000      0.55189055
 16.600000      0.59023180
 16.700000      0.62784552
 16.800000      0.66341935
 16.900000      0.69584971
 17.000000      0.72768415
 17.100000      0.75868467
 17.200000      0.78906332
 17.300000      0.81812468
 17.400000      0.84464501
 17.500000      0.87058470
 17.600000      0.89419069
 17.700000      0.91520198
 17.800000      0.93274207
 17.900000      0.94739853
 18.000000      0.95960857
 18.100000      0.97107132
 18.200000      0.97974766
 18.300000      0.98675109
 18.400000      0.99276636
 18.500000      0.99744277
 18.600000      1.00000000
 18.700000      0.99905965
 18.800000      0.99384731
 18.900000      0.98947963
 19.000000      0.98385858
 19.100000      0.97562762
 19.200000      0.96206706
 19.300000      0.94569885
 19.400000      0.92602560
 19.500000      0.90599096
 19.600000      0.88477320
 19.700000      0.85887880
 19.800000      0.83002975
 19.900000      0.80028497
 20.000000      0.77026575
 20.100000      0.73756777
 20.200000      0.70240270
 20.300000      0.66571708
 20.400000      0.62421999
 20.500000      0.58254757
 20.600000      0.54201837
 20.700000      0.50033968
 20.800000      0.45688888
 20.900000      0.41212940
 21.000000      0.36790480
 21.100000      0.32300232
 21.200000      0.27931596
 21.300000      0.23458648
 21.400000      0.18747938
 21.500000      0.14204744
 21.600000      0.09465128
 21.700000      0.04679294
 21.800000     -0.00020400
 21.900000     -0.04757461
 22.000000     -0.09575406
 22.100000     -0.14108207
 22.200000     -0.18545146
 22.300000     -0.22976442
 22.400000     -0.27244277
 22.500000     -0.31226068
 22.600000     -0.34699735
 22.700000     -0.37879084
 22.800000     -0.40677897
 22.900000     -0.43261574
 23.000000     -0.45448059
 23.100000     -0.47485993
 23.200000     -0.49268124
 23.300000     -0.50933467
 23.400000     -0.52431857
 23.500000     -0.53756199
 23.600000     -0.54831810
 23.700000     -0.55667487
 23.800000     -0.56571399
 23.900000     -0.57722992
 24.000000     -0.58789521
 24.100000     -0.59668287
 24.200000     -0.60451401
 24.300000     -0.61171848
 24.400000     -0.61762324
 24.500000     -0.62172058
 24.600000     -0.62518744
 24.700000     -0.62634626
 24.800000     -0.62789436
 24.900000     -0.62820330
 25.000000     -0.62806977
 25.100000     -0.62639601
 25.200000     -0.62516914
 25.300000     -0.62592502
 25.400000     -0.62435840
 25.500000     -0.61908443
 25.600000     -0.61208498
 25.700000     -0.60440867
 25.800000     -0.59613000
 25.900000     -0.58707452
 26.000000     -0.57540159
 26.100000     -0.56169938
 26.200000     -0.54869402
 26.300000     -0.53569789
 26.400000     -0.52219306
 26.500000     -0.50556504
 26.600000     -0.48819324
 26.700000     -0.47143252
 26.800000     -0.45519527
 26.900000     -0.43864463
 27.000000     -0.42136620
 27.100000     -0.40451985
 27.200000     -0.38798315
 27.300000     -0.37321125
 27.400000     -0.35813355
 27.500000     -0.34268596
 27.600000     -0.32740094
 27.700000     -0.31143831
 27.800000     -0.29475313
 27.900000     -0.27829059
 28.000000     -0.26172719
 28.100000     -0.24533170
 28.200000     -0.22894857
 28.300000     -0.21127821
 28.400000     -0.19572715
 28.500000     -0.17994082
 28.600000     -0.16320315
 28.700000     -0.14624945
 28.800000     -0.13102338
 28.900000     -0.11783244
 29.000000     -0.10523480
 29.100000     -0.09069726
 29.200000     -0.07700226
 29.300000     -0.06559412
 29.400000     -0.05560206
 29.500000     -0.04554751
 29.600000     -0.03572214
 29.700000     -0.02640916
 29.800000     -0.01786323
 29.900000     -0.01103555
 30.000000     -0.00381455
 30.100000      0.00382055
 30.200000      0.01043808
 30.300000      0.01527062
 30.400000      0.01943371
 30.500000      0.02303430
 30.600000      0.02659087
 30.700000      0.03016907
 30.800000      0.03275328
 30.900000      0.03441675
 31.000000      0.03624496
 31.100000      0.03764255
 31.200000      0.03840584
 31.300000      0.03884195
 31.400000      0.03908408
 31.500000      0.03971365
 31.600000      0.04023240
 31.700000      0.04059731
 31.800000      0.04065446
 31.900000      0.04012467
 32.000000      0.03925832
 32.100000      0.03898869
 32.200000      0.03845097
 32.300000      0.03761186
 32.400000      0.03614512
 32.500000      0.03424172
 32.600000      0.03223187
 32.700000      0.03052255
 32.800000      0.02850136
 32.900000      0.02621034
 33.000000      0.02457715
 33.100000      0.02388551
 33.200000      0.02365645
 33.300000      0.02353212
 33.400000      0.02283788
 33.500000      0.02179387
 33.600000      0.02104044
 33.700000      0.02055559
 33.800000      0.02011743
 33.900000      0.01957683
 34.000000      0.01980839
 34.100000      0.02028291
 34.200000      0.02030230
 34.300000      0.02002393
 34.400000      0.02023945
 34.500000      0.02091903
 34.600000      0.02151650
 34.700000      0.02160417
 34.800000      0.02191611
 34.900000      0.02302331
 35.000000      0.02440220
 35.100000      0.02601278
 35.200000      0.02779567
 35.300000      0.02928882
 35.400000      0.03037756
 35.500000      0.03119791
 35.600000      0.03180922
 35.700000      0.03286717
 35.800000      0.03429103
 35.900000      0.03578493
 36.000000      0.03710693
 36.100000      0.03863766
 36.200000      0.04033706
 36.300000      0.04207926
 36.400000      0.04391586
 36.500000      0.04537079
 36.600000      0.04665153
 36.700000      0.04774968
 36.800000      0.04886025
 36.900000      0.05005384
 37.000000      0.05130793
 37.100000      0.05239113
 37.200000      0.05317615
 37.300000      0.05394284
 37.400000      0.05483770
 37.500000      0.05572930
 37.600000      0.05637821
 37.700000      0.05668022
 37.800000      0.05671958
 37.900000      0.05689974
 38.000000      0.05706922
 38.100000      0.05716546
 38.200000      0.05725959
 38.300000      0.05734727
 38.400000      0.05722265
 38.500000      0.05716243
 38.600000      0.05741430
 38.700000      0.05770443
 38.800000      0.05766966
 38.900000      0.05743964
 39.000000      0.05692394
 39.100000      0.05621581
 39.200000      0.05556878
 39.300000      0.05502412
 39.400000      0.05446616
 39.500000      0.05424881
 39.600000      0.05386221
 39.700000      0.05369656
 39.800000      0.05392090
 39.900000      0.05404753
