  0.000000     -0.02026297
  0.100000     -0.02087218
  0.200000     -0.02159975
  0.300000     -0.02229909
  0.400000     -0.02312521
  0.500000     -0.02394943
  0.600000     -0.02469655
  0.700000     -0.02554385
  0.800000     -0.02643588
  0.900000     -0.02699313
  1.000000     -0.02747998
  1.100000     -0.02784824
  1.200000     -0.02771551
  1.300000     -0.02717209
  1.400000     -0.02620549
  1.500000     -0.02500317
  1.600000     -0.02383388
  1.700000     -0.02291854
  1.800000     -0.02242961
  1.900000     -0.02284133
  2.000000     -0.02389764
  2.100000     -0.02559830
  2.200000     -0.02846291
  2.300000     -0.03127717
  2.400000     -0.03418163
  2.500000     -0.03719130
  2.600000     -0.04076723
  2.700000     -0.04465155
  2.800000     -0.04835029
  2.900000     -0.05193950
  3.000000     -0.05539266
  3.100000     -0.05851419
  3.200000     -0.06143652
  3.300000     -0.06404026
  3.400000     -0.06654800
  3.500000     -0.07017401
  3.600000     -0.07332212
  3.700000     -0.07643855
  3.800000     -0.08009467
  3.900000     -0.08280330
  4.000000     -0.08458135
  4.100000     -0.08674347
  4.200000     -0.08750599
  4.300000     -0.08780608
  4.400000     -0.08801489
  4.500000     -0.08865238
  4.600000     -0.08942311
  4.700000     -0.09071394
  4.800000     -0.09129061
  4.900000     -0.09163679
  5.000000     -0.09212387
  5.100000     -0.09373220
  5.200000     -0.09475033
  5.300000     -0.09518445
  5.400000     -0.09595741
  5.500000     -0.09395527
  5.600000     -0.08941559
  5.700000     -0.08139996
  5.800000     -0.07063323
  5.900000     -0.05720177
  6.000000     -0.04205589
  6.100000     -0.02537317
  6.200000     -0.00631887
  6.300000      0.01599946
  6.400000      0.04094029
  6.500000      0.06878708
  6.600000      0.09994003
  6.700000      0.13545059
  6.800000      0.17580765
  6.900000      0.22069131
  7.000000      0.27171756
  7.100000      0.33055283
  7.200000      0.39519004
  7.300000      0.46353876
  7.400000      0.53418844
  7.500000      0.60595413
  7.600000      0.67638445
  7.700000      0.74241955
  7.800000      0.80210263
  7.900000      0.85434524
  8.000000      0.89916944
  8.100000      0.93477322
  8.200000      0.96054860
  8.300000      0.97969406
  8.400000      0.99166921
  8.500000      0.99796658
  8.600000      1.00000000
  8.700000      0.99927712
  8.800000      0.99612310
  8.900000      0.99236892
  9.000000      0.98471557
  9.100000      0.96980926
  9.200000      0.95059852
  9.300000      0.92635592
  9.400000      0.89763258
  9.500000      0.86604043
  9.600000      0.83253503
  9.700000      0.79531611
  9.800000      0.75340759
  9.900000      0.70649473
 10.000000      0.65453427
 10.100000      0.59820088
 10.200000      0.53784160
 10.300000      0.47321635
 10.400000      0.40948462
 10.500000      0.34802574
 10.600000      0.28712376
 10.700000      0.22982369
 10.800000      0.17708656
 10.900000      0.12542562
 11.000000      0.07731826
 11.100000      0.03273173
 11.200000     -0.00787042
 11.300000     -0.04348580
 11.400000     -0.07464866
 11.500000     -0.10330622
 11.600000     -0.12945769
 11.700000     -0.15486480
 11.800000     -0.17982257
 11.900000     -0.20473854
 12.000000     -0.22887517
 12.100000     -0.25031146
 12.200000     -0.26959331
 12.300000     -0.28719100
 12.400000     -0.30256157
 12.500000     -0.31583750
 12.600000     -0.32701546
 12.700000     -0.33763763
 12.800000     -0.34897819
 12.900000     -0.36051434
 13.000000     -0.37181394
 13.100000     -0.37941864
 13.200000     -0.38330386
 13.300000     -0.38589186
 13.400000     -0.38751990
 13.500000     -0.38800528
 13.600000     -0.38893107
 13.700000     -0.39066480
 13.800000     -0.39093829
 13.900000     -0.39003648
 14.000000     -0.38676755
 14.100000     -0.38058778
 14.200000     -0.37496964
 14.300000     -0.36921766
 14.400000     -0.36452103
 14.500000     -0.35955191
 14.600000     -0.35489678
 14.700000     -0.35193098
 14.800000     -0.35039053
 14.900000     -0.34771846
 15.000000     -0.34562773
 15.100000     -0.34427236
 15.200000     -0.34199970
 15.300000     -0.33778444
 15.400000     -0.33297783
 15.500000     -0.32779570
 15.600000     -0.32306702
 15.700000     -0.31860369
 15.800000     -0.31400074
 15.900000     -0.31426649
 16.000000     -0.31073899
 16.100000     -0.30610698
 16.200000     -0.29953335
 16.300000     -0.29049035
 16.400000     -0.28080567
 16.500000     -0.27194366
 16.600000     -0.26345296
 16.700000     -0.25389320
 16.800000     -0.24420737
 16.900000     -0.23319867
 17.000000     -0.22013993
 17.100000     -0.20639050
 17.200000     -0.19228702
 17.300000     -0.17921383
 17.400000     -0.16734753
 17.500000     -0.15679325
 17.600000     -0.14819399
 17.700000     -0.13921108
 17.800000     -0.13010088
 17.900000     -0.11997933
 18.000000     -0.10944159
 18.100000     -0.09974625
 18.200000     -0.09091871
 18.300000     -0.08308446
 18.400000     -0.07654910
 18.500000     -0.07115805
 18.600000     -0.06761862
 18.700000     -0.06514933
 18.800000     -0.06175261
 18.900000     -0.05833182
 19.000000     -0.05533360
 19.100000     -0.05228217
 19.200000     -0.04793507
 19.300000     -0.04235260
 19.400000     -0.03693411
 19.500000     -0.03194928
 19.600000     -0.02732347
 19.700000     -0.02364317
 19.800000     -0.02040363
 19.900000     -0.01716094
 20.000000     -0.01492659
 20.100000     -0.01354206
 20.200000     -0.01382197
 20.300000     -0.01514089
 20.400000     -0.01669877
 20.500000     -0.01795399
 20.600000     -0.01911055
 20.700000     -0.02018618
 20.800000     -0.02077285
 20.900000     -0.02052259
 21.000000     -0.02083735
 21.100000     -0.02160263
 21.200000     -0.02577572
 21.300000     -0.02743767
 21.400000     -0.02811896
 21.500000     -0.03107188
 21.600000     -0.03136399
 21.700000     -0.03108313
 21.800000     -0.03100604
 21.900000     -0.03093738
 22.000000     -0.03131707
 22.100000     -0.03232894
 22.200000     -0.03386577
 22.300000     -0.03499963
 22.400000     -0.03613583
 22.500000     -0.03783662
 22.600000     -0.03872303
 22.700000     -0.04049942
 22.800000     -0.04158672
 22.900000     -0.04301226
 23.000000     -0.04345754
 23.100000     -0.04409207
 23.200000     -0.04350327
 23.300000     -0.04305825
 23.400000     -0.04271126
 23.500000     -0.03994304
 23.600000     -0.03673549
 23.700000     -0.03284999
 23.800000     -0.02961353
 23.900000     -0.02744853
 24.000000     -0.02568826
 24.100000     -0.02456035
 24.200000     -0.02396339
 24.300000     -0.02447567
 24.400000     -0.02484875
 24.500000     -0.02666902
 24.600000     -0.02825055
 24.700000     -0.02901485
 24.800000     -0.02949256
 24.900000     -0.02931170
 25.000000     -0.02852400
 25.100000     -0.02730531
 25.200000     -0.02615725
 25.300000     -0.02508873
 25.400000     -0.02429975
 25.500000     -0.02361571
 25.600000     -0.02179600
 25.700000     -0.01982221
 25.800000     -0.01764695
 25.900000     -0.01510381
 26.000000     -0.01152411
 26.100000     -0.00732079
 26.200000     -0.00355034
 26.300000     -0.00014966
 26.400000      0.00170007
 26.500000      0.00254630
 26.600000      0.00381023
 26.700000      0.00449841
 26.800000      0.00395286
 26.900000      0.00360677
 27.000000      0.00325041
 27.100000      0.00285052
 27.200000      0.00158884
 27.300000      0.00010468
 27.400000     -0.00140880
 27.500000     -0.00174799
 27.600000     -0.00033268
 27.700000      0.00120412
 27.800000      0.00266863
 27.900000      0.00456464
 28.000000      0.00606872
 28.100000      0.00754788
 28.200000      0.00855196
 28.300000      0.00936236
 28.400000      0.00963491
 28.500000      0.01013066
 28.600000      0.01109366
 28.700000      0.01238591
 28.800000      0.01348740
 28.900000      0.01420410
 29.000000      0.01425316
 29.100000      0.01421450
 29.200000      0.01489239
 29.300000      0.01559074
 29.400000      0.01647138
 29.500000      0.01781237
 29.600000      0.01935662
 29.700000      0.02146725
 29.800000      0.02365377
 29.900000      0.02524691
 30.000000      0.02631868
 30.100000      0.02747207
 30.200000      0.02888504
 30.300000      0.03035132
 30.400000      0.03178694
 30.500000      0.03383706
 30.600000      0.03599206
 30.700000      0.03756651
 30.800000      0.03903386
 30.900000      0.04040877
 31.000000      0.04161820
 31.100000      0.04242184
 31.200000      0.04310175
 31.300000      0.04372252
 31.400000      0.04445286
 31.500000      0.04463313
 31.600000      0.04442726
 31.700000      0.04430160
 31.800000      0.04423353
 31.900000      0.04427822
 32.000000      0.04402364
 32.100000      0.04201919
 32.200000      0.04289662
 32.300000      0.04372318
 32.400000      0.04241202
 32.500000      0.04336244
 32.600000      0.04468194
 32.700000      0.04594514
 32.800000      0.04695040
 32.900000      0.04849171
 33.000000      0.05010867
 33.100000      0.05125089
 33.200000      0.05213602
 33.300000      0.05270703
 33.400000      0.05275129
 33.500000      0.05234346
 33.600000      0.05174625
 33.700000      0.05107114
 33.800000      0.04963074
 33.900000      0.04800631
 34.000000      0.04639644
 34.100000      0.04446751
 34.200000      0.04248182
 34.300000      0.04046927
 34.400000      0.03874975
 34.500000      0.03728557
 34.600000      0.03601834
 34.700000      0.03544422
 34.800000      0.03532826
 34.900000      0.03529268
 35.000000      0.03550938
 35.100000      0.03591173
 35.200000      0.03595468
 35.300000      0.03563667
 35.400000      0.03501060
 35.500000      0.03443317
 35.600000      0.03387669
 35.700000      0.03318392
 35.800000      0.03231005
 35.900000      0.03137840
 36.000000      0.03056970
 36.100000      0.02993203
 36.200000      0.02920147
 36.300000      0.02860725
 36.400000      0.02809266
 36.500000      0.02768735
 36.600000      0.02753526
 36.700000      0.02755231
 36.800000      0.02765227
 36.900000      0.02772697
 37.000000      0.02798096
 37.100000      0.02808413
 37.200000      0.02817176
 37.300000      0.02834599
 37.400000      0.02829672
 37.500000      0.02799142
 37.600000      0.02773280
 37.700000      0.02760546
 37.800000      0.02730181
 37.900000      0.02713003
 38.000000      0.02691701
 38.100000      0.02669346
 38.200000      0.02647171
 38.300000      0.02619189
 38.400000      0.02594244
 38.500000      0.02571169
 38.600000      0.02548473
 38.700000      0.02536032
 38.800000      0.02545090
 38.900000      0.02579695
 39.000000      0.02628137
 39.100000      0.02687997
 39.200000      0.02763393
 39.300000      0.02859515
 39.400000      0.02969175
 39.500000      0.03088191
 39.600000      0.03218604
 39.700000      0.03360391
 39.800000      0.03510554
 39.900000      0.03660876
