  0.000000     -0.01049169
  0.100000     -0.01056503
  0.200000     -0.01094717
  0.300000     -0.01146065
  0.400000     -0.01219106
  0.500000     -0.01339003
  0.600000     -0.01481197
  0.700000     -0.01606818
  0.800000     -0.01736906
  0.900000     -0.01887893
  1.000000     -0.02068935
  1.100000     -0.02178276
  1.200000     -0.02268397
  1.300000     -0.02268069
  1.400000     -0.02156353
  1.500000     -0.02047743
  1.600000     -0.01967255
  1.700000     -0.01848292
  1.800000     -0.01699216
  1.900000     -0.01581016
  2.000000     -0.01469378
  2.100000     -0.01355353
  2.200000     -0.01258545
  2.300000     -0.01175274
  2.400000     -0.01063807
  2.500000     -0.00947309
  2.600000     -0.00804436
  2.700000     -0.00592090
  2.800000     -0.00359084
  2.900000     -0.00093785
  3.000000      0.00220794
  3.100000      0.00515166
  3.200000      0.00777096
  3.300000      0.01024771
  3.400000      0.01276975
  3.500000      0.01499701
  3.600000      0.01695665
  3.700000      0.01906055
  3.800000      0.02144550
  3.900000      0.02383544
  4.000000      0.02501562
  4.100000      0.02517299
  4.200000      0.02557330
  4.300000      0.02584391
  4.400000      0.02632771
  4.500000      0.02706961
  4.600000      0.02729446
  4.700000      0.02662282
  4.800000      0.02625555
  4.900000      0.02624923
  5.000000      0.02614947
  5.100000      0.02640792
  5.200000      0.02763017
  5.300000      0.02827462
  5.400000      0.02908859
  5.500000      0.02983929
  5.600000      0.03006910
  5.700000      0.03002134
  5.800000      0.03040522
  5.900000      0.03045014
  6.000000      0.02980394
  6.100000      0.02875117
  6.200000      0.02708456
  6.300000      0.02511040
  6.400000      0.02319751
  6.500000      0.02200142
  6.600000      0.02103840
  6.700000      0.01938855
  6.800000      0.01813980
  6.900000      0.01678351
  7.000000      0.01486659
  7.100000      0.01286928
  7.200000      0.01066528
  7.300000      0.00826469
  7.400000      0.00556298
  7.500000      0.00307577
  7.600000      0.00099152
  7.700000     -0.00093978
  7.800000     -0.00274834
  7.900000     -0.00393903
  8.000000     -0.00509045
  8.100000     -0.00650853
  8.200000     -0.00782744
  8.300000     -0.00902631
  8.400000     -0.01047827
  8.500000     -0.01161170
  8.600000     -0.01175904
  8.700000     -0.01043112
  8.800000     -0.00838591
  8.900000     -0.00600057
  9.000000     -0.00293607
  9.100000      0.00119672
  9.200000      0.00624540
  9.300000      0.01223677
  9.400000      0.01960759
  9.500000      0.02787870
  9.600000      0.03664590
  9.700000      0.04651606
  9.800000      0.05830217
  9.900000      0.07174615
 10.000000      0.08613967
 10.100000      0.10152921
 10.200000      0.11884442
 10.300000      0.13845854
 10.400000      0.16009399
 10.500000      0.18291820
 10.600000      0.20773106
 10.700000      0.23413700
 10.800000      0.26083217
 10.900000      0.28819339
 11.000000      0.31585000
 11.100000      0.34214895
 11.200000      0.36936130
 11.300000      0.39789588
 11.400000      0.42692937
 11.500000      0.45794585
 11.600000      0.48967289
 11.700000      0.52123268
 11.800000      0.55176096
 11.900000      0.58180432
 12.000000      0.61243123
 12.100000      0.64446079
 12.200000      0.67795695
 12.300000      0.71158222
 12.400000      0.74338499
 12.500000      0.77378714
 12.600000      0.80419007
 12.700000      0.83341332
 12.800000      0.86069085
 12.900000      0.88834644
 13.000000      0.91611368
 13.100000      0.94222852
 13.200000      0.96251033
 13.300000      0.97940708
 13.400000      0.99146776
 13.500000      0.99689877
 13.600000      0.99918819
 13.700000      1.00000000
 13.800000      0.99824461
 13.900000      0.99262168
 14.000000      0.98070274
 14.100000      0.96421719
 14.200000      0.94279895
 14.300000      0.91777170
 14.400000      0.88849420
 14.500000      0.85377948
 14.600000      0.81443146
 14.700000      0.77238429
 14.800000      0.72664172
 14.900000      0.67348093
 15.000000      0.61368771
 15.100000      0.54848289
 15.200000      0.47822712
 15.300000      0.40378257
 15.400000      0.32716403
 15.500000      0.25041287
 15.600000      0.17262509
 15.700000      0.09549988
 15.800000      0.02223921
 15.900000     -0.04696009
 16.000000     -0.11539862
 16.100000     -0.18308565
 16.200000     -0.24886403
 16.300000     -0.31377836
 16.400000     -0.37440696
 16.500000     -0.42754849
 16.600000     -0.47438781
 16.700000     -0.51317804
 16.800000     -0.54377304
 16.900000     -0.56982617
 17.000000     -0.59425557
 17.100000     -0.61579355
 17.200000     -0.63416870
 17.300000     -0.64918563
 17.400000     -0.66093287
 17.500000     -0.66892758
 17.600000     -0.67539126
 17.700000     -0.68207730
 17.800000     -0.68747488
 17.900000     -0.68949775
 18.000000     -0.68931055
 18.100000     -0.68564591
 18.200000     -0.67780645
 18.300000     -0.66999611
 18.400000     -0.66280329
 18.500000     -0.65320446
 18.600000     -0.64292805
 18.700000     -0.63465750
 18.800000     -0.62528024
 18.900000     -0.61519986
 19.000000     -0.60230844
 19.100000     -0.58870136
 19.200000     -0.57740370
 19.300000     -0.56643672
 19.400000     -0.55364726
 19.500000     -0.54242513
 19.600000     -0.53196407
 19.700000     -0.52130607
 19.800000     -0.50945189
 19.900000     -0.49664929
 20.000000     -0.48395843
 20.100000     -0.47013517
 20.200000     -0.45769944
 20.300000     -0.44596919
 20.400000     -0.43248727
 20.500000     -0.41915974
 20.600000     -0.40759926
 20.700000     -0.39621375
 20.800000     -0.38491051
 20.900000     -0.37240631
 21.000000     -0.36058918
 21.100000     -0.35198319
 21.200000     -0.34421535
 21.300000     -0.33659544
 21.400000     -0.32819868
 21.500000     -0.31932627
 21.600000     -0.31098865
 21.700000     -0.30226332
 21.800000     -0.29305019
 21.900000     -0.28387452
 22.000000     -0.27367989
 22.100000     -0.26323754
 22.200000     -0.25293082
 22.300000     -0.24330654
 22.400000     -0.23384047
 22.500000     -0.22416722
 22.600000     -0.21526139
 22.700000     -0.20737363
 22.800000     -0.19965045
 22.900000     -0.19230264
 23.000000     -0.18547388
 23.100000     -0.17834506
 23.200000     -0.17143186
 23.300000     -0.16438082
 23.400000     -0.15739073
 23.500000     -0.15163918
 23.600000     -0.14690390
 23.700000     -0.14262589
 23.800000     -0.13981595
 23.900000     -0.13825115
 24.000000     -0.13607274
 24.100000     -0.13341260
 24.200000     -0.13153041
 24.300000     -0.12921900
 24.400000     -0.12687174
 24.500000     -0.12461755
 24.600000     -0.12196095
 24.700000     -0.11929237
 24.800000     -0.11687332
 24.900000     -0.11467487
 25.000000     -0.11253274
 25.100000     -0.10996524
 25.200000     -0.10774958
 25.300000     -0.10677535
 25.400000     -0.10535710
 25.500000     -0.10233840
 25.600000     -0.09885399
 25.700000     -0.09536841
 25.800000     -0.09121700
 25.900000     -0.08683066
 26.000000     -0.08252954
 26.100000     -0.07812845
 26.200000     -0.07403673
 26.300000     -0.07051471
 26.400000     -0.06707676
 26.500000     -0.06385303
 26.600000     -0.06040178
 26.700000     -0.05740253
 26.800000     -0.05496333
 26.900000     -0.05303373
 27.000000     -0.05167572
 27.100000     -0.05019660
 27.200000     -0.04878632
 27.300000     -0.04816915
 27.400000     -0.04816109
 27.500000     -0.04863440
 27.600000     -0.04955378
 27.700000     -0.05119490
 27.800000     -0.05281730
 27.900000     -0.05377597
 28.000000     -0.05509651
 28.100000     -0.05627771
 28.200000     -0.05638288
 28.300000     -0.05679106
 28.400000     -0.05778748
 28.500000     -0.05902500
 28.600000     -0.06062660
 28.700000     -0.06211700
 28.800000     -0.06268660
 28.900000     -0.06305262
 29.000000     -0.06357375
 29.100000     -0.06336403
 29.200000     -0.06257098
 29.300000     -0.06223680
 29.400000     -0.06193333
 29.500000     -0.06133853
 29.600000     -0.06173938
 29.700000     -0.06230765
 29.800000     -0.06337129
 29.900000     -0.06481546
 30.000000     -0.06579519
 30.100000     -0.06744599
 30.200000     -0.07071413
 30.300000     -0.07425223
 30.400000     -0.07772969
 30.500000     -0.08151087
 30.600000     -0.08491818
 30.700000     -0.08778157
 30.800000     -0.09021999
 30.900000     -0.09240782
 31.000000     -0.09489003
 31.100000     -0.09748004
 31.200000     -0.10054995
 31.300000     -0.10362691
 31.400000     -0.10570485
 31.500000     -0.10700558
 31.600000     -0.10753559
 31.700000     -0.10713328
 31.800000     -0.10619604
 31.900000     -0.10491266
 32.000000     -0.10389359
 32.100000     -0.10264619
 32.200000     -0.10086930
 32.300000     -0.09870755
 32.400000     -0.09707549
 32.500000     -0.09566906
 32.600000     -0.09422858
 32.700000     -0.09346414
 32.800000     -0.09384692
 32.900000     -0.09392650
 33.000000     -0.09370549
 33.100000     -0.09309123
 33.200000     -0.09261821
 33.300000     -0.09224655
 33.400000     -0.09143532
 33.500000     -0.09043055
 33.600000     -0.08983831
 33.700000     -0.08969174
 33.800000     -0.08965098
 33.900000     -0.08968345
 34.000000     -0.09007840
 34.100000     -0.09069054
 34.200000     -0.09059734
 34.300000     -0.08999452
 34.400000     -0.08952200
 34.500000     -0.08944690
 34.600000     -0.09000084
 34.700000     -0.09132772
 34.800000     -0.09346763
 34.900000     -0.09551922
 35.000000     -0.09760292
 35.100000     -0.10000005
 35.200000     -0.10248596
 35.300000     -0.10538902
 35.400000     -0.10919164
 35.500000     -0.11283382
 35.600000     -0.11579094
 35.700000     -0.11898332
 35.800000     -0.12221865
 35.900000     -0.12574057
 36.000000     -0.12960324
 36.100000     -0.13276843
 36.200000     -0.13616842
 36.300000     -0.14110964
 36.400000     -0.14614800
 36.500000     -0.15079659
 36.600000     -0.15623273
 36.700000     -0.16199369
 36.800000     -0.16704572
 36.900000     -0.17156093
 37.000000     -0.17549931
 37.100000     -0.17947238
 37.200000     -0.18365003
 37.300000     -0.18719833
 37.400000     -0.19060221
 37.500000     -0.19458611
 37.600000     -0.19840914
 37.700000     -0.20163243
 37.800000     -0.20531570
 37.900000     -0.20899392
 38.000000     -0.21203816
 38.100000     -0.21408821
 38.200000     -0.21546641
 38.300000     -0.21687017
 38.400000     -0.21828970
 38.500000     -0.21983794
 38.600000     -0.22146001
 38.700000     -0.22323632
 38.800000     -0.22491386
 38.900000     -0.22634518
 39.000000     -0.22754936
 39.100000     -0.22889448
 39.200000     -0.23049096
 39.300000     -0.23215618
 39.400000     -0.23373313
 39.500000     -0.23554326
 39.600000     -0.23752545
 39.700000     -0.23922372
 39.800000     -0.24107823
 39.900000     -0.24316474
