  0.000000     -0.02201574
  0.100000     -0.01892737
  0.200000     -0.01444844
  0.300000     -0.00977742
  0.400000     -0.00565433
  0.500000     -0.00145278
  0.600000      0.00281094
  0.700000      0.00718079
  0.800000      0.01108621
  0.900000      0.01307417
  1.000000      0.01333301
  1.100000      0.01377678
  1.200000      0.01400471
  1.300000      0.01213457
  1.400000      0.00933615
  1.500000      0.00824520
  1.600000      0.00743887
  1.700000      0.00560295
  1.800000      0.00330935
  1.900000      0.00177927
  2.000000      0.00061138
  2.100000     -0.00059743
  2.200000     -0.00278860
  2.300000     -0.00597268
  2.400000     -0.00801656
  2.500000     -0.00863099
  2.600000     -0.00896567
  2.700000     -0.01108451
  2.800000     -0.01356310
  2.900000     -0.01565321
  3.000000     -0.01813245
  3.100000     -0.02161786
  3.200000     -0.02436281
  3.300000     -0.02606815
  3.400000     -0.02733282
  3.500000     -0.02790202
  3.600000     -0.02832894
  3.700000     -0.02879575
  3.800000     -0.02967111
  3.900000     -0.02858379
  4.000000     -0.02746768
  4.100000     -0.02834454
  4.200000     -0.02926395
  4.300000     -0.02931401
  4.400000     -0.03102525
  4.500000     -0.03209170
  4.600000     -0.03084736
  4.700000     -0.03004524
  4.800000     -0.03109118
  4.900000     -0.03262296
  5.000000     -0.03348737
  5.100000     -0.03483362
  5.200000     -0.03673733
  5.300000     -0.03881218
  5.400000     -0.04097505
  5.500000     -0.04286004
  5.600000     -0.04321569
  5.700000     -0.04354993
  5.800000     -0.04409344
  5.900000     -0.04477343
  6.000000     -0.04531213
  6.100000     -0.04624541
  6.200000     -0.04756116
  6.300000     -0.04799414
  6.400000     -0.04781245
  6.500000     -0.04833627
  6.600000     -0.04912457
  6.700000     -0.04922073
  6.800000     -0.04864297
  6.900000     -0.04644821
  7.000000     -0.04370206
  7.100000     -0.04018231
  7.200000     -0.03642730
  7.300000     -0.03251175
  7.400000     -0.02816085
  7.500000     -0.02316662
  7.600000     -0.01809511
  7.700000     -0.01465920
  7.800000     -0.01131622
  7.900000     -0.00602028
  8.000000     -0.00090315
  8.100000      0.00286203
  8.200000      0.00615388
  8.300000      0.01189410
  8.400000      0.01827656
  8.500000      0.02289556
  8.600000      0.02730495
  8.700000      0.03352519
  8.800000      0.03847756
  8.900000      0.04201932
  9.000000      0.04465091
  9.100000      0.04704619
  9.200000      0.04943198
  9.300000      0.05032328
  9.400000      0.04847982
  9.500000      0.04614923
  9.600000      0.04218278
  9.700000      0.04008515
  9.800000      0.03789515
  9.900000      0.03470060
 10.000000      0.03467257
 10.100000      0.03479074
 10.200000      0.03244513
 10.300000      0.02989549
 10.400000      0.02644288
 10.500000      0.02248293
 10.600000      0.01699738
 10.700000      0.01131090
 10.800000      0.00710724
 10.900000      0.00390038
 11.000000      0.00036474
 11.100000     -0.00453510
 11.200000     -0.00875514
 11.300000     -0.01329016
 11.400000     -0.01819491
 11.500000     -0.02149205
 11.600000     -0.02358885
 11.700000     -0.02543058
 11.800000     -0.02457089
 11.900000     -0.02376240
 12.000000     -0.02166909
 12.100000     -0.01820328
 12.200000     -0.01771218
 12.300000     -0.01445084
 12.400000     -0.01178367
 12.500000     -0.01003174
 12.600000     -0.00874905
 12.700000     -0.01053283
 12.800000     -0.01039657
 12.900000     -0.00919881
 13.000000     -0.01071337
 13.100000     -0.01301142
 13.200000     -0.01172726
 13.300000     -0.01060651
 13.400000     -0.00644239
 13.500000     -0.00115689
 13.600000      0.00229486
 13.700000      0.00719725
 13.800000      0.01143967
 13.900000      0.01627262
 14.000000      0.01955629
 14.100000      0.02077129
 14.200000      0.02007631
 14.300000      0.01345976
 14.400000     -0.00955965
 14.500000     -0.02661101
 14.600000     -0.03425561
 14.700000     -0.03647908
 14.800000     -0.03504384
 14.900000     -0.03209138
 15.000000     -0.02789594
 15.100000     -0.02296769
 15.200000     -0.02021093
 15.300000     -0.01837911
 15.400000     -0.01640814
 15.500000     -0.01410833
 15.600000     -0.01453913
 15.700000     -0.01751028
 15.800000     -0.02065747
 15.900000     -0.02321209
 16.000000     -0.02569145
 16.100000     -0.02893739
 16.200000     -0.03412245
 16.300000     -0.03915452
 16.400000     -0.04101906
 16.500000     -0.04204749
 16.600000     -0.04293094
 16.700000     -0.04344066
 16.800000     -0.04526321
 16.900000     -0.04715078
 17.000000     -0.05046982
 17.100000     -0.05227190
 17.200000     -0.05260739
 17.300000     -0.05730063
 17.400000     -0.06093173
 17.500000     -0.06245138
 17.600000     -0.06588570
 17.700000     -0.07203643
 17.800000     -0.07958368
 17.900000     -0.08610514
 18.000000     -0.09460845
 18.100000     -0.10451499
 18.200000     -0.11210813
 18.300000     -0.12003015
 18.400000     -0.11842035
 18.500000     -0.10499551
 18.600000     -0.09924319
 18.700000     -0.09879575
 18.800000     -0.09740950
 18.900000     -0.09736805
 19.000000     -0.09906743
 19.100000     -0.10057579
 19.200000     -0.09979658
 19.300000     -0.09746297
 19.400000     -0.09529384
 19.500000     -0.09178265
 19.600000     -0.08655015
 19.700000     -0.08063442
 19.800000     -0.07381572
 19.900000     -0.06577948
 20.000000     -0.05802664
 20.100000     -0.04986659
 20.200000     -0.04218540
 20.300000     -0.03386050
 20.400000     -0.02447168
 20.500000     -0.01176697
 20.600000      0.00157563
 20.700000      0.01062591
 20.800000      0.01944017
 20.900000      0.02958662
 21.000000      0.03990964
 21.100000      0.05177194
 21.200000      0.06317012
 21.300000      0.07439882
 21.400000      0.08306650
 21.500000      0.09130178
 21.600000      0.10142371
 21.700000      0.11030340
 21.800000      0.11568613
 21.900000      0.11944498
 22.000000      0.12243247
 22.100000      0.12406107
 22.200000      0.12755334
 22.300000      0.13163223
 22.400000      0.13267888
 22.500000      0.13275831
 22.600000      0.13195492
 22.700000      0.12683259
 22.800000      0.12043268
 22.900000      0.11256712
 23.000000      0.10327316
 23.100000      0.09325492
 23.200000      0.08306485
 23.300000      0.07290532
 23.400000      0.06400232
 23.500000      0.05404375
 23.600000      0.04378250
 23.700000      0.03438415
 23.800000      0.02709521
 23.900000      0.01826079
 24.000000      0.00678063
 24.100000     -0.00408987
 24.200000     -0.01346455
 24.300000     -0.02218913
 24.400000     -0.03202899
 24.500000     -0.04247851
 24.600000     -0.05297533
 24.700000     -0.06110329
 24.800000     -0.06919822
 24.900000     -0.07965807
 25.000000     -0.09049897
 25.100000     -0.10037451
 25.200000     -0.11160504
 25.300000     -0.12324282
 25.400000     -0.13219017
 25.500000     -0.13971896
 25.600000     -0.14806396
 25.700000     -0.15743850
 25.800000     -0.16744372
 25.900000     -0.17631583
 26.000000     -0.18422192
 26.100000     -0.19086983
 26.200000     -0.19786760
 26.300000     -0.20505896
 26.400000     -0.20730451
 26.500000     -0.21217850
 26.600000     -0.21476088
 26.700000     -0.21490330
 26.800000     -0.21671092
 26.900000     -0.21805656
 27.000000     -0.21421405
 27.100000     -0.20740959
 27.200000     -0.20251432
 27.300000     -0.19011697
 27.400000     -0.17839438
 27.500000     -0.17021167
 27.600000     -0.16499973
 27.700000     -0.15869618
 27.800000     -0.14708725
 27.900000     -0.13247939
 28.000000     -0.11548130
 28.100000     -0.09856399
 28.200000     -0.08118694
 28.300000     -0.05947760
 28.400000     -0.03579626
 28.500000     -0.01215987
 28.600000      0.01046501
 28.700000      0.02806888
 28.800000      0.04954426
 28.900000      0.07521377
 29.000000      0.10354607
 29.100000      0.13033476
 29.200000      0.15737929
 29.300000      0.17983910
 29.400000      0.20208288
 29.500000      0.22378454
 29.600000      0.24218511
 29.700000      0.26337540
 29.800000      0.29114219
 29.900000      0.31927569
 30.000000      0.33886102
 30.100000      0.35167806
 30.200000      0.36752063
 30.300000      0.38447053
 30.400000      0.39559034
 30.500000      0.40193269
 30.600000      0.40506460
 30.700000      0.39812957
 30.800000      0.39654280
 30.900000      0.39461102
 31.000000      0.38809335
 31.100000      0.37797498
 31.200000      0.36242424
 31.300000      0.34079362
 31.400000      0.31547280
 31.500000      0.28979652
 31.600000      0.26689448
 31.700000      0.24354756
 31.800000      0.22284184
 31.900000      0.19203626
 32.000000      0.15544287
 32.100000      0.11575638
 32.200000      0.06895887
 32.300000      0.01646790
 32.400000     -0.03464169
 32.500000     -0.08561129
 32.600000     -0.13256524
 32.700000     -0.17442471
 32.800000     -0.22224958
 32.900000     -0.27206606
 33.000000     -0.32835026
 33.100000     -0.37730936
 33.200000     -0.42298201
 33.300000     -0.46510745
 33.400000     -0.50363226
 33.500000     -0.54072153
 33.600000     -0.57220215
 33.700000     -0.60531541
 33.800000     -0.64190032
 33.900000     -0.67518850
 34.000000     -0.69861425
 34.100000     -0.70748090
 34.200000     -0.71412571
 34.300000     -0.71990706
 34.400000     -0.71824459
 34.500000     -0.70343630
 34.600000     -0.68752249
 34.700000     -0.64737844
 34.800000     -0.59336341
 34.900000     -0.54520723
 35.000000     -0.50192608
 35.100000     -0.45265316
 35.200000     -0.39388314
 35.300000     -0.33128092
 35.400000     -0.26369170
 35.500000     -0.19037016
 35.600000     -0.11838479
 35.700000     -0.03775084
 35.800000      0.04151022
 35.900000      0.12368769
 36.000000      0.21246880
 36.100000      0.29816903
 36.200000      0.37987415
 36.300000      0.46190894
 36.400000      0.53533812
 36.500000      0.60463990
 36.600000      0.66733951
 36.700000      0.72822974
 36.800000      0.78485014
 36.900000      0.83625267
 37.000000      0.88283958
 37.100000      0.92179588
 37.200000      0.95205125
 37.300000      0.97691590
 37.400000      0.99315381
 37.500000      1.00000000
 37.600000      0.98990711
 37.700000      0.97083840
 37.800000      0.94534068
 37.900000      0.91178318
 38.000000      0.87454518
 38.100000      0.83468926
 38.200000      0.78956075
 38.300000      0.73748736
 38.400000      0.68029170
 38.500000      0.61909624
 38.600000      0.55478550
 38.700000      0.48849272
 38.800000      0.41920496
 38.900000      0.34891698
 39.000000      0.27708143
 39.100000      0.20529852
 39.200000      0.13583777
 39.300000      0.06828494
 39.400000      0.00273611
 39.500000     -0.06032762
 39.600000     -0.11601919
 39.700000     -0.16477736
 39.800000     -0.20238187
 39.900000     -0.23474094
