  0.000000      0.05639589
  0.100000      0.05650293
  0.200000      0.05656945
  0.300000      0.05672432
  0.400000      0.05697440
  0.500000      0.05717676
  0.600000      0.05746248
  0.700000      0.05779361
  0.800000      0.05799077
  0.900000      0.05803961
  1.000000      0.05783320
  1.100000      0.05744982
  1.200000      0.05714104
  1.300000      0.05683551
  1.400000      0.05633321
  1.500000      0.05586539
  1.600000      0.05547454
  1.700000      0.05520921
  1.800000      0.05493869
  1.900000      0.05427282
  2.000000      0.05366717
  2.100000      0.05335116
  2.200000      0.05297140
  2.300000      0.05239189
  2.400000      0.05144394
  2.500000      0.05000361
  2.600000      0.04857570
  2.700000      0.04739115
  2.800000      0.04611644
  2.900000      0.04496200
  3.000000      0.04370544
  3.100000      0.04241581
  3.200000      0.04115683
  3.300000      0.03982910
  3.400000      0.03848546
  3.500000      0.03704488
  3.600000      0.03544431
  3.700000      0.03400595
  3.800000      0.03252516
  3.900000      0.03092288
  4.000000      0.02914484
  4.100000      0.02734105
  4.200000      0.02569094
  4.300000      0.02419196
  4.400000      0.02232410
  4.500000      0.02044479
  4.600000      0.01894813
  4.700000      0.01748812
  4.800000      0.01563877
  4.900000      0.01333601
  5.000000      0.01086246
  5.100000      0.00899384
  5.200000      0.00683698
  5.300000      0.00455506
  5.400000      0.00208484
  5.500000     -0.00015646
  5.600000     -0.00214297
  5.700000     -0.00409539
  5.800000     -0.00606535
  5.900000     -0.00833362
  6.000000     -0.01063341
  6.100000     -0.01281375
  6.200000     -0.01529339
  6.300000     -0.01809365
  6.400000     -0.02095848
  6.500000     -0.02377434
  6.600000     -0.02628599
  6.700000     -0.02907689
  6.800000     -0.03169270
  6.900000     -0.03413874
  7.000000     -0.03652750
  7.100000     -0.03905457
  7.200000     -0.04159280
  7.300000     -0.04381208
  7.400000     -0.04560820
  7.500000     -0.04712168
  7.600000     -0.04867883
  7.700000     -0.04990959
  7.800000     -0.05102595
  7.900000     -0.05199601
  8.000000     -0.05260123
  8.100000     -0.05326819
  8.200000     -0.05382576
  8.300000     -0.05444798
  8.400000     -0.05521725
  8.500000     -0.05598745
  8.600000     -0.05689931
  8.700000     -0.05757763
  8.800000     -0.05803692
  8.900000     -0.05827559
  9.000000     -0.05878435
  9.100000     -0.05936971
  9.200000     -0.06016788
  9.300000     -0.06072252
  9.400000     -0.06142628
  9.500000     -0.06219723
  9.600000     -0.06269683
  9.700000     -0.06322466
  9.800000     -0.06328944
  9.900000     -0.06296695
 10.000000     -0.06262664
 10.100000     -0.06260450
 10.200000     -0.06170931
 10.300000     -0.06087682
 10.400000     -0.06034467
 10.500000     -0.05956092
 10.600000     -0.05857853
 10.700000     -0.05784887
 10.800000     -0.05681616
 10.900000     -0.05549439
 11.000000     -0.05445635
 11.100000     -0.05312955
 11.200000     -0.05170429
 11.300000     -0.05025265
 11.400000     -0.04883221
 11.500000     -0.04710775
 11.600000     -0.04490920
 11.700000     -0.04276559
 11.800000     -0.04042273
 11.900000     -0.03813503
 12.000000     -0.03560713
 12.100000     -0.03243799
 12.200000     -0.02877488
 12.300000     -0.02496916
 12.400000     -0.02143330
 12.500000     -0.01783929
 12.600000     -0.01412469
 12.700000     -0.01068400
 12.800000     -0.00733051
 12.900000     -0.00406199
 13.000000     -0.00079507
 13.100000      0.00242933
 13.200000      0.00568864
 13.300000      0.00903235
 13.400000      0.01160044
 13.500000      0.01384826
 13.600000      0.01647976
 13.700000      0.01870809
 13.800000      0.02098655
 13.900000      0.02349984
 14.000000      0.02588457
 14.100000      0.02856827
 14.200000      0.03164160
 14.300000      0.03490362
 14.400000      0.03837170
 14.500000      0.04217708
 14.600000      0.04630146
 14.700000      0.05024220
 14.800000      0.05422701
 14.900000      0.05842022
 15.000000      0.06295148
 15.100000      0.06748444
 15.200000      0.07265541
 15.300000      0.07811742
 15.400000      0.08415647
 15.500000      0.09111813
 15.600000      0.09856911
 15.700000      0.10622397
 15.800000      0.11399773
 15.900000      0.12168392
 16.000000      0.12895465
 16.100000      0.13560252
 16.200000      0.14217077
 16.300000      0.14813474
 16.400000      0.15421547
 16.500000      0.16053057
 16.600000      0.16659328
 16.700000      0.17219308
 16.800000      0.17734411
 16.900000      0.18220450
 17.000000      0.18667958
 17.100000      0.19103977
 17.200000      0.19564932
 17.300000      0.20011093
 17.400000      0.20466703
 17.500000      0.20910830
 17.600000      0.21338217
 17.700000      0.21788245
 17.800000      0.22212582
 17.900000      0.22606755
 18.000000      0.23019588
 18.100000      0.23397988
 18.200000      0.23733029
 18.300000      0.24078604
 18.400000      0.24402843
 18.500000      0.24684018
 18.600000      0.24937974
 18.700000      0.25138101
 18.800000      0.25269594
 18.900000      0.25383459
 19.000000      0.25493151
 19.100000      0.25547157
 19.200000      0.25517340
 19.300000      0.25488546
 19.400000      0.25410536
 19.500000      0.25225454
 19.600000      0.24981778
 19.700000      0.24691161
 19.800000      0.24377095
 19.900000      0.24011934
 20.000000      0.23582858
 20.100000      0.23064565
 20.200000      0.22511684
 20.300000      0.21923578
 20.400000      0.21310508
 20.500000      0.20644294
 20.600000      0.19866693
 20.700000      0.19050478
 20.800000      0.18167922
 20.900000      0.17187240
 21.000000      0.16197311
 21.100000      0.15115178
 21.200000      0.13934339
 21.300000      0.12659994
 21.400000      0.11313726
 21.500000      0.09920949
 21.600000      0.08519623
 21.700000      0.07072627
 21.800000      0.05546609
 21.900000      0.03909792
 22.000000      0.02265812
 22.100000      0.00626840
 22.200000     -0.01008020
 22.300000     -0.02622789
 22.400000     -0.04274965
 22.500000     -0.05916367
 22.600000     -0.07557858
 22.700000     -0.09171350
 22.800000     -0.10833348
 22.900000     -0.12490011
 23.000000     -0.14170397
 23.100000     -0.15926227
 23.200000     -0.17747139
 23.300000     -0.19600509
 23.400000     -0.21471606
 23.500000     -0.23309303
 23.600000     -0.25226686
 23.700000     -0.27225200
 23.800000     -0.29180654
 23.900000     -0.31138337
 24.000000     -0.33101357
 24.100000     -0.35087462
 24.200000     -0.37029444
 24.300000     -0.38968177
 24.400000     -0.40930940
 24.500000     -0.42865417
 24.600000     -0.44750921
 24.700000     -0.46540065
 24.800000     -0.48346238
 24.900000     -0.50130894
 25.000000     -0.51880820
 25.100000     -0.53606655
 25.200000     -0.55226995
 25.300000     -0.56782550
 25.400000     -0.58358059
 25.500000     -0.59865100
 25.600000     -0.61332354
 25.700000     -0.62758520
 25.800000     -0.64125837
 25.900000     -0.65341441
 26.000000     -0.66354408
 26.100000     -0.67263777
 26.200000     -0.68153577
 26.300000     -0.69009843
 26.400000     -0.69716665
 26.500000     -0.70296301
 26.600000     -0.70711621
 26.700000     -0.70956053
 26.800000     -0.71106516
 26.900000     -0.71117133
 27.000000     -0.70964085
 27.100000     -0.70677504
 27.200000     -0.70242321
 27.300000     -0.69587877
 27.400000     -0.68746307
 27.500000     -0.67806666
 27.600000     -0.66716394
 27.700000     -0.65466111
 27.800000     -0.64119070
 27.900000     -0.62692994
 28.000000     -0.61070365
 28.100000     -0.59290117
 28.200000     -0.57367971
 28.300000     -0.55274668
 28.400000     -0.52928961
 28.500000     -0.50501914
 28.600000     -0.48013670
 28.700000     -0.45349926
 28.800000     -0.42516872
 28.900000     -0.39528917
 29.000000     -0.36502868
 29.100000     -0.33391899
 29.200000     -0.30185999
 29.300000     -0.26889759
 29.400000     -0.23489209
 29.500000     -0.19957558
 29.600000     -0.16270234
 29.700000     -0.12534061
 29.800000     -0.08802469
 29.900000     -0.04906724
 30.000000     -0.00931185
 30.100000      0.03064301
 30.200000      0.07077075
 30.300000      0.11040317
 30.400000      0.15119859
 30.500000      0.19287792
 30.600000      0.23442395
 30.700000      0.27585532
 30.800000      0.31741173
 30.900000      0.35847662
 31.000000      0.39942247
 31.100000      0.43971551
 31.200000      0.47912692
 31.300000      0.51823708
 31.400000      0.55669146
 31.500000      0.59431543
 31.600000      0.62988625
 31.700000      0.66295227
 31.800000      0.69406042
 31.900000      0.72379235
 32.000000      0.75243369
 32.100000      0.77982760
 32.200000      0.80531913
 32.300000      0.82914722
 32.400000      0.85189928
 32.500000      0.87232395
 32.600000      0.89063941
 32.700000      0.90671103
 32.800000      0.92099221
 32.900000      0.93479064
 33.000000      0.94811872
 33.100000      0.95992137
 33.200000      0.97002559
 33.300000      0.97902269
 33.400000      0.98704084
 33.500000      0.99324288
 33.600000      0.99687208
 33.700000      0.99888408
 33.800000      1.00000000
 33.900000      0.99951722
 34.000000      0.99686193
 34.100000      0.99193433
 34.200000      0.98531099
 34.300000      0.97731789
 34.400000      0.96728952
 34.500000      0.95531804
 34.600000      0.94137780
 34.700000      0.92580805
 34.800000      0.90897931
 34.900000      0.89096758
 35.000000      0.87198901
 35.100000      0.85103406
 35.200000      0.82854457
 35.300000      0.80479950
 35.400000      0.77990712
 35.500000      0.75434775
 35.600000      0.72722115
 35.700000      0.69843874
 35.800000      0.66875705
 35.900000      0.63820267
 36.000000      0.60659275
 36.100000      0.57388594
 36.200000      0.54023507
 36.300000      0.50568241
 36.400000      0.47016074
 36.500000      0.43393678
 36.600000      0.39765890
 36.700000      0.36123757
 36.800000      0.32453118
 36.900000      0.28785699
 37.000000      0.25128525
 37.100000      0.21516700
 37.200000      0.17918748
 37.300000      0.14352730
 37.400000      0.10815896
 37.500000      0.07295704
 37.600000      0.03829234
 37.700000      0.00455227
 37.800000     -0.02864546
 37.900000     -0.06139943
 38.000000     -0.09339251
 38.100000     -0.12340558
 38.200000     -0.15296252
 38.300000     -0.18243813
 38.400000     -0.21113200
 38.500000     -0.23762718
 38.600000     -0.26290517
 38.700000     -0.28745363
 38.800000     -0.31090848
 38.900000     -0.33320640
 39.000000     -0.35331794
 39.100000     -0.37045868
 39.200000     -0.38637156
 39.300000     -0.40160478
 39.400000     -0.41604378
 39.500000     -0.42843620
 39.600000     -0.43835782
 39.700000     -0.44738446
 39.800000     -0.45583396
 39.900000     -0.46402014
