  0.000000     -0.02562638
  0.100000     -0.02698911
  0.200000     -0.02804322
  0.300000     -0.02877623
  0.400000     -0.02929823
  0.500000     -0.03067737
  0.600000     -0.03217358
  0.700000     -0.03293292
  0.800000     -0.03354890
  0.900000     -0.03285999
  1.000000     -0.03425920
  1.100000     -0.03441410
  1.200000     -0.03408777
  1.300000     -0.03389013
  1.400000     -0.03366332
  1.500000     -0.03326875
  1.600000     -0.03257837
  1.700000     -0.03188318
  1.800000     -0.03005828
  1.900000     -0.02918479
  2.000000     -0.02858150
  2.100000     -0.02677947
  2.200000     -0.02649299
  2.300000     -0.02651787
  2.400000     -0.02692344
  2.500000     -0.02664405
  2.600000     -0.02775935
  2.700000     -0.02881630
  2.800000     -0.02858615
  2.900000     -0.02939934
  3.000000     -0.03038987
  3.100000     -0.03094739
  3.200000     -0.03147465
  3.300000     -0.03206842
  3.400000     -0.03296698
  3.500000     -0.03167558
  3.600000     -0.03131823
  3.700000     -0.03196884
  3.800000     -0.03066058
  3.900000     -0.02968268
  4.000000     -0.02953568
  4.100000     -0.02778133
  4.200000     -0.02766143
  4.300000     -0.02916253
  4.400000     -0.03048194
  4.500000     -0.03280877
  4.600000     -0.03478407
  4.700000     -0.03679206
  4.800000     -0.03878448
  4.900000     -0.04038729
  5.000000     -0.04265812
  5.100000     -0.04326520
  5.200000     -0.04343767
  5.300000     -0.04560974
  5.400000     -0.04378801
  5.500000     -0.04195193
  5.600000     -0.04164191
  5.700000     -0.03990699
  5.800000     -0.04002702
  5.900000     -0.04030527
  6.000000     -0.03654168
  6.100000     -0.03506507
  6.200000     -0.03315386
  6.300000     -0.03280691
  6.400000     -0.03001957
  6.500000     -0.02749889
  6.600000     -0.02540924
  6.700000     -0.02130303
  6.800000     -0.01678554
  6.900000     -0.01426388
  7.000000     -0.01136768
  7.100000     -0.00817230
  7.200000     -0.00532710
  7.300000     -0.00154958
  7.400000      0.00123080
  7.500000      0.00226743
  7.600000      0.00448907
  7.700000      0.00586504
  7.800000      0.00652660
  7.900000      0.00681443
  8.000000      0.00730577
  8.100000      0.00739522
  8.200000      0.00712283
  8.300000      0.00763645
  8.400000      0.00690053
  8.500000      0.00590825
  8.600000      0.00658706
  8.700000      0.00590449
  8.800000      0.00419013
  8.900000      0.00430484
  9.000000      0.00397006
  9.100000      0.00284527
  9.200000      0.00070293
  9.300000     -0.00031351
  9.400000     -0.00175238
  9.500000     -0.00278378
  9.600000     -0.00357120
  9.700000     -0.00452207
  9.800000     -0.00542531
  9.900000     -0.00635224
 10.000000     -0.00660529
 10.100000     -0.00757375
 10.200000     -0.00965802
 10.300000     -0.01127827
 10.400000     -0.01182209
 10.500000     -0.01459207
 10.600000     -0.01610144
 10.700000     -0.01712773
 10.800000     -0.01990571
 10.900000     -0.02291905
 11.000000     -0.02321529
 11.100000     -0.02329022
 11.200000     -0.02487802
 11.300000     -0.02592178
 11.400000     -0.02669419
 11.500000     -0.02636987
 11.600000     -0.02823714
 11.700000     -0.03054302
 11.800000     -0.03256483
 11.900000     -0.03561222
 12.000000     -0.03934489
 12.100000     -0.04409020
 12.200000     -0.04871411
 12.300000     -0.05355151
 12.400000     -0.06030122
 12.500000     -0.06777685
 12.600000     -0.07330091
 12.700000     -0.07840922
 12.800000     -0.08517646
 12.900000     -0.08961386
 13.000000     -0.09448202
 13.100000     -0.10048299
 13.200000     -0.10791631
 13.300000     -0.11595124
 13.400000     -0.12518970
 13.500000     -0.13525443
 13.600000     -0.14416757
 13.700000     -0.15272012
 13.800000     -0.16268062
 13.900000     -0.17282641
 14.000000     -0.18123530
 14.100000     -0.18923488
 14.200000     -0.19749020
 14.300000     -0.20470338
 14.400000     -0.21309644
 14.500000     -0.22224085
 14.600000     -0.23138826
 14.700000     -0.24313428
 14.800000     -0.25297370
 14.900000     -0.26361806
 15.000000     -0.27449977
 15.100000     -0.28253306
 15.200000     -0.29355016
 15.300000     -0.30544199
 15.400000     -0.31434614
 15.500000     -0.32541119
 15.600000     -0.33695863
 15.700000     -0.34971435
 15.800000     -0.36373895
 15.900000     -0.37626325
 16.000000     -0.38662097
 16.100000     -0.39547200
 16.200000     -0.40201438
 16.300000     -0.40911243
 16.400000     -0.41503721
 16.500000     -0.42022799
 16.600000     -0.42424475
 16.700000     -0.42762268
 16.800000     -0.42980921
 16.900000     -0.43095142
 17.000000     -0.43194627
 17.100000     -0.43291979
 17.200000     -0.43297972
 17.300000     -0.42906044
 17.400000     -0.42692827
 17.500000     -0.42303671
 17.600000     -0.41334176
 17.700000     -0.40217825
 17.800000     -0.39260135
 17.900000     -0.37715317
 18.000000     -0.36029178
 18.100000     -0.33912967
 18.200000     -0.31560139
 18.300000     -0.29002106
 18.400000     -0.25947065
 18.500000     -0.22562486
 18.600000     -0.18693603
 18.700000     -0.14796167
 18.800000     -0.10369593
 18.900000     -0.05614969
 19.000000     -0.00433530
 19.100000      0.04439106
 19.200000      0.09933452
 19.300000      0.15833718
 19.400000      0.20984506
 19.500000      0.27220781
 19.600000      0.32319947
 19.700000      0.38407563
 19.800000      0.43940811
 19.900000      0.49354573
 20.000000      0.54358063
 20.100000      0.58957668
 20.200000      0.63907496
 20.300000      0.68455182
 20.400000      0.72480298
 20.500000      0.76228415
 20.600000      0.80066818
 20.700000      0.82942255
 20.800000      0.85734588
 20.900000      0.88237945
 21.000000      0.90575572
 21.100000      0.92516893
 21.200000      0.93984122
 21.300000      0.95671612
 21.400000      0.96999232
 21.500000      0.97875871
 21.600000      0.98751061
 21.700000      0.99497638
 21.800000      0.99874988
 21.900000      1.00000000
 22.000000      0.99942040
 22.100000      0.99190407
 22.200000      0.98243650
 22.300000      0.97026285
 22.400000      0.95551742
 22.500000      0.93824626
 22.600000      0.91792262
 22.700000      0.89238635
 22.800000      0.86514992
 22.900000      0.83853639
 23.000000      0.81083083
 23.100000      0.78004544
 23.200000      0.74129119
 23.300000      0.70480031
 23.400000      0.66611189
 23.500000      0.62702891
 23.600000      0.58364783
 23.700000      0.54008110
 23.800000      0.49229962
 23.900000      0.44587052
 24.000000      0.39942150
 24.100000      0.35382526
 24.200000      0.30896287
 24.300000      0.26398915
 24.400000      0.22030285
 24.500000      0.17986863
 24.600000      0.13808453
 24.700000      0.09602353
 24.800000      0.05918894
 24.900000      0.02489405
 25.000000     -0.00885882
 25.100000     -0.03909914
 25.200000     -0.06724551
 25.300000     -0.09204450
 25.400000     -0.11684172
 25.500000     -0.14013282
 25.600000     -0.16082244
 25.700000     -0.18297747
 25.800000     -0.19965551
 25.900000     -0.22200803
 26.000000     -0.23881749
 26.100000     -0.25242073
 26.200000     -0.27220919
 26.300000     -0.28730784
 26.400000     -0.29941708
 26.500000     -0.31417433
 26.600000     -0.32599539
 26.700000     -0.33642947
 26.800000     -0.34342551
 26.900000     -0.34786409
 27.000000     -0.35365660
 27.100000     -0.35800245
 27.200000     -0.35871097
 27.300000     -0.35914227
 27.400000     -0.35863975
 27.500000     -0.35270431
 27.600000     -0.34875655
 27.700000     -0.33993751
 27.800000     -0.33174080
 27.900000     -0.32334337
 28.000000     -0.31198207
 28.100000     -0.30320348
 28.200000     -0.29248534
 28.300000     -0.28393641
 28.400000     -0.27392821
 28.500000     -0.26146300
 28.600000     -0.25058781
 28.700000     -0.23752534
 28.800000     -0.22986873
 28.900000     -0.22107545
 29.000000     -0.21076982
 29.100000     -0.20106519
 29.200000     -0.19527268
 29.300000     -0.18461896
 29.400000     -0.17512087
 29.500000     -0.16771664
 29.600000     -0.15862814
 29.700000     -0.14730013
 29.800000     -0.13959392
 29.900000     -0.13217788
 30.000000     -0.12469540
 30.100000     -0.11754076
 30.200000     -0.11077069
 30.300000     -0.10727510
 30.400000     -0.10166502
 30.500000     -0.09531819
 30.600000     -0.09074277
 30.700000     -0.08315379
 30.800000     -0.07834169
 30.900000     -0.07316062
 31.000000     -0.06848844
 31.100000     -0.06339213
 31.200000     -0.05613890
 31.300000     -0.04903593
 31.400000     -0.04445232
 31.500000     -0.03803667
 31.600000     -0.03187846
 31.700000     -0.02659628
 31.800000     -0.02022182
 31.900000     -0.01582943
 32.000000     -0.01178512
 32.100000     -0.00819261
 32.200000     -0.00865936
 32.300000     -0.00635556
 32.400000     -0.00387107
 32.500000     -0.00453248
 32.600000     -0.00473153
 32.700000     -0.00471763
 32.800000     -0.00608867
 32.900000     -0.00467428
 33.000000     -0.00541218
 33.100000     -0.00835476
 33.200000     -0.00982712
 33.300000     -0.01365376
 33.400000     -0.01758298
 33.500000     -0.02025498
 33.600000     -0.02447324
 33.700000     -0.02864617
 33.800000     -0.03055690
 33.900000     -0.03409599
 34.000000     -0.03712361
 34.100000     -0.03852042
 34.200000     -0.04213735
 34.300000     -0.04558848
 34.400000     -0.04833418
 34.500000     -0.05098204
 34.600000     -0.05453430
 34.700000     -0.05799242
 34.800000     -0.05960367
 34.900000     -0.06097091
 35.000000     -0.06155204
 35.100000     -0.06148518
 35.200000     -0.06199810
 35.300000     -0.06280363
 35.400000     -0.06331815
 35.500000     -0.06291353
 35.600000     -0.06181335
 35.700000     -0.06198645
 35.800000     -0.06134434
 35.900000     -0.06094410
 36.000000     -0.06337358
 36.100000     -0.06280471
 36.200000     -0.06203646
 36.300000     -0.06385836
 36.400000     -0.06268964
 36.500000     -0.06323638
 36.600000     -0.06558397
 36.700000     -0.06618679
 36.800000     -0.06786917
 36.900000     -0.06941277
 37.000000     -0.07091240
 37.100000     -0.07210348
 37.200000     -0.07061045
 37.300000     -0.06975280
 37.400000     -0.07251266
 37.500000     -0.07246472
 37.600000     -0.07228593
 37.700000     -0.07406851
 37.800000     -0.07381097
 37.900000     -0.07397875
 38.000000     -0.07490524
 38.100000     -0.07538371
 38.200000     -0.07633958
 38.300000     -0.07854748
 38.400000     -0.07887545
 38.500000     -0.08051544
 38.600000     -0.08446490
 38.700000     -0.08480927
 38.800000     -0.08490590
 38.900000     -0.08543955
 39.000000     -0.08610128
 39.100000     -0.08571581
 39.200000     -0.08558455
 39.300000     -0.08419027
 39.400000     -0.08304739
 39.500000     -0.08254614
 39.600000     -0.07987770
 39.700000     -0.07839328
 39.800000     -0.07739550
 39.900000     -0.07548162
