  0.000000      0.05879783
  0.100000      0.06252237
  0.200000      0.06556021
  0.300000      0.06825900
  0.400000      0.07043423
  0.500000      0.07193917
  0.600000      0.07240299
  0.700000      0.07277788
  0.800000      0.07299755
  0.900000      0.07285696
  1.000000      0.07270930
  1.100000      0.07224846
  1.200000      0.07110960
  1.300000      0.06973467
  1.400000      0.06758918
  1.500000      0.06476998
  1.600000      0.06116150
  1.700000      0.05684211
  1.800000      0.05187865
  1.900000      0.04720773
  2.000000      0.04168895
  2.100000      0.03581979
  2.200000      0.02984718
  2.300000      0.02408903
  2.400000      0.01931522
  2.500000      0.01521083
  2.600000      0.01209957
  2.700000      0.00941178
  2.800000      0.00692068
  2.900000      0.00400419
  3.000000     -0.00005365
  3.100000     -0.00379664
  3.200000     -0.00802868
  3.300000     -0.01395929
  3.400000     -0.01987637
  3.500000     -0.02564036
  3.600000     -0.03181100
  3.700000     -0.03877459
  3.800000     -0.04540458
  3.900000     -0.05185782
  4.000000     -0.05835147
  4.100000     -0.06530681
  4.200000     -0.07181683
  4.300000     -0.07796716
  4.400000     -0.08420444
  4.500000     -0.09024534
  4.600000     -0.09536867
  4.700000     -0.10134986
  4.800000     -0.10747732
  4.900000     -0.11337361
  5.000000     -0.11982411
  5.100000     -0.12866119
  5.200000     -0.13907449
  5.300000     -0.15061093
  5.400000     -0.16321751
  5.500000     -0.17504751
  5.600000     -0.18534060
  5.700000     -0.19541948
  5.800000     -0.20575414
  5.900000     -0.21382805
  6.000000     -0.21925626
  6.100000     -0.22200196
  6.200000     -0.22716159
  6.300000     -0.22535719
  6.400000     -0.22315807
  6.500000     -0.22027472
  6.600000     -0.21349207
  6.700000     -0.20852590
  6.800000     -0.20291301
  6.900000     -0.19665704
  7.000000     -0.19077795
  7.100000     -0.18694096
  7.200000     -0.18279503
  7.300000     -0.17477744
  7.400000     -0.16588050
  7.500000     -0.15461937
  7.600000     -0.13910343
  7.700000     -0.11754234
  7.800000     -0.08847567
  7.900000     -0.05943408
  8.000000     -0.02456667
  8.100000      0.01635941
  8.200000      0.06489455
  8.300000      0.11732473
  8.400000      0.17525904
  8.500000      0.23595280
  8.600000      0.30052624
  8.700000      0.37208857
  8.800000      0.44826209
  8.900000      0.52600518
  9.000000      0.60322484
  9.100000      0.67663801
  9.200000      0.74305881
  9.300000      0.80176306
  9.400000      0.85126958
  9.500000      0.89162337
  9.600000      0.92207643
  9.700000      0.94545569
  9.800000      0.96368234
  9.900000      0.97973869
 10.000000      0.99269955
 10.100000      1.00000000
 10.200000      0.93988407
 10.300000      0.99727862
 10.400000      0.99014779
 10.500000      0.97424191
 10.600000      0.95060666
 10.700000      0.91767466
 10.800000      0.87357849
 10.900000      0.82180806
 11.000000      0.76047612
 11.100000      0.69053491
 11.200000      0.61883167
 11.300000      0.54259469
 11.400000      0.46615673
 11.500000      0.38757341
 11.600000      0.30812961
 11.700000      0.23257033
 11.800000      0.15645471
 11.900000      0.08486012
 12.000000      0.01636917
 12.100000     -0.04583037
 12.200000     -0.09806898
 12.300000     -0.14525931
 12.400000     -0.18802950
 12.500000     -0.22706332
 12.600000     -0.25996933
 12.700000     -0.28394264
 12.800000     -0.30170773
 12.900000     -0.31276216
 13.000000     -0.31785470
 13.100000     -0.31851696
 13.200000     -0.31710579
 13.300000     -0.31325351
 13.400000     -0.30693500
 13.500000     -0.30318730
 13.600000     -0.30029209
 13.700000     -0.29987168
 13.800000     -0.29803336
 13.900000     -0.29456689
 14.000000     -0.28935875
 14.100000     -0.28311987
 14.200000     -0.27650101
 14.300000     -0.26536796
 14.400000     -0.25785431
 14.500000     -0.24663318
 14.600000     -0.23257298
 14.700000     -0.21857996
 14.800000     -0.20514556
 14.900000     -0.18777390
 15.000000     -0.16968580
 15.100000     -0.15499142
 15.200000     -0.14191972
 15.300000     -0.12658137
 15.400000     -0.11257139
 15.500000     -0.10072133
 15.600000     -0.09195980
 15.700000     -0.08741589
 15.800000     -0.08345166
 15.900000     -0.08045101
 16.000000     -0.07750608
 16.100000     -0.07282373
 16.200000     -0.06951657
 16.300000     -0.06546407
 16.400000     -0.06339662
 16.500000     -0.06131668
 16.600000     -0.06065328
 16.700000     -0.06135511
 16.800000     -0.06354909
 16.900000     -0.06700839
 17.000000     -0.06861157
 17.100000     -0.06833976
 17.200000     -0.06900620
 17.300000     -0.06746583
 17.400000     -0.06423207
 17.500000     -0.06328352
 17.600000     -0.06233423
 17.700000     -0.05792595
 17.800000     -0.05317669
 17.900000     -0.04997476
 18.000000     -0.04763357
 18.100000     -0.04323936
 18.200000     -0.03996748
 18.300000     -0.03589688
 18.400000     -0.03235326
 18.500000     -0.03107232
 18.600000     -0.03230211
 18.700000     -0.03569219
 18.800000     -0.04104376
 18.900000     -0.05083112
 19.000000     -0.06239408
 19.100000     -0.07365951
 19.200000     -0.08257716
 19.300000     -0.08993737
 19.400000     -0.09428145
 19.500000     -0.09524420
 19.600000     -0.09526256
 19.700000     -0.09519982
 19.800000     -0.09432332
 19.900000     -0.09038669
 20.000000     -0.08877777
 20.100000     -0.08861466
 20.200000     -0.08921936
 20.300000     -0.09054217
 20.400000     -0.09265306
 20.500000     -0.09317911
 20.600000     -0.09497541
 20.700000     -0.09378299
 20.800000     -0.09164499
 20.900000     -0.08907444
 21.000000     -0.08634828
 21.100000     -0.08150122
 21.200000     -0.07514190
 21.300000     -0.07058688
 21.400000     -0.06625191
 21.500000     -0.05889811
 21.600000     -0.05278620
 21.700000     -0.05084428
 21.800000     -0.04857354
 21.900000     -0.04547297
 22.000000     -0.04555893
 22.100000     -0.04475047
 22.200000     -0.04137089
 22.300000     -0.03908721
 22.400000     -0.03754852
 22.500000     -0.03397107
 22.600000     -0.03022203
 22.700000     -0.02796546
 22.800000     -0.02642426
 22.900000     -0.02171225
 23.000000     -0.01817915
 23.100000     -0.01677938
 23.200000     -0.01456658
 23.300000     -0.01148050
 23.400000     -0.00818499
 23.500000     -0.00506396
 23.600000     -0.00108804
 23.700000      0.00085179
 23.800000      0.00194682
 23.900000      0.00414519
 24.000000      0.00671557
 24.100000      0.00795868
 24.200000      0.00798490
 24.300000      0.00850924
 24.400000      0.00788693
 24.500000      0.00672873
 24.600000      0.00498171
 24.700000      0.00408088
 24.800000      0.00386984
 24.900000      0.00355071
 25.000000      0.00344770
 25.100000      0.00337316
 25.200000      0.00233781
 25.300000      0.00143025
 25.400000     -0.00049339
 25.500000     -0.00202996
 25.600000     -0.00362280
 25.700000     -0.00471326
 25.800000     -0.00411503
 25.900000     -0.00385390
 26.000000     -0.00318837
 26.100000     -0.00285846
 26.200000     -0.00210810
 26.300000     -0.00099608
 26.400000      0.00162440
 26.500000      0.00363488
 26.600000      0.00707119
 26.700000      0.01151013
 26.800000      0.01495692
 26.900000      0.01783067
 27.000000      0.02003649
 27.100000      0.02177721
 27.200000      0.02330335
 27.300000      0.02207049
 27.400000      0.01952431
 27.500000      0.01735202
 27.600000      0.01298814
 27.700000      0.00912154
 27.800000      0.00500939
 27.900000      0.00114616
 28.000000     -0.00187188
 28.100000     -0.00419575
 28.200000     -0.00635077
 28.300000     -0.00789577
 28.400000     -0.00981844
 28.500000     -0.01096295
 28.600000     -0.01195892
 28.700000     -0.01218060
 28.800000     -0.01202326
 28.900000     -0.01327038
 29.000000     -0.01487645
 29.100000     -0.01800498
 29.200000     -0.02158926
 29.300000     -0.02532547
 29.400000     -0.02946030
 29.500000     -0.03178813
 29.600000     -0.03273082
 29.700000     -0.03360872
 29.800000     -0.03332932
 29.900000     -0.03268864
 30.000000     -0.03363693
 30.100000     -0.03452418
 30.200000     -0.03377039
 30.300000     -0.03251284
 30.400000     -0.03301285
 30.500000     -0.03262547
 30.600000     -0.03074087
 30.700000     -0.02878371
 30.800000     -0.02698790
 30.900000     -0.02584523
 31.000000     -0.02388043
 31.100000     -0.02177401
 31.200000     -0.01937045
 31.300000     -0.01490732
 31.400000     -0.00961036
 31.500000     -0.00467408
 31.600000     -0.00066338
 31.700000      0.00233761
 31.800000      0.00416781
 31.900000      0.00415247
 32.000000      0.00384389
 32.100000      0.00314975
 32.200000      0.00187973
 32.300000      0.00104699
 32.400000      0.00022427
 32.500000     -0.00085438
 32.600000     -0.00227747
 32.700000     -0.00390402
 32.800000     -0.00601579
 32.900000     -0.00876867
 33.000000     -0.01147323
 33.100000     -0.01310413
 33.200000     -0.01449772
 33.300000     -0.01577112
 33.400000     -0.01636727
 33.500000     -0.01790288
 33.600000     -0.02038254
 33.700000     -0.02304148
 33.800000     -0.02558202
 33.900000     -0.02747405
 34.000000     -0.02882354
 34.100000     -0.02961330
 34.200000     -0.02884977
 34.300000     -0.02819794
 34.400000     -0.02920840
 34.500000     -0.03018936
 34.600000     -0.03096331
 34.700000     -0.03310962
 34.800000     -0.03538184
 34.900000     -0.03730760
 35.000000     -0.03750250
 35.100000     -0.03814896
 35.200000     -0.03858578
 35.300000     -0.03768028
 35.400000     -0.03710796
 35.500000     -0.03640849
 35.600000     -0.03401977
 35.700000     -0.03067793
 35.800000     -0.02798550
 35.900000     -0.02561066
 36.000000     -0.02334079
 36.100000     -0.02031296
 36.200000     -0.01716193
 36.300000     -0.01467103
 36.400000     -0.01312177
 36.500000     -0.01134278
 36.600000     -0.00971690
 36.700000     -0.00880371
 36.800000     -0.00790396
 36.900000     -0.00638953
 37.000000     -0.00498704
 37.100000     -0.00367470
 37.200000     -0.00210522
 37.300000     -0.00093067
 37.400000     -0.00042665
 37.500000     -0.00044192
 37.600000     -0.00023704
 37.700000      0.00021907
 37.800000      0.00097804
 37.900000      0.00147751
 38.000000      0.00159947
 38.100000      0.00197391
 38.200000      0.00214323
 38.300000      0.00131122
 38.400000      0.00086909
 38.500000      0.00046884
 38.600000      0.00056180
 38.700000      0.00113708
 38.800000      0.00251175
 38.900000      0.00436760
 39.000000      0.00574292
 39.100000      0.00657768
 39.200000      0.00846386
 39.300000      0.00994415
 39.400000      0.01166322
 39.500000      0.01429331
 39.600000      0.01735872
 39.700000      0.02086617
 39.800000      0.02393192
 39.900000      0.02606678
