  0.000000      0.01113556
  0.100000      0.01073995
  0.200000      0.01029441
  0.300000      0.00992501
  0.400000      0.00962116
  0.500000      0.00961819
  0.600000      0.00984830
  0.700000      0.00968616
  0.800000      0.00935730
  0.900000      0.00934846
  1.000000      0.00931473
  1.100000      0.00925423
  1.200000      0.00901339
  1.300000      0.00885680
  1.400000      0.00915305
  1.500000      0.00953398
  1.600000      0.00971486
  1.700000      0.01005863
  1.800000      0.01069750
  1.900000      0.01152049
  2.000000      0.01259016
  2.100000      0.01327772
  2.200000      0.01365937
  2.300000      0.01407256
  2.400000      0.01458367
  2.500000      0.01481942
  2.600000      0.01486687
  2.700000      0.01476303
  2.800000      0.01466478
  2.900000      0.01492354
  3.000000      0.01540125
  3.100000      0.01548770
  3.200000      0.01585299
  3.300000      0.01651347
  3.400000      0.01684577
  3.500000      0.01709722
  3.600000      0.01719160
  3.700000      0.01756859
  3.800000      0.01769605
  3.900000      0.01767352
  4.000000      0.01771000
  4.100000      0.01766254
  4.200000      0.01768174
  4.300000      0.01811046
  4.400000      0.01920663
  4.500000      0.02009387
  4.600000      0.02107406
  4.700000      0.02232743
  4.800000      0.02315814
  4.900000      0.02420872
  5.000000      0.02592163
  5.100000      0.02723520
  5.200000      0.02748313
  5.300000      0.02776600
  5.400000      0.02878973
  5.500000      0.03025696
  5.600000      0.03206636
  5.700000      0.03333481
  5.800000      0.03445055
  5.900000      0.03597568
  6.000000      0.03698160
  6.100000      0.03725984
  6.200000      0.03788964
  6.300000      0.03817209
  6.400000      0.03784231
  6.500000      0.03739019
  6.600000      0.03653890
  6.700000      0.03492728
  6.800000      0.03276518
  6.900000      0.03051483
  7.000000      0.02883245
  7.100000      0.02712656
  7.200000      0.02496051
  7.300000      0.02286103
  7.400000      0.02138555
  7.500000      0.01969350
  7.600000      0.01749359
  7.700000      0.01604684
  7.800000      0.01554269
  7.900000      0.01466892
  8.000000      0.01384216
  8.100000      0.01263109
  8.200000      0.01142059
  8.300000      0.01120336
  8.400000      0.01092179
  8.500000      0.01043246
  8.600000      0.01038108
  8.700000      0.00936534
  8.800000      0.00731193
  8.900000      0.00514513
  9.000000      0.00291616
  9.100000      0.00040625
  9.200000     -0.00226386
  9.300000     -0.00446898
  9.400000     -0.00607051
  9.500000     -0.00774220
  9.600000     -0.00878816
  9.700000     -0.01003259
  9.800000     -0.01091742
  9.900000     -0.01143030
 10.000000     -0.01216662
 10.100000     -0.01293047
 10.200000     -0.01442424
 10.300000     -0.01562815
 10.400000     -0.01684509
 10.500000     -0.01853259
 10.600000     -0.01976408
 10.700000     -0.02087181
 10.800000     -0.02188888
 10.900000     -0.02269711
 11.000000     -0.02357712
 11.100000     -0.02502073
 11.200000     -0.02605973
 11.300000     -0.02700824
 11.400000     -0.02942410
 11.500000     -0.03036104
 11.600000     -0.03157975
 11.700000     -0.03329762
 11.800000     -0.03506979
 11.900000     -0.03663431
 12.000000     -0.03760835
 12.100000     -0.03729540
 12.200000     -0.03663773
 12.300000     -0.03683059
 12.400000     -0.03634675
 12.500000     -0.03526554
 12.600000     -0.03428988
 12.700000     -0.03211031
 12.800000     -0.02988593
 12.900000     -0.02745890
 13.000000     -0.02480947
 13.100000     -0.02334588
 13.200000     -0.02187992
 13.300000     -0.01926933
 13.400000     -0.01768834
 13.500000     -0.01685609
 13.600000     -0.01629347
 13.700000     -0.01629532
 13.800000     -0.01552537
 13.900000     -0.01404068
 14.000000     -0.01358739
 14.100000     -0.01283872
 14.200000     -0.01162071
 14.300000     -0.00994695
 14.400000     -0.00873007
 14.500000     -0.00686995
 14.600000     -0.00459559
 14.700000     -0.00301506
 14.800000      0.00027311
 14.900000      0.00354731
 15.000000      0.00817779
 15.100000      0.01327944
 15.200000      0.01955376
 15.300000      0.02638248
 15.400000      0.03464877
 15.500000      0.04436617
 15.600000      0.05495041
 15.700000      0.06840783
 15.800000      0.08453203
 15.900000      0.10236199
 16.000000      0.12248166
 16.100000      0.14497910
 16.200000      0.17139212
 16.300000      0.20069693
 16.400000      0.23387955
 16.500000      0.26954413
 16.600000      0.30858188
 16.700000      0.34897913
 16.800000      0.39152114
 16.900000      0.43595965
 17.000000      0.48226462
 17.100000      0.52850162
 17.200000      0.57446970
 17.300000      0.61863114
 17.400000      0.66156584
 17.500000      0.70215470
 17.600000      0.73994754
 17.700000      0.77427289
 17.800000      0.80669205
 17.900000      0.83604788
 18.000000      0.86291738
 18.100000      0.88747442
 18.200000      0.90867289
 18.300000      0.92758696
 18.400000      0.94491095
 18.500000      0.96040128
 18.600000      0.97266629
 18.700000      0.98228958
 18.800000      0.99062925
 18.900000      0.99651722
 19.000000      0.99924077
 19.100000      1.00000000
 19.200000      0.99781250
 19.300000      0.99137634
 19.400000      0.98139358
 19.500000      0.96549181
 19.600000      0.94510769
 19.700000      0.91834408
 19.800000      0.88385909
 19.900000      0.84066403
 20.000000      0.79025298
 20.100000      0.73244596
 20.200000      0.66640132
 20.300000      0.59236782
 20.400000      0.51218911
 20.500000      0.42542830
 20.600000      0.33402642
 20.700000      0.23914161
 20.800000      0.14150241
 20.900000      0.04379621
 21.000000     -0.05343530
 21.100000     -0.14872699
 21.200000     -0.24130746
 21.300000     -0.33041294
 21.400000     -0.41483766
 21.500000     -0.49287652
 21.600000     -0.56511884
 21.700000     -0.63019860
 21.800000     -0.68845796
 21.900000     -0.73919532
 22.000000     -0.78301693
 22.100000     -0.81971859
 22.200000     -0.84935847
 22.300000     -0.87349627
 22.400000     -0.89134898
 22.500000     -0.90319194
 22.600000     -0.91007669
 22.700000     -0.91182922
 22.800000     -0.90972402
 22.900000     -0.90364181
 23.000000     -0.89379527
 23.100000     -0.88006552
 23.200000     -0.86297055
 23.300000     -0.84484716
 23.400000     -0.82419950
 23.500000     -0.80137109
 23.600000     -0.77764629
 23.700000     -0.75301957
 23.800000     -0.72779659
 23.900000     -0.70222756
 24.000000     -0.67648964
 24.100000     -0.64989723
 24.200000     -0.62368859
 24.300000     -0.59719954
 24.400000     -0.57036838
 24.500000     -0.54331480
 24.600000     -0.51603290
 24.700000     -0.48836701
 24.800000     -0.46062594
 24.900000     -0.43350551
 25.000000     -0.40711605
 25.100000     -0.38271230
 25.200000     -0.35869068
 25.300000     -0.33600478
 25.400000     -0.31525128
 25.500000     -0.29598453
 25.600000     -0.27831221
 25.700000     -0.26224439
 25.800000     -0.24809471
 25.900000     -0.23489356
 26.000000     -0.22416602
 26.100000     -0.21425421
 26.200000     -0.20532502
 26.300000     -0.19649339
 26.400000     -0.18896438
 26.500000     -0.18271545
 26.600000     -0.17773945
 26.700000     -0.17252400
 26.800000     -0.16820169
 26.900000     -0.16455039
 27.000000     -0.16199200
 27.100000     -0.16036835
 27.200000     -0.15876075
 27.300000     -0.15938917
 27.400000     -0.16022036
 27.500000     -0.16154909
 27.600000     -0.16285128
 27.700000     -0.16403248
 27.800000     -0.16549876
 27.900000     -0.16699475
 28.000000     -0.16889276
 28.100000     -0.17010001
 28.200000     -0.17058002
 28.300000     -0.17063722
 28.400000     -0.17049734
 28.500000     -0.17018734
 28.600000     -0.16885915
 28.700000     -0.16674126
 28.800000     -0.16333990
 28.900000     -0.16001463
 29.000000     -0.15706501
 29.100000     -0.15320412
 29.200000     -0.14774894
 29.300000     -0.14231979
 29.400000     -0.13699405
 29.500000     -0.13047412
 29.600000     -0.12305368
 29.700000     -0.11479762
 29.800000     -0.10777273
 29.900000     -0.10120843
 30.000000     -0.09423094
 30.100000     -0.08789984
 30.200000     -0.08109009
 30.300000     -0.07526788
 30.400000     -0.07026925
 30.500000     -0.06475810
 30.600000     -0.05933153
 30.700000     -0.05509714
 30.800000     -0.05198006
 30.900000     -0.04846321
 31.000000     -0.04652805
 31.100000     -0.04430874
 31.200000     -0.04347379
 31.300000     -0.04251049
 31.400000     -0.04175522
 31.500000     -0.04160647
 31.600000     -0.04158006
 31.700000     -0.04132007
 31.800000     -0.04207321
 31.900000     -0.04315513
 32.000000     -0.04403785
 32.100000     -0.04457281
 32.200000     -0.04453624
 32.300000     -0.04619209
 32.400000     -0.04766082
 32.500000     -0.04864545
 32.600000     -0.04936876
 32.700000     -0.05096124
 32.800000     -0.05237797
 32.900000     -0.05416868
 33.000000     -0.05563286
 33.100000     -0.05623526
 33.200000     -0.05719589
 33.300000     -0.05771781
 33.400000     -0.05912232
 33.500000     -0.06032532
 33.600000     -0.06126034
 33.700000     -0.06200560
 33.800000     -0.06249503
 33.900000     -0.06260280
 34.000000     -0.06205835
 34.100000     -0.06136644
 34.200000     -0.06044970
 34.300000     -0.05914131
 34.400000     -0.05873601
 34.500000     -0.05749843
 34.600000     -0.05528444
 34.700000     -0.05341662
 34.800000     -0.05239149
 34.900000     -0.05137902
 35.000000     -0.05029702
 35.100000     -0.04891158
 35.200000     -0.04834653
 35.300000     -0.04786464
 35.400000     -0.04742663
 35.500000     -0.04740444
 35.600000     -0.04703799
 35.700000     -0.04674907
 35.800000     -0.04636515
 35.900000     -0.04603197
 36.000000     -0.04457884
 36.100000     -0.04284122
 36.200000     -0.04148439
 36.300000     -0.03977613
 36.400000     -0.03728898
 36.500000     -0.03489717
 36.600000     -0.03302530
 36.700000     -0.03031351
 36.800000     -0.02743322
 36.900000     -0.02511245
 37.000000     -0.02366353
 37.100000     -0.02200395
 37.200000     -0.02060062
 37.300000     -0.01947359
 37.400000     -0.01775098
 37.500000     -0.01667354
 37.600000     -0.01587148
 37.700000     -0.01471622
 37.800000     -0.01379063
 37.900000     -0.01323850
 38.000000     -0.01315625
 38.100000     -0.01282916
 38.200000     -0.01266281
 38.300000     -0.01323429
 38.400000     -0.01377354
 38.500000     -0.01425931
 38.600000     -0.01488840
 38.700000     -0.01535728
 38.800000     -0.01635380
 38.900000     -0.01743801
 39.000000     -0.01846553
 39.100000     -0.01999792
 39.200000     -0.02160520
 39.300000     -0.02320447
 39.400000     -0.02465139
 39.500000     -0.02618613
 39.600000     -0.02799948
 39.700000     -0.02972361
 39.800000     -0.03165684
 39.900000     -0.03398873
