  0.000000     -0.00776737
  0.100000     -0.00807597
  0.200000     -0.00810069
  0.300000     -0.00792784
  0.400000     -0.00788821
  0.500000     -0.00781586
  0.600000     -0.00748503
  0.700000     -0.00708714
  0.800000     -0.00696711
  0.900000     -0.00712351
  1.000000     -0.00730141
  1.100000     -0.00746092
  1.200000     -0.00777195
  1.300000     -0.00803091
  1.400000     -0.00828599
  1.500000     -0.00859861
  1.600000     -0.00889992
  1.700000     -0.00902010
  1.800000     -0.00903673
  1.900000     -0.00903756
  2.000000     -0.00907867
  2.100000     -0.00924510
  2.200000     -0.00990530
  2.300000     -0.01093061
  2.400000     -0.01167425
  2.500000     -0.01215728
  2.600000     -0.01232952
  2.700000     -0.01225288
  2.800000     -0.01222515
  2.900000     -0.01241241
  3.000000     -0.01318051
  3.100000     -0.01429236
  3.200000     -0.01532097
  3.300000     -0.01600042
  3.400000     -0.01640438
  3.500000     -0.01645017
  3.600000     -0.01616693
  3.700000     -0.01612038
  3.800000     -0.01635695
  3.900000     -0.01634314
  4.000000     -0.01589441
  4.100000     -0.01517036
  4.200000     -0.01379029
  4.300000     -0.01163487
  4.400000     -0.00901070
  4.500000     -0.00599392
  4.600000     -0.00211083
  4.700000      0.00308645
  4.800000      0.00992478
  4.900000      0.01789501
  5.000000      0.02737989
  5.100000      0.03855703
  5.200000      0.05194802
  5.300000      0.06766582
  5.400000      0.08609094
  5.500000      0.10727648
  5.600000      0.13106690
  5.700000      0.15810329
  5.800000      0.18816008
  5.900000      0.22101388
  6.000000      0.25670527
  6.100000      0.29515892
  6.200000      0.33597671
  6.300000      0.37933098
  6.400000      0.42488709
  6.500000      0.47237156
  6.600000      0.52135568
  6.700000      0.57098564
  6.800000      0.62091936
  6.900000      0.67045378
  7.000000      0.71843157
  7.100000      0.76467841
  7.200000      0.80845287
  7.300000      0.84909868
  7.400000      0.88606057
  7.500000      0.91850165
  7.600000      0.94583244
  7.700000      0.96771112
  7.800000      0.98420266
  7.900000      0.99498584
  8.000000      1.00000000
  8.100000      0.99758192
  8.200000      0.98848251
  8.300000      0.97289494
  8.400000      0.95094355
  8.500000      0.92202535
  8.600000      0.88648884
  8.700000      0.84494189
  8.800000      0.79759258
  8.900000      0.74532186
  9.000000      0.68888258
  9.100000      0.62796772
  9.200000      0.56229621
  9.300000      0.49253127
  9.400000      0.41962280
  9.500000      0.34510547
  9.600000      0.26962898
  9.700000      0.19491621
  9.800000      0.12064316
  9.900000      0.04711890
 10.000000     -0.02491897
 10.100000     -0.09481813
 10.200000     -0.16171080
 10.300000     -0.22458289
 10.400000     -0.28434618
 10.500000     -0.34130384
 10.600000     -0.39487384
 10.700000     -0.44416389
 10.800000     -0.48902559
 10.900000     -0.52984333
 11.000000     -0.56603013
 11.100000     -0.59755082
 11.200000     -0.62480849
 11.300000     -0.64786449
 11.400000     -0.66695880
 11.500000     -0.68207729
 11.600000     -0.69330263
 11.700000     -0.70058793
 11.800000     -0.70480293
 11.900000     -0.70590427
 12.000000     -0.70453873
 12.100000     -0.70001964
 12.200000     -0.69234545
 12.300000     -0.68356328
 12.400000     -0.67338158
 12.500000     -0.66202682
 12.600000     -0.64958718
 12.700000     -0.63688576
 12.800000     -0.62327316
 12.900000     -0.60916076
 13.000000     -0.59458465
 13.100000     -0.57944021
 13.200000     -0.56386218
 13.300000     -0.54840276
 13.400000     -0.53298768
 13.500000     -0.51733307
 13.600000     -0.50131982
 13.700000     -0.48503334
 13.800000     -0.46851374
 13.900000     -0.45198882
 14.000000     -0.43553043
 14.100000     -0.41911543
 14.200000     -0.40260142
 14.300000     -0.38614331
 14.400000     -0.36990423
 14.500000     -0.35436142
 14.600000     -0.33906723
 14.700000     -0.32374881
 14.800000     -0.30867609
 14.900000     -0.29442091
 15.000000     -0.28092757
 15.100000     -0.26767944
 15.200000     -0.25496237
 15.300000     -0.24236864
 15.400000     -0.23061746
 15.500000     -0.21954391
 15.600000     -0.20879251
 15.700000     -0.19839604
 15.800000     -0.18833812
 15.900000     -0.17852358
 16.000000     -0.16922959
 16.100000     -0.16063342
 16.200000     -0.15259961
 16.300000     -0.14477756
 16.400000     -0.13746149
 16.500000     -0.13097486
 16.600000     -0.12499990
 16.700000     -0.11886733
 16.800000     -0.11281255
 16.900000     -0.10698767
 17.000000     -0.10175004
 17.100000     -0.09751288
 17.200000     -0.09397726
 17.300000     -0.08979162
 17.400000     -0.08519234
 17.500000     -0.08102994
 17.600000     -0.07702254
 17.700000     -0.07355697
 17.800000     -0.06995161
 17.900000     -0.06686112
 18.000000     -0.06387081
 18.100000     -0.06087489
 18.200000     -0.05766750
 18.300000     -0.05435448
 18.400000     -0.05143178
 18.500000     -0.04827589
 18.600000     -0.04540813
 18.700000     -0.04285371
 18.800000     -0.04033681
 18.900000     -0.03808431
 19.000000     -0.03601618
 19.100000     -0.03376862
 19.200000     -0.03142364
 19.300000     -0.02967923
 19.400000     -0.02854576
 19.500000     -0.02766483
 19.600000     -0.02695885
 19.700000     -0.02641940
 19.800000     -0.02621752
 19.900000     -0.02564007
 20.000000     -0.02499832
 20.100000     -0.02430478
 20.200000     -0.02390590
 20.300000     -0.02340240
 20.400000     -0.02301533
 20.500000     -0.02265118
 20.600000     -0.02224582
 20.700000     -0.02170191
 20.800000     -0.02078748
 20.900000     -0.01951084
 21.000000     -0.01826120
 21.100000     -0.01728882
 21.200000     -0.01600030
 21.300000     -0.01408749
 21.400000     -0.01225159
 21.500000     -0.01070180
 21.600000     -0.00897221
 21.700000     -0.00726509
 21.800000     -0.00590384
 21.900000     -0.00484417
 22.000000     -0.00365524
 22.100000     -0.00236156
 22.200000     -0.00123553
 22.300000      0.00000216
 22.400000      0.00170012
 22.500000      0.00335952
 22.600000      0.00460201
 22.700000      0.00565243
 22.800000      0.00663156
 22.900000      0.00769216
 23.000000      0.00880218
 23.100000      0.00997842
 23.200000      0.01120074
 23.300000      0.01241909
 23.400000      0.01304189
 23.500000      0.01342323
 23.600000      0.01403468
 23.700000      0.01477602
 23.800000      0.01541929
 23.900000      0.01596788
 24.000000      0.01656990
 24.100000      0.01708431
 24.200000      0.01741535
 24.300000      0.01759788
 24.400000      0.01779931
 24.500000      0.01790039
 24.600000      0.01790593
 24.700000      0.01778121
 24.800000      0.01774243
 24.900000      0.01771526
 25.000000      0.01760503
 25.100000      0.01760379
 25.200000      0.01781163
 25.300000      0.01809342
 25.400000      0.01845657
 25.500000      0.01896235
 25.600000      0.01960545
 25.700000      0.01992458
 25.800000      0.02015782
 25.900000      0.02058536
 26.000000      0.02081320
 26.100000      0.02070573
 26.200000      0.02067749
 26.300000      0.02094557
 26.400000      0.02111447
 26.500000      0.02111933
 26.600000      0.02110445
 26.700000      0.02101921
 26.800000      0.02064536
 26.900000      0.02031268
 27.000000      0.02009309
 27.100000      0.01981149
 27.200000      0.01929893
 27.300000      0.01870948
 27.400000      0.01814096
 27.500000      0.01810553
 27.600000      0.01847140
 27.700000      0.01849941
 27.800000      0.01808867
 27.900000      0.01795030
 28.000000      0.01803287
 28.100000      0.01828430
 28.200000      0.01853721
 28.300000      0.01845778
 28.400000      0.01837069
 28.500000      0.01814639
 28.600000      0.01766983
 28.700000      0.01718597
 28.800000      0.01655375
 28.900000      0.01586854
 29.000000      0.01543654
 29.100000      0.01512810
 29.200000      0.01480426
 29.300000      0.01465259
 29.400000      0.01467014
 29.500000      0.01464174
 29.600000      0.01463165
 29.700000      0.01444608
 29.800000      0.01418770
 29.900000      0.01395966
 30.000000      0.01359770
 30.100000      0.01309407
 30.200000      0.01259623
 30.300000      0.01222641
 30.400000      0.01218232
 30.500000      0.01268776
 30.600000      0.01346420
 30.700000      0.01437564
 30.800000      0.01518082
 30.900000      0.01598259
 31.000000      0.01703786
 31.100000      0.01793145
 31.200000      0.01864841
 31.300000      0.01924911
 31.400000      0.01959113
 31.500000      0.01963340
 31.600000      0.01958810
 31.700000      0.01967181
 31.800000      0.01982415
 31.900000      0.01981115
 32.000000      0.01988907
 32.100000      0.02040062
 32.200000      0.02081267
 32.300000      0.02128045
 32.400000      0.02202530
 32.500000      0.02274269
 32.600000      0.02307611
 32.700000      0.02328355
 32.800000      0.02338749
 32.900000      0.02373460
 33.000000      0.02441228
 33.100000      0.02517109
 33.200000      0.02573865
 33.300000      0.02630966
 33.400000      0.02691107
 33.500000      0.02736581
 33.600000      0.02747242
 33.700000      0.02728338
 33.800000      0.02693797
 33.900000      0.02651736
 34.000000      0.02610293
 34.100000      0.02590764
 34.200000      0.02593032
 34.300000      0.02594186
 34.400000      0.02574084
 34.500000      0.02547046
 34.600000      0.02541965
 34.700000      0.02565177
 34.800000      0.02612203
 34.900000      0.02671984
 35.000000      0.02759228
 35.100000      0.02853504
 35.200000      0.02938813
 35.300000      0.03011500
 35.400000      0.03079577
 35.500000      0.03131071
 35.600000      0.03158855
 35.700000      0.03166036
 35.800000      0.03152928
 35.900000      0.03140536
 36.000000      0.03159276
 36.100000      0.03151955
 36.200000      0.03134132
 36.300000      0.03145094
 36.400000      0.03170122
 36.500000      0.03192584
 36.600000      0.03199493
 36.700000      0.03194070
 36.800000      0.03193855
 36.900000      0.03197850
 37.000000      0.03192589
 37.100000      0.03178088
 37.200000      0.03161840
 37.300000      0.03132587
 37.400000      0.03107080
 37.500000      0.03087582
 37.600000      0.03073439
 37.700000      0.03054032
 37.800000      0.03019810
 37.900000      0.02980153
 38.000000      0.02927728
 38.100000      0.02862035
 38.200000      0.02788258
 38.300000      0.02714461
 38.400000      0.02662564
 38.500000      0.02631280
 38.600000      0.02651873
 38.700000      0.02681742
 38.800000      0.02707673
 38.900000      0.02713000
 39.000000      0.02704279
 39.100000      0.02696657
 39.200000      0.02704751
 39.300000      0.02711559
 39.400000      0.02719599
 39.500000      0.02718792
 39.600000      0.02708416
 39.700000      0.02703513
 39.800000      0.02709440
 39.900000      0.02705178
