  0.000000     -0.02171269
  0.100000     -0.02346162
  0.200000     -0.02482787
  0.300000     -0.02544297
  0.400000     -0.02530624
  0.500000     -0.02423700
  0.600000     -0.02211825
  0.700000     -0.01906839
  0.800000     -0.01616114
  0.900000     -0.01391205
  1.000000     -0.01212565
  1.100000     -0.01060582
  1.200000     -0.01002164
  1.300000     -0.01011965
  1.400000     -0.01238787
  1.500000     -0.01615781
  1.600000     -0.02114739
  1.700000     -0.02639115
  1.800000     -0.03224138
  1.900000     -0.03829172
  2.000000     -0.04685058
  2.100000     -0.05417488
  2.200000     -0.06174028
  2.300000     -0.07121187
  2.400000     -0.07971484
  2.500000     -0.09071799
  2.600000     -0.09789845
  2.700000     -0.10431383
  2.800000     -0.10900329
  2.900000     -0.11319614
  3.000000     -0.11742616
  3.100000     -0.11948266
  3.200000     -0.12129421
  3.300000     -0.12405073
  3.400000     -0.12477628
  3.500000     -0.12630435
  3.600000     -0.12758041
  3.700000     -0.12631890
  3.800000     -0.12716559
  3.900000     -0.12793446
  4.000000     -0.12676768
  4.100000     -0.12479022
  4.200000     -0.11938986
  4.300000     -0.10795258
  4.400000     -0.08841829
  4.500000     -0.06294350
  4.600000     -0.03321024
  4.700000      0.00212321
  4.800000      0.04526989
  4.900000      0.09958738
  5.000000      0.16529333
  5.100000      0.24073809
  5.200000      0.32296854
  5.300000      0.41237066
  5.400000      0.50434468
  5.500000      0.59473097
  5.600000      0.67999525
  5.700000      0.75736871
  5.800000      0.82552555
  5.900000      0.88480346
  6.000000      0.93355739
  6.100000      0.96969104
  6.200000      0.99164521
  6.300000      1.00000000
  6.400000      0.99523134
  6.500000      0.97592870
  6.600000      0.93775994
  6.700000      0.88587863
  6.800000      0.82206503
  6.900000      0.74576823
  7.000000      0.65862209
  7.100000      0.56226818
  7.200000      0.45901321
  7.300000      0.35058031
  7.400000      0.24439351
  7.500000      0.14161601
  7.600000      0.03832170
  7.700000     -0.05545351
  7.800000     -0.13940631
  7.900000     -0.21431440
  8.000000     -0.27119918
  8.100000     -0.31694297
  8.200000     -0.35464734
  8.300000     -0.37833895
  8.400000     -0.39193890
  8.500000     -0.39802460
  8.600000     -0.39650845
  8.700000     -0.39254665
  8.800000     -0.38469465
  8.900000     -0.37314715
  9.000000     -0.35944520
  9.100000     -0.34269974
  9.200000     -0.32238393
  9.300000     -0.30502355
  9.400000     -0.29007510
  9.500000     -0.27665067
  9.600000     -0.26271518
  9.700000     -0.25768649
  9.800000     -0.24320209
  9.900000     -0.23351561
 10.000000     -0.22567098
 10.100000     -0.21534666
 10.200000     -0.20446630
 10.300000     -0.19635690
 10.400000     -0.19035742
 10.500000     -0.18141551
 10.600000     -0.17400982
 10.700000     -0.16683675
 10.800000     -0.15891978
 10.900000     -0.15209965
 11.000000     -0.14478918
 11.100000     -0.13852913
 11.200000     -0.13408194
 11.300000     -0.13537822
 11.400000     -0.13258095
 11.500000     -0.12590754
 11.600000     -0.11986951
 11.700000     -0.11114845
 11.800000     -0.10000469
 11.900000     -0.09484753
 12.000000     -0.08544830
 12.100000     -0.07510483
 12.200000     -0.06964833
 12.300000     -0.05951773
 12.400000     -0.05414060
 12.500000     -0.05239905
 12.600000     -0.04959489
 12.700000     -0.04708660
 12.800000     -0.04861280
 12.900000     -0.04822166
 13.000000     -0.04693072
 13.100000     -0.04787848
 13.200000     -0.04657526
 13.300000     -0.04447099
 13.400000     -0.04553611
 13.500000     -0.04715155
 13.600000     -0.04767772
 13.700000     -0.04947471
 13.800000     -0.05196240
 13.900000     -0.05360651
 14.000000     -0.05799363
 14.100000     -0.06567054
 14.200000     -0.06980697
 14.300000     -0.07500976
 14.400000     -0.08077848
 14.500000     -0.08442147
 14.600000     -0.09110490
 14.700000     -0.09474254
 14.800000     -0.09565907
 14.900000     -0.09573392
 15.000000     -0.09348964
 15.100000     -0.08816402
 15.200000     -0.08157208
 15.300000     -0.07365225
 15.400000     -0.06523308
 15.500000     -0.05702473
 15.600000     -0.05172765
 15.700000     -0.04416131
 15.800000     -0.03486633
 15.900000     -0.02731457
 16.000000     -0.01781924
 16.100000     -0.01011390
 16.200000     -0.00555182
 16.300000     -0.00130535
 16.400000      0.00244771
 16.500000      0.00198626
 16.600000      0.00306384
 16.700000      0.00320367
 16.800000      0.00225020
 16.900000      0.00168393
 17.000000      0.00149917
 17.100000      0.00194383
 17.200000      0.00183486
 17.300000      0.00299974
 17.400000      0.00362938
 17.500000      0.00171365
 17.600000      0.00041083
 17.700000     -0.00102140
 17.800000     -0.00167584
 17.900000     -0.00073117
 18.000000     -0.00069156
 18.100000      0.00271824
 18.200000      0.00610173
 18.300000      0.00896558
 18.400000      0.00957496
 18.500000      0.01140560
 18.600000      0.01608453
 18.700000      0.01852259
 18.800000      0.01802844
 18.900000      0.01751028
 19.000000      0.01659400
 19.100000      0.01553661
 19.200000      0.01483453
 19.300000      0.01308225
 19.400000      0.01201316
 19.500000      0.01014211
 19.600000      0.00739789
 19.700000      0.00166828
 19.800000     -0.00374369
 19.900000     -0.00966157
 20.000000     -0.01433149
 20.100000     -0.01745237
 20.200000     -0.01979448
 20.300000     -0.02166324
 20.400000     -0.02293877
 20.500000     -0.02470432
 20.600000     -0.02827648
 20.700000     -0.03143200
 20.800000     -0.03518817
 20.900000     -0.03901887
 21.000000     -0.04226523
 21.100000     -0.04251625
 21.200000     -0.04457006
 21.300000     -0.04720457
 21.400000     -0.04930982
 21.500000     -0.05226776
 21.600000     -0.05260437
 21.700000     -0.05109866
 21.800000     -0.04955458
 21.900000     -0.04759498
 22.000000     -0.04429386
 22.100000     -0.04107753
 22.200000     -0.03713657
 22.300000     -0.03087632
 22.400000     -0.02631597
 22.500000     -0.02381010
 22.600000     -0.01830005
 22.700000     -0.01439215
 22.800000     -0.01218756
 22.900000     -0.00851709
 23.000000     -0.00638125
 23.100000     -0.00500599
 23.200000     -0.00419410
 23.300000     -0.00510167
 23.400000     -0.00498683
 23.500000     -0.00225211
 23.600000     -0.00020968
 23.700000      0.00204175
 23.800000      0.00354860
 23.900000      0.00158058
 24.000000     -0.00275061
 24.100000     -0.00768781
 24.200000     -0.01287709
 24.300000     -0.01758225
 24.400000     -0.02062430
 24.500000     -0.02367847
 24.600000     -0.02487819
 24.700000     -0.03255797
 24.800000     -0.03164790
 24.900000     -0.03217172
 25.000000     -0.03384638
 25.100000     -0.03214944
 25.200000     -0.02952640
 25.300000     -0.02609495
 25.400000     -0.02093809
 25.500000     -0.01559162
 25.600000     -0.01131421
 25.700000     -0.00882543
 25.800000     -0.00651441
 25.900000     -0.00627773
 26.000000     -0.00641578
 26.100000     -0.00942217
 26.200000     -0.01079795
 26.300000     -0.01282300
 26.400000     -0.01852819
 26.500000     -0.01994815
 26.600000     -0.02149391
 26.700000     -0.02469710
 26.800000     -0.02439300
 26.900000     -0.02493292
 27.000000     -0.02608111
 27.100000     -0.02478359
 27.200000     -0.02572856
 27.300000     -0.02744967
 27.400000     -0.02801845
 27.500000     -0.02845231
 27.600000     -0.02805817
 27.700000     -0.02834658
 27.800000     -0.02729344
 27.900000     -0.02501367
 28.000000     -0.02303976
 28.100000     -0.02121367
 28.200000     -0.01851791
 28.300000     -0.01566171
 28.400000     -0.01076660
 28.500000     -0.00566543
 28.600000     -0.00098432
 28.700000      0.00443614
 28.800000      0.00627721
 28.900000      0.00829470
 29.000000      0.01076711
 29.100000      0.00974487
 29.200000      0.00872832
 29.300000      0.00537342
 29.400000      0.00107408
 29.500000     -0.00197339
 29.600000     -0.00534947
 29.700000     -0.00786598
 29.800000     -0.00831690
 29.900000     -0.00885459
 30.000000     -0.00905992
 30.100000     -0.00632231
 30.200000     -0.00306196
 30.300000     -0.00319322
 30.400000     -0.00081279
 30.500000      0.00133404
 30.600000      0.00035588
 30.700000      0.00016991
 30.800000     -0.00087739
 30.900000     -0.00350426
 31.000000     -0.00614683
 31.100000     -0.00781158
 31.200000     -0.01022437
 31.300000     -0.01209915
 31.400000     -0.01261829
 31.500000     -0.01284067
 31.600000     -0.01100187
 31.700000     -0.00804151
 31.800000     -0.00557341
 31.900000     -0.00301117
 32.000000     -0.00010344
 32.100000      0.00314483
 32.200000      0.00628571
 32.300000      0.00933878
 32.400000      0.01270847
 32.500000      0.01532703
 32.600000      0.01732948
 32.700000      0.01911237
 32.800000      0.02105607
 32.900000      0.02266080
 33.000000      0.02406186
 33.100000      0.02554085
 33.200000      0.02663401
 33.300000      0.02617241
 33.400000      0.02520071
 33.500000      0.02345502
 33.600000      0.02058502
 33.700000      0.02032058
 33.800000      0.01715791
 33.900000      0.01219272
 34.000000      0.00873033
 34.100000      0.00648995
 34.200000      0.00502361
 34.300000      0.00263373
 34.400000     -0.00013194
 34.500000     -0.00300235
 34.600000     -0.00525602
 34.700000     -0.00694514
 34.800000     -0.00752396
 34.900000     -0.00711646
 35.000000     -0.00687067
 35.100000     -0.00641473
 35.200000     -0.00534996
 35.300000     -0.00419503
 35.400000     -0.00179570
 35.500000      0.00055053
 35.600000      0.00141809
 35.700000      0.00441041
 35.800000      0.00692760
 35.900000      0.00929561
 36.000000      0.01115769
 36.100000      0.01223335
 36.200000      0.01257587
 36.300000      0.01211691
 36.400000      0.01091702
 36.500000      0.00939714
 36.600000      0.00764149
 36.700000      0.00607795
 36.800000      0.00509891
 36.900000      0.00484409
 37.000000      0.00487792
 37.100000      0.00505491
 37.200000      0.00554367
 37.300000      0.00630166
 37.400000      0.00745016
 37.500000      0.00872967
 37.600000      0.00981958
 37.700000      0.01025055
 37.800000      0.01094023
 37.900000      0.01182202
 38.000000      0.01296968
 38.100000      0.01428286
 38.200000      0.01544446
 38.300000      0.01661672
 38.400000      0.01825606
 38.500000      0.01972273
 38.600000      0.02096258
 38.700000      0.02198664
 38.800000      0.02295139
 38.900000      0.02410489
 39.000000      0.02564173
 39.100000      0.02736291
 39.200000      0.02906916
 39.300000      0.03071708
 39.400000      0.03216453
 39.500000      0.03364662
 39.600000      0.03490023
 39.700000      0.03575494
 39.800000      0.03587369
 39.900000      0.03500223
