  0.000000     -0.00440093
  0.100000     -0.00464087
  0.200000     -0.00479903
  0.300000     -0.00531314
  0.400000     -0.00558730
  0.500000     -0.00580984
  0.600000     -0.00615275
  0.700000     -0.00657004
  0.800000     -0.00678069
  0.900000     -0.00702086
  1.000000     -0.00729884
  1.100000     -0.00751837
  1.200000     -0.00762197
  1.300000     -0.00793195
  1.400000     -0.00782750
  1.500000     -0.00781216
  1.600000     -0.00786933
  1.700000     -0.00718817
  1.800000     -0.00728852
  1.900000     -0.00735481
  2.000000     -0.00730814
  2.100000     -0.00722038
  2.200000     -0.00719767
  2.300000     -0.00711356
  2.400000     -0.00654202
  2.500000     -0.00660958
  2.600000     -0.00684513
  2.700000     -0.00657129
  2.800000     -0.00647712
  2.900000     -0.00637655
  3.000000     -0.00622941
  3.100000     -0.00615415
  3.200000     -0.00604040
  3.300000     -0.00583999
  3.400000     -0.00585100
  3.500000     -0.00626401
  3.600000     -0.00670619
  3.700000     -0.00702278
  3.800000     -0.00789609
  3.900000     -0.00807702
  4.000000     -0.00832136
  4.100000     -0.00919522
  4.200000     -0.00933537
  4.300000     -0.00934969
  4.400000     -0.00937522
  4.500000     -0.00939980
  4.600000     -0.00966469
  4.700000     -0.00941000
  4.800000     -0.00959140
  4.900000     -0.01039131
  5.000000     -0.01085800
  5.100000     -0.01153197
  5.200000     -0.01198462
  5.300000     -0.01252122
  5.400000     -0.01418761
  5.500000     -0.01491784
  5.600000     -0.01484779
  5.700000     -0.01509694
  5.800000     -0.01580853
  5.900000     -0.01627230
  6.000000     -0.01667098
  6.100000     -0.01723665
  6.200000     -0.01781367
  6.300000     -0.01839377
  6.400000     -0.01906788
  6.500000     -0.02005515
  6.600000     -0.02095321
  6.700000     -0.02164024
  6.800000     -0.02256493
  6.900000     -0.02342030
  7.000000     -0.02429348
  7.100000     -0.02562473
  7.200000     -0.02671615
  7.300000     -0.02788979
  7.400000     -0.02924771
  7.500000     -0.03054363
  7.600000     -0.03164019
  7.700000     -0.03272121
  7.800000     -0.03361180
  7.900000     -0.03498964
  8.000000     -0.03608281
  8.100000     -0.03772644
  8.200000     -0.03891320
  8.300000     -0.04136909
  8.400000     -0.04396484
  8.500000     -0.04576363
  8.600000     -0.04785454
  8.700000     -0.04981034
  8.800000     -0.05118461
  8.900000     -0.05284050
  9.000000     -0.05464830
  9.100000     -0.05626888
  9.200000     -0.05842031
  9.300000     -0.06045721
  9.400000     -0.06291365
  9.500000     -0.06472899
  9.600000     -0.06672998
  9.700000     -0.07065825
  9.800000     -0.07339716
  9.900000     -0.07582910
 10.000000     -0.07807929
 10.100000     -0.08039936
 10.200000     -0.08253302
 10.300000     -0.08432078
 10.400000     -0.08602646
 10.500000     -0.08786383
 10.600000     -0.08934886
 10.700000     -0.09068293
 10.800000     -0.09185809
 10.900000     -0.09286354
 11.000000     -0.09368387
 11.100000     -0.09418560
 11.200000     -0.09452882
 11.300000     -0.09467814
 11.400000     -0.09455944
 11.500000     -0.09434691
 11.600000     -0.09384990
 11.700000     -0.09277909
 11.800000     -0.09221914
 11.900000     -0.09046588
 12.000000     -0.08824316
 12.100000     -0.08557931
 12.200000     -0.08244609
 12.300000     -0.07885357
 12.400000     -0.07469436
 12.500000     -0.06998000
 12.600000     -0.06468148
 12.700000     -0.05876759
 12.800000     -0.05254401
 12.900000     -0.04577774
 13.000000     -0.03787819
 13.100000     -0.02937723
 13.200000     -0.02033248
 13.300000     -0.01007786
 13.400000      0.00100535
 13.500000      0.01291021
 13.600000      0.02564760
 13.700000      0.03923318
 13.800000      0.05368523
 13.900000      0.06900977
 14.000000      0.08520399
 14.100000      0.10227833
 14.200000      0.12023302
 14.300000      0.13905508
 14.400000      0.15873636
 14.500000      0.17926393
 14.600000      0.20062073
 14.700000      0.22277545
 14.800000      0.24570363
 14.900000      0.26937444
 15.000000      0.29375262
 15.100000      0.31879144
 15.200000      0.34444542
 15.300000      0.37066808
 15.400000      0.39740995
 15.500000      0.42460714
 15.600000      0.45219826
 15.700000      0.48011501
 15.800000      0.50828771
 15.900000      0.53664160
 16.000000      0.56509551
 16.100000      0.59356401
 16.200000      0.62195474
 16.300000      0.65017458
 16.400000      0.67812143
 16.500000      0.70569178
 16.600000      0.73277350
 16.700000      0.75925795
 16.800000      0.78502296
 16.900000      0.80995060
 17.000000      0.83391939
 17.100000      0.85680632
 17.200000      0.87847023
 17.300000      0.89879393
 17.400000      0.91763381
 17.500000      0.93487453
 17.600000      0.95037375
 17.700000      0.96401118
 17.800000      0.97565608
 17.900000      0.98519295
 18.000000      0.99250458
 18.100000      0.99748159
 18.200000      1.00000000
 18.300000      0.99993551
 18.400000      0.99718414
 18.500000      0.99171170
 18.600000      0.98345431
 18.700000      0.97236913
 18.800000      0.95842081
 18.900000      0.94159629
 19.000000      0.92188026
 19.100000      0.89928986
 19.200000      0.87384860
 19.300000      0.84560560
 19.400000      0.81460962
 19.500000      0.78097694
 19.600000      0.74478962
 19.700000      0.70618359
 19.800000      0.66529199
 19.900000      0.62226114
 20.000000      0.57725041
 20.100000      0.53044238
 20.200000      0.48201808
 20.300000      0.43217855
 20.400000      0.38113815
 20.500000      0.32911288
 20.600000      0.27633485
 20.700000      0.22302330
 20.800000      0.16941810
 20.900000      0.11574729
 21.000000      0.06225120
 21.100000      0.00916013
 21.200000     -0.04330113
 21.300000     -0.09491124
 21.400000     -0.14544580
 21.500000     -0.19470951
 21.600000     -0.24250592
 21.700000     -0.28866477
 21.800000     -0.33302700
 21.900000     -0.37543611
 22.000000     -0.41577145
 22.100000     -0.45393206
 22.200000     -0.48981046
 22.300000     -0.52333182
 22.400000     -0.55441982
 22.500000     -0.58304712
 22.600000     -0.60919769
 22.700000     -0.63285521
 22.800000     -0.65402727
 22.900000     -0.67272582
 23.000000     -0.68898626
 23.100000     -0.70284965
 23.200000     -0.71438008
 23.300000     -0.72364194
 23.400000     -0.73067068
 23.500000     -0.73557263
 23.600000     -0.73844637
 23.700000     -0.73938813
 23.800000     -0.73848155
 23.900000     -0.73582477
 24.000000     -0.73153309
 24.100000     -0.72571051
 24.200000     -0.71844479
 24.300000     -0.70985759
 24.400000     -0.70004893
 24.500000     -0.68912464
 24.600000     -0.67719077
 24.700000     -0.66434595
 24.800000     -0.65068863
 24.900000     -0.63631760
 25.000000     -0.62132484
 25.100000     -0.60580390
 25.200000     -0.58984498
 25.300000     -0.57352806
 25.400000     -0.55693670
 25.500000     -0.54014776
 25.600000     -0.52323365
 25.700000     -0.50625638
 25.800000     -0.48927808
 25.900000     -0.47236581
 26.000000     -0.45556567
 26.100000     -0.43892243
 26.200000     -0.42248279
 26.300000     -0.40628289
 26.400000     -0.39035743
 26.500000     -0.37473323
 26.600000     -0.35943258
 26.700000     -0.34447606
 26.800000     -0.32988214
 26.900000     -0.31566311
 27.000000     -0.30182891
 27.100000     -0.28838842
 27.200000     -0.27535107
 27.300000     -0.26271370
 27.400000     -0.25049632
 27.500000     -0.23869036
 27.600000     -0.22729302
 27.700000     -0.21630649
 27.800000     -0.20572547
 27.900000     -0.19554699
 28.000000     -0.18576394
 28.100000     -0.17636941
 28.200000     -0.16736456
 28.300000     -0.15873804
 28.400000     -0.15049163
 28.500000     -0.14261270
 28.600000     -0.13508881
 28.700000     -0.12791442
 28.800000     -0.12108076
 28.900000     -0.11457637
 29.000000     -0.10839431
 29.100000     -0.10252837
 29.200000     -0.09697368
 29.300000     -0.09171574
 29.400000     -0.08674250
 29.500000     -0.08205307
 29.600000     -0.07744744
 29.700000     -0.07330512
 29.800000     -0.06941304
 29.900000     -0.06577056
 30.000000     -0.06239525
 30.100000     -0.05924945
 30.200000     -0.05632753
 30.300000     -0.05361944
 30.400000     -0.05111131
 30.500000     -0.04879546
 30.600000     -0.04666667
 30.700000     -0.04471954
 30.800000     -0.04293611
 30.900000     -0.04131299
 31.000000     -0.03983932
 31.100000     -0.03851245
 31.200000     -0.03731982
 31.300000     -0.03625169
 31.400000     -0.03531710
 31.500000     -0.03451589
 31.600000     -0.03384820
 31.700000     -0.03331280
 31.800000     -0.03290470
 31.900000     -0.03262764
 32.000000     -0.03247885
 32.100000     -0.03245449
 32.200000     -0.03255603
 32.300000     -0.03278138
 32.400000     -0.03312144
 32.500000     -0.03352572
 32.600000     -0.03404388
 32.700000     -0.03463972
 32.800000     -0.03533699
 32.900000     -0.03612809
 33.000000     -0.03701308
 33.100000     -0.03799005
 33.200000     -0.03905073
 33.300000     -0.04019179
 33.400000     -0.04140746
 33.500000     -0.04268871
 33.600000     -0.04403094
 33.700000     -0.04539630
 33.800000     -0.04679665
 33.900000     -0.04822002
 34.000000     -0.04965513
 34.100000     -0.05108951
 34.200000     -0.05250759
 34.300000     -0.05389399
 34.400000     -0.05523625
 34.500000     -0.05659226
 34.600000     -0.05787767
 34.700000     -0.05907372
 34.800000     -0.06018887
 34.900000     -0.06117131
 35.000000     -0.06217063
 35.100000     -0.06296078
 35.200000     -0.06345824
 35.300000     -0.06382053
 35.400000     -0.06403945
 35.500000     -0.06410859
 35.600000     -0.06398486
 35.700000     -0.06363787
 35.800000     -0.06317828
 35.900000     -0.06309642
 36.000000     -0.06229988
 36.100000     -0.06133121
 36.200000     -0.06009058
 36.300000     -0.05868438
 36.400000     -0.05729131
 36.500000     -0.05581015
 36.600000     -0.05417807
 36.700000     -0.05238125
 36.800000     -0.05039977
 36.900000     -0.04828691
 37.000000     -0.04600149
 37.100000     -0.04321981
 37.200000     -0.04068952
 37.300000     -0.03808618
 37.400000     -0.03544073
 37.500000     -0.03275166
 37.600000     -0.03009766
 37.700000     -0.02742343
 37.800000     -0.02472661
 37.900000     -0.02207935
 38.000000     -0.01945020
 38.100000     -0.01685054
 38.200000     -0.01447995
 38.300000     -0.01218211
 38.400000     -0.01006607
 38.500000     -0.00799888
 38.600000     -0.00592955
 38.700000     -0.00391213
 38.800000     -0.00196111
 38.900000     -0.00007518
 39.000000      0.00175009
 39.100000      0.00351340
 39.200000      0.00517492
 39.300000      0.00672762
 39.400000      0.00810656
 39.500000      0.00934553
 39.600000      0.01028948
 39.700000      0.01112557
 39.800000      0.01172785
 39.900000      0.01226017
