  0.000000     -0.01273082
  0.100000     -0.01331671
  0.200000     -0.01457365
  0.300000     -0.01558605
  0.400000     -0.01633754
  0.500000     -0.01726245
  0.600000     -0.01895650
  0.700000     -0.02103921
  0.800000     -0.02334099
  0.900000     -0.02620092
  1.000000     -0.02908705
  1.100000     -0.03117504
  1.200000     -0.03261777
  1.300000     -0.03387971
  1.400000     -0.03423161
  1.500000     -0.03379371
  1.600000     -0.03364719
  1.700000     -0.03365017
  1.800000     -0.03361355
  1.900000     -0.03296403
  2.000000     -0.03273859
  2.100000     -0.03328162
  2.200000     -0.03368843
  2.300000     -0.03365901
  2.400000     -0.03390973
  2.500000     -0.03493166
  2.600000     -0.03566291
  2.700000     -0.03644906
  2.800000     -0.03788032
  2.900000     -0.03955424
  3.000000     -0.04204475
  3.100000     -0.04409177
  3.200000     -0.04622745
  3.300000     -0.04852434
  3.400000     -0.05084269
  3.500000     -0.05288052
  3.600000     -0.05451052
  3.700000     -0.05599340
  3.800000     -0.05741611
  3.900000     -0.05907751
  4.000000     -0.06050378
  4.100000     -0.06144217
  4.200000     -0.06174682
  4.300000     -0.06198786
  4.400000     -0.06229424
  4.500000     -0.06272882
  4.600000     -0.06277161
  4.700000     -0.06229637
  4.800000     -0.06159514
  4.900000     -0.06167562
  5.000000     -0.06262183
  5.100000     -0.06303673
  5.200000     -0.06305209
  5.300000     -0.06323773
  5.400000     -0.06290028
  5.500000     -0.06178350
  5.600000     -0.05961676
  5.700000     -0.05696393
  5.800000     -0.05429079
  5.900000     -0.05236685
  6.000000     -0.05029646
  6.100000     -0.04775346
  6.200000     -0.04468323
  6.300000     -0.04098886
  6.400000     -0.03749380
  6.500000     -0.03288695
  6.600000     -0.02758206
  6.700000     -0.02191470
  6.800000     -0.01647103
  6.900000     -0.01061922
  7.000000     -0.00414029
  7.100000      0.00308842
  7.200000      0.01095529
  7.300000      0.01940073
  7.400000      0.02898750
  7.500000      0.03976382
  7.600000      0.05102532
  7.700000      0.06372656
  7.800000      0.07765412
  7.900000      0.09227084
  8.000000      0.10742546
  8.100000      0.12389337
  8.200000      0.14327700
  8.300000      0.16398873
  8.400000      0.18549537
  8.500000      0.20818558
  8.600000      0.23243674
  8.700000      0.25790141
  8.800000      0.28530765
  8.900000      0.31479135
  9.000000      0.34551604
  9.100000      0.37716751
  9.200000      0.40956150
  9.300000      0.44235798
  9.400000      0.47471466
  9.500000      0.50632279
  9.600000      0.53832950
  9.700000      0.57140200
  9.800000      0.60440697
  9.900000      0.63499857
 10.000000      0.66449031
 10.100000      0.69412112
 10.200000      0.72337564
 10.300000      0.75113996
 10.400000      0.77741753
 10.500000      0.80417505
 10.600000      0.82939619
 10.700000      0.85260431
 10.800000      0.87480300
 10.900000      0.89522068
 11.000000      0.91396590
 11.100000      0.93048094
 11.200000      0.94539382
 11.300000      0.95832797
 11.400000      0.96957069
 11.500000      0.97907497
 11.600000      0.98698658
 11.700000      0.99349922
 11.800000      0.99767766
 11.900000      0.99940528
 12.000000      1.00000000
 12.100000      0.99943801
 12.200000      0.99648425
 12.300000      0.99137241
 12.400000      0.98425269
 12.500000      0.97635493
 12.600000      0.96616878
 12.700000      0.95410939
 12.800000      0.94123717
 12.900000      0.92739139
 13.000000      0.91021141
 13.100000      0.89214514
 13.200000      0.87254377
 13.300000      0.85046215
 13.400000      0.82593341
 13.500000      0.79969576
 13.600000      0.77139450
 13.700000      0.74006880
 13.800000      0.70613721
 13.900000      0.67062228
 14.000000      0.63290972
 14.100000      0.59290572
 14.200000      0.55069336
 14.300000      0.50630645
 14.400000      0.46014816
 14.500000      0.41333633
 14.600000      0.36545386
 14.700000      0.31653438
 14.800000      0.26770124
 14.900000      0.21883710
 15.000000      0.17078202
 15.100000      0.12308788
 15.200000      0.07727927
 15.300000      0.03240794
 15.400000     -0.01157751
 15.500000     -0.05558684
 15.600000     -0.09726310
 15.700000     -0.13746355
 15.800000     -0.17617711
 15.900000     -0.21367043
 16.000000     -0.24952882
 16.100000     -0.28313821
 16.200000     -0.31501217
 16.300000     -0.34520165
 16.400000     -0.37453687
 16.500000     -0.40272376
 16.600000     -0.42921933
 16.700000     -0.45359216
 16.800000     -0.47753765
 16.900000     -0.50053106
 17.000000     -0.52156919
 17.100000     -0.54125425
 17.200000     -0.56017627
 17.300000     -0.57836362
 17.400000     -0.59478633
 17.500000     -0.60967454
 17.600000     -0.62349895
 17.700000     -0.63680495
 17.800000     -0.64931503
 17.900000     -0.66040014
 18.000000     -0.67073637
 18.100000     -0.68002113
 18.200000     -0.68735742
 18.300000     -0.69335837
 18.400000     -0.69826093
 18.500000     -0.70222475
 18.600000     -0.70477275
 18.700000     -0.70617495
 18.800000     -0.70699273
 18.900000     -0.70647776
 19.000000     -0.70415483
 19.100000     -0.70105416
 19.200000     -0.69674877
 19.300000     -0.69097048
 19.400000     -0.68461367
 19.500000     -0.67819972
 19.600000     -0.67090059
 19.700000     -0.66326865
 19.800000     -0.65516151
 19.900000     -0.64621257
 20.000000     -0.63597876
 20.100000     -0.62486519
 20.200000     -0.61362841
 20.300000     -0.60160957
 20.400000     -0.58906116
 20.500000     -0.57580937
 20.600000     -0.56166351
 20.700000     -0.54722237
 20.800000     -0.53194848
 20.900000     -0.51652233
 21.000000     -0.50077876
 21.100000     -0.48471713
 21.200000     -0.46805102
 21.300000     -0.45155685
 21.400000     -0.43513505
 21.500000     -0.41816060
 21.600000     -0.40186986
 21.700000     -0.38629283
 21.800000     -0.37188240
 21.900000     -0.35778515
 22.000000     -0.34391722
 22.100000     -0.33091803
 22.200000     -0.31891863
 22.300000     -0.30748366
 22.400000     -0.29654149
 22.500000     -0.28639058
 22.600000     -0.27754394
 22.700000     -0.27025906
 22.800000     -0.26364982
 22.900000     -0.25661885
 23.000000     -0.24955444
 23.100000     -0.24257024
 23.200000     -0.23603505
 23.300000     -0.22976701
 23.400000     -0.22302426
 23.500000     -0.21650160
 23.600000     -0.21011200
 23.700000     -0.20377292
 23.800000     -0.19692805
 23.900000     -0.18946520
 24.000000     -0.18248955
 24.100000     -0.17561957
 24.200000     -0.16871469
 24.300000     -0.16232571
 24.400000     -0.15642824
 24.500000     -0.15148712
 24.600000     -0.14713513
 24.700000     -0.14434863
 24.800000     -0.14216591
 24.900000     -0.13985682
 25.000000     -0.13805604
 25.100000     -0.13736877
 25.200000     -0.13699630
 25.300000     -0.13686102
 25.400000     -0.13687324
 25.500000     -0.13658381
 25.600000     -0.13635599
 25.700000     -0.13691505
 25.800000     -0.13829916
 25.900000     -0.13968130
 26.000000     -0.14054071
 26.100000     -0.14188486
 26.200000     -0.14390489
 26.300000     -0.14664412
 26.400000     -0.14916654
 26.500000     -0.15083789
 26.600000     -0.15218675
 26.700000     -0.15326179
 26.800000     -0.15325678
 26.900000     -0.15274354
 27.000000     -0.15328026
 27.100000     -0.15423115
 27.200000     -0.15451037
 27.300000     -0.15465724
 27.400000     -0.15548084
 27.500000     -0.15584249
 27.600000     -0.15609671
 27.700000     -0.15630814
 27.800000     -0.15644641
 27.900000     -0.15629291
 28.000000     -0.15584905
 28.100000     -0.15516342
 28.200000     -0.15450186
 28.300000     -0.15415616
 28.400000     -0.15358366
 28.500000     -0.15236589
 28.600000     -0.15094110
 28.700000     -0.14967677
 28.800000     -0.14827354
 28.900000     -0.14620003
 29.000000     -0.14297812
 29.100000     -0.13990877
 29.200000     -0.13695516
 29.300000     -0.13390841
 29.400000     -0.12996389
 29.500000     -0.12605059
 29.600000     -0.12188855
 29.700000     -0.11749041
 29.800000     -0.11218362
 29.900000     -0.10713759
 30.000000     -0.10153499
 30.100000     -0.09612241
 30.200000     -0.09143284
 30.300000     -0.08635573
 30.400000     -0.08149222
 30.500000     -0.07756960
 30.600000     -0.07411636
 30.700000     -0.07018978
 30.800000     -0.06610200
 30.900000     -0.06226740
 31.000000     -0.05856790
 31.100000     -0.05513019
 31.200000     -0.05179659
 31.300000     -0.04773311
 31.400000     -0.04310224
 31.500000     -0.03892741
 31.600000     -0.03555778
 31.700000     -0.03243111
 31.800000     -0.02950478
 31.900000     -0.02677273
 32.000000     -0.02417096
 32.100000     -0.02214401
 32.200000     -0.02058127
 32.300000     -0.01986678
 32.400000     -0.01951565
 32.500000     -0.01946692
 32.600000     -0.01923580
 32.700000     -0.01938125
 32.800000     -0.02011886
 32.900000     -0.02207925
 33.000000     -0.02368065
 33.100000     -0.02436337
 33.200000     -0.02463913
 33.300000     -0.02538694
 33.400000     -0.02599768
 33.500000     -0.02650582
 33.600000     -0.02676283
 33.700000     -0.02664765
 33.800000     -0.02693851
 33.900000     -0.02733658
 34.000000     -0.02800868
 34.100000     -0.02820170
 34.200000     -0.02839458
 34.300000     -0.02942165
 34.400000     -0.03133146
 34.500000     -0.03248743
 34.600000     -0.03312192
 34.700000     -0.03373380
 34.800000     -0.03485163
 34.900000     -0.03536284
 35.000000     -0.03548686
 35.100000     -0.03512832
 35.200000     -0.03476831
 35.300000     -0.03402795
 35.400000     -0.03228487
 35.500000     -0.03078478
 35.600000     -0.02899210
 35.700000     -0.02789330
 35.800000     -0.02731726
 35.900000     -0.02717917
 36.000000     -0.02595059
 36.100000     -0.02434820
 36.200000     -0.02307063
 36.300000     -0.02196538
 36.400000     -0.02111142
 36.500000     -0.01961268
 36.600000     -0.01778284
 36.700000     -0.01602198
 36.800000     -0.01438171
 36.900000     -0.01244834
 37.000000     -0.01136784
 37.100000     -0.01147979
 37.200000     -0.01112550
 37.300000     -0.00979140
 37.400000     -0.00833118
 37.500000     -0.00703651
 37.600000     -0.00541646
 37.700000     -0.00429873
 37.800000     -0.00424409
 37.900000     -0.00365785
 38.000000     -0.00238196
 38.100000     -0.00159949
 38.200000     -0.00051918
 38.300000      0.00121079
 38.400000      0.00327488
 38.500000      0.00500673
 38.600000      0.00676500
 38.700000      0.00854310
 38.800000      0.01109042
 38.900000      0.01390460
 39.000000      0.01568793
 39.100000      0.01678019
 39.200000      0.01867358
 39.300000      0.02117702
 39.400000      0.02331093
 39.500000      0.02481821
 39.600000      0.02580654
 39.700000      0.02647726
 39.800000      0.02769809
 39.900000      0.02966534
