  0.000000     -0.04007586
  0.100000     -0.03991602
  0.200000     -0.03978079
  0.300000     -0.03971166
  0.400000     -0.03955276
  0.500000     -0.03940534
  0.600000     -0.03926033
  0.700000     -0.03917654
  0.800000     -0.03901164
  0.900000     -0.03885553
  1.000000     -0.03883952
  1.100000     -0.03868735
  1.200000     -0.03868275
  1.300000     -0.03885862
  1.400000     -0.03896264
  1.500000     -0.03896552
  1.600000     -0.03906535
  1.700000     -0.03888719
  1.800000     -0.03873585
  1.900000     -0.03852047
  2.000000     -0.03872612
  2.100000     -0.03856592
  2.200000     -0.03846758
  2.300000     -0.03830711
  2.400000     -0.03814183
  2.500000     -0.03796474
  2.600000     -0.03777739
  2.700000     -0.03783893
  2.800000     -0.03770989
  2.900000     -0.03769488
  3.000000     -0.03751794
  3.100000     -0.03733278
  3.200000     -0.03716274
  3.300000     -0.03699261
  3.400000     -0.03681639
  3.500000     -0.03687807
  3.600000     -0.03673108
  3.700000     -0.03654219
  3.800000     -0.03657096
  3.900000     -0.03642336
  4.000000     -0.03624164
  4.100000     -0.03627454
  4.200000     -0.03624251
  4.300000     -0.03608424
  4.400000     -0.03602865
  4.500000     -0.03616576
  4.600000     -0.03599867
  4.700000     -0.03587873
  4.800000     -0.03577457
  4.900000     -0.03568885
  5.000000     -0.03570058
  5.100000     -0.03567772
  5.200000     -0.03569095
  5.300000     -0.03567343
  5.400000     -0.03569948
  5.500000     -0.03581727
  5.600000     -0.03598414
  5.700000     -0.03619103
  5.800000     -0.03644853
  5.900000     -0.03675915
  6.000000     -0.03712265
  6.100000     -0.03754129
  6.200000     -0.03801654
  6.300000     -0.03854908
  6.400000     -0.03913994
  6.500000     -0.03979105
  6.600000     -0.04050167
  6.700000     -0.04127192
  6.800000     -0.04210186
  6.900000     -0.04299068
  7.000000     -0.04393818
  7.100000     -0.04494337
  7.200000     -0.04600565
  7.300000     -0.04712439
  7.400000     -0.04829859
  7.500000     -0.04952663
  7.600000     -0.05080690
  7.700000     -0.05213920
  7.800000     -0.05352172
  7.900000     -0.05495280
  8.000000     -0.05643061
  8.100000     -0.05795341
  8.200000     -0.05951828
  8.300000     -0.06112265
  8.400000     -0.06276304
  8.500000     -0.06443617
  8.600000     -0.06613848
  8.700000     -0.06786594
  8.800000     -0.06961369
  8.900000     -0.07137686
  9.000000     -0.07314960
  9.100000     -0.07492668
  9.200000     -0.07670189
  9.300000     -0.07846766
  9.400000     -0.08021684
  9.500000     -0.08194186
  9.600000     -0.08363470
  9.700000     -0.08528717
  9.800000     -0.08689040
  9.900000     -0.08843474
 10.000000     -0.08991032
 10.100000     -0.09130637
 10.200000     -0.09261223
 10.300000     -0.09381605
 10.400000     -0.09490621
 10.500000     -0.09586944
 10.600000     -0.09669314
 10.700000     -0.09736448
 10.800000     -0.09786949
 10.900000     -0.09819309
 11.000000     -0.09832160
 11.100000     -0.09824120
 11.200000     -0.09793552
 11.300000     -0.09738918
 11.400000     -0.09658856
 11.500000     -0.09551790
 11.600000     -0.09416282
 11.700000     -0.09250521
 11.800000     -0.09053226
 11.900000     -0.08822695
 12.000000     -0.08557449
 12.100000     -0.08255787
 12.200000     -0.07916201
 12.300000     -0.07537213
 12.400000     -0.07117462
 12.500000     -0.06655325
 12.600000     -0.06149217
 12.700000     -0.05597723
 12.800000     -0.04999517
 12.900000     -0.04352954
 13.000000     -0.03656724
 13.100000     -0.02909615
 13.200000     -0.02110230
 13.300000     -0.01257140
 13.400000     -0.00349295
 13.500000      0.00614595
 13.600000      0.01635699
 13.700000      0.02715020
 13.800000      0.03853306
 13.900000      0.05051297
 14.000000      0.06309747
 14.100000      0.07629298
 14.200000      0.09010190
 14.300000      0.10452947
 14.400000      0.11957828
 14.500000      0.13524460
 14.600000      0.15152375
 14.700000      0.16841288
 14.800000      0.18590513
 14.900000      0.20399279
 15.000000      0.22266426
 15.100000      0.24190585
 15.200000      0.26170199
 15.300000      0.28203540
 15.400000      0.30288412
 15.500000      0.32422257
 15.600000      0.34602359
 15.700000      0.36825653
 15.800000      0.39088801
 15.900000      0.41388184
 16.000000      0.43719872
 16.100000      0.46079435
 16.200000      0.48462134
 16.300000      0.50862953
 16.400000      0.53276657
 16.500000      0.55697618
 16.600000      0.58119994
 16.700000      0.60537636
 16.800000      0.62944244
 16.900000      0.65333054
 17.000000      0.67697523
 17.100000      0.70030691
 17.200000      0.72325652
 17.300000      0.74575072
 17.400000      0.76771980
 17.500000      0.78909331
 17.600000      0.80980025
 17.700000      0.82976926
 17.800000      0.84893244
 17.900000      0.86722124
 18.000000      0.88457061
 18.100000      0.90091980
 18.200000      0.91620446
 18.300000      0.93036577
 18.400000      0.94335397
 18.500000      0.95511368
 18.600000      0.96559777
 18.700000      0.97476119
 18.800000      0.98256395
 18.900000      0.98897138
 19.000000      0.99394803
 19.100000      0.99746786
 19.200000      0.99949864
 19.300000      1.00000000
 19.400000      0.99894072
 19.500000      0.99632020
 19.600000      0.99214176
 19.700000      0.98639026
 19.800000      0.97905964
 19.900000      0.97014779
 20.000000      0.95964891
 20.100000      0.94756672
 20.200000      0.93390678
 20.300000      0.91868139
 20.400000      0.90190485
 20.500000      0.88359238
 20.600000      0.86377072
 20.700000      0.84246570
 20.800000      0.81970748
 20.900000      0.79553130
 21.000000      0.76997810
 21.100000      0.74309356
 21.200000      0.71492165
 21.300000      0.68551724
 21.400000      0.65494192
 21.500000      0.62325571
 21.600000      0.59052903
 21.700000      0.55682904
 21.800000      0.52223865
 21.900000      0.48683562
 22.000000      0.45070657
 22.100000      0.41394011
 22.200000      0.37663038
 22.300000      0.33887391
 22.400000      0.30076974
 22.500000      0.26241835
 22.600000      0.22392156
 22.700000      0.18538253
 22.800000      0.14690386
 22.900000      0.10858922
 23.000000      0.07054044
 23.100000      0.03285523
 23.200000     -0.00436913
 23.300000     -0.04103810
 23.400000     -0.07706135
 23.500000     -0.11235331
 23.600000     -0.14683285
 23.700000     -0.18042150
 23.800000     -0.21305230
 23.900000     -0.24466028
 24.000000     -0.27518631
 24.100000     -0.30457698
 24.200000     -0.33278949
 24.300000     -0.35978084
 24.400000     -0.38551175
 24.500000     -0.40996372
 24.600000     -0.43311971
 24.700000     -0.45496397
 24.800000     -0.47548947
 24.900000     -0.49469205
 25.000000     -0.51257958
 25.100000     -0.52916088
 25.200000     -0.54444880
 25.300000     -0.55843586
 25.400000     -0.57119357
 25.500000     -0.58272878
 25.600000     -0.59316468
 25.700000     -0.60234233
 25.800000     -0.61039565
 25.900000     -0.61735990
 26.000000     -0.62327271
 26.100000     -0.62817260
 26.200000     -0.63210835
 26.300000     -0.63512099
 26.400000     -0.63725038
 26.500000     -0.63853510
 26.600000     -0.63902313
 26.700000     -0.63875564
 26.800000     -0.63777341
 26.900000     -0.63611261
 27.000000     -0.63381620
 27.100000     -0.63092233
 27.200000     -0.62746926
 27.300000     -0.62348558
 27.400000     -0.61900950
 27.500000     -0.61407293
 27.600000     -0.60870709
 27.700000     -0.60293804
 27.800000     -0.59679430
 27.900000     -0.59030020
 28.000000     -0.58348178
 28.100000     -0.57636269
 28.200000     -0.56896411
 28.300000     -0.56130727
 28.400000     -0.55341204
 28.500000     -0.54529392
 28.600000     -0.53697020
 28.700000     -0.52845680
 28.800000     -0.51977013
 28.900000     -0.51092440
 29.000000     -0.50193460
 29.100000     -0.49281351
 29.200000     -0.48357510
 29.300000     -0.47422965
 29.400000     -0.46478922
 29.500000     -0.45522200
 29.600000     -0.44500750
 29.700000     -0.43538172
 29.800000     -0.42570912
 29.900000     -0.41558731
 30.000000     -0.40580430
 30.100000     -0.39606408
 30.200000     -0.38632124
 30.300000     -0.37641176
 30.400000     -0.36661805
 30.500000     -0.35693479
 30.600000     -0.34728821
 30.700000     -0.33750407
 30.800000     -0.32735352
 30.900000     -0.31787677
 31.000000     -0.30847360
 31.100000     -0.29851422
 31.200000     -0.28862644
 31.300000     -0.27921285
 31.400000     -0.27025005
 31.500000     -0.26145243
 31.600000     -0.25240551
 31.700000     -0.24339412
 31.800000     -0.23472854
 31.900000     -0.22598224
 32.000000     -0.21784673
 32.100000     -0.20987367
 32.200000     -0.20210708
 32.300000     -0.19444769
 32.400000     -0.18694883
 32.500000     -0.17961698
 32.600000     -0.17245464
 32.700000     -0.16546372
 32.800000     -0.15838643
 32.900000     -0.15156348
 33.000000     -0.14487955
 33.100000     -0.13860590
 33.200000     -0.13251121
 33.300000     -0.12659670
 33.400000     -0.12086286
 33.500000     -0.11530843
 33.600000     -0.10992302
 33.700000     -0.10474210
 33.800000     -0.09974548
 33.900000     -0.09493303
 34.000000     -0.09030670
 34.100000     -0.08586741
 34.200000     -0.08182131
 34.300000     -0.07772430
 34.400000     -0.07357489
 34.500000     -0.06967196
 34.600000     -0.06599044
 34.700000     -0.06274153
 34.800000     -0.05973783
 34.900000     -0.05676146
 35.000000     -0.05383398
 35.100000     -0.05102211
 35.200000     -0.04764216
 35.300000     -0.04406341
 35.400000     -0.04208677
 35.500000     -0.04011175
 35.600000     -0.03835984
 35.700000     -0.03658934
 35.800000     -0.03505616
 35.900000     -0.03396792
 36.000000     -0.03304362
 36.100000     -0.03263151
 36.200000     -0.03181107
 36.300000     -0.03044564
 36.400000     -0.02939481
 36.500000     -0.02895263
 36.600000     -0.02898876
 36.700000     -0.02892764
 36.800000     -0.02871558
 36.900000     -0.02833628
 37.000000     -0.02920049
 37.100000     -0.02922121
 37.200000     -0.02967181
 37.300000     -0.02972103
 37.400000     -0.03065068
 37.500000     -0.03210704
 37.600000     -0.03390393
 37.700000     -0.03507599
 37.800000     -0.03695785
 37.900000     -0.03732365
 38.000000     -0.03833154
 38.100000     -0.03982819
 38.200000     -0.04036758
 38.300000     -0.04178288
 38.400000     -0.04331194
 38.500000     -0.04476894
 38.600000     -0.04665786
 38.700000     -0.04807920
 38.800000     -0.04946961
 38.900000     -0.05076450
 39.000000     -0.05188831
 39.100000     -0.05272172
 39.200000     -0.05417917
 39.300000     -0.05529789
 39.400000     -0.05669175
 39.500000     -0.05814891
 39.600000     -0.05947090
 39.700000     -0.06051830
 39.800000     -0.06225326
 39.900000     -0.06401011
