  0.000000      0.00581339
  0.100000      0.00588109
  0.200000      0.00579837
  0.300000      0.00537817
  0.400000      0.00520036
  0.500000      0.00475295
  0.600000      0.00397402
  0.700000      0.00269586
  0.800000      0.00156637
  0.900000      0.00050066
  1.000000     -0.00069093
  1.100000     -0.00186275
  1.200000     -0.00262492
  1.300000     -0.00288162
  1.400000     -0.00268304
  1.500000     -0.00253382
  1.600000     -0.00250430
  1.700000     -0.00194232
  1.800000     -0.00127280
  1.900000     -0.00025734
  2.000000      0.00036738
  2.100000      0.00090783
  2.200000      0.00155722
  2.300000      0.00229336
  2.400000      0.00307404
  2.500000      0.00428381
  2.600000      0.00551480
  2.700000      0.00709966
  2.800000      0.00853950
  2.900000      0.00931526
  3.000000      0.00982752
  3.100000      0.01031546
  3.200000      0.01096632
  3.300000      0.01121966
  3.400000      0.01119082
  3.500000      0.01093152
  3.600000      0.01052784
  3.700000      0.01037263
  3.800000      0.01073890
  3.900000      0.01145841
  4.000000      0.01122036
  4.100000      0.01036735
  4.200000      0.00972459
  4.300000      0.00931850
  4.400000      0.00899827
  4.500000      0.00862698
  4.600000      0.00809330
  4.700000      0.00726166
  4.800000      0.00647747
  4.900000      0.00649579
  5.000000      0.00740720
  5.100000      0.00818959
  5.200000      0.00881096
  5.300000      0.00885942
  5.400000      0.00865500
  5.500000      0.00871167
  5.600000      0.00919877
  5.700000      0.00922485
  5.800000      0.00908143
  5.900000      0.00797945
  6.000000      0.00647579
  6.100000      0.00520569
  6.200000      0.00389874
  6.300000      0.00211795
  6.400000      0.00066498
  6.500000     -0.00065620
  6.600000     -0.00195728
  6.700000     -0.00343625
  6.800000     -0.00470989
  6.900000     -0.00586642
  7.000000     -0.00690062
  7.100000     -0.00861479
  7.200000     -0.01042980
  7.300000     -0.01162304
  7.400000     -0.01255926
  7.500000     -0.01303997
  7.600000     -0.01368388
  7.700000     -0.01437892
  7.800000     -0.01481306
  7.900000     -0.01444101
  8.000000     -0.01373692
  8.100000     -0.01293857
  8.200000     -0.01157688
  8.300000     -0.01075202
  8.400000     -0.01038454
  8.500000     -0.00982073
  8.600000     -0.00872469
  8.700000     -0.00821493
  8.800000     -0.00799419
  8.900000     -0.00793262
  9.000000     -0.00791417
  9.100000     -0.00740409
  9.200000     -0.00691056
  9.300000     -0.00682018
  9.400000     -0.00625590
  9.500000     -0.00546765
  9.600000     -0.00445632
  9.700000     -0.00412420
  9.800000     -0.00460053
  9.900000     -0.00482894
 10.000000     -0.00466627
 10.100000     -0.00477754
 10.200000     -0.00515945
 10.300000     -0.00522098
 10.400000     -0.00454588
 10.500000     -0.00399213
 10.600000     -0.00387563
 10.700000     -0.00342566
 10.800000     -0.00295921
 10.900000     -0.00160230
 11.000000     -0.00041940
 11.100000      0.00062870
 11.200000      0.00173019
 11.300000      0.00230181
 11.400000      0.00281475
 11.500000      0.00355213
 11.600000      0.00460961
 11.700000      0.00461999
 11.800000      0.00428606
 11.900000      0.00395652
 12.000000      0.00313649
 12.100000      0.00167476
 12.200000      0.00034192
 12.300000     -0.00118152
 12.400000     -0.00374809
 12.500000     -0.00514702
 12.600000     -0.00621778
 12.700000     -0.00830369
 12.800000     -0.01031838
 12.900000     -0.01269596
 13.000000     -0.01486478
 13.100000     -0.01663246
 13.200000     -0.01772198
 13.300000     -0.01909683
 13.400000     -0.02059900
 13.500000     -0.02155413
 13.600000     -0.02176573
 13.700000     -0.02258237
 13.800000     -0.02402983
 13.900000     -0.02392805
 14.000000     -0.02332541
 14.100000     -0.02284878
 14.200000     -0.02268841
 14.300000     -0.02178148
 14.400000     -0.02008005
 14.500000     -0.01755353
 14.600000     -0.01474239
 14.700000     -0.01051555
 14.800000     -0.00489046
 14.900000      0.00277098
 15.000000      0.01180632
 15.100000      0.02276978
 15.200000      0.03552466
 15.300000      0.05058076
 15.400000      0.06829621
 15.500000      0.08936681
 15.600000      0.11281624
 15.700000      0.13933316
 15.800000      0.16981658
 15.900000      0.20308565
 16.000000      0.23962732
 16.100000      0.28058162
 16.200000      0.32481950
 16.300000      0.37249158
 16.400000      0.42255905
 16.500000      0.47494587
 16.600000      0.52919071
 16.700000      0.58371388
 16.800000      0.63935201
 16.900000      0.69477389
 17.000000      0.74941776
 17.100000      0.80047118
 17.200000      0.84751559
 17.300000      0.89047234
 17.400000      0.92700045
 17.500000      0.95623941
 17.600000      0.97830158
 17.700000      0.99346048
 17.800000      1.00000000
 17.900000      0.99804654
 18.000000      0.98656611
 18.100000      0.96725836
 18.200000      0.93992962
 18.300000      0.90464519
 18.400000      0.86106225
 18.500000      0.80841207
 18.600000      0.74574547
 18.700000      0.67399132
 18.800000      0.59327346
 18.900000      0.50509875
 19.000000      0.41039593
 19.100000      0.31206509
 19.200000      0.21141449
 19.300000      0.10953063
 19.400000      0.00927235
 19.500000     -0.08728859
 19.600000     -0.17940311
 19.700000     -0.26536265
 19.800000     -0.34376891
 19.900000     -0.41485489
 20.000000     -0.47826166
 20.100000     -0.53469992
 20.200000     -0.58319282
 20.300000     -0.62365572
 20.400000     -0.65643162
 20.500000     -0.68179813
 20.600000     -0.70077106
 20.700000     -0.71320644
 20.800000     -0.71919391
 20.900000     -0.71974199
 21.000000     -0.71588899
 21.100000     -0.70817675
 21.200000     -0.69753947
 21.300000     -0.68342286
 21.400000     -0.66725193
 21.500000     -0.64909473
 21.600000     -0.62733464
 21.700000     -0.60295848
 21.800000     -0.57661982
 21.900000     -0.54852560
 22.000000     -0.52015395
 22.100000     -0.49122549
 22.200000     -0.46251995
 22.300000     -0.43534258
 22.400000     -0.40923378
 22.500000     -0.38332955
 22.600000     -0.35818444
 22.700000     -0.33392484
 22.800000     -0.31035995
 22.900000     -0.28726050
 23.000000     -0.26612162
 23.100000     -0.24566745
 23.200000     -0.22625904
 23.300000     -0.20822087
 23.400000     -0.19092196
 23.500000     -0.17593659
 23.600000     -0.16197136
 23.700000     -0.14777234
 23.800000     -0.13567315
 23.900000     -0.12506829
 24.000000     -0.11563149
 24.100000     -0.10675145
 24.200000     -0.09901158
 24.300000     -0.09279663
 24.400000     -0.08749059
 24.500000     -0.08384916
 24.600000     -0.08074242
 24.700000     -0.07810031
 24.800000     -0.07585643
 24.900000     -0.07411988
 25.000000     -0.07350304
 25.100000     -0.07333587
 25.200000     -0.07328876
 25.300000     -0.07317737
 25.400000     -0.07289501
 25.500000     -0.07288684
 25.600000     -0.07301312
 25.700000     -0.07376656
 25.800000     -0.07438319
 25.900000     -0.07514517
 26.000000     -0.07534289
 26.100000     -0.07517480
 26.200000     -0.07482414
 26.300000     -0.07387512
 26.400000     -0.07290697
 26.500000     -0.07235720
 26.600000     -0.07145843
 26.700000     -0.07023385
 26.800000     -0.06928271
 26.900000     -0.06867102
 27.000000     -0.06828627
 27.100000     -0.06757805
 27.200000     -0.06628780
 27.300000     -0.06492982
 27.400000     -0.06406382
 27.500000     -0.06330977
 27.600000     -0.06208232
 27.700000     -0.06107413
 27.800000     -0.06014201
 27.900000     -0.05921492
 28.000000     -0.05875131
 28.100000     -0.05920103
 28.200000     -0.05971968
 28.300000     -0.06102390
 28.400000     -0.06196890
 28.500000     -0.06235443
 28.600000     -0.06329736
 28.700000     -0.06364960
 28.800000     -0.06296507
 28.900000     -0.06254259
 29.000000     -0.06234454
 29.100000     -0.06078635
 29.200000     -0.05868550
 29.300000     -0.05706921
 29.400000     -0.05576301
 29.500000     -0.05409678
 29.600000     -0.05116811
 29.700000     -0.04789148
 29.800000     -0.04370008
 29.900000     -0.03896413
 30.000000     -0.03464494
 30.100000     -0.03087879
 30.200000     -0.02708990
 30.300000     -0.02440797
 30.400000     -0.02244098
 30.500000     -0.02065596
 30.600000     -0.02079733
 30.700000     -0.02169730
 30.800000     -0.02234938
 30.900000     -0.02337039
 31.000000     -0.02498631
 31.100000     -0.02653570
 31.200000     -0.02814732
 31.300000     -0.02978348
 31.400000     -0.03105656
 31.500000     -0.03197184
 31.600000     -0.03269769
 31.700000     -0.03328513
 31.800000     -0.03318083
 31.900000     -0.03319191
 32.000000     -0.03326413
 32.100000     -0.03279449
 32.200000     -0.03218821
 32.300000     -0.03121687
 32.400000     -0.02938204
 32.500000     -0.02749613
 32.600000     -0.02549128
 32.700000     -0.02343325
 32.800000     -0.02068834
 32.900000     -0.01665531
 33.000000     -0.01294417
 33.100000     -0.00995423
 33.200000     -0.00677528
 33.300000     -0.00347426
 33.400000     -0.00064678
 33.500000      0.00107244
 33.600000      0.00289686
 33.700000      0.00434654
 33.800000      0.00514841
 33.900000      0.00639770
 34.000000      0.00756530
 34.100000      0.00802107
 34.200000      0.00814980
 34.300000      0.00862903
 34.400000      0.00948048
 34.500000      0.01011912
 34.600000      0.01138790
 34.700000      0.01283618
 34.800000      0.01393507
 34.900000      0.01445402
 35.000000      0.01431906
 35.100000      0.01442717
 35.200000      0.01449486
 35.300000      0.01350610
 35.400000      0.01239685
 35.500000      0.01233693
 35.600000      0.01293634
 35.700000      0.01332222
 35.800000      0.01395225
 35.900000      0.01459996
 36.000000      0.01530669
 36.100000      0.01607449
 36.200000      0.01668604
 36.300000      0.01702914
 36.400000      0.01716034
 36.500000      0.01738483
 36.600000      0.01748308
 36.700000      0.01666328
 36.800000      0.01621312
 36.900000      0.01572908
 37.000000      0.01494912
 37.100000      0.01445277
 37.200000      0.01392433
 37.300000      0.01402199
 37.400000      0.01391716
 37.500000      0.01379577
 37.600000      0.01384661
 37.700000      0.01429240
 37.800000      0.01481145
 37.900000      0.01474433
 38.000000      0.01446088
 38.100000      0.01423471
 38.200000      0.01396209
 38.300000      0.01329677
 38.400000      0.01231506
 38.500000      0.01142022
 38.600000      0.01043948
 38.700000      0.00951466
 38.800000      0.00886447
 38.900000      0.00860099
 39.000000      0.00836718
 39.100000      0.00850396
 39.200000      0.00862212
 39.300000      0.00830699
 39.400000      0.00825079
 39.500000      0.00847777
 39.600000      0.00871533
 39.700000      0.00885785
 39.800000      0.00941397
 39.900000      0.01012240
