  0.000000     -0.00012739
  0.100000     -0.00047296
  0.200000     -0.00124866
  0.300000     -0.00246001
  0.400000     -0.00364307
  0.500000     -0.00384784
  0.600000     -0.00298678
  0.700000     -0.00313787
  0.800000     -0.00343124
  0.900000     -0.00355191
  1.000000     -0.00423306
  1.100000     -0.00478112
  1.200000     -0.00457796
  1.300000     -0.00531768
  1.400000     -0.00689486
  1.500000     -0.00765816
  1.600000     -0.00688517
  1.700000     -0.00542193
  1.800000     -0.00549676
  1.900000     -0.00649174
  2.000000     -0.00783676
  2.100000     -0.00891684
  2.200000     -0.00929083
  2.300000     -0.00983448
  2.400000     -0.01197746
  2.500000     -0.01472443
  2.600000     -0.01612504
  2.700000     -0.01610524
  2.800000     -0.01656040
  2.900000     -0.01807771
  3.000000     -0.01836379
  3.100000     -0.01628672
  3.200000     -0.01545706
  3.300000     -0.01523045
  3.400000     -0.01381615
  3.500000     -0.01165383
  3.600000     -0.01039353
  3.700000     -0.00836705
  3.800000     -0.00704979
  3.900000     -0.00665040
  4.000000     -0.00478790
  4.100000     -0.00315729
  4.200000     -0.00112111
  4.300000     -0.00006940
  4.400000      0.00138252
  4.500000      0.00389509
  4.600000      0.00655400
  4.700000      0.00770921
  4.800000      0.00891109
  4.900000      0.00912655
  5.000000      0.00960606
  5.100000      0.01023485
  5.200000      0.00992531
  5.300000      0.01032401
  5.400000      0.01137070
  5.500000      0.01403752
  5.600000      0.01787958
  5.700000      0.02280106
  5.800000      0.02848695
  5.900000      0.03479618
  6.000000      0.04314470
  6.100000      0.05400853
  6.200000      0.06722590
  6.300000      0.08278912
  6.400000      0.10054647
  6.500000      0.12136822
  6.600000      0.14451431
  6.700000      0.16935186
  6.800000      0.19832430
  6.900000      0.23200788
  7.000000      0.27187921
  7.100000      0.31461585
  7.200000      0.36259353
  7.300000      0.41337130
  7.400000      0.46822742
  7.500000      0.52395960
  7.600000      0.58121487
  7.700000      0.63880903
  7.800000      0.69496687
  7.900000      0.74728327
  8.000000      0.79857411
  8.100000      0.84282358
  8.200000      0.88116199
  8.300000      0.91481736
  8.400000      0.94313555
  8.500000      0.96327881
  8.600000      0.97801554
  8.700000      0.98908007
  8.800000      0.99652932
  8.900000      1.00000000
  9.000000      0.99983657
  9.100000      0.99876333
  9.200000      0.99855788
  9.300000      0.99623928
  9.400000      0.99397109
  9.500000      0.99291946
  9.600000      0.99260756
  9.700000      0.99333724
  9.800000      0.99161057
  9.900000      0.98822771
 10.000000      0.98269352
 10.100000      0.97415106
 10.200000      0.96201309
 10.300000      0.94484175
 10.400000      0.92312891
 10.500000      0.89379055
 10.600000      0.85677553
 10.700000      0.81433728
 10.800000      0.76533076
 10.900000      0.71107054
 11.000000      0.64996550
 11.100000      0.58467390
 11.200000      0.51373494
 11.300000      0.44279618
 11.400000      0.36962160
 11.500000      0.29572082
 11.600000      0.21982348
 11.700000      0.14495570
 11.800000      0.06997782
 11.900000     -0.00434340
 12.000000     -0.07663720
 12.100000     -0.14676545
 12.200000     -0.21425434
 12.300000     -0.27783143
 12.400000     -0.33873153
 12.500000     -0.39632382
 12.600000     -0.44866383
 12.700000     -0.49622988
 12.800000     -0.53880035
 12.900000     -0.57670881
 13.000000     -0.60922367
 13.100000     -0.63783813
 13.200000     -0.66186942
 13.300000     -0.68178850
 13.400000     -0.69737126
 13.500000     -0.71119154
 13.600000     -0.72188276
 13.700000     -0.72661755
 13.800000     -0.72869136
 13.900000     -0.72922885
 14.000000     -0.72613518
 14.100000     -0.72049042
 14.200000     -0.71268019
 14.300000     -0.70379490
 14.400000     -0.69374861
 14.500000     -0.68248578
 14.600000     -0.67026349
 14.700000     -0.66006318
 14.800000     -0.64883843
 14.900000     -0.63676350
 15.000000     -0.62359789
 15.100000     -0.60971920
 15.200000     -0.59623358
 15.300000     -0.58243911
 15.400000     -0.57038697
 15.500000     -0.55881146
 15.600000     -0.54733599
 15.700000     -0.53503216
 15.800000     -0.52334509
 15.900000     -0.50984696
 16.000000     -0.49547196
 16.100000     -0.48144452
 16.200000     -0.46843053
 16.300000     -0.45394876
 16.400000     -0.44195127
 16.500000     -0.43285742
 16.600000     -0.42411087
 16.700000     -0.41568097
 16.800000     -0.40923364
 16.900000     -0.40281810
 17.000000     -0.39540288
 17.100000     -0.38693433
 17.200000     -0.37863207
 17.300000     -0.36877922
 17.400000     -0.36066156
 17.500000     -0.35240399
 17.600000     -0.34635700
 17.700000     -0.33975011
 17.800000     -0.33529229
 17.900000     -0.32947053
 18.000000     -0.32293938
 18.100000     -0.31466401
 18.200000     -0.30731106
 18.300000     -0.29971147
 18.400000     -0.29295754
 18.500000     -0.28749752
 18.600000     -0.28327341
 18.700000     -0.27851329
 18.800000     -0.27226499
 18.900000     -0.26584178
 19.000000     -0.25842653
 19.100000     -0.25251729
 19.200000     -0.24714799
 19.300000     -0.24036957
 19.400000     -0.23321322
 19.500000     -0.22713676
 19.600000     -0.22120031
 19.700000     -0.21438955
 19.800000     -0.20716986
 19.900000     -0.20155303
 20.000000     -0.19462518
 20.100000     -0.18640981
 20.200000     -0.17744914
 20.300000     -0.16970378
 20.400000     -0.16081299
 20.500000     -0.15057944
 20.600000     -0.13877599
 20.700000     -0.12838675
 20.800000     -0.11864533
 20.900000     -0.10961047
 21.000000     -0.10320487
 21.100000     -0.09887692
 21.200000     -0.09617492
 21.300000     -0.09446359
 21.400000     -0.09578528
 21.500000     -0.09574267
 21.600000     -0.09485066
 21.700000     -0.09463184
 21.800000     -0.09612293
 21.900000     -0.09666923
 22.000000     -0.09624447
 22.100000     -0.09613265
 22.200000     -0.09490605
 22.300000     -0.09271234
 22.400000     -0.08989782
 22.500000     -0.08575629
 22.600000     -0.08254605
 22.700000     -0.07970351
 22.800000     -0.07709851
 22.900000     -0.07255071
 23.000000     -0.06811023
 23.100000     -0.06357212
 23.200000     -0.05816234
 23.300000     -0.05615067
 23.400000     -0.05651821
 23.500000     -0.05741685
 23.600000     -0.05515805
 23.700000     -0.05205998
 23.800000     -0.04904216
 23.900000     -0.04709534
 24.000000     -0.04624606
 24.100000     -0.04583046
 24.200000     -0.04450607
 24.300000     -0.04443431
 24.400000     -0.04488468
 24.500000     -0.04428713
 24.600000     -0.04284531
 24.700000     -0.04114822
 24.800000     -0.03917831
 24.900000     -0.03737679
 25.000000     -0.03388111
 25.100000     -0.02939768
 25.200000     -0.02450996
 25.300000     -0.02009218
 25.400000     -0.01677542
 25.500000     -0.01336666
 25.600000     -0.00892115
 25.700000     -0.00492710
 25.800000     -0.00284167
 25.900000     -0.00125365
 26.000000      0.00189320
 26.100000      0.00543153
 26.200000      0.00720965
 26.300000      0.00976651
 26.400000      0.01409389
 26.500000      0.01730881
 26.600000      0.02122955
 26.700000      0.02739470
 26.800000      0.03172031
 26.900000      0.03466967
 27.000000      0.03725262
 27.100000      0.04099236
 27.200000      0.04421549
 27.300000      0.04750581
 27.400000      0.05106804
 27.500000      0.05404407
 27.600000      0.05362920
 27.700000      0.05334841
 27.800000      0.05459083
 27.900000      0.05526475
 28.000000      0.05562060
 28.100000      0.05756434
 28.200000      0.05998940
 28.300000      0.06235640
 28.400000      0.06631136
 28.500000      0.07005985
 28.600000      0.07251487
 28.700000      0.07506540
 28.800000      0.07947624
 28.900000      0.08117292
 29.000000      0.08074256
 29.100000      0.07780986
 29.200000      0.07487003
 29.300000      0.07225516
 29.400000      0.06770132
 29.500000      0.06299264
 29.600000      0.05891822
 29.700000      0.05540087
 29.800000      0.05082975
 29.900000      0.04832493
 30.000000      0.04457157
 30.100000      0.04049807
 30.200000      0.03788776
 30.300000      0.03669968
 30.400000      0.03427586
 30.500000      0.03398497
 30.600000      0.03375296
 30.700000      0.03299765
 30.800000      0.03158702
 30.900000      0.02916716
 31.000000      0.02673960
 31.100000      0.02561983
 31.200000      0.02411168
 31.300000      0.02134783
 31.400000      0.01839895
 31.500000      0.01674264
 31.600000      0.01598180
 31.700000      0.01344653
 31.800000      0.01088751
 31.900000      0.00878679
 32.000000      0.00660576
 32.100000      0.00536518
 32.200000      0.00475137
 32.300000      0.00245062
 32.400000      0.00012910
 32.500000     -0.00116628
 32.600000     -0.00312123
 32.700000     -0.00621673
 32.800000     -0.00875811
 32.900000     -0.01165742
 33.000000     -0.01514027
 33.100000     -0.01862214
 33.200000     -0.02313942
 33.300000     -0.02787283
 33.400000     -0.03046188
 33.500000     -0.03333841
 33.600000     -0.03524900
 33.700000     -0.03580757
 33.800000     -0.03756417
 33.900000     -0.03903782
 34.000000     -0.03984266
 34.100000     -0.04021162
 34.200000     -0.04080288
 34.300000     -0.04068255
 34.400000     -0.03981907
 34.500000     -0.03904197
 34.600000     -0.03717880
 34.700000     -0.03375216
 34.800000     -0.03031638
 34.900000     -0.02743762
 35.000000     -0.02411555
 35.100000     -0.02206893
 35.200000     -0.02196145
 35.300000     -0.02033157
 35.400000     -0.01872296
 35.500000     -0.01685508
 35.600000     -0.01435696
 35.700000     -0.01085903
 35.800000     -0.00774541
 35.900000     -0.00517101
 36.000000     -0.00355344
 36.100000     -0.00259848
 36.200000     -0.00173832
 36.300000     -0.00083947
 36.400000     -0.00039356
 36.500000      0.00025154
 36.600000      0.00156414
 36.700000      0.00331486
 36.800000      0.00378559
 36.900000      0.00439950
 37.000000      0.00577899
 37.100000      0.00688447
 37.200000      0.00792065
 37.300000      0.01009198
 37.400000      0.01151888
 37.500000      0.01257970
 37.600000      0.01453663
 37.700000      0.01705046
 37.800000      0.01766613
 37.900000      0.01709693
 38.000000      0.01734921
 38.100000      0.01759684
 38.200000      0.01795736
 38.300000      0.01774483
 38.400000      0.01757801
 38.500000      0.01768253
 38.600000      0.01866223
 38.700000      0.01890314
 38.800000      0.01767323
 38.900000      0.01697178
 39.000000      0.01739628
 39.100000      0.01817909
 39.200000      0.01928099
 39.300000      0.01943573
 39.400000      0.01899278
 39.500000      0.01898478
 39.600000      0.01946266
 39.700000      0.02051034
 39.800000      0.02192820
 39.900000      0.02385355
