  0.000000      0.00838197
  0.100000      0.00770268
  0.200000      0.00725294
  0.300000      0.00660891
  0.400000      0.00613182
  0.500000      0.00566665
  0.600000      0.00475320
  0.700000      0.00412576
  0.800000      0.00373058
  0.900000      0.00326334
  1.000000      0.00331095
  1.100000      0.00388596
  1.200000      0.00439867
  1.300000      0.00456262
  1.400000      0.00493504
  1.500000      0.00554345
  1.600000      0.00641255
  1.700000      0.00693935
  1.800000      0.00747690
  1.900000      0.00791183
  2.000000      0.00830098
  2.100000      0.00899774
  2.200000      0.01007323
  2.300000      0.01102310
  2.400000      0.01107043
  2.500000      0.01138881
  2.600000      0.01153867
  2.700000      0.01184737
  2.800000      0.01223452
  2.900000      0.01189132
  3.000000      0.01155899
  3.100000      0.01109980
  3.200000      0.01078479
  3.300000      0.01079149
  3.400000      0.01154576
  3.500000      0.01131570
  3.600000      0.01144897
  3.700000      0.01103788
  3.800000      0.01092472
  3.900000      0.01142253
  4.000000      0.01162085
  4.100000      0.01207886
  4.200000      0.01268199
  4.300000      0.01335253
  4.400000      0.01381587
  4.500000      0.01383144
  4.600000      0.01393466
  4.700000      0.01313440
  4.800000      0.01243859
  4.900000      0.01165869
  5.000000      0.01074805
  5.100000      0.00977241
  5.200000      0.00851910
  5.300000      0.00761722
  5.400000      0.00604457
  5.500000      0.00500422
  5.600000      0.00425047
  5.700000      0.00371337
  5.800000      0.00341024
  5.900000      0.00284570
  6.000000      0.00293122
  6.100000      0.00252089
  6.200000      0.00258994
  6.300000      0.00309551
  6.400000      0.00321655
  6.500000      0.00245245
  6.600000      0.00246860
  6.700000      0.00260810
  6.800000      0.00234898
  6.900000      0.00246366
  7.000000      0.00283698
  7.100000      0.00370361
  7.200000      0.00489525
  7.300000      0.00569990
  7.400000      0.00566235
  7.500000      0.00552381
  7.600000      0.00497831
  7.700000      0.00546816
  7.800000      0.00652872
  7.900000      0.00712577
  8.000000      0.00751976
  8.100000      0.00767650
  8.200000      0.00759884
  8.300000      0.00714161
  8.400000      0.00620384
  8.500000      0.00583840
  8.600000      0.00551132
  8.700000      0.00583482
  8.800000      0.00582422
  8.900000      0.00620634
  9.000000      0.00613899
  9.100000      0.00634982
  9.200000      0.00731483
  9.300000      0.00925789
  9.400000      0.01114036
  9.500000      0.01299295
  9.600000      0.01490783
  9.700000      0.01675996
  9.800000      0.01893364
  9.900000      0.02005246
 10.000000      0.02156550
 10.100000      0.02244090
 10.200000      0.02260044
 10.300000      0.02240851
 10.400000      0.02187150
 10.500000      0.02103227
 10.600000      0.01908837
 10.700000      0.01697796
 10.800000      0.01383696
 10.900000      0.00999238
 11.000000      0.00532121
 11.100000      0.00112756
 11.200000     -0.00390601
 11.300000     -0.00799589
 11.400000     -0.01160037
 11.500000     -0.01545546
 11.600000     -0.01856017
 11.700000     -0.02162003
 11.800000     -0.02483744
 11.900000     -0.02733583
 12.000000     -0.02945410
 12.100000     -0.03204780
 12.200000     -0.03498250
 12.300000     -0.03775828
 12.400000     -0.03993895
 12.500000     -0.04305629
 12.600000     -0.04710469
 12.700000     -0.05086502
 12.800000     -0.05438284
 12.900000     -0.05815725
 13.000000     -0.06168408
 13.100000     -0.06396251
 13.200000     -0.06485597
 13.300000     -0.06418163
 13.400000     -0.06075174
 13.500000     -0.05492630
 13.600000     -0.04543306
 13.700000     -0.03140518
 13.800000     -0.01239032
 13.900000      0.01136702
 14.000000      0.04051950
 14.100000      0.07530788
 14.200000      0.11791002
 14.300000      0.16743206
 14.400000      0.22378944
 14.500000      0.28612443
 14.600000      0.35382965
 14.700000      0.42607193
 14.800000      0.50026474
 14.900000      0.57523915
 15.000000      0.64982508
 15.100000      0.72035784
 15.200000      0.78589955
 15.300000      0.84393847
 15.400000      0.89508659
 15.500000      0.93656466
 15.600000      0.96843929
 15.700000      0.98972196
 15.800000      1.00000000
 15.900000      0.99873851
 16.000000      0.98675097
 16.100000      0.96515533
 16.200000      0.93337846
 16.300000      0.89272381
 16.400000      0.84444051
 16.500000      0.78574598
 16.600000      0.71997469
 16.700000      0.64627213
 16.800000      0.56723122
 16.900000      0.48300439
 17.000000      0.39575807
 17.100000      0.30735741
 17.200000      0.21970756
 17.300000      0.13379288
 17.400000      0.05214839
 17.500000     -0.02411404
 17.600000     -0.09542375
 17.700000     -0.16047332
 17.800000     -0.21837035
 17.900000     -0.26919102
 18.000000     -0.31322403
 18.100000     -0.35169893
 18.200000     -0.38346737
 18.300000     -0.40881980
 18.400000     -0.42897524
 18.500000     -0.44451213
 18.600000     -0.45580420
 18.700000     -0.46255598
 18.800000     -0.46599463
 18.900000     -0.46597233
 19.000000     -0.46431529
 19.100000     -0.46075887
 19.200000     -0.45596278
 19.300000     -0.44941812
 19.400000     -0.44208911
 19.500000     -0.43306168
 19.600000     -0.42328705
 19.700000     -0.41221069
 19.800000     -0.40087062
 19.900000     -0.38914080
 20.000000     -0.37704123
 20.100000     -0.36496702
 20.200000     -0.35249643
 20.300000     -0.33937310
 20.400000     -0.32621717
 20.500000     -0.31305620
 20.600000     -0.30112491
 20.700000     -0.29030492
 20.800000     -0.27975473
 20.900000     -0.26971424
 21.000000     -0.26037914
 21.100000     -0.25268402
 21.200000     -0.24598399
 21.300000     -0.23881129
 21.400000     -0.23345551
 21.500000     -0.22842208
 21.600000     -0.22441995
 21.700000     -0.22057509
 21.800000     -0.21725941
 21.900000     -0.21347724
 22.000000     -0.20997829
 22.100000     -0.20672006
 22.200000     -0.20279035
 22.300000     -0.19893908
 22.400000     -0.19404036
 22.500000     -0.18832943
 22.600000     -0.18346334
 22.700000     -0.17684879
 22.800000     -0.17062032
 22.900000     -0.16442330
 23.000000     -0.15802173
 23.100000     -0.15241746
 23.200000     -0.14780335
 23.300000     -0.14304063
 23.400000     -0.13907847
 23.500000     -0.13587947
 23.600000     -0.13300622
 23.700000     -0.13031295
 23.800000     -0.12783935
 23.900000     -0.12635598
 24.000000     -0.12519012
 24.100000     -0.12434339
 24.200000     -0.12370015
 24.300000     -0.12372029
 24.400000     -0.12404868
 24.500000     -0.12358536
 24.600000     -0.12294099
 24.700000     -0.12146637
 24.800000     -0.11980534
 24.900000     -0.11736664
 25.000000     -0.11485831
 25.100000     -0.11176047
 25.200000     -0.10864766
 25.300000     -0.10511862
 25.400000     -0.10060989
 25.500000     -0.09674829
 25.600000     -0.09317704
 25.700000     -0.08964575
 25.800000     -0.08687681
 25.900000     -0.08442010
 26.000000     -0.08191239
 26.100000     -0.07909413
 26.200000     -0.07632733
 26.300000     -0.07343496
 26.400000     -0.07068759
 26.500000     -0.06770986
 26.600000     -0.06483573
 26.700000     -0.06258074
 26.800000     -0.06010156
 26.900000     -0.05779030
 27.000000     -0.05468884
 27.100000     -0.05240572
 27.200000     -0.05009770
 27.300000     -0.04772209
 27.400000     -0.04561027
 27.500000     -0.04389127
 27.600000     -0.04292584
 27.700000     -0.04201143
 27.800000     -0.04103992
 27.900000     -0.04130375
 28.000000     -0.04133276
 28.100000     -0.04187565
 28.200000     -0.04257434
 28.300000     -0.04318686
 28.400000     -0.04459384
 28.500000     -0.04523214
 28.600000     -0.04527972
 28.700000     -0.04549281
 28.800000     -0.04537026
 28.900000     -0.04492538
 29.000000     -0.04411310
 29.100000     -0.04246360
 29.200000     -0.04049214
 29.300000     -0.03903001
 29.400000     -0.03633543
 29.500000     -0.03349501
 29.600000     -0.03008896
 29.700000     -0.02727783
 29.800000     -0.02416640
 29.900000     -0.02151828
 30.000000     -0.01820998
 30.100000     -0.01598558
 30.200000     -0.01325333
 30.300000     -0.01114384
 30.400000     -0.00981243
 30.500000     -0.00819221
 30.600000     -0.00799391
 30.700000     -0.00765178
 30.800000     -0.00772230
 30.900000     -0.00742890
 31.000000     -0.00691769
 31.100000     -0.00704360
 31.200000     -0.00715475
 31.300000     -0.00680076
 31.400000     -0.00627392
 31.500000     -0.00626089
 31.600000     -0.00548803
 31.700000     -0.00497012
 31.800000     -0.00442334
 31.900000     -0.00386459
 32.000000     -0.00263921
 32.100000     -0.00161589
 32.200000     -0.00061623
 32.300000      0.00010980
 32.400000      0.00079739
 32.500000      0.00146082
 32.600000      0.00223951
 32.700000      0.00252410
 32.800000      0.00230018
 32.900000      0.00164898
 33.000000      0.00108719
 33.100000      0.00064747
 33.200000      0.00001223
 33.300000     -0.00043858
 33.400000     -0.00103560
 33.500000     -0.00189747
 33.600000     -0.00209929
 33.700000     -0.00146490
 33.800000     -0.00129981
 33.900000     -0.00121962
 34.000000     -0.00079609
 34.100000     -0.00080058
 34.200000     -0.00069329
 34.300000     -0.00019235
 34.400000      0.00006049
 34.500000      0.00099071
 34.600000      0.00140133
 34.700000      0.00226872
 34.800000      0.00384022
 34.900000      0.00472962
 35.000000      0.00559606
 35.100000      0.00659764
 35.200000      0.00825532
 35.300000      0.00895929
 35.400000      0.00988969
 35.500000      0.01043658
 35.600000      0.01063750
 35.700000      0.01146188
 35.800000      0.01257050
 35.900000      0.01276135
 36.000000      0.01269487
 36.100000      0.01279600
 36.200000      0.01287836
 36.300000      0.01248734
 36.400000      0.01294967
 36.500000      0.01348112
 36.600000      0.01328448
 36.700000      0.01313562
 36.800000      0.01242239
 36.900000      0.01208800
 37.000000      0.01235411
 37.100000      0.01232033
 37.200000      0.01198515
 37.300000      0.01173934
 37.400000      0.01240119
 37.500000      0.01321177
 37.600000      0.01383990
 37.700000      0.01482301
 37.800000      0.01548815
 37.900000      0.01599618
 38.000000      0.01657106
 38.100000      0.01699180
 38.200000      0.01727511
 38.300000      0.01799481
 38.400000      0.01896337
 38.500000      0.01911643
 38.600000      0.01901517
 38.700000      0.01890659
 38.800000      0.01930157
 38.900000      0.01951969
 39.000000      0.01966089
 39.100000      0.01940076
 39.200000      0.01957858
 39.300000      0.02027863
 39.400000      0.02077155
 39.500000      0.02070071
 39.600000      0.02096990
 39.700000      0.02100469
 39.800000      0.02164958
 39.900000      0.02264631
