  0.000000      0.00335366
  0.100000      0.00599291
  0.200000      0.00717333
  0.300000      0.00923205
  0.400000      0.01142810
  0.500000      0.01162355
  0.600000      0.01072769
  0.700000      0.01031702
  0.800000      0.01124509
  0.900000      0.01103297
  1.000000      0.00807049
  1.100000      0.00634707
  1.200000      0.00756255
  1.300000      0.01097465
  1.400000      0.00877307
  1.500000      0.00615470
  1.600000      0.00466097
  1.700000      0.00791994
  1.800000      0.00944620
  1.900000      0.00873455
  2.000000      0.00448161
  2.100000      0.00224401
  2.200000     -0.00032460
  2.300000     -0.00260042
  2.400000     -0.00440521
  2.500000     -0.00676873
  2.600000     -0.00937517
  2.700000     -0.01082949
  2.800000     -0.01414531
  2.900000     -0.01680293
  3.000000     -0.01559905
  3.100000     -0.01530049
  3.200000     -0.01846350
  3.300000     -0.02141886
  3.400000     -0.02140036
  3.500000     -0.01969053
  3.600000     -0.01895777
  3.700000     -0.01806627
  3.800000     -0.01530070
  3.900000     -0.01028794
  4.000000     -0.00606223
  4.100000     -0.00322288
  4.200000     -0.00079556
  4.300000      0.00248261
  4.400000      0.00668411
  4.500000      0.01018828
  4.600000      0.01073799
  4.700000      0.01020215
  4.800000      0.01292469
  4.900000      0.01386381
  5.000000      0.01485717
  5.100000      0.01477564
  5.200000      0.01433230
  5.300000      0.01564894
  5.400000      0.01582964
  5.500000      0.01260608
  5.600000      0.01098041
  5.700000      0.01040391
  5.800000      0.00833865
  5.900000      0.00657089
  6.000000      0.00336527
  6.100000      0.00131477
  6.200000     -0.00023096
  6.300000     -0.00095674
  6.400000     -0.00053067
  6.500000     -0.00113859
  6.600000     -0.00680452
  6.700000     -0.01312389
  6.800000     -0.01738120
  6.900000     -0.01918987
  7.000000     -0.02018090
  7.100000     -0.02079030
  7.200000     -0.01976402
  7.300000     -0.01822052
  7.400000     -0.01775644
  7.500000     -0.01849816
  7.600000     -0.01881050
  7.700000     -0.01810742
  7.800000     -0.01694323
  7.900000     -0.01559326
  8.000000     -0.01260850
  8.100000     -0.00730602
  8.200000     -0.00057053
  8.300000      0.00408144
  8.400000      0.00917737
  8.500000      0.01049084
  8.600000      0.00985643
  8.700000      0.01028108
  8.800000      0.01349528
  8.900000      0.01335144
  9.000000      0.00962778
  9.100000      0.00657262
  9.200000      0.00627272
  9.300000      0.00317669
  9.400000      0.00077777
  9.500000     -0.00367172
  9.600000     -0.00742569
  9.700000     -0.01262170
  9.800000     -0.01762310
  9.900000     -0.01900256
 10.000000     -0.01944601
 10.100000     -0.02187627
 10.200000     -0.02170388
 10.300000     -0.01867573
 10.400000     -0.01502824
 10.500000     -0.01210256
 10.600000     -0.00753153
 10.700000     -0.00220424
 10.800000      0.00107972
 10.900000      0.00083348
 11.000000      0.00256973
 11.100000      0.00639085
 11.200000      0.01039340
 11.300000      0.01383163
 11.400000      0.01667914
 11.500000      0.01813063
 11.600000      0.01733551
 11.700000      0.01488776
 11.800000      0.01051344
 11.900000      0.00780519
 12.000000      0.00463192
 12.100000     -0.00056068
 12.200000     -0.01184692
 12.300000     -0.02514887
 12.400000     -0.03931272
 12.500000     -0.04870487
 12.600000     -0.05527223
 12.700000     -0.05980345
 12.800000     -0.06501285
 12.900000     -0.06923196
 13.000000     -0.07317510
 13.100000     -0.08015397
 13.200000     -0.08967296
 13.300000     -0.10606938
 13.400000     -0.12510054
 13.500000     -0.14290560
 13.600000     -0.15919938
 13.700000     -0.17286194
 13.800000     -0.18489418
 13.900000     -0.19734910
 14.000000     -0.21025882
 14.100000     -0.22257041
 14.200000     -0.23473067
 14.300000     -0.24877918
 14.400000     -0.26397614
 14.500000     -0.27734706
 14.600000     -0.28277731
 14.700000     -0.28404381
 14.800000     -0.28072029
 14.900000     -0.27156621
 15.000000     -0.25406794
 15.100000     -0.22746389
 15.200000     -0.19146898
 15.300000     -0.14932202
 15.400000     -0.10477213
 15.500000     -0.05864318
 15.600000     -0.00754519
 15.700000      0.04992955
 15.800000      0.11278998
 15.900000      0.17795867
 16.000000      0.24834711
 16.100000      0.32299179
 16.200000      0.39882010
 16.300000      0.47377264
 16.400000      0.54850479
 16.500000      0.62341441
 16.600000      0.69932160
 16.700000      0.76947860
 16.800000      0.83117520
 16.900000      0.88666685
 17.000000      0.93274491
 17.100000      0.96452052
 17.200000      0.98754218
 17.300000      1.00000000
 17.400000      0.99601715
 17.500000      0.98103851
 17.600000      0.96087026
 17.700000      0.93544479
 17.800000      0.90587070
 17.900000      0.87024914
 18.000000      0.82509462
 18.100000      0.77269521
 18.200000      0.71540076
 18.300000      0.65167652
 18.400000      0.58274354
 18.500000      0.50317813
 18.600000      0.41179732
 18.700000      0.31584141
 18.800000      0.22151508
 18.900000      0.13292284
 19.000000      0.05252196
 19.100000     -0.01730865
 19.200000     -0.07568028
 19.300000     -0.12223275
 19.400000     -0.15773348
 19.500000     -0.18481635
 19.600000     -0.20808628
 19.700000     -0.22578116
 19.800000     -0.23828259
 19.900000     -0.24316513
 20.000000     -0.24329666
 20.100000     -0.24011445
 20.200000     -0.23551033
 20.300000     -0.22904256
 20.400000     -0.22448737
 20.500000     -0.22420160
 20.600000     -0.23002951
 20.700000     -0.23776364
 20.800000     -0.24693523
 20.900000     -0.25354789
 21.000000     -0.25511427
 21.100000     -0.25078400
 21.200000     -0.24045474
 21.300000     -0.22873488
 21.400000     -0.21467844
 21.500000     -0.20117065
 21.600000     -0.18958856
 21.700000     -0.18188378
 21.800000     -0.17652549
 21.900000     -0.16846282
 22.000000     -0.15652235
 22.100000     -0.14793218
 22.200000     -0.14151862
 22.300000     -0.13692136
 22.400000     -0.13366443
 22.500000     -0.13266200
 22.600000     -0.13497704
 22.700000     -0.13719173
 22.800000     -0.13922085
 22.900000     -0.14131676
 23.000000     -0.13929788
 23.100000     -0.13360053
 23.200000     -0.12508020
 23.300000     -0.11825524
 23.400000     -0.11493653
 23.500000     -0.11717371
 23.600000     -0.12433238
 23.700000     -0.13547378
 23.800000     -0.14505025
 23.900000     -0.14974476
 24.000000     -0.15290737
 24.100000     -0.15257247
 24.200000     -0.14711355
 24.300000     -0.14078543
 24.400000     -0.13560813
 24.500000     -0.12909832
 24.600000     -0.12056580
 24.700000     -0.11160401
 24.800000     -0.10103138
 24.900000     -0.08736486
 25.000000     -0.07135030
 25.100000     -0.05900982
 25.200000     -0.04871347
 25.300000     -0.03986663
 25.400000     -0.03174626
 25.500000     -0.02376321
 25.600000     -0.01767679
 25.700000     -0.01303796
 25.800000     -0.00952364
 25.900000     -0.00881317
 26.000000     -0.00745157
 26.100000     -0.00835704
 26.200000     -0.01330046
 26.300000     -0.01804263
 26.400000     -0.02354943
 26.500000     -0.03076500
 26.600000     -0.03796091
 26.700000     -0.04094058
 26.800000     -0.04195354
 26.900000     -0.04108743
 27.000000     -0.04263735
 27.100000     -0.04665531
 27.200000     -0.05186841
 27.300000     -0.06009606
 27.400000     -0.06833787
 27.500000     -0.07618488
 27.600000     -0.08097086
 27.700000     -0.08208312
 27.800000     -0.08052776
 27.900000     -0.07446458
 28.000000     -0.06499963
 28.100000     -0.05563440
 28.200000     -0.04560344
 28.300000     -0.03724178
 28.400000     -0.03336653
 28.500000     -0.03542670
 28.600000     -0.03835259
 28.700000     -0.04323361
 28.800000     -0.04944666
 28.900000     -0.05495778
 29.000000     -0.05995113
 29.100000     -0.06723436
 29.200000     -0.07296118
 29.300000     -0.07577769
 29.400000     -0.07819983
 29.500000     -0.08206798
 29.600000     -0.08373019
 29.700000     -0.08060656
 29.800000     -0.07322781
 29.900000     -0.06507254
 30.000000     -0.06044074
 30.100000     -0.05709375
 30.200000     -0.05719877
 30.300000     -0.05980582
 30.400000     -0.06425959
 30.500000     -0.06736340
 30.600000     -0.06921414
 30.700000     -0.07121404
 30.800000     -0.07048753
 30.900000     -0.06578432
 31.000000     -0.05744160
 31.100000     -0.04948080
 31.200000     -0.04247087
 31.300000     -0.03410311
 31.400000     -0.02488939
 31.500000     -0.01589672
 31.600000     -0.00368464
 31.700000      0.01126345
 31.800000      0.02254395
 31.900000      0.03070748
 32.000000      0.03433806
 32.100000      0.03312359
 32.200000      0.02972005
 32.300000      0.02344740
 32.400000      0.01408965
 32.500000      0.00016462
 32.600000     -0.01414019
 32.700000     -0.02920284
 32.800000     -0.04218740
 32.900000     -0.05491450
 33.000000     -0.06648957
 33.100000     -0.07612491
 33.200000     -0.08187069
 33.300000     -0.08463227
 33.400000     -0.08327813
 33.500000     -0.08045934
 33.600000     -0.07557316
 33.700000     -0.07192349
 33.800000     -0.07074780
 33.900000     -0.06817707
 34.000000     -0.06170689
 34.100000     -0.05737240
 34.200000     -0.05481296
 34.300000     -0.05050704
 34.400000     -0.04661630
 34.500000     -0.04577092
 34.600000     -0.04547706
 34.700000     -0.04462067
 34.800000     -0.04497618
 34.900000     -0.04892867
 35.000000     -0.05108858
 35.100000     -0.04934561
 35.200000     -0.04434289
 35.300000     -0.03906973
 35.400000     -0.03439654
 35.500000     -0.02964561
 35.600000     -0.02736803
 35.700000     -0.02896788
 35.800000     -0.03336583
 35.900000     -0.03809791
 36.000000     -0.04341773
 36.100000     -0.04938831
 36.200000     -0.05580731
 36.300000     -0.06032952
 36.400000     -0.06322562
 36.500000     -0.06324118
 36.600000     -0.06161066
 36.700000     -0.06426126
 36.800000     -0.06666027
 36.900000     -0.06684920
 37.000000     -0.06532547
 37.100000     -0.06173296
 37.200000     -0.05939182
 37.300000     -0.05711193
 37.400000     -0.05804258
 37.500000     -0.05873975
 37.600000     -0.05761339
 37.700000     -0.05830679
 37.800000     -0.06229551
 37.900000     -0.06673426
 38.000000     -0.06932126
 38.100000     -0.07322505
 38.200000     -0.07740386
 38.300000     -0.08210132
 38.400000     -0.08578059
 38.500000     -0.08636966
 38.600000     -0.08789253
 38.700000     -0.09081143
 38.800000     -0.09180719
 38.900000     -0.09163180
 39.000000     -0.09222519
 39.100000     -0.09499094
 39.200000     -0.09664897
 39.300000     -0.09618927
 39.400000     -0.09775747
 39.500000     -0.10211837
 39.600000     -0.10628596
 39.700000     -0.10967352
 39.800000     -0.11167724
 39.900000     -0.11246397
