  0.000000      0.04410018
  0.100000      0.04394696
  0.200000      0.04382166
  0.300000      0.04324375
  0.400000      0.04214779
  0.500000      0.04110662
  0.600000      0.04016490
  0.700000      0.03949772
  0.800000      0.03895480
  0.900000      0.03856098
  1.000000      0.03827935
  1.100000      0.03792470
  1.200000      0.03713082
  1.300000      0.03609662
  1.400000      0.03512592
  1.500000      0.03416748
  1.600000      0.03350525
  1.700000      0.03346282
  1.800000      0.03328762
  1.900000      0.03335483
  2.000000      0.03371161
  2.100000      0.03423775
  2.200000      0.03539168
  2.300000      0.03678048
  2.400000      0.03801134
  2.500000      0.03931395
  2.600000      0.04006342
  2.700000      0.04016827
  2.800000      0.03990289
  2.900000      0.03954861
  3.000000      0.03919428
  3.100000      0.03938999
  3.200000      0.04024085
  3.300000      0.04112409
  3.400000      0.04291158
  3.500000      0.04462639
  3.600000      0.04625677
  3.700000      0.04746828
  3.800000      0.04800771
  3.900000      0.04800274
  4.000000      0.04746272
  4.100000      0.04759055
  4.200000      0.04682639
  4.300000      0.04599353
  4.400000      0.04567099
  4.500000      0.04525495
  4.600000      0.04470180
  4.700000      0.04381865
  4.800000      0.04260374
  4.900000      0.04091935
  5.000000      0.03909572
  5.100000      0.03661007
  5.200000      0.03367842
  5.300000      0.03051290
  5.400000      0.02766820
  5.500000      0.02318564
  5.600000      0.01966271
  5.700000      0.01570035
  5.800000      0.01269904
  5.900000      0.01017959
  6.000000      0.00767593
  6.100000      0.00704036
  6.200000      0.00606408
  6.300000      0.00613926
  6.400000      0.00514575
  6.500000      0.00408037
  6.600000      0.00337629
  6.700000      0.00183374
  6.800000      0.00082598
  6.900000      0.00040383
  7.000000     -0.00032893
  7.100000     -0.00133653
  7.200000     -0.00331615
  7.300000     -0.00530520
  7.400000     -0.00842439
  7.500000     -0.01048417
  7.600000     -0.01246099
  7.700000     -0.01313366
  7.800000     -0.01519645
  7.900000     -0.01673446
  8.000000     -0.01812222
  8.100000     -0.02039488
  8.200000     -0.02208102
  8.300000     -0.02528597
  8.400000     -0.02700090
  8.500000     -0.02855083
  8.600000     -0.02887646
  8.700000     -0.03085129
  8.800000     -0.03183490
  8.900000     -0.03208306
  9.000000     -0.03314019
  9.100000     -0.03327774
  9.200000     -0.03472276
  9.300000     -0.03427345
  9.400000     -0.03581404
  9.500000     -0.03722958
  9.600000     -0.03722913
  9.700000     -0.03862672
  9.800000     -0.03880452
  9.900000     -0.03964775
 10.000000     -0.04024065
 10.100000     -0.04144784
 10.200000     -0.04210457
 10.300000     -0.04427239
 10.400000     -0.04668451
 10.500000     -0.05012120
 10.600000     -0.05497805
 10.700000     -0.05751475
 10.800000     -0.06281150
 10.900000     -0.06488228
 11.000000     -0.06710501
 11.100000     -0.06602938
 11.200000     -0.06632053
 11.300000     -0.06644548
 11.400000     -0.06392131
 11.500000     -0.06207656
 11.600000     -0.06026013
 11.700000     -0.05531274
 11.800000     -0.04932048
 11.900000     -0.04265285
 12.000000     -0.03434001
 12.100000     -0.02357513
 12.200000     -0.01263338
 12.300000      0.00164910
 12.400000      0.01649811
 12.500000      0.03486114
 12.600000      0.05481289
 12.700000      0.07571998
 12.800000      0.09764504
 12.900000      0.12070962
 13.000000      0.14479325
 13.100000      0.16678988
 13.200000      0.19266595
 13.300000      0.21961026
 13.400000      0.24634537
 13.500000      0.27365729
 13.600000      0.30162259
 13.700000      0.33110075
 13.800000      0.36107038
 13.900000      0.39142096
 14.000000      0.42362153
 14.100000      0.45651609
 14.200000      0.48829236
 14.300000      0.52251820
 14.400000      0.55966505
 14.500000      0.59647539
 14.600000      0.63045694
 14.700000      0.65995501
 14.800000      0.68885920
 14.900000      0.71619331
 15.000000      0.74307849
 15.100000      0.76761244
 15.200000      0.78908210
 15.300000      0.80950122
 15.400000      0.82545663
 15.500000      0.84668567
 15.600000      0.86614392
 15.700000      0.88351369
 15.800000      0.89468147
 15.900000      0.90586194
 16.000000      0.91551322
 16.100000      0.92367279
 16.200000      0.93259182
 16.300000      0.93965477
 16.400000      0.94821691
 16.500000      0.95453202
 16.600000      0.96425731
 16.700000      0.97080860
 16.800000      0.98038434
 16.900000      0.98912283
 17.000000      0.99414173
 17.100000      0.99886260
 17.200000      1.00000000
 17.300000      0.99959795
 17.400000      0.99713416
 17.500000      0.99178437
 17.600000      0.98422709
 17.700000      0.97211664
 17.800000      0.95558866
 17.900000      0.93417205
 18.000000      0.91494140
 18.100000      0.89710216
 18.200000      0.87996637
 18.300000      0.86251888
 18.400000      0.83729608
 18.500000      0.80978435
 18.600000      0.77747990
 18.700000      0.74317230
 18.800000      0.70368430
 18.900000      0.66086224
 19.000000      0.61517304
 19.100000      0.56468110
 19.200000      0.51390245
 19.300000      0.46309318
 19.400000      0.42107278
 19.500000      0.37702665
 19.600000      0.33117445
 19.700000      0.28625187
 19.800000      0.23987695
 19.900000      0.19696752
 20.000000      0.15404175
 20.100000      0.11010598
 20.200000      0.06379494
 20.300000      0.01878648
 20.400000     -0.02318161
 20.500000     -0.06585430
 20.600000     -0.10132011
 20.700000     -0.13565882
 20.800000     -0.16762581
 20.900000     -0.19648890
 21.000000     -0.22106958
 21.100000     -0.24245997
 21.200000     -0.26668689
 21.300000     -0.28965102
 21.400000     -0.31046164
 21.500000     -0.33095077
 21.600000     -0.35118481
 21.700000     -0.36947949
 21.800000     -0.38497428
 21.900000     -0.39516647
 22.000000     -0.40324002
 22.100000     -0.41105340
 22.200000     -0.42004369
 22.300000     -0.43119858
 22.400000     -0.43932082
 22.500000     -0.44625770
 22.600000     -0.45189900
 22.700000     -0.45791232
 22.800000     -0.46517892
 22.900000     -0.47056145
 23.000000     -0.47568661
 23.100000     -0.47979266
 23.200000     -0.48290060
 23.300000     -0.48560933
 23.400000     -0.48808492
 23.500000     -0.49121016
 23.600000     -0.49238633
 23.700000     -0.49426882
 23.800000     -0.49687192
 23.900000     -0.49848675
 24.000000     -0.50173275
 24.100000     -0.50765811
 24.200000     -0.51275257
 24.300000     -0.51752424
 24.400000     -0.52128842
 24.500000     -0.52472505
 24.600000     -0.52773026
 24.700000     -0.52890533
 24.800000     -0.52988983
 24.900000     -0.53353698
 25.000000     -0.53706677
 25.100000     -0.53831780
 25.200000     -0.53941847
 25.300000     -0.54093188
 25.400000     -0.53857425
 25.500000     -0.53818218
 25.600000     -0.53624194
 25.700000     -0.53472306
 25.800000     -0.53118233
 25.900000     -0.52645189
 26.000000     -0.52142327
 26.100000     -0.51653270
 26.200000     -0.51112600
 26.300000     -0.50461291
 26.400000     -0.49856469
 26.500000     -0.49180129
 26.600000     -0.48525227
 26.700000     -0.47873144
 26.800000     -0.47265631
 26.900000     -0.46616354
 27.000000     -0.45709067
 27.100000     -0.44840330
 27.200000     -0.43915620
 27.300000     -0.43225863
 27.400000     -0.42494122
 27.500000     -0.41847240
 27.600000     -0.41191742
 27.700000     -0.40490038
 27.800000     -0.39761587
 27.900000     -0.38991687
 28.000000     -0.38226004
 28.100000     -0.37441157
 28.200000     -0.36751513
 28.300000     -0.36111684
 28.400000     -0.35539212
 28.500000     -0.34865571
 28.600000     -0.34227666
 28.700000     -0.33674533
 28.800000     -0.33113467
 28.900000     -0.32727422
 29.000000     -0.32203436
 29.100000     -0.31888653
 29.200000     -0.31588047
 29.300000     -0.31101168
 29.400000     -0.30501957
 29.500000     -0.29996334
 29.600000     -0.29514940
 29.700000     -0.28862670
 29.800000     -0.28323827
 29.900000     -0.27776096
 30.000000     -0.27340256
 30.100000     -0.26910856
 30.200000     -0.26487333
 30.300000     -0.26230438
 30.400000     -0.25874538
 30.500000     -0.25640436
 30.600000     -0.25239092
 30.700000     -0.24938349
 30.800000     -0.24642239
 30.900000     -0.24415524
 31.000000     -0.24182930
 31.100000     -0.23896721
 31.200000     -0.23701783
 31.300000     -0.23455142
 31.400000     -0.23184683
 31.500000     -0.22856669
 31.600000     -0.22637020
 31.700000     -0.22520319
 31.800000     -0.22408101
 31.900000     -0.22371712
 32.000000     -0.22273632
 32.100000     -0.22146352
 32.200000     -0.21976764
 32.300000     -0.21812864
 32.400000     -0.21643912
 32.500000     -0.21525128
 32.600000     -0.21393290
 32.700000     -0.21242448
 32.800000     -0.21084485
 32.900000     -0.20996910
 33.000000     -0.20934482
 33.100000     -0.20784796
 33.200000     -0.20552829
 33.300000     -0.20429983
 33.400000     -0.20287799
 33.500000     -0.20177414
 33.600000     -0.20118330
 33.700000     -0.20090151
 33.800000     -0.20064984
 33.900000     -0.20009312
 34.000000     -0.19937718
 34.100000     -0.19844687
 34.200000     -0.19715107
 34.300000     -0.19553370
 34.400000     -0.19404682
 34.500000     -0.19335911
 34.600000     -0.19287363
 34.700000     -0.19190155
 34.800000     -0.19083686
 34.900000     -0.18959191
 35.000000     -0.18758956
 35.100000     -0.18519192
 35.200000     -0.18320647
 35.300000     -0.18100593
 35.400000     -0.17889371
 35.500000     -0.17642057
 35.600000     -0.17381673
 35.700000     -0.17093484
 35.800000     -0.16759265
 35.900000     -0.16435451
 36.000000     -0.16201669
 36.100000     -0.15973689
 36.200000     -0.15758544
 36.300000     -0.15486760
 36.400000     -0.15195868
 36.500000     -0.14964059
 36.600000     -0.14749436
 36.700000     -0.14511222
 36.800000     -0.14283575
 36.900000     -0.14092785
 37.000000     -0.13875621
 37.100000     -0.13611210
 37.200000     -0.13326716
 37.300000     -0.13064081
 37.400000     -0.12850717
 37.500000     -0.12671942
 37.600000     -0.12479938
 37.700000     -0.12302143
 37.800000     -0.12094369
 37.900000     -0.11869241
 38.000000     -0.11611222
 38.100000     -0.11341199
 38.200000     -0.11115194
 38.300000     -0.10942880
 38.400000     -0.10759013
 38.500000     -0.10566803
 38.600000     -0.10402177
 38.700000     -0.10279695
 38.800000     -0.10188909
 38.900000     -0.10082802
 39.000000     -0.09987024
 39.100000     -0.09925853
 39.200000     -0.10124323
 39.300000     -0.10457577
 39.400000     -0.10805884
 39.500000     -0.11110472
 39.600000     -0.11415196
 39.700000     -0.11749765
 39.800000     -0.12084982
 39.900000     -0.12461844
