  0.000000     -0.00200564
  0.100000     -0.00086286
  0.200000      0.00022837
  0.300000      0.00134819
  0.400000      0.00246248
  0.500000      0.00362547
  0.600000      0.00486225
  0.700000      0.00610014
  0.800000      0.00734703
  0.900000      0.00852965
  1.000000      0.00944251
  1.100000      0.01016996
  1.200000      0.01100874
  1.300000      0.01185757
  1.400000      0.01258020
  1.500000      0.01303373
  1.600000      0.01332464
  1.700000      0.01353455
  1.800000      0.01391146
  1.900000      0.01443135
  2.000000      0.01502882
  2.100000      0.01534510
  2.200000      0.01543354
  2.300000      0.01540872
  2.400000      0.01540551
  2.500000      0.01539369
  2.600000      0.01532836
  2.700000      0.01530481
  2.800000      0.01525348
  2.900000      0.01524475
  3.000000      0.01507836
  3.100000      0.01463605
  3.200000      0.01414433
  3.300000      0.01372226
  3.400000      0.01341818
  3.500000      0.01318773
  3.600000      0.01306707
  3.700000      0.01284260
  3.800000      0.01234900
  3.900000      0.01172961
  4.000000      0.01110287
  4.100000      0.01018205
  4.200000      0.00915526
  4.300000      0.00821312
  4.400000      0.00718772
  4.500000      0.00623682
  4.600000      0.00558497
  4.700000      0.00515286
  4.800000      0.00459491
  4.900000      0.00387319
  5.000000      0.00314293
  5.100000      0.00274273
  5.200000      0.00252485
  5.300000      0.00219006
  5.400000      0.00188080
  5.500000      0.00157464
  5.600000      0.00116264
  5.700000      0.00052438
  5.800000     -0.00012442
  5.900000     -0.00093670
  6.000000     -0.00200085
  6.100000     -0.00316938
  6.200000     -0.00437394
  6.300000     -0.00564945
  6.400000     -0.00681284
  6.500000     -0.00772864
  6.600000     -0.00833222
  6.700000     -0.00874412
  6.800000     -0.00894223
  6.900000     -0.00887958
  7.000000     -0.00888148
  7.100000     -0.00880363
  7.200000     -0.00859331
  7.300000     -0.00844803
  7.400000     -0.00807451
  7.500000     -0.00760648
  7.600000     -0.00692512
  7.700000     -0.00605190
  7.800000     -0.00506228
  7.900000     -0.00418907
  8.000000     -0.00354121
  8.100000     -0.00303109
  8.200000     -0.00231715
  8.300000     -0.00139780
  8.400000     -0.00027223
  8.500000      0.00139504
  8.600000      0.00282124
  8.700000      0.00479751
  8.800000      0.00688539
  8.900000      0.00898944
  9.000000      0.01096256
  9.100000      0.01264470
  9.200000      0.01423288
  9.300000      0.01571367
  9.400000      0.01724350
  9.500000      0.01921757
  9.600000      0.02160990
  9.700000      0.02405297
  9.800000      0.02677571
  9.900000      0.02928777
 10.000000      0.03141574
 10.100000      0.03321686
 10.200000      0.03492949
 10.300000      0.03664972
 10.400000      0.03853783
 10.500000      0.04056513
 10.600000      0.04296885
 10.700000      0.04563933
 10.800000      0.04805464
 10.900000      0.05025778
 11.000000      0.05215304
 11.100000      0.05406455
 11.200000      0.05652462
 11.300000      0.05959660
 11.400000      0.06318433
 11.500000      0.06717009
 11.600000      0.07188499
 11.700000      0.07738021
 11.800000      0.08382953
 11.900000      0.09084486
 12.000000      0.09830319
 12.100000      0.10601101
 12.200000      0.11423222
 12.300000      0.12300331
 12.400000      0.13214824
 12.500000      0.14216919
 12.600000      0.15335040
 12.700000      0.16599893
 12.800000      0.18018944
 12.900000      0.19586470
 13.000000      0.21239280
 13.100000      0.22971970
 13.200000      0.24807135
 13.300000      0.26728434
 13.400000      0.28786700
 13.500000      0.30939559
 13.600000      0.33186134
 13.700000      0.35558074
 13.800000      0.37999126
 13.900000      0.40524380
 14.000000      0.43122659
 14.100000      0.45805767
 14.200000      0.48603021
 14.300000      0.51476234
 14.400000      0.54427347
 14.500000      0.57369782
 14.600000      0.60270665
 14.700000      0.63130359
 14.800000      0.65960986
 14.900000      0.68768850
 15.000000      0.71546467
 15.100000      0.74274294
 15.200000      0.76885812
 15.300000      0.79354851
 15.400000      0.81685546
 15.500000      0.83852820
 15.600000      0.85900326
 15.700000      0.87810272
 15.800000      0.89583273
 15.900000      0.91175807
 16.000000      0.92535521
 16.100000      0.93698750
 16.200000      0.94721522
 16.300000      0.95625625
 16.400000      0.96437711
 16.500000      0.97141999
 16.600000      0.97719791
 16.700000      0.98292487
 16.800000      0.98874090
 16.900000      0.99371549
 17.000000      0.99757065
 17.100000      0.99991812
 17.200000      1.00000000
 17.300000      0.99893093
 17.400000      0.99664740
 17.500000      0.99339226
 17.600000      0.98850806
 17.700000      0.98218412
 17.800000      0.97566910
 17.900000      0.96988035
 18.000000      0.96597788
 18.100000      0.96387196
 18.200000      0.96267905
 18.300000      0.96230300
 18.400000      0.96205089
 18.500000      0.96024999
 18.600000      0.95621998
 18.700000      0.94861038
 18.800000      0.93639646
 18.900000      0.91830136
 19.000000      0.89401741
 19.100000      0.86418443
 19.200000      0.82940650
 19.300000      0.79094394
 19.400000      0.75051402
 19.500000      0.70836668
 19.600000      0.66499886
 19.700000      0.62127296
 19.800000      0.57835694
 19.900000      0.53811636
 20.000000      0.50064482
 20.100000      0.46556466
 20.200000      0.43298886
 20.300000      0.40339360
 20.400000      0.37686109
 20.500000      0.35177851
 20.600000      0.32591231
 20.700000      0.29818587
 20.800000      0.26844759
 20.900000      0.23605968
 21.000000      0.20223984
 21.100000      0.16710104
 21.200000      0.13063910
 21.300000      0.09387699
 21.400000      0.05765012
 21.500000      0.02302272
 21.600000     -0.00834656
 21.700000     -0.03558217
 21.800000     -0.05872572
 21.900000     -0.07784112
 22.000000     -0.09346738
 22.100000     -0.10523253
 22.200000     -0.11302124
 22.300000     -0.11886436
 22.400000     -0.12376731
 22.500000     -0.12754495
 22.600000     -0.13015522
 22.700000     -0.13165493
 22.800000     -0.13263206
 22.900000     -0.13357368
 23.000000     -0.13458599
 23.100000     -0.13560677
 23.200000     -0.13747358
 23.300000     -0.13995154
 23.400000     -0.14291895
 23.500000     -0.14586742
 23.600000     -0.14817448
 23.700000     -0.15009320
 23.800000     -0.15084665
 23.900000     -0.15058234
 24.000000     -0.14950105
 24.100000     -0.14713923
 24.200000     -0.14331401
 24.300000     -0.13918739
 24.400000     -0.13672197
 24.500000     -0.13652683
 24.600000     -0.13864447
 24.700000     -0.14234709
 24.800000     -0.14869740
 24.900000     -0.15814802
 25.000000     -0.16918402
 25.100000     -0.18009129
 25.200000     -0.19054013
 25.300000     -0.20022469
 25.400000     -0.20855841
 25.500000     -0.21475656
 25.600000     -0.21856611
 25.700000     -0.22064056
 25.800000     -0.22135573
 25.900000     -0.22146678
 26.000000     -0.22175652
 26.100000     -0.22366117
 26.200000     -0.22733810
 26.300000     -0.23303886
 26.400000     -0.24094427
 26.500000     -0.24994812
 26.600000     -0.25868226
 26.700000     -0.26643460
 26.800000     -0.27558769
 26.900000     -0.28535914
 27.000000     -0.29525373
 27.100000     -0.30607235
 27.200000     -0.31745979
 27.300000     -0.32872331
 27.400000     -0.33974729
 27.500000     -0.35115103
 27.600000     -0.36249742
 27.700000     -0.37363944
 27.800000     -0.38380354
 27.900000     -0.39339429
 28.000000     -0.40306302
 28.100000     -0.41349131
 28.200000     -0.42411799
 28.300000     -0.43394412
 28.400000     -0.44414888
 28.500000     -0.45489458
 28.600000     -0.46563158
 28.700000     -0.47625323
 28.800000     -0.48690581
 28.900000     -0.49722534
 29.000000     -0.50727499
 29.100000     -0.51751317
 29.200000     -0.52815840
 29.300000     -0.53826923
 29.400000     -0.54823704
 29.500000     -0.55812772
 29.600000     -0.56753019
 29.700000     -0.57639115
 29.800000     -0.58479733
 29.900000     -0.59315521
 30.000000     -0.60127806
 30.100000     -0.60910499
 30.200000     -0.61658143
 30.300000     -0.62338328
 30.400000     -0.62957521
 30.500000     -0.63533619
 30.600000     -0.64056099
 30.700000     -0.64533418
 30.800000     -0.64977411
 30.900000     -0.65387360
 31.000000     -0.65756580
 31.100000     -0.66053853
 31.200000     -0.66308094
 31.300000     -0.66508260
 31.400000     -0.66647484
 31.500000     -0.66701709
 31.600000     -0.66692743
 31.700000     -0.66629118
 31.800000     -0.66488052
 31.900000     -0.66286666
 32.000000     -0.66025723
 32.100000     -0.65690323
 32.200000     -0.65300136
 32.300000     -0.64850702
 32.400000     -0.64371236
 32.500000     -0.63840818
 32.600000     -0.63262502
 32.700000     -0.62648108
 32.800000     -0.62010753
 32.900000     -0.61369776
 33.000000     -0.60692098
 33.100000     -0.59963869
 33.200000     -0.59191388
 33.300000     -0.58376777
 33.400000     -0.57505949
 33.500000     -0.56616862
 33.600000     -0.55716034
 33.700000     -0.54795305
 33.800000     -0.53881044
 33.900000     -0.52970908
 34.000000     -0.52068839
 34.100000     -0.51200584
 34.200000     -0.50332651
 34.300000     -0.49454186
 34.400000     -0.48586246
 34.500000     -0.47715069
 34.600000     -0.46831178
 34.700000     -0.45929153
 34.800000     -0.45006853
 34.900000     -0.44068558
 35.000000     -0.43137768
 35.100000     -0.42205711
 35.200000     -0.41275367
 35.300000     -0.40342078
 35.400000     -0.39413905
 35.500000     -0.38493623
 35.600000     -0.37565550
 35.700000     -0.36666274
 35.800000     -0.35748053
 35.900000     -0.34809745
 36.000000     -0.33869327
 36.100000     -0.32962062
 36.200000     -0.32068128
 36.300000     -0.31197763
 36.400000     -0.30335571
 36.500000     -0.29502746
 36.600000     -0.28686168
 36.700000     -0.27885405
 36.800000     -0.27121949
 36.900000     -0.26376558
 37.000000     -0.25654147
 37.100000     -0.24930343
 37.200000     -0.24239784
 37.300000     -0.23561426
 37.400000     -0.22906155
 37.500000     -0.22261783
 37.600000     -0.21641340
 37.700000     -0.21027962
 37.800000     -0.20448986
 37.900000     -0.19875641
 38.000000     -0.19311270
 38.100000     -0.18744066
 38.200000     -0.18192998
 38.300000     -0.17647164
 38.400000     -0.17136895
 38.500000     -0.16619057
 38.600000     -0.16101236
 38.700000     -0.15589537
 38.800000     -0.15089443
 38.900000     -0.14605161
 39.000000     -0.14138795
 39.100000     -0.13690879
 39.200000     -0.13271029
 39.300000     -0.12876074
 39.400000     -0.12515959
 39.500000     -0.12187032
 39.600000     -0.11899116
 39.700000     -0.11627002
 39.800000     -0.11377250
 39.900000     -0.11132727
