  0.000000     -0.10879690
  0.100000     -0.10313556
  0.200000     -0.09788451
  0.300000     -0.09287580
  0.400000     -0.08796224
  0.500000     -0.08350964
  0.600000     -0.07905921
  0.700000     -0.07467506
  0.800000     -0.07032163
  0.900000     -0.06609180
  1.000000     -0.06154083
  1.100000     -0.05711589
  1.200000     -0.05245561
  1.300000     -0.04772919
  1.400000     -0.04313730
  1.500000     -0.03901290
  1.600000     -0.03504518
  1.700000     -0.03165344
  1.800000     -0.02888072
  1.900000     -0.02661369
  2.000000     -0.02477175
  2.100000     -0.02360144
  2.200000     -0.02265601
  2.300000     -0.02203122
  2.400000     -0.02222107
  2.500000     -0.02243452
  2.600000     -0.02263887
  2.700000     -0.02387581
  2.800000     -0.02514909
  2.900000     -0.02662728
  3.000000     -0.02867938
  3.100000     -0.03017838
  3.200000     -0.03117759
  3.300000     -0.03252222
  3.400000     -0.03349168
  3.500000     -0.03414201
  3.600000     -0.03540862
  3.700000     -0.03663323
  3.800000     -0.03755438
  3.900000     -0.03908494
  4.000000     -0.04052161
  4.100000     -0.04207167
  4.200000     -0.04359141
  4.300000     -0.04508146
  4.400000     -0.04661183
  4.500000     -0.04809683
  4.600000     -0.04959719
  4.700000     -0.05132551
  4.800000     -0.05271602
  4.900000     -0.05392362
  5.000000     -0.05472238
  5.100000     -0.05551937
  5.200000     -0.05615548
  5.300000     -0.05760452
  5.400000     -0.05910568
  5.500000     -0.06080031
  5.600000     -0.06224677
  5.700000     -0.06309383
  5.800000     -0.06319747
  5.900000     -0.06320773
  6.000000     -0.06304732
  6.100000     -0.06275375
  6.200000     -0.06253409
  6.300000     -0.06231061
  6.400000     -0.06192700
  6.500000     -0.06135033
  6.600000     -0.06076786
  6.700000     -0.05943891
  6.800000     -0.05793682
  6.900000     -0.05687149
  7.000000     -0.05544583
  7.100000     -0.05501693
  7.200000     -0.05495293
  7.300000     -0.05522562
  7.400000     -0.05616000
  7.500000     -0.05761696
  7.600000     -0.05936221
  7.700000     -0.06141517
  7.800000     -0.06344617
  7.900000     -0.06446853
  8.000000     -0.06597080
  8.100000     -0.06763757
  8.200000     -0.07040738
  8.300000     -0.07373069
  8.400000     -0.07659536
  8.500000     -0.07824014
  8.600000     -0.07887114
  8.700000     -0.07884420
  8.800000     -0.07778920
  8.900000     -0.07645655
  9.000000     -0.07564497
  9.100000     -0.07472539
  9.200000     -0.07289820
  9.300000     -0.07109684
  9.400000     -0.06752815
  9.500000     -0.06130380
  9.600000     -0.05338693
  9.700000     -0.04530983
  9.800000     -0.03685483
  9.900000     -0.02760536
 10.000000     -0.01907691
 10.100000     -0.01242931
 10.200000     -0.00834188
 10.300000     -0.00399494
 10.400000      0.00355809
 10.500000      0.01241189
 10.600000      0.02168671
 10.700000      0.03049223
 10.800000      0.03873990
 10.900000      0.04802296
 11.000000      0.05899459
 11.100000      0.07340336
 11.200000      0.08814709
 11.300000      0.09997771
 11.400000      0.10898837
 11.500000      0.11875030
 11.600000      0.12496156
 11.700000      0.12734591
 11.800000      0.12915281
 11.900000      0.13334481
 12.000000      0.14368602
 12.100000      0.16013942
 12.200000      0.17989677
 12.300000      0.20217783
 12.400000      0.22382370
 12.500000      0.24088818
 12.600000      0.25410112
 12.700000      0.26898933
 12.800000      0.29016410
 12.900000      0.32142555
 13.000000      0.35710228
 13.100000      0.39533424
 13.200000      0.43110273
 13.300000      0.46301282
 13.400000      0.49569469
 13.500000      0.53343086
 13.600000      0.57627617
 13.700000      0.61342602
 13.800000      0.64694518
 13.900000      0.68204959
 14.000000      0.71622029
 14.100000      0.75598652
 14.200000      0.79716425
 14.300000      0.83700882
 14.400000      0.87178558
 14.500000      0.89603111
 14.600000      0.91209798
 14.700000      0.93099857
 14.800000      0.95386040
 14.900000      0.97751161
 15.000000      0.99313623
 15.100000      0.99920682
 15.200000      1.00000000
 15.300000      0.99336968
 15.400000      0.97991980
 15.500000      0.95908760
 15.600000      0.94130396
 15.700000      0.92894600
 15.800000      0.91907287
 15.900000      0.90300783
 16.000000      0.86854247
 16.100000      0.82639908
 16.200000      0.79395386
 16.300000      0.76885204
 16.400000      0.72789492
 16.500000      0.66183530
 16.600000      0.59509030
 16.700000      0.53171226
 16.800000      0.46697525
 16.900000      0.39787576
 17.000000      0.33925378
 17.100000      0.28837463
 17.200000      0.24339208
 17.300000      0.20028280
 17.400000      0.16367284
 17.500000      0.11120723
 17.600000      0.04501389
 17.700000     -0.01436507
 17.800000     -0.05965359
 17.900000     -0.08314165
 18.000000     -0.08542370
 18.100000     -0.08181740
 18.200000     -0.08201682
 18.300000     -0.08866909
 18.400000     -0.09034576
 18.500000     -0.08433568
 18.600000     -0.08598290
 18.700000     -0.10263260
 18.800000     -0.12411313
 18.900000     -0.13447384
 19.000000     -0.13445625
 19.100000     -0.13135103
 19.200000     -0.13816888
 19.300000     -0.14877927
 19.400000     -0.16389653
 19.500000     -0.17497704
 19.600000     -0.17271111
 19.700000     -0.16797565
 19.800000     -0.16675277
 19.900000     -0.17518867
 20.000000     -0.18435787
 20.100000     -0.17711331
 20.200000     -0.15413933
 20.300000     -0.13871155
 20.400000     -0.14583221
 20.500000     -0.15569641
 20.600000     -0.15758538
 20.700000     -0.15723574
 20.800000     -0.16292546
 20.900000     -0.16347964
 21.000000     -0.15745782
 21.100000     -0.15180567
 21.200000     -0.15674557
 21.300000     -0.16351480
 21.400000     -0.17161046
 21.500000     -0.18612652
 21.600000     -0.20363618
 21.700000     -0.21357519
 21.800000     -0.21031673
 21.900000     -0.20732292
 22.000000     -0.20732581
 22.100000     -0.20521113
 22.200000     -0.19985263
 22.300000     -0.19208714
 22.400000     -0.18154224
 22.500000     -0.16286478
 22.600000     -0.13936254
 22.700000     -0.11450809
 22.800000     -0.09824450
 22.900000     -0.09735380
 23.000000     -0.10532466
 23.100000     -0.10548705
 23.200000     -0.09831079
 23.300000     -0.08881617
 23.400000     -0.08100551
 23.500000     -0.08314159
 23.600000     -0.08478644
 23.700000     -0.07622446
 23.800000     -0.07785616
 23.900000     -0.09302405
 24.000000     -0.09790673
 24.100000     -0.08917093
 24.200000     -0.08076463
 24.300000     -0.07745484
 24.400000     -0.07571345
 24.500000     -0.08158862
 24.600000     -0.09153289
 24.700000     -0.10033611
 24.800000     -0.10473115
 24.900000     -0.10239485
 25.000000     -0.09910607
 25.100000     -0.10117411
 25.200000     -0.10916950
 25.300000     -0.11672395
 25.400000     -0.12170517
 25.500000     -0.12852340
 25.600000     -0.13552841
 25.700000     -0.14213528
 25.800000     -0.15129168
 25.900000     -0.16257874
 26.000000     -0.17274631
 26.100000     -0.18098471
 26.200000     -0.18889535
 26.300000     -0.19697442
 26.400000     -0.20560373
 26.500000     -0.21330747
 26.600000     -0.21697225
 26.700000     -0.21580847
 26.800000     -0.21273334
 26.900000     -0.21285098
 27.000000     -0.21917601
 27.100000     -0.22904621
 27.200000     -0.23936203
 27.300000     -0.24742305
 27.400000     -0.25215364
 27.500000     -0.25536010
 27.600000     -0.25652226
 27.700000     -0.25892935
 27.800000     -0.26502540
 27.900000     -0.26999815
 28.000000     -0.27130134
 28.100000     -0.27048611
 28.200000     -0.26805339
 28.300000     -0.26228692
 28.400000     -0.25290561
 28.500000     -0.24320411
 28.600000     -0.23737953
 28.700000     -0.23333619
 28.800000     -0.22959080
 28.900000     -0.22593854
 29.000000     -0.22321775
 29.100000     -0.22102761
 29.200000     -0.22002899
 29.300000     -0.21925555
 29.400000     -0.21933983
 29.500000     -0.21966051
 29.600000     -0.22031984
 29.700000     -0.22103856
 29.800000     -0.22157740
 29.900000     -0.22208545
 30.000000     -0.22228260
 30.100000     -0.22250095
 30.200000     -0.22279755
 30.300000     -0.22308337
 30.400000     -0.22285062
 30.500000     -0.22182479
 30.600000     -0.22000604
 30.700000     -0.21674285
 30.800000     -0.21301577
 30.900000     -0.20915868
 31.000000     -0.20544650
 31.100000     -0.20242301
 31.200000     -0.19981515
 31.300000     -0.19753225
 31.400000     -0.19513035
 31.500000     -0.19282091
 31.600000     -0.19019018
 31.700000     -0.18803376
 31.800000     -0.18592508
 31.900000     -0.18435384
 32.000000     -0.18229471
 32.100000     -0.17958826
 32.200000     -0.17601729
 32.300000     -0.17173876
 32.400000     -0.16742814
 32.500000     -0.16351574
 32.600000     -0.16021128
 32.700000     -0.15775758
 32.800000     -0.15597326
 32.900000     -0.15539776
 33.000000     -0.15493443
 33.100000     -0.15568137
 33.200000     -0.15655427
 33.300000     -0.15827032
 33.400000     -0.15961846
 33.500000     -0.16141428
 33.600000     -0.16285689
 33.700000     -0.16441886
 33.800000     -0.16556653
 33.900000     -0.16616538
 34.000000     -0.16558535
 34.100000     -0.16424962
 34.200000     -0.16220852
 34.300000     -0.16006632
 34.400000     -0.15814917
 34.500000     -0.15679192
 34.600000     -0.15599125
 34.700000     -0.15618267
 34.800000     -0.15665106
 34.900000     -0.15800747
 35.000000     -0.15960224
 35.100000     -0.16246230
 35.200000     -0.16564412
 35.300000     -0.16987215
 35.400000     -0.17432361
 35.500000     -0.17924054
 35.600000     -0.18439251
 35.700000     -0.19005132
 35.800000     -0.19615901
 35.900000     -0.20225548
 36.000000     -0.20796346
 36.100000     -0.21285394
 36.200000     -0.21734185
 36.300000     -0.22052844
 36.400000     -0.22280065
 36.500000     -0.22425145
 36.600000     -0.22473089
 36.700000     -0.22438382
 36.800000     -0.22326451
 36.900000     -0.22142877
 37.000000     -0.21890225
 37.100000     -0.21596296
 37.200000     -0.21281588
 37.300000     -0.20924707
 37.400000     -0.20571934
 37.500000     -0.20204485
 37.600000     -0.19840692
 37.700000     -0.19481183
 37.800000     -0.19123275
 37.900000     -0.18782904
 38.000000     -0.18446045
 38.100000     -0.18109039
 38.200000     -0.17801697
 38.300000     -0.17529411
 38.400000     -0.17297617
 38.500000     -0.17096097
 38.600000     -0.16967746
 38.700000     -0.16882126
 38.800000     -0.16893589
 38.900000     -0.16916147
 39.000000     -0.17040425
 39.100000     -0.17140916
 39.200000     -0.17290344
 39.300000     -0.17383750
 39.400000     -0.17443195
 39.500000     -0.17436656
 39.600000     -0.17327790
 39.700000     -0.17145706
 39.800000     -0.16811355
 39.900000     -0.16391741
