  0.000000      0.03858454
  0.100000      0.03839618
  0.200000      0.03819400
  0.300000      0.03790458
  0.400000      0.03754694
  0.500000      0.03700250
  0.600000      0.03621060
  0.700000      0.03539122
  0.800000      0.03427497
  0.900000      0.03305060
  1.000000      0.03192694
  1.100000      0.03094870
  1.200000      0.02996282
  1.300000      0.02881459
  1.400000      0.02762292
  1.500000      0.02625587
  1.600000      0.02495754
  1.700000      0.02340971
  1.800000      0.02174176
  1.900000      0.02025138
  2.000000      0.01882912
  2.100000      0.01732894
  2.200000      0.01569543
  2.300000      0.01391941
  2.400000      0.01199778
  2.500000      0.01016088
  2.600000      0.00825110
  2.700000      0.00628189
  2.800000      0.00435981
  2.900000      0.00235951
  3.000000      0.00051043
  3.100000     -0.00118037
  3.200000     -0.00265381
  3.300000     -0.00378344
  3.400000     -0.00455442
  3.500000     -0.00518447
  3.600000     -0.00541454
  3.700000     -0.00548853
  3.800000     -0.00542867
  3.900000     -0.00576790
  4.000000     -0.00585648
  4.100000     -0.00639973
  4.200000     -0.00667052
  4.300000     -0.00681088
  4.400000     -0.00773761
  4.500000     -0.00816164
  4.600000     -0.00806140
  4.700000     -0.00829066
  4.800000     -0.00764702
  4.900000     -0.00640168
  5.000000     -0.00507041
  5.100000     -0.00311261
  5.200000     -0.00031045
  5.300000      0.00258868
  5.400000      0.00584555
  5.500000      0.00934669
  5.600000      0.01256795
  5.700000      0.01496709
  5.800000      0.01740829
  5.900000      0.02018963
  6.000000      0.02281011
  6.100000      0.02525912
  6.200000      0.02691154
  6.300000      0.02773717
  6.400000      0.02737787
  6.500000      0.02625040
  6.600000      0.02425561
  6.700000      0.02256541
  6.800000      0.02174604
  6.900000      0.02110871
  7.000000      0.02027329
  7.100000      0.01979615
  7.200000      0.01933068
  7.300000      0.01778760
  7.400000      0.01631896
  7.500000      0.01460694
  7.600000      0.01260133
  7.700000      0.01052900
  7.800000      0.00948960
  7.900000      0.00822124
  8.000000      0.00672168
  8.100000      0.00648808
  8.200000      0.00623143
  8.300000      0.00995110
  8.400000      0.01469454
  8.500000      0.01932108
  8.600000      0.02294305
  8.700000      0.02417148
  8.800000      0.02559249
  8.900000      0.03202865
  9.000000      0.04085623
  9.100000      0.04944003
  9.200000      0.05490863
  9.300000      0.05477592
  9.400000      0.04978186
  9.500000      0.04167299
  9.600000      0.03605462
  9.700000      0.03424306
  9.800000      0.03398664
  9.900000      0.02957937
 10.000000      0.02200949
 10.100000      0.01446860
 10.200000      0.01209110
 10.300000      0.01624252
 10.400000      0.02000722
 10.500000      0.02272380
 10.600000      0.02141889
 10.700000      0.01609787
 10.800000      0.00954416
 10.900000      0.00720832
 11.000000      0.00644439
 11.100000      0.00598138
 11.200000      0.00626221
 11.300000      0.00569628
 11.400000      0.00512610
 11.500000      0.00650852
 11.600000      0.00835885
 11.700000      0.01142768
 11.800000      0.01726563
 11.900000      0.02154590
 12.000000      0.02106662
 12.100000      0.01867107
 12.200000      0.01663667
 12.300000      0.01731389
 12.400000      0.01950516
 12.500000      0.02262314
 12.600000      0.02714372
 12.700000      0.03338481
 12.800000      0.04366673
 12.900000      0.05522685
 13.000000      0.06697328
 13.100000      0.07571208
 13.200000      0.08574121
 13.300000      0.09606985
 13.400000      0.10816687
 13.500000      0.12275965
 13.600000      0.13964509
 13.700000      0.16132125
 13.800000      0.18920258
 13.900000      0.22493278
 14.000000      0.27191480
 14.100000      0.32396286
 14.200000      0.37883462
 14.300000      0.43462498
 14.400000      0.49047961
 14.500000      0.54409585
 14.600000      0.59913680
 14.700000      0.65085592
 14.800000      0.69561250
 14.900000      0.73211006
 15.000000      0.76254945
 15.100000      0.79165869
 15.200000      0.82073645
 15.300000      0.84858444
 15.400000      0.87464658
 15.500000      0.90174912
 15.600000      0.92417461
 15.700000      0.94568314
 15.800000      0.96738083
 15.900000      0.98516929
 16.000000      0.99686134
 16.100000      1.00000000
 16.200000      0.99311586
 16.300000      0.98563023
 16.400000      0.98004187
 16.500000      0.97225191
 16.600000      0.96106782
 16.700000      0.94041077
 16.800000      0.91083146
 16.900000      0.87590872
 17.000000      0.83837557
 17.100000      0.79867552
 17.200000      0.75808860
 17.300000      0.72189698
 17.400000      0.69861851
 17.500000      0.67882647
 17.600000      0.65080706
 17.700000      0.61504601
 17.800000      0.57516629
 17.900000      0.53413211
 18.000000      0.49224319
 18.100000      0.44808121
 18.200000      0.40693789
 18.300000      0.36660098
 18.400000      0.32360806
 18.500000      0.27334357
 18.600000      0.21392000
 18.700000      0.15773575
 18.800000      0.11063567
 18.900000      0.05923533
 19.000000      0.00250483
 19.100000     -0.04815077
 19.200000     -0.08884814
 19.300000     -0.12646547
 19.400000     -0.16723509
 19.500000     -0.20650621
 19.600000     -0.23910982
 19.700000     -0.26253373
 19.800000     -0.27385568
 19.900000     -0.27494756
 20.000000     -0.27172676
 20.100000     -0.26795037
 20.200000     -0.27155968
 20.300000     -0.28710185
 20.400000     -0.31013332
 20.500000     -0.33623420
 20.600000     -0.36126797
 20.700000     -0.38263830
 20.800000     -0.40112434
 20.900000     -0.42108950
 21.000000     -0.44081501
 21.100000     -0.45899894
 21.200000     -0.47125300
 21.300000     -0.47926987
 21.400000     -0.48844651
 21.500000     -0.50614209
 21.600000     -0.52855940
 21.700000     -0.54962896
 21.800000     -0.56532933
 21.900000     -0.57547627
 22.000000     -0.58435381
 22.100000     -0.59815897
 22.200000     -0.61661282
 22.300000     -0.63657328
 22.400000     -0.65324386
 22.500000     -0.66383332
 22.600000     -0.67002667
 22.700000     -0.67167502
 22.800000     -0.66703146
 22.900000     -0.65682223
 23.000000     -0.64418146
 23.100000     -0.63459396
 23.200000     -0.62955489
 23.300000     -0.62420843
 23.400000     -0.62046303
 23.500000     -0.61907259
 23.600000     -0.61932068
 23.700000     -0.62939817
 23.800000     -0.64557693
 23.900000     -0.66385473
 24.000000     -0.68357740
 24.100000     -0.70063853
 24.200000     -0.71645861
 24.300000     -0.73249837
 24.400000     -0.75118438
 24.500000     -0.76992226
 24.600000     -0.78463183
 24.700000     -0.79138166
 24.800000     -0.79094383
 24.900000     -0.78815174
 25.000000     -0.78643619
 25.100000     -0.78300371
 25.200000     -0.77431327
 25.300000     -0.76269526
 25.400000     -0.75754740
 25.500000     -0.75210644
 25.600000     -0.74885626
 25.700000     -0.74608130
 25.800000     -0.73926601
 25.900000     -0.72911090
 26.000000     -0.71807013
 26.100000     -0.70815967
 26.200000     -0.70188943
 26.300000     -0.69833389
 26.400000     -0.69653325
 26.500000     -0.69515021
 26.600000     -0.69337985
 26.700000     -0.68932820
 26.800000     -0.68283646
 26.900000     -0.67679851
 27.000000     -0.67330595
 27.100000     -0.67351974
 27.200000     -0.67442624
 27.300000     -0.67114739
 27.400000     -0.67170284
 27.500000     -0.67397357
 27.600000     -0.67478443
 27.700000     -0.67722705
 27.800000     -0.68015914
 27.900000     -0.68201040
 28.000000     -0.68548838
 28.100000     -0.68862356
 28.200000     -0.69085558
 28.300000     -0.69364743
 28.400000     -0.69567052
 28.500000     -0.69822747
 28.600000     -0.69958414
 28.700000     -0.70049812
 28.800000     -0.70010577
 28.900000     -0.69785383
 29.000000     -0.69463472
 29.100000     -0.69225443
 29.200000     -0.69095774
 29.300000     -0.69371009
 29.400000     -0.69618922
 29.500000     -0.69924252
 29.600000     -0.70312497
 29.700000     -0.70695303
 29.800000     -0.70983092
 29.900000     -0.71214801
 30.000000     -0.71650607
 30.100000     -0.72017254
 30.200000     -0.72278824
 30.300000     -0.72396791
 30.400000     -0.72392146
 30.500000     -0.72269452
 30.600000     -0.72148760
 30.700000     -0.72039331
 30.800000     -0.71871400
 30.900000     -0.71637867
 31.000000     -0.71420820
 31.100000     -0.71087256
 31.200000     -0.70726629
 31.300000     -0.70451515
 31.400000     -0.70243322
 31.500000     -0.70017080
 31.600000     -0.69796040
 31.700000     -0.69615190
 31.800000     -0.69493413
 31.900000     -0.69380899
 32.000000     -0.69211416
 32.100000     -0.69041287
 32.200000     -0.68656178
 32.300000     -0.68067050
 32.400000     -0.67371247
 32.500000     -0.66423033
 32.600000     -0.65203338
 32.700000     -0.63687537
 32.800000     -0.62638542
 32.900000     -0.62043618
 33.000000     -0.61506229
 33.100000     -0.60887575
 33.200000     -0.60245988
 33.300000     -0.59627364
 33.400000     -0.58956841
 33.500000     -0.58234853
 33.600000     -0.57471331
 33.700000     -0.56745232
 33.800000     -0.55993448
 33.900000     -0.55256180
 34.000000     -0.54815520
 34.100000     -0.54621547
 34.200000     -0.54531697
 34.300000     -0.54478444
 34.400000     -0.54445605
 34.500000     -0.54430150
 34.600000     -0.54437868
 34.700000     -0.54479678
 34.800000     -0.54518960
 34.900000     -0.54545994
 35.000000     -0.54593201
 35.100000     -0.54642491
 35.200000     -0.54734649
 35.300000     -0.54855372
 35.400000     -0.54978200
 35.500000     -0.55089454
 35.600000     -0.55257992
 35.700000     -0.55460318
 35.800000     -0.55659801
 35.900000     -0.55867937
 36.000000     -0.56071998
 36.100000     -0.56336995
 36.200000     -0.56610591
 36.300000     -0.56896045
 36.400000     -0.57200254
 36.500000     -0.57509573
 36.600000     -0.57821057
 36.700000     -0.58137418
 36.800000     -0.58465739
 36.900000     -0.58804517
 37.000000     -0.59152179
 37.100000     -0.59471355
 37.200000     -0.59778308
 37.300000     -0.60084005
 37.400000     -0.60391182
 37.500000     -0.60681689
 37.600000     -0.60949350
 37.700000     -0.61206226
 37.800000     -0.61433442
 37.900000     -0.61637376
 38.000000     -0.61764310
 38.100000     -0.61853364
 38.200000     -0.61917289
 38.300000     -0.61964506
 38.400000     -0.61979050
 38.500000     -0.61929209
 38.600000     -0.61853363
 38.700000     -0.61738807
 38.800000     -0.61589515
 38.900000     -0.61388828
 39.000000     -0.61161523
 39.100000     -0.60915613
 39.200000     -0.60627093
 39.300000     -0.60318842
 39.400000     -0.59977369
 39.500000     -0.59587827
 39.600000     -0.59190554
 39.700000     -0.58774749
 39.800000     -0.58307999
 39.900000     -0.57827501
