  0.000000     -0.03565221
  0.100000     -0.03678235
  0.200000     -0.03946655
  0.300000     -0.04227646
  0.400000     -0.04576808
  0.500000     -0.04942789
  0.600000     -0.05315337
  0.700000     -0.05631766
  0.800000     -0.05777365
  0.900000     -0.05747343
  1.000000     -0.05593854
  1.100000     -0.05396340
  1.200000     -0.05312121
  1.300000     -0.05136936
  1.400000     -0.04809415
  1.500000     -0.04400339
  1.600000     -0.03944184
  1.700000     -0.03411441
  1.800000     -0.02823938
  1.900000     -0.02212175
  2.000000     -0.01624490
  2.100000     -0.01167398
  2.200000     -0.00804696
  2.300000     -0.00532191
  2.400000     -0.00498646
  2.500000     -0.00493189
  2.600000     -0.00559096
  2.700000     -0.00750598
  2.800000     -0.01109026
  2.900000     -0.01659436
  3.000000     -0.02227807
  3.100000     -0.02739252
  3.200000     -0.03228088
  3.300000     -0.03741564
  3.400000     -0.04249174
  3.500000     -0.04627630
  3.600000     -0.04957678
  3.700000     -0.05385473
  3.800000     -0.05731075
  3.900000     -0.06001807
  4.000000     -0.06080248
  4.100000     -0.05926973
  4.200000     -0.05761146
  4.300000     -0.05636104
  4.400000     -0.05321503
  4.500000     -0.04817360
  4.600000     -0.04259235
  4.700000     -0.03830034
  4.800000     -0.03470612
  4.900000     -0.03017121
  5.000000     -0.02337663
  5.100000     -0.01577389
  5.200000     -0.00792058
  5.300000     -0.00025183
  5.400000      0.00785576
  5.500000      0.01604057
  5.600000      0.02225172
  5.700000      0.02457539
  5.800000      0.02521154
  5.900000      0.02424316
  6.000000      0.02228692
  6.100000      0.02059828
  6.200000      0.01809376
  6.300000      0.01531406
  6.400000      0.01491220
  6.500000      0.01524171
  6.600000      0.01546404
  6.700000      0.01574165
  6.800000      0.01664393
  6.900000      0.01568162
  7.000000      0.01265864
  7.100000      0.00902531
  7.200000      0.00769251
  7.300000      0.00820978
  7.400000      0.00928340
  7.500000      0.01052814
  7.600000      0.01250468
  7.700000      0.01268512
  7.800000      0.01206758
  7.900000      0.01018927
  8.000000      0.00523354
  8.100000     -0.00264254
  8.200000     -0.01549646
  8.300000     -0.02661713
  8.400000     -0.03674424
  8.500000     -0.04532005
  8.600000     -0.05059035
  8.700000     -0.05233381
  8.800000     -0.05240395
  8.900000     -0.04873898
  9.000000     -0.04512926
  9.100000     -0.04099592
  9.200000     -0.03741837
  9.300000     -0.03277387
  9.400000     -0.02654220
  9.500000     -0.01876327
  9.600000     -0.01342828
  9.700000     -0.00934803
  9.800000     -0.00909858
  9.900000     -0.01031895
 10.000000     -0.01240803
 10.100000     -0.01461468
 10.200000     -0.01446135
 10.300000     -0.01480152
 10.400000     -0.01644579
 10.500000     -0.01947249
 10.600000     -0.02139030
 10.700000     -0.02490344
 10.800000     -0.02875144
 10.900000     -0.03358173
 11.000000     -0.03811239
 11.100000     -0.04192741
 11.200000     -0.04624624
 11.300000     -0.05171173
 11.400000     -0.05733172
 11.500000     -0.05948937
 11.600000     -0.06070257
 11.700000     -0.06243676
 11.800000     -0.06628439
 11.900000     -0.07081026
 12.000000     -0.07792552
 12.100000     -0.08966623
 12.200000     -0.10846457
 12.300000     -0.12933807
 12.400000     -0.15100732
 12.500000     -0.17171422
 12.600000     -0.19211355
 12.700000     -0.20977695
 12.800000     -0.21997305
 12.900000     -0.21820829
 13.000000     -0.21387000
 13.100000     -0.21113115
 13.200000     -0.20832170
 13.300000     -0.20376457
 13.400000     -0.19963089
 13.500000     -0.19211657
 13.600000     -0.17414329
 13.700000     -0.14494081
 13.800000     -0.10284376
 13.900000     -0.05156083
 14.000000      0.00842141
 14.100000      0.07854906
 14.200000      0.16016537
 14.300000      0.25320686
 14.400000      0.35620721
 14.500000      0.46512710
 14.600000      0.57422094
 14.700000      0.68076793
 14.800000      0.77886821
 14.900000      0.86059238
 15.000000      0.91952052
 15.100000      0.95481072
 15.200000      0.97331964
 15.300000      0.98806581
 15.400000      0.99542787
 15.500000      1.00000000
 15.600000      0.99787478
 15.700000      0.97824162
 15.800000      0.93756652
 15.900000      0.87903373
 16.000000      0.79960134
 16.100000      0.70662659
 16.200000      0.60028025
 16.300000      0.48729491
 16.400000      0.37673566
 16.500000      0.27158345
 16.600000      0.17134308
 16.700000      0.07965088
 16.800000     -0.01109404
 16.900000     -0.10072947
 17.000000     -0.18297489
 17.100000     -0.25008878
 17.200000     -0.30364455
 17.300000     -0.34856240
 17.400000     -0.38320344
 17.500000     -0.41084730
 17.600000     -0.43340513
 17.700000     -0.44995106
 17.800000     -0.45913086
 17.900000     -0.45922792
 18.000000     -0.44570092
 18.100000     -0.42070241
 18.200000     -0.39692188
 18.300000     -0.37459937
 18.400000     -0.35050246
 18.500000     -0.31610289
 18.600000     -0.28259590
 18.700000     -0.25377663
 18.800000     -0.23089255
 18.900000     -0.21400282
 19.000000     -0.20407989
 19.100000     -0.19554237
 19.200000     -0.18871397
 19.300000     -0.18137759
 19.400000     -0.16978896
 19.500000     -0.15528971
 19.600000     -0.13984268
 19.700000     -0.12045792
 19.800000     -0.10409645
 19.900000     -0.09054108
 20.000000     -0.08274530
 20.100000     -0.08205331
 20.200000     -0.08462252
 20.300000     -0.08507749
 20.400000     -0.08021623
 20.500000     -0.07442135
 20.600000     -0.06871363
 20.700000     -0.06230563
 20.800000     -0.04951380
 20.900000     -0.03311151
 21.000000     -0.02452426
 21.100000     -0.03003415
 21.200000     -0.04377033
 21.300000     -0.05804700
 21.400000     -0.07190433
 21.500000     -0.08185213
 21.600000     -0.08679271
 21.700000     -0.08311593
 21.800000     -0.07346339
 21.900000     -0.05858402
 22.000000     -0.04445468
 22.100000     -0.03666491
 22.200000     -0.03681254
 22.300000     -0.04552131
 22.400000     -0.05894726
 22.500000     -0.07299394
 22.600000     -0.08535576
 22.700000     -0.09080670
 22.800000     -0.08798459
 22.900000     -0.08236671
 23.000000     -0.07685469
 23.100000     -0.07285652
 23.200000     -0.06719080
 23.300000     -0.06231563
 23.400000     -0.06154955
 23.500000     -0.06325318
 23.600000     -0.06261952
 23.700000     -0.06161805
 23.800000     -0.05793665
 23.900000     -0.05452180
 24.000000     -0.04914160
 24.100000     -0.04416581
 24.200000     -0.03986359
 24.300000     -0.03813172
 24.400000     -0.03819736
 24.500000     -0.03684000
 24.600000     -0.02971949
 24.700000     -0.01923699
 24.800000     -0.00916473
 24.900000     -0.00423982
 25.000000     -0.00453810
 25.100000     -0.00431803
 25.200000     -0.00444377
 25.300000     -0.00807468
 25.400000     -0.01231509
 25.500000     -0.01903494
 25.600000     -0.02706280
 25.700000     -0.03618646
 25.800000     -0.04344181
 25.900000     -0.04808526
 26.000000     -0.04966488
 26.100000     -0.05014071
 26.200000     -0.04924970
 26.300000     -0.04706529
 26.400000     -0.04456577
 26.500000     -0.04734132
 26.600000     -0.05654764
 26.700000     -0.06148365
 26.800000     -0.06207985
 26.900000     -0.05872119
 27.000000     -0.05283140
 27.100000     -0.04339750
 27.200000     -0.03328058
 27.300000     -0.02184091
 27.400000     -0.01096402
 27.500000     -0.00207137
 27.600000      0.00119307
 27.700000      0.00030517
 27.800000     -0.00240962
 27.900000     -0.00812123
 28.000000     -0.01378739
 28.100000     -0.01936311
 28.200000     -0.02497809
 28.300000     -0.03146384
 28.400000     -0.03714216
 28.500000     -0.04382283
 28.600000     -0.05178261
 28.700000     -0.05836759
 28.800000     -0.06113751
 28.900000     -0.06277053
 29.000000     -0.06463599
 29.100000     -0.06669319
 29.200000     -0.06920050
 29.300000     -0.07154975
 29.400000     -0.07371426
 29.500000     -0.07724061
 29.600000     -0.08041812
 29.700000     -0.08174463
 29.800000     -0.07992344
 29.900000     -0.07512849
 30.000000     -0.06885398
 30.100000     -0.06237409
 30.200000     -0.05484772
 30.300000     -0.04608243
 30.400000     -0.03919706
 30.500000     -0.03486693
 30.600000     -0.03148286
 30.700000     -0.02764355
 30.800000     -0.02379925
 30.900000     -0.02219610
 31.000000     -0.02032799
 31.100000     -0.01594189
 31.200000     -0.01025174
 31.300000     -0.00579296
 31.400000     -0.00136347
 31.500000      0.00478434
 31.600000      0.01200362
 31.700000      0.01991129
 31.800000      0.02718802
 31.900000      0.03382403
 32.000000      0.04006707
 32.100000      0.04494793
 32.200000      0.04801097
 32.300000      0.04837294
 32.400000      0.04705819
 32.500000      0.04434056
 32.600000      0.04026935
 32.700000      0.03792293
 32.800000      0.03671948
 32.900000      0.03571527
 33.000000      0.03476320
 33.100000      0.03452625
 33.200000      0.03449366
 33.300000      0.03426691
 33.400000      0.03326170
 33.500000      0.03198576
 33.600000      0.02936661
 33.700000      0.02536315
 33.800000      0.02120300
 33.900000      0.02011993
 34.000000      0.02132840
 34.100000      0.02237391
 34.200000      0.02321174
 34.300000      0.02421904
 34.400000      0.02477555
 34.500000      0.02388879
 34.600000      0.02047802
 34.700000      0.01394965
 34.800000      0.00567959
 34.900000     -0.00324791
 35.000000     -0.01265214
 35.100000     -0.02303929
 35.200000     -0.03338389
 35.300000     -0.04177167
 35.400000     -0.04756917
 35.500000     -0.05092322
 35.600000     -0.05392506
 35.700000     -0.05484962
 35.800000     -0.05252619
 35.900000     -0.04806689
 36.000000     -0.04227460
 36.100000     -0.03620544
 36.200000     -0.02981733
 36.300000     -0.02277235
 36.400000     -0.01699195
 36.500000     -0.01168098
 36.600000     -0.00677508
 36.700000     -0.00202903
 36.800000      0.00196621
 36.900000      0.00443315
 37.000000      0.00538842
 37.100000      0.00486996
 37.200000      0.00258982
 37.300000     -0.00129033
 37.400000     -0.00607507
 37.500000     -0.01022657
 37.600000     -0.01374485
 37.700000     -0.01707950
 37.800000     -0.02034068
 37.900000     -0.02343014
 38.000000     -0.02504621
 38.100000     -0.02502560
 38.200000     -0.02396195
 38.300000     -0.02302379
 38.400000     -0.02155361
 38.500000     -0.01938373
 38.600000     -0.01636271
 38.700000     -0.01289203
 38.800000     -0.00946351
 38.900000     -0.00627993
 39.000000     -0.00342311
 39.100000     -0.00144386
 39.200000     -0.00062641
 39.300000     -0.00016660
 39.400000     -0.00027790
 39.500000     -0.00099063
 39.600000     -0.00105718
 39.700000     -0.00033136
 39.800000      0.00112710
 39.900000      0.00367038
