  0.000000     -0.05171211
  0.100000     -0.05019858
  0.200000     -0.04886685
  0.300000     -0.04760806
  0.400000     -0.04649198
  0.500000     -0.04532696
  0.600000     -0.04403579
  0.700000     -0.04227778
  0.800000     -0.04007701
  0.900000     -0.03736371
  1.000000     -0.03451222
  1.100000     -0.03176703
  1.200000     -0.02925053
  1.300000     -0.02696900
  1.400000     -0.02474518
  1.500000     -0.02247998
  1.600000     -0.02008166
  1.700000     -0.01769471
  1.800000     -0.01548819
  1.900000     -0.01359518
  2.000000     -0.01204777
  2.100000     -0.01058871
  2.200000     -0.00922259
  2.300000     -0.00774902
  2.400000     -0.00626511
  2.500000     -0.00469952
  2.600000     -0.00318988
  2.700000     -0.00165717
  2.800000     -0.00022950
  2.900000      0.00112879
  3.000000      0.00248197
  3.100000      0.00373914
  3.200000      0.00493954
  3.300000      0.00586097
  3.400000      0.00652079
  3.500000      0.00675325
  3.600000      0.00669330
  3.700000      0.00635265
  3.800000      0.00584247
  3.900000      0.00520184
  4.000000      0.00453845
  4.100000      0.00386876
  4.200000      0.00296394
  4.300000      0.00187468
  4.400000      0.00062458
  4.500000     -0.00078592
  4.600000     -0.00227236
  4.700000     -0.00373498
  4.800000     -0.00510985
  4.900000     -0.00637314
  5.000000     -0.00764103
  5.100000     -0.00907785
  5.200000     -0.01065560
  5.300000     -0.01250260
  5.400000     -0.01469574
  5.500000     -0.01729888
  5.600000     -0.02030704
  5.700000     -0.02359836
  5.800000     -0.02723322
  5.900000     -0.03084421
  6.000000     -0.03467073
  6.100000     -0.03833760
  6.200000     -0.04164592
  6.300000     -0.04476994
  6.400000     -0.04776852
  6.500000     -0.05073659
  6.600000     -0.05377263
  6.700000     -0.05687495
  6.800000     -0.05975024
  6.900000     -0.06230511
  7.000000     -0.06428507
  7.100000     -0.06551433
  7.200000     -0.06612425
  7.300000     -0.06627861
  7.400000     -0.06614597
  7.500000     -0.06598517
  7.600000     -0.06598331
  7.700000     -0.06586605
  7.800000     -0.06566075
  7.900000     -0.06536316
  8.000000     -0.06480738
  8.100000     -0.06403518
  8.200000     -0.06294455
  8.300000     -0.06142739
  8.400000     -0.05955041
  8.500000     -0.05742923
  8.600000     -0.05518290
  8.700000     -0.05273508
  8.800000     -0.05023718
  8.900000     -0.04775284
  9.000000     -0.04532504
  9.100000     -0.04318076
  9.200000     -0.04118956
  9.300000     -0.03930062
  9.400000     -0.03765021
  9.500000     -0.03598180
  9.600000     -0.03422773
  9.700000     -0.03250858
  9.800000     -0.03087846
  9.900000     -0.02946596
 10.000000     -0.02850200
 10.100000     -0.02823768
 10.200000     -0.02829200
 10.300000     -0.02866147
 10.400000     -0.02932502
 10.500000     -0.03005443
 10.600000     -0.03094296
 10.700000     -0.03201697
 10.800000     -0.03328664
 10.900000     -0.03472933
 11.000000     -0.03631779
 11.100000     -0.03802150
 11.200000     -0.03985171
 11.300000     -0.04182831
 11.400000     -0.04388782
 11.500000     -0.04597821
 11.600000     -0.04823137
 11.700000     -0.05060225
 11.800000     -0.05290581
 11.900000     -0.05536186
 12.000000     -0.05797235
 12.100000     -0.06065911
 12.200000     -0.06339616
 12.300000     -0.06621676
 12.400000     -0.06871721
 12.500000     -0.07070562
 12.600000     -0.07237888
 12.700000     -0.07378145
 12.800000     -0.07481223
 12.900000     -0.07545496
 13.000000     -0.07603803
 13.100000     -0.07661514
 13.200000     -0.07718658
 13.300000     -0.07748799
 13.400000     -0.07755388
 13.500000     -0.07717811
 13.600000     -0.07642317
 13.700000     -0.07554869
 13.800000     -0.07463501
 13.900000     -0.07391142
 14.000000     -0.07326879
 14.100000     -0.07266341
 14.200000     -0.07221631
 14.300000     -0.07173619
 14.400000     -0.07105811
 14.500000     -0.07023267
 14.600000     -0.06959712
 14.700000     -0.06942171
 14.800000     -0.07002701
 14.900000     -0.07158338
 15.000000     -0.07398481
 15.100000     -0.07725943
 15.200000     -0.08097511
 15.300000     -0.08486143
 15.400000     -0.08890519
 15.500000     -0.09307272
 15.600000     -0.09761548
 15.700000     -0.10237394
 15.800000     -0.10765744
 15.900000     -0.11342770
 16.000000     -0.11959230
 16.100000     -0.12580137
 16.200000     -0.13266587
 16.300000     -0.13996604
 16.400000     -0.14669801
 16.500000     -0.15392770
 16.600000     -0.16237749
 16.700000     -0.17214229
 16.800000     -0.18176015
 16.900000     -0.19118497
 17.000000     -0.20096271
 17.100000     -0.21051008
 17.200000     -0.22004134
 17.300000     -0.22953916
 17.400000     -0.23871629
 17.500000     -0.24800427
 17.600000     -0.25764955
 17.700000     -0.26682401
 17.800000     -0.27518622
 17.900000     -0.28305218
 18.000000     -0.29047355
 18.100000     -0.29754459
 18.200000     -0.30447065
 18.300000     -0.31174668
 18.400000     -0.31902804
 18.500000     -0.32670896
 18.600000     -0.33437251
 18.700000     -0.34227976
 18.800000     -0.34948532
 18.900000     -0.35562986
 19.000000     -0.36071702
 19.100000     -0.36534905
 19.200000     -0.37002713
 19.300000     -0.37470034
 19.400000     -0.38021768
 19.500000     -0.38676919
 19.600000     -0.39279762
 19.700000     -0.39773919
 19.800000     -0.40220545
 19.900000     -0.40721709
 20.000000     -0.41299541
 20.100000     -0.41945508
 20.200000     -0.42580842
 20.300000     -0.43136614
 20.400000     -0.43730696
 20.500000     -0.44450755
 20.600000     -0.45322281
 20.700000     -0.46157254
 20.800000     -0.46933593
 20.900000     -0.47716698
 21.000000     -0.48422642
 21.100000     -0.48941224
 21.200000     -0.49241605
 21.300000     -0.49254747
 21.400000     -0.48913046
 21.500000     -0.48234331
 21.600000     -0.47320674
 21.700000     -0.46405157
 21.800000     -0.45528234
 21.900000     -0.44544699
 22.000000     -0.43361171
 22.100000     -0.41904971
 22.200000     -0.40100424
 22.300000     -0.37926522
 22.400000     -0.35317739
 22.500000     -0.32450831
 22.600000     -0.29366517
 22.700000     -0.26079361
 22.800000     -0.22574770
 22.900000     -0.18781341
 23.000000     -0.14633297
 23.100000     -0.10088734
 23.200000     -0.05203817
 23.300000     -0.00065270
 23.400000      0.05308411
 23.500000      0.10905931
 23.600000      0.16714879
 23.700000      0.22739379
 23.800000      0.28843734
 23.900000      0.35001903
 24.000000      0.41057051
 24.100000      0.47010579
 24.200000      0.52830490
 24.300000      0.58438461
 24.400000      0.63721906
 24.500000      0.68714539
 24.600000      0.73459403
 24.700000      0.77897803
 24.800000      0.81963180
 24.900000      0.85624414
 25.000000      0.88861854
 25.100000      0.91743918
 25.200000      0.94330175
 25.300000      0.96354443
 25.400000      0.97769867
 25.500000      0.98654201
 25.600000      0.99268270
 25.700000      0.99729016
 25.800000      1.00000000
 25.900000      0.99902496
 26.000000      0.99445324
 26.100000      0.98665359
 26.200000      0.97552353
 26.300000      0.96169141
 26.400000      0.94586006
 26.500000      0.92787803
 26.600000      0.90797588
 26.700000      0.88525619
 26.800000      0.85936821
 26.900000      0.83083159
 27.000000      0.79900105
 27.100000      0.76360011
 27.200000      0.72512341
 27.300000      0.68442194
 27.400000      0.64196674
 27.500000      0.59704755
 27.600000      0.55011351
 27.700000      0.50214508
 27.800000      0.45340505
 27.900000      0.40414446
 28.000000      0.35525341
 28.100000      0.30666914
 28.200000      0.25941646
 28.300000      0.21440397
 28.400000      0.17181142
 28.500000      0.13105573
 28.600000      0.09203352
 28.700000      0.05577512
 28.800000      0.02298585
 28.900000     -0.00711953
 29.000000     -0.03529323
 29.100000     -0.06158104
 29.200000     -0.08496088
 29.300000     -0.10439782
 29.400000     -0.12049558
 29.500000     -0.13427820
 29.600000     -0.14677917
 29.700000     -0.15817714
 29.800000     -0.16835542
 29.900000     -0.17661554
 30.000000     -0.18289914
 30.100000     -0.18761204
 30.200000     -0.19060592
 30.300000     -0.19245924
 30.400000     -0.19331918
 30.500000     -0.19310316
 30.600000     -0.19214517
 30.700000     -0.19022587
 30.800000     -0.18778676
 30.900000     -0.18544305
 31.000000     -0.18363886
 31.100000     -0.18181326
 31.200000     -0.17988781
 31.300000     -0.17756809
 31.400000     -0.17449391
 31.500000     -0.17078762
 31.600000     -0.16649194
 31.700000     -0.16179419
 31.800000     -0.15675196
 31.900000     -0.15152632
 32.000000     -0.14646223
 32.100000     -0.14164437
 32.200000     -0.13671488
 32.300000     -0.13133014
 32.400000     -0.12582316
 32.500000     -0.12000212
 32.600000     -0.11392653
 32.700000     -0.10831655
 32.800000     -0.10255357
 32.900000     -0.09678710
 33.000000     -0.09126789
 33.100000     -0.08579616
 33.200000     -0.08069127
 33.300000     -0.07641394
 33.400000     -0.07238151
 33.500000     -0.06879653
 33.600000     -0.06557750
 33.700000     -0.06228372
 33.800000     -0.05903675
 33.900000     -0.05580160
 34.000000     -0.05198570
 34.100000     -0.04758033
 34.200000     -0.04299645
 34.300000     -0.03814989
 34.400000     -0.03312344
 34.500000     -0.02789489
 34.600000     -0.02273175
 34.700000     -0.01780641
 34.800000     -0.01313680
 34.900000     -0.00868663
 35.000000     -0.00474410
 35.100000     -0.00131011
 35.200000      0.00141495
 35.300000      0.00364385
 35.400000      0.00539351
 35.500000      0.00691068
 35.600000      0.00823087
 35.700000      0.00927444
 35.800000      0.01016610
 35.900000      0.01090535
 36.000000      0.01164970
 36.100000      0.01235787
 36.200000      0.01256411
 36.300000      0.01250975
 36.400000      0.01228232
 36.500000      0.01211469
 36.600000      0.01217980
 36.700000      0.01261404
 36.800000      0.01316211
 36.900000      0.01399001
 37.000000      0.01483557
 37.100000      0.01538497
 37.200000      0.01573014
 37.300000      0.01575208
 37.400000      0.01551843
 37.500000      0.01522008
 37.600000      0.01498527
 37.700000      0.01452634
 37.800000      0.01406082
 37.900000      0.01366038
 38.000000      0.01360137
 38.100000      0.01387638
 38.200000      0.01398451
 38.300000      0.01381359
 38.400000      0.01359295
 38.500000      0.01347840
 38.600000      0.01373264
 38.700000      0.01447948
 38.800000      0.01575602
 38.900000      0.01737927
 39.000000      0.01912019
 39.100000      0.02071129
 39.200000      0.02201843
 39.300000      0.02288758
 39.400000      0.02365327
 39.500000      0.02432608
 39.600000      0.02514855
 39.700000      0.02615376
 39.800000      0.02727234
 39.900000      0.02842035
