  0.000000     -0.00403654
  0.100000     -0.00401806
  0.200000     -0.00399251
  0.300000     -0.00423687
  0.400000     -0.00427083
  0.500000     -0.00424035
  0.600000     -0.00420522
  0.700000     -0.00416578
  0.800000     -0.00412302
  0.900000     -0.00408154
  1.000000     -0.00404057
  1.100000     -0.00362332
  1.200000     -0.00309343
  1.300000     -0.00302951
  1.400000     -0.00296907
  1.500000     -0.00249548
  1.600000     -0.00227659
  1.700000     -0.00223489
  1.800000     -0.00217990
  1.900000     -0.00214009
  2.000000     -0.00211908
  2.100000     -0.00202547
  2.200000     -0.00212613
  2.300000     -0.00225498
  2.400000     -0.00240638
  2.500000     -0.00257686
  2.600000     -0.00276743
  2.700000     -0.00297858
  2.800000     -0.00358192
  2.900000     -0.00397050
  3.000000     -0.00437306
  3.100000     -0.00462609
  3.200000     -0.00488642
  3.300000     -0.00515236
  3.400000     -0.00594949
  3.500000     -0.00659606
  3.600000     -0.00674556
  3.700000     -0.00689359
  3.800000     -0.00641578
  3.900000     -0.00588341
  4.000000     -0.00608981
  4.100000     -0.00628558
  4.200000     -0.00642765
  4.300000     -0.00655845
  4.400000     -0.00667815
  4.500000     -0.00643861
  4.600000     -0.00616526
  4.700000     -0.00626790
  4.800000     -0.00636417
  4.900000     -0.00645415
  5.000000     -0.00653769
  5.100000     -0.00670434
  5.200000     -0.00677713
  5.300000     -0.00696900
  5.400000     -0.00727421
  5.500000     -0.00769842
  5.600000     -0.00852211
  5.700000     -0.00883746
  5.800000     -0.00869533
  5.900000     -0.00883473
  6.000000     -0.00909828
  6.100000     -0.00940063
  6.200000     -0.01016005
  6.300000     -0.01077519
  6.400000     -0.01058182
  6.500000     -0.01157942
  6.600000     -0.01272972
  6.700000     -0.01573909
  6.800000     -0.01701444
  6.900000     -0.01855744
  7.000000     -0.01994312
  7.100000     -0.02191327
  7.200000     -0.02338331
  7.300000     -0.02453767
  7.400000     -0.02612948
  7.500000     -0.02762174
  7.600000     -0.02895132
  7.700000     -0.03041110
  7.800000     -0.03256824
  7.900000     -0.03308810
  8.000000     -0.03385130
  8.100000     -0.03485329
  8.200000     -0.03803031
  8.300000     -0.03947351
  8.400000     -0.04062167
  8.500000     -0.04328642
  8.600000     -0.04441792
  8.700000     -0.04400776
  8.800000     -0.04504639
  8.900000     -0.04820425
  9.000000     -0.04934544
  9.100000     -0.05062812
  9.200000     -0.05263609
  9.300000     -0.05482433
  9.400000     -0.05640883
  9.500000     -0.06068350
  9.600000     -0.06826294
  9.700000     -0.07103187
  9.800000     -0.07175042
  9.900000     -0.07620599
 10.000000     -0.07737776
 10.100000     -0.07857360
 10.200000     -0.08094175
 10.300000     -0.08435019
 10.400000     -0.08537185
 10.500000     -0.08587728
 10.600000     -0.08678319
 10.700000     -0.08801848
 10.800000     -0.09054259
 10.900000     -0.09427740
 11.000000     -0.09618437
 11.100000     -0.09704307
 11.200000     -0.09659329
 11.300000     -0.09749807
 11.400000     -0.09892864
 11.500000     -0.09754720
 11.600000     -0.09676437
 11.700000     -0.09602855
 11.800000     -0.09504074
 11.900000     -0.09473706
 12.000000     -0.09226534
 12.100000     -0.08970042
 12.200000     -0.08698433
 12.300000     -0.08407218
 12.400000     -0.08189854
 12.500000     -0.07843767
 12.600000     -0.07331646
 12.700000     -0.06892004
 12.800000     -0.06401273
 12.900000     -0.05708144
 13.000000     -0.04927939
 13.100000     -0.04011989
 13.200000     -0.03096061
 13.300000     -0.02111310
 13.400000     -0.01058107
 13.500000      0.00078272
 13.600000      0.01292085
 13.700000      0.02585550
 13.800000      0.03970773
 13.900000      0.05438684
 14.000000      0.06969383
 14.100000      0.08611660
 14.200000      0.10343222
 14.300000      0.12040400
 14.400000      0.13968344
 14.500000      0.15988023
 14.600000      0.18097934
 14.700000      0.20295922
 14.800000      0.22580512
 14.900000      0.24947854
 15.000000      0.27394484
 15.100000      0.29915497
 15.200000      0.32506183
 15.300000      0.35160103
 15.400000      0.37871128
 15.500000      0.40632014
 15.600000      0.43435148
 15.700000      0.46272702
 15.800000      0.49136052
 15.900000      0.52016987
 16.000000      0.54905977
 16.100000      0.57793846
 16.200000      0.60671534
 16.300000      0.63529021
 16.400000      0.66356196
 16.500000      0.69143379
 16.600000      0.71880209
 16.700000      0.74556604
 16.800000      0.77161481
 16.900000      0.79684114
 17.000000      0.82113449
 17.100000      0.84438290
 17.200000      0.86646869
 17.300000      0.88728142
 17.400000      0.90669919
 17.500000      0.92461792
 17.600000      0.94090231
 17.700000      0.95543815
 17.800000      0.96812679
 17.900000      0.97883999
 18.000000      0.98747190
 18.100000      0.99393355
 18.200000      0.99813907
 18.300000      1.00000000
 18.400000      0.99937037
 18.500000      0.99622424
 18.600000      0.99051726
 18.700000      0.98220968
 18.800000      0.97130173
 18.900000      0.95776481
 19.000000      0.94160586
 19.100000      0.92282830
 19.200000      0.90148115
 19.300000      0.87762113
 19.400000      0.85128895
 19.500000      0.82258018
 19.600000      0.79159694
 19.700000      0.75844677
 19.800000      0.72323260
 19.900000      0.68608661
 20.000000      0.64718024
 20.100000      0.60664371
 20.200000      0.56461900
 20.300000      0.52130132
 20.400000      0.47684177
 20.500000      0.43141832
 20.600000      0.38520457
 20.700000      0.33838192
 20.800000      0.29112623
 20.900000      0.24360548
 21.000000      0.19601104
 21.100000      0.14851679
 21.200000      0.10128782
 21.300000      0.05449747
 21.400000      0.00830909
 21.500000     -0.03712434
 21.600000     -0.08163807
 21.700000     -0.12509388
 21.800000     -0.16735907
 21.900000     -0.20829807
 22.000000     -0.24778995
 22.100000     -0.28574222
 22.200000     -0.32208037
 22.300000     -0.35670824
 22.400000     -0.38952241
 22.500000     -0.42050565
 22.600000     -0.44962298
 22.700000     -0.47682244
 22.800000     -0.50208169
 22.900000     -0.52542063
 23.000000     -0.54683293
 23.100000     -0.56630990
 23.200000     -0.58387928
 23.300000     -0.59960149
 23.400000     -0.61348966
 23.500000     -0.62556401
 23.600000     -0.63589658
 23.700000     -0.64453691
 23.800000     -0.65154420
 23.900000     -0.65694100
 24.000000     -0.66082502
 24.100000     -0.66324136
 24.200000     -0.66425950
 24.300000     -0.66394976
 24.400000     -0.66236726
 24.500000     -0.65957973
 24.600000     -0.65565421
 24.700000     -0.65067051
 24.800000     -0.64468938
 24.900000     -0.63777266
 25.000000     -0.62999848
 25.100000     -0.62143675
 25.200000     -0.61214676
 25.300000     -0.60220235
 25.400000     -0.59167319
 25.500000     -0.58062769
 25.600000     -0.56912495
 25.700000     -0.55723489
 25.800000     -0.54501901
 25.900000     -0.53252529
 26.000000     -0.51981244
 26.100000     -0.50694859
 26.200000     -0.49397559
 26.300000     -0.48093043
 26.400000     -0.46785096
 26.500000     -0.45478787
 26.600000     -0.44178196
 26.700000     -0.42885722
 26.800000     -0.41604750
 26.900000     -0.40338098
 27.000000     -0.39087928
 27.100000     -0.37856600
 27.200000     -0.36646728
 27.300000     -0.35459352
 27.400000     -0.34295452
 27.500000     -0.33155831
 27.600000     -0.32042078
 27.700000     -0.30952977
 27.800000     -0.29889681
 27.900000     -0.28852415
 28.000000     -0.27840822
 28.100000     -0.26853955
 28.200000     -0.25891784
 28.300000     -0.24955037
 28.400000     -0.24042383
 28.500000     -0.23153855
 28.600000     -0.22289972
 28.700000     -0.21449776
 28.800000     -0.20632160
 28.900000     -0.19837670
 29.000000     -0.19065541
 29.100000     -0.18315048
 29.200000     -0.17586186
 29.300000     -0.16878859
 29.400000     -0.16193086
 29.500000     -0.15527480
 29.600000     -0.14881689
 29.700000     -0.14256028
 29.800000     -0.13649271
 29.900000     -0.13062058
 30.000000     -0.12493171
 30.100000     -0.11943256
 30.200000     -0.11411965
 30.300000     -0.10898719
 30.400000     -0.10404649
 30.500000     -0.09929565
 30.600000     -0.09473292
 30.700000     -0.09035984
 30.800000     -0.08617742
 30.900000     -0.08219345
 31.000000     -0.07839973
 31.100000     -0.07480004
 31.200000     -0.07137885
 31.300000     -0.06814229
 31.400000     -0.06507746
 31.500000     -0.06217843
 31.600000     -0.05943745
 31.700000     -0.05685083
 31.800000     -0.05440926
 31.900000     -0.05209952
 32.000000     -0.04986389
 32.100000     -0.04775134
 32.200000     -0.04574924
 32.300000     -0.04384679
 32.400000     -0.04204178
 32.500000     -0.04031959
 32.600000     -0.03866551
 32.700000     -0.03707243
 32.800000     -0.03552903
 32.900000     -0.03402221
 33.000000     -0.03254188
 33.100000     -0.03107931
 33.200000     -0.02963280
 33.300000     -0.02818405
 33.400000     -0.02673233
 33.500000     -0.02518533
 33.600000     -0.02363202
 33.700000     -0.02208058
 33.800000     -0.02053226
 33.900000     -0.01897400
 34.000000     -0.01766177
 34.100000     -0.01661336
 34.200000     -0.01503806
 34.300000     -0.01344394
 34.400000     -0.01184787
 34.500000     -0.01027482
 34.600000     -0.00869464
 34.700000     -0.00710607
 34.800000     -0.00551093
 34.900000     -0.00401127
 35.000000     -0.00259517
 35.100000     -0.00143464
 35.200000     -0.00030925
 35.300000      0.00079132
 35.400000      0.00191380
 35.500000      0.00303842
 35.600000      0.00415809
 35.700000      0.00521596
 35.800000      0.00619850
 35.900000      0.00692455
 36.000000      0.00743471
 36.100000      0.00783501
 36.200000      0.00807826
 36.300000      0.00815004
 36.400000      0.00809497
 36.500000      0.00792856
 36.600000      0.00766451
 36.700000      0.00726942
 36.800000      0.00674199
 36.900000      0.00615803
 37.000000      0.00560094
 37.100000      0.00496035
 37.200000      0.00421130
 37.300000      0.00335779
 37.400000      0.00241262
 37.500000      0.00138881
 37.600000      0.00026744
 37.700000     -0.00093557
 37.800000     -0.00216798
 37.900000     -0.00338025
 38.000000     -0.00489551
 38.100000     -0.00842187
 38.200000     -0.01037334
 38.300000     -0.01191328
 38.400000     -0.01348685
 38.500000     -0.01504430
 38.600000     -0.01650171
 38.700000     -0.01794577
 38.800000     -0.01935101
 38.900000     -0.02070000
 39.000000     -0.02198837
 39.100000     -0.02316309
 39.200000     -0.02413683
 39.300000     -0.02502957
 39.400000     -0.02583792
 39.500000     -0.02654047
 39.600000     -0.02712194
 39.700000     -0.02764086
 39.800000     -0.02835718
 39.900000     -0.02897828
