  0.000000     -0.02620363
  0.100000     -0.02651286
  0.200000     -0.02661146
  0.300000     -0.02662856
  0.400000     -0.02658744
  0.500000     -0.02647041
  0.600000     -0.02659909
  0.700000     -0.02680537
  0.800000     -0.02682152
  0.900000     -0.02665503
  1.000000     -0.02649505
  1.100000     -0.02630531
  1.200000     -0.02620281
  1.300000     -0.02627477
  1.400000     -0.02649386
  1.500000     -0.02663066
  1.600000     -0.02673051
  1.700000     -0.02671981
  1.800000     -0.02656524
  1.900000     -0.02627768
  2.000000     -0.02601426
  2.100000     -0.02559907
  2.200000     -0.02499030
  2.300000     -0.02432881
  2.400000     -0.02345097
  2.500000     -0.02241711
  2.600000     -0.02131045
  2.700000     -0.02025233
  2.800000     -0.01925347
  2.900000     -0.01835076
  3.000000     -0.01764494
  3.100000     -0.01716756
  3.200000     -0.01670964
  3.300000     -0.01637608
  3.400000     -0.01617110
  3.500000     -0.01619101
  3.600000     -0.01632072
  3.700000     -0.01654990
  3.800000     -0.01682519
  3.900000     -0.01706642
  4.000000     -0.01720303
  4.100000     -0.01718578
  4.200000     -0.01711965
  4.300000     -0.01697544
  4.400000     -0.01691315
  4.500000     -0.01686571
  4.600000     -0.01657479
  4.700000     -0.01616713
  4.800000     -0.01593840
  4.900000     -0.01558072
  5.000000     -0.01521936
  5.100000     -0.01487604
  5.200000     -0.01486814
  5.300000     -0.01516420
  5.400000     -0.01535646
  5.500000     -0.01529169
  5.600000     -0.01546666
  5.700000     -0.01569633
  5.800000     -0.01612751
  5.900000     -0.01616589
  6.000000     -0.01586881
  6.100000     -0.01565002
  6.200000     -0.01559116
  6.300000     -0.01544387
  6.400000     -0.01554828
  6.500000     -0.01571877
  6.600000     -0.01552364
  6.700000     -0.01532053
  6.800000     -0.01515791
  6.900000     -0.01510427
  7.000000     -0.01494229
  7.100000     -0.01508528
  7.200000     -0.01519901
  7.300000     -0.01577258
  7.400000     -0.01638954
  7.500000     -0.01662389
  7.600000     -0.01669585
  7.700000     -0.01647059
  7.800000     -0.01644810
  7.900000     -0.01633262
  8.000000     -0.01591442
  8.100000     -0.01545694
  8.200000     -0.01531851
  8.300000     -0.01539184
  8.400000     -0.01546515
  8.500000     -0.01563697
  8.600000     -0.01604583
  8.700000     -0.01666770
  8.800000     -0.01760830
  8.900000     -0.01864941
  9.000000     -0.01935364
  9.100000     -0.01997023
  9.200000     -0.02060659
  9.300000     -0.02116426
  9.400000     -0.02137201
  9.500000     -0.02149852
  9.600000     -0.02119599
  9.700000     -0.02085491
  9.800000     -0.02063562
  9.900000     -0.02036703
 10.000000     -0.01994616
 10.100000     -0.02018676
 10.200000     -0.02107783
 10.300000     -0.02199785
 10.400000     -0.02305960
 10.500000     -0.02391747
 10.600000     -0.02454621
 10.700000     -0.02436901
 10.800000     -0.02308937
 10.900000     -0.02133881
 11.000000     -0.01961552
 11.100000     -0.01780078
 11.200000     -0.01597294
 11.300000     -0.01414736
 11.400000     -0.01266353
 11.500000     -0.01155142
 11.600000     -0.01071615
 11.700000     -0.01043463
 11.800000     -0.01053788
 11.900000     -0.01025955
 12.000000     -0.00911808
 12.100000     -0.00722300
 12.200000     -0.00468053
 12.300000     -0.00119921
 12.400000      0.00372333
 12.500000      0.01013058
 12.600000      0.01844540
 12.700000      0.02819293
 12.800000      0.03934636
 12.900000      0.05206396
 13.000000      0.06641140
 13.100000      0.08247238
 13.200000      0.10078587
 13.300000      0.12146542
 13.400000      0.14430873
 13.500000      0.16952148
 13.600000      0.19760239
 13.700000      0.22864188
 13.800000      0.26253987
 13.900000      0.29864397
 14.000000      0.33632895
 14.100000      0.37549940
 14.200000      0.41533537
 14.300000      0.45582562
 14.400000      0.49708453
 14.500000      0.53872165
 14.600000      0.58002585
 14.700000      0.62058008
 14.800000      0.66070449
 14.900000      0.70007625
 15.000000      0.73783929
 15.100000      0.77381066
 15.200000      0.80742868
 15.300000      0.83824536
 15.400000      0.86640665
 15.500000      0.89225869
 15.600000      0.91582788
 15.700000      0.93668993
 15.800000      0.95490564
 15.900000      0.97026358
 16.000000      0.98272909
 16.100000      0.99192977
 16.200000      0.99793544
 16.300000      1.00000000
 16.400000      0.99862650
 16.500000      0.99372341
 16.600000      0.98515976
 16.700000      0.97312016
 16.800000      0.95788637
 16.900000      0.93978733
 17.000000      0.91920820
 17.100000      0.89645619
 17.200000      0.87075192
 17.300000      0.84205762
 17.400000      0.81126551
 17.500000      0.77838295
 17.600000      0.74378441
 17.700000      0.70799764
 17.800000      0.67122656
 17.900000      0.63356257
 18.000000      0.59555727
 18.100000      0.55704944
 18.200000      0.51803456
 18.300000      0.47857471
 18.400000      0.43925392
 18.500000      0.40071260
 18.600000      0.36265438
 18.700000      0.32541691
 18.800000      0.28926846
 18.900000      0.25484418
 19.000000      0.22219101
 19.100000      0.19158778
 19.200000      0.16295890
 19.300000      0.13597108
 19.400000      0.11019051
 19.500000      0.08512990
 19.600000      0.06090862
 19.700000      0.03799471
 19.800000      0.01654394
 19.900000     -0.00338132
 20.000000     -0.02192796
 20.100000     -0.03873979
 20.200000     -0.05582524
 20.300000     -0.06873932
 20.400000     -0.08127909
 20.500000     -0.09256495
 20.600000     -0.10344225
 20.700000     -0.11373708
 20.800000     -0.12299011
 20.900000     -0.13158573
 21.000000     -0.14025208
 21.100000     -0.14849491
 21.200000     -0.15568512
 21.300000     -0.16162620
 21.400000     -0.16680604
 21.500000     -0.17082215
 21.600000     -0.17406768
 21.700000     -0.17672633
 21.800000     -0.17882923
 21.900000     -0.18072693
 22.000000     -0.18261025
 22.100000     -0.18449846
 22.200000     -0.18643064
 22.300000     -0.18832224
 22.400000     -0.18998399
 22.500000     -0.19172809
 22.600000     -0.19299822
 22.700000     -0.19420613
 22.800000     -0.19434009
 22.900000     -0.19414467
 23.000000     -0.19344224
 23.100000     -0.19236027
 23.200000     -0.19075977
 23.300000     -0.18895076
 23.400000     -0.18763960
 23.500000     -0.18711970
 23.600000     -0.18716384
 23.700000     -0.18802530
 23.800000     -0.18930377
 23.900000     -0.19048253
 24.000000     -0.19159747
 24.100000     -0.19246905
 24.200000     -0.19382049
 24.300000     -0.19528136
 24.400000     -0.19694006
 24.500000     -0.19853908
 24.600000     -0.20024923
 24.700000     -0.20200618
 24.800000     -0.20366367
 24.900000     -0.20503710
 25.000000     -0.20595828
 25.100000     -0.20677753
 25.200000     -0.20720325
 25.300000     -0.20751711
 25.400000     -0.20825487
 25.500000     -0.20929963
 25.600000     -0.21016121
 25.700000     -0.21058510
 25.800000     -0.21081430
 25.900000     -0.21074092
 26.000000     -0.21007252
 26.100000     -0.20934754
 26.200000     -0.20883464
 26.300000     -0.20802956
 26.400000     -0.20686980
 26.500000     -0.20535558
 26.600000     -0.20381020
 26.700000     -0.20192842
 26.800000     -0.20043453
 26.900000     -0.19947569
 27.000000     -0.19856270
 27.100000     -0.19714488
 27.200000     -0.19602298
 27.300000     -0.19496809
 27.400000     -0.19386695
 27.500000     -0.19259551
 27.600000     -0.19115753
 27.700000     -0.18903765
 27.800000     -0.18644869
 27.900000     -0.18355271
 28.000000     -0.18058622
 28.100000     -0.17799173
 28.200000     -0.17565862
 28.300000     -0.17361585
 28.400000     -0.17196651
 28.500000     -0.17034606
 28.600000     -0.16873257
 28.700000     -0.16713332
 28.800000     -0.16556283
 28.900000     -0.16406058
 29.000000     -0.16278197
 29.100000     -0.16183829
 29.200000     -0.16096183
 29.300000     -0.15993075
 29.400000     -0.15881936
 29.500000     -0.15765049
 29.600000     -0.15639061
 29.700000     -0.15518089
 29.800000     -0.15410919
 29.900000     -0.15364594
 30.000000     -0.15334551
 30.100000     -0.15308168
 30.200000     -0.15282096
 30.300000     -0.15292969
 30.400000     -0.15307556
 30.500000     -0.15288304
 30.600000     -0.15258628
 30.700000     -0.15253759
 30.800000     -0.15261738
 30.900000     -0.15283216
 31.000000     -0.15367490
 31.100000     -0.15523166
 31.200000     -0.15688285
 31.300000     -0.15835338
 31.400000     -0.15973876
 31.500000     -0.16085073
 31.600000     -0.16180975
 31.700000     -0.16273534
 31.800000     -0.16339018
 31.900000     -0.16359346
 32.000000     -0.16348331
 32.100000     -0.16309047
 32.200000     -0.16232574
 32.300000     -0.16181596
 32.400000     -0.16170125
 32.500000     -0.16160520
 32.600000     -0.16105128
 32.700000     -0.16066023
 32.800000     -0.16063402
 32.900000     -0.16090658
 33.000000     -0.16109055
 33.100000     -0.16114432
 33.200000     -0.16109237
 33.300000     -0.16084772
 33.400000     -0.16075952
 33.500000     -0.16052018
 33.600000     -0.16033378
 33.700000     -0.16043477
 33.800000     -0.16059776
 33.900000     -0.16070569
 34.000000     -0.16092909
 34.100000     -0.16088404
 34.200000     -0.16083046
 34.300000     -0.16079169
 34.400000     -0.16054178
 34.500000     -0.16027621
 34.600000     -0.15972428
 34.700000     -0.15895730
 34.800000     -0.15795949
 34.900000     -0.15710526
 35.000000     -0.15634058
 35.100000     -0.15562237
 35.200000     -0.15506363
 35.300000     -0.15489163
 35.400000     -0.15460481
 35.500000     -0.15404812
 35.600000     -0.15340457
 35.700000     -0.15298031
 35.800000     -0.15248532
 35.900000     -0.15179258
 36.000000     -0.15118200
 36.100000     -0.15052973
 36.200000     -0.14969223
 36.300000     -0.14881615
 36.400000     -0.14789532
 36.500000     -0.14741674
 36.600000     -0.14724096
 36.700000     -0.14715412
 36.800000     -0.14696576
 36.900000     -0.14656801
 37.000000     -0.14601555
 37.100000     -0.14562351
 37.200000     -0.14538162
 37.300000     -0.14512946
 37.400000     -0.14489594
 37.500000     -0.14469022
 37.600000     -0.14462793
 37.700000     -0.14451403
 37.800000     -0.14425533
 37.900000     -0.14368499
 38.000000     -0.14291036
 38.100000     -0.14205412
 38.200000     -0.14134742
 38.300000     -0.14062974
 38.400000     -0.14010273
 38.500000     -0.13958357
 38.600000     -0.13912670
 38.700000     -0.13865796
 38.800000     -0.13791399
 38.900000     -0.13689425
 39.000000     -0.13589655
 39.100000     -0.13488547
 39.200000     -0.13384231
 39.300000     -0.13308246
 39.400000     -0.13257411
 39.500000     -0.13219167
 39.600000     -0.13210728
 39.700000     -0.13227131
 39.800000     -0.13235889
 39.900000     -0.13219498
