  0.000000      0.00489907
  0.100000      0.00580402
  0.200000      0.00610166
  0.300000      0.00579907
  0.400000      0.00582078
  0.500000      0.00627903
  0.600000      0.00670048
  0.700000      0.00673283
  0.800000      0.00639680
  0.900000      0.00554222
  1.000000      0.00423915
  1.100000      0.00359770
  1.200000      0.00354896
  1.300000      0.00390258
  1.400000      0.00396245
  1.500000      0.00411719
  1.600000      0.00444456
  1.700000      0.00507545
  1.800000      0.00675794
  1.900000      0.00854483
  2.000000      0.01018438
  2.100000      0.01160291
  2.200000      0.01308196
  2.300000      0.01403704
  2.400000      0.01473360
  2.500000      0.01603738
  2.600000      0.01719432
  2.700000      0.01802591
  2.800000      0.01821025
  2.900000      0.01797513
  3.000000      0.01788812
  3.100000      0.01834812
  3.200000      0.02022358
  3.300000      0.02210511
  3.400000      0.02354182
  3.500000      0.02453051
  3.600000      0.02450862
  3.700000      0.02412558
  3.800000      0.02297421
  3.900000      0.02205769
  4.000000      0.02132883
  4.100000      0.02156763
  4.200000      0.02148072
  4.300000      0.02120091
  4.400000      0.02066997
  4.500000      0.01984030
  4.600000      0.01920094
  4.700000      0.01802491
  4.800000      0.01692431
  4.900000      0.01583894
  5.000000      0.01497096
  5.100000      0.01394004
  5.200000      0.01301005
  5.300000      0.01244895
  5.400000      0.01222924
  5.500000      0.01211542
  5.600000      0.01154232
  5.700000      0.01072926
  5.800000      0.00975827
  5.900000      0.00879982
  6.000000      0.00818701
  6.100000      0.00805511
  6.200000      0.00854846
  6.300000      0.00901313
  6.400000      0.00892733
  6.500000      0.00817008
  6.600000      0.00729972
  6.700000      0.00661406
  6.800000      0.00635670
  6.900000      0.00656552
  7.000000      0.00643536
  7.100000      0.00644534
  7.200000      0.00657084
  7.300000      0.00694567
  7.400000      0.00714057
  7.500000      0.00709069
  7.600000      0.00747935
  7.700000      0.00752423
  7.800000      0.00768261
  7.900000      0.00862508
  8.000000      0.00976125
  8.100000      0.01031678
  8.200000      0.00986469
  8.300000      0.00924720
  8.400000      0.00891109
  8.500000      0.00804134
  8.600000      0.00730450
  8.700000      0.00571238
  8.800000      0.00472067
  8.900000      0.00410833
  9.000000      0.00295685
  9.100000      0.00254388
  9.200000      0.00139622
  9.300000      0.00086397
  9.400000      0.00094927
  9.500000      0.00201611
  9.600000      0.00148067
  9.700000      0.00120556
  9.800000     -0.00004337
  9.900000     -0.00098560
 10.000000     -0.00259103
 10.100000     -0.00446113
 10.200000     -0.00599034
 10.300000     -0.00650207
 10.400000     -0.00719163
 10.500000     -0.00681318
 10.600000     -0.00555724
 10.700000     -0.00522065
 10.800000     -0.00405071
 10.900000     -0.00319635
 11.000000     -0.00159303
 11.100000      0.00026568
 11.200000      0.00176659
 11.300000      0.00214996
 11.400000      0.00315574
 11.500000      0.00374698
 11.600000      0.00565019
 11.700000      0.00873776
 11.800000      0.01077246
 11.900000      0.01413597
 12.000000      0.01746706
 12.100000      0.02058721
 12.200000      0.02385030
 12.300000      0.02829100
 12.400000      0.03049462
 12.500000      0.03309017
 12.600000      0.03376445
 12.700000      0.03580953
 12.800000      0.03612732
 12.900000      0.03740432
 13.000000      0.03793130
 13.100000      0.03931886
 13.200000      0.04016750
 13.300000      0.04084471
 13.400000      0.04157784
 13.500000      0.04134922
 13.600000      0.04155218
 13.700000      0.04226485
 13.800000      0.04219708
 13.900000      0.04165525
 14.000000      0.04373379
 14.100000      0.04552334
 14.200000      0.04783207
 14.300000      0.04904627
 14.400000      0.05160245
 14.500000      0.05258443
 14.600000      0.05313896
 14.700000      0.05489002
 14.800000      0.05640327
 14.900000      0.06049550
 15.000000      0.06285124
 15.100000      0.06462081
 15.200000      0.06313617
 15.300000      0.05884521
 15.400000      0.05642160
 15.500000      0.05262970
 15.600000      0.04974608
 15.700000      0.04811667
 15.800000      0.04595697
 15.900000      0.04520696
 16.000000      0.04335738
 16.100000      0.04159787
 16.200000      0.03953654
 16.300000      0.03715266
 16.400000      0.03621631
 16.500000      0.03481050
 16.600000      0.03493883
 16.700000      0.03735509
 16.800000      0.03708767
 16.900000      0.03867191
 17.000000      0.04198925
 17.100000      0.04525962
 17.200000      0.04657135
 17.300000      0.04338586
 17.400000      0.03839409
 17.500000      0.03291161
 17.600000      0.02685185
 17.700000      0.02135036
 17.800000      0.01553265
 17.900000      0.01069695
 18.000000      0.00734162
 18.100000      0.00324523
 18.200000      0.00094407
 18.300000     -0.00124418
 18.400000     -0.00543946
 18.500000     -0.00826559
 18.600000     -0.01364238
 18.700000     -0.02019832
 18.800000     -0.02934635
 18.900000     -0.03867383
 19.000000     -0.05050226
 19.100000     -0.05588963
 19.200000     -0.06034304
 19.300000     -0.06445450
 19.400000     -0.07052673
 19.500000     -0.07338693
 19.600000     -0.07907269
 19.700000     -0.08328333
 19.800000     -0.08634228
 19.900000     -0.09071372
 20.000000     -0.09344946
 20.100000     -0.09232864
 20.200000     -0.09019635
 20.300000     -0.08583604
 20.400000     -0.07794706
 20.500000     -0.07045006
 20.600000     -0.05994752
 20.700000     -0.04613180
 20.800000     -0.03084237
 20.900000     -0.01353189
 21.000000      0.01011334
 21.100000      0.03834122
 21.200000      0.06927921
 21.300000      0.10477105
 21.400000      0.14475548
 21.500000      0.18568696
 21.600000      0.22851220
 21.700000      0.27323625
 21.800000      0.32082770
 21.900000      0.36795205
 22.000000      0.41974388
 22.100000      0.47248036
 22.200000      0.52432076
 22.300000      0.57734653
 22.400000      0.63023547
 22.500000      0.67958443
 22.600000      0.72606244
 22.700000      0.76827904
 22.800000      0.80668585
 22.900000      0.84232711
 23.000000      0.87368257
 23.100000      0.90265595
 23.200000      0.92780311
 23.300000      0.94857570
 23.400000      0.96586043
 23.500000      0.98126786
 23.600000      0.99164275
 23.700000      0.99973313
 23.800000      1.00000000
 23.900000      0.99511878
 24.000000      0.98683010
 24.100000      0.97354358
 24.200000      0.95231749
 24.300000      0.92739022
 24.400000      0.89747533
 24.500000      0.86358670
 24.600000      0.82244205
 24.700000      0.78069255
 24.800000      0.73509515
 24.900000      0.68144890
 25.000000      0.62949099
 25.100000      0.57727603
 25.200000      0.52173225
 25.300000      0.46266070
 25.400000      0.40421493
 25.500000      0.34502399
 25.600000      0.28534610
 25.700000      0.22768040
 25.800000      0.17195553
 25.900000      0.11782691
 26.000000      0.06551454
 26.100000      0.02062168
 26.200000     -0.01962572
 26.300000     -0.05886132
 26.400000     -0.09762895
 26.500000     -0.13087313
 26.600000     -0.16146943
 26.700000     -0.19007614
 26.800000     -0.21411487
 26.900000     -0.23645907
 27.000000     -0.25357848
 27.100000     -0.26988678
 27.200000     -0.28283482
 27.300000     -0.29410457
 27.400000     -0.30414559
 27.500000     -0.31059628
 27.600000     -0.31410220
 27.700000     -0.31425948
 27.800000     -0.31385135
 27.900000     -0.31328627
 28.000000     -0.31239378
 28.100000     -0.31201156
 28.200000     -0.31060713
 28.300000     -0.30812010
 28.400000     -0.30435808
 28.500000     -0.29978239
 28.600000     -0.29473465
 28.700000     -0.29132584
 28.800000     -0.28706670
 28.900000     -0.28188541
 29.000000     -0.27795617
 29.100000     -0.27444212
 29.200000     -0.27075160
 29.300000     -0.26762568
 29.400000     -0.26575430
 29.500000     -0.26290080
 29.600000     -0.26290207
 29.700000     -0.26157138
 29.800000     -0.26265792
 29.900000     -0.26319002
 30.000000     -0.26419478
 30.100000     -0.26645103
 30.200000     -0.26928307
 30.300000     -0.27426448
 30.400000     -0.27826354
 30.500000     -0.28372276
 30.600000     -0.29035660
 30.700000     -0.29326028
 30.800000     -0.29523956
 30.900000     -0.29757001
 31.000000     -0.29790996
 31.100000     -0.29735610
 31.200000     -0.29643691
 31.300000     -0.29688931
 31.400000     -0.29765064
 31.500000     -0.29765256
 31.600000     -0.29746833
 31.700000     -0.29692246
 31.800000     -0.29608933
 31.900000     -0.29601013
 32.000000     -0.29545880
 32.100000     -0.29490056
 32.200000     -0.29429203
 32.300000     -0.29185180
 32.400000     -0.28946438
 32.500000     -0.28676848
 32.600000     -0.28316836
 32.700000     -0.28087036
 32.800000     -0.27890586
 32.900000     -0.27527496
 33.000000     -0.27072804
 33.100000     -0.26647451
 33.200000     -0.26038755
 33.300000     -0.25442628
 33.400000     -0.24975053
 33.500000     -0.24548032
 33.600000     -0.24287136
 33.700000     -0.24073780
 33.800000     -0.23854162
 33.900000     -0.23580599
 34.000000     -0.23470039
 34.100000     -0.23225693
 34.200000     -0.23016014
 34.300000     -0.22752149
 34.400000     -0.22443913
 34.500000     -0.22162176
 34.600000     -0.21926889
 34.700000     -0.21775821
 34.800000     -0.21700471
 34.900000     -0.21655901
 35.000000     -0.21566354
 35.100000     -0.21451772
 35.200000     -0.21363352
 35.300000     -0.21396093
 35.400000     -0.21493456
 35.500000     -0.21623769
 35.600000     -0.21828896
 35.700000     -0.22044885
 35.800000     -0.22261350
 35.900000     -0.22377706
 36.000000     -0.22527618
 36.100000     -0.22754400
 36.200000     -0.22967369
 36.300000     -0.23126016
 36.400000     -0.23382045
 36.500000     -0.23707569
 36.600000     -0.24086752
 36.700000     -0.24508459
 36.800000     -0.24873405
 36.900000     -0.25210833
 37.000000     -0.25505152
 37.100000     -0.25821048
 37.200000     -0.26096814
 37.300000     -0.26332792
 37.400000     -0.26568790
 37.500000     -0.26866389
 37.600000     -0.27119548
 37.700000     -0.27350681
 37.800000     -0.27551732
 37.900000     -0.27696084
 38.000000     -0.27820511
 38.100000     -0.27984093
 38.200000     -0.28147944
 38.300000     -0.28262674
 38.400000     -0.28363820
 38.500000     -0.28447801
 38.600000     -0.28469934
 38.700000     -0.28480889
 38.800000     -0.28499044
 38.900000     -0.28558358
 39.000000     -0.28607278
 39.100000     -0.28658710
 39.200000     -0.28736893
 39.300000     -0.28840083
 39.400000     -0.28885439
 39.500000     -0.28873473
 39.600000     -0.28816414
 39.700000     -0.28739532
 39.800000     -0.28646133
 39.900000     -0.28533680
