  0.000000     -0.00528224
  0.100000     -0.00516636
  0.200000     -0.00503589
  0.300000     -0.00486751
  0.400000     -0.00465134
  0.500000     -0.00448766
  0.600000     -0.00434806
  0.700000     -0.00421127
  0.800000     -0.00413469
  0.900000     -0.00412242
  1.000000     -0.00413909
  1.100000     -0.00416632
  1.200000     -0.00439713
  1.300000     -0.00472579
  1.400000     -0.00500268
  1.500000     -0.00522666
  1.600000     -0.00543277
  1.700000     -0.00563089
  1.800000     -0.00601463
  1.900000     -0.00653230
  2.000000     -0.00711969
  2.100000     -0.00766721
  2.200000     -0.00807607
  2.300000     -0.00852578
  2.400000     -0.00888189
  2.500000     -0.00906952
  2.600000     -0.00910614
  2.700000     -0.00900750
  2.800000     -0.00874531
  2.900000     -0.00838821
  3.000000     -0.00811375
  3.100000     -0.00785680
  3.200000     -0.00764676
  3.300000     -0.00746478
  3.400000     -0.00716522
  3.500000     -0.00678930
  3.600000     -0.00636143
  3.700000     -0.00593673
  3.800000     -0.00560582
  3.900000     -0.00546994
  4.000000     -0.00528352
  4.100000     -0.00499567
  4.200000     -0.00455708
  4.300000     -0.00383885
  4.400000     -0.00292929
  4.500000     -0.00202642
  4.600000     -0.00124381
  4.700000     -0.00053537
  4.800000      0.00029157
  4.900000      0.00115559
  5.000000      0.00200709
  5.100000      0.00287196
  5.200000      0.00377724
  5.300000      0.00479185
  5.400000      0.00599999
  5.500000      0.00741747
  5.600000      0.00906110
  5.700000      0.01059960
  5.800000      0.01206559
  5.900000      0.01372009
  6.000000      0.01568252
  6.100000      0.01788489
  6.200000      0.02041114
  6.300000      0.02327568
  6.400000      0.02632589
  6.500000      0.02952715
  6.600000      0.03303940
  6.700000      0.03674279
  6.800000      0.04076518
  6.900000      0.04502956
  7.000000      0.04955730
  7.100000      0.05417316
  7.200000      0.05878590
  7.300000      0.06317357
  7.400000      0.06737785
  7.500000      0.07183508
  7.600000      0.07676108
  7.700000      0.08167079
  7.800000      0.08674544
  7.900000      0.09196486
  8.000000      0.09713715
  8.100000      0.10228386
  8.200000      0.10713872
  8.300000      0.11187231
  8.400000      0.11608343
  8.500000      0.11969082
  8.600000      0.12295667
  8.700000      0.12610583
  8.800000      0.12872799
  8.900000      0.13097451
  9.000000      0.13282665
  9.100000      0.13408838
  9.200000      0.13524058
  9.300000      0.13617943
  9.400000      0.13690774
  9.500000      0.13726277
  9.600000      0.13706855
  9.700000      0.13653935
  9.800000      0.13557741
  9.900000      0.13423374
 10.000000      0.13264742
 10.100000      0.13083728
 10.200000      0.12874775
 10.300000      0.12640880
 10.400000      0.12359307
 10.500000      0.12057468
 10.600000      0.11727940
 10.700000      0.11390014
 10.800000      0.11067726
 10.900000      0.10737819
 11.000000      0.10409005
 11.100000      0.10050504
 11.200000      0.09682950
 11.300000      0.09314632
 11.400000      0.08975549
 11.500000      0.08736253
 11.600000      0.08575571
 11.700000      0.08499448
 11.800000      0.08549741
 11.900000      0.08743714
 12.000000      0.09125440
 12.100000      0.09710506
 12.200000      0.10523576
 12.300000      0.11610516
 12.400000      0.13023667
 12.500000      0.14813930
 12.600000      0.16947888
 12.700000      0.19376088
 12.800000      0.22089142
 12.900000      0.25063783
 13.000000      0.28321252
 13.100000      0.31843715
 13.200000      0.35575069
 13.300000      0.39472355
 13.400000      0.43480301
 13.500000      0.47534621
 13.600000      0.51619851
 13.700000      0.55698139
 13.800000      0.59755704
 13.900000      0.63755066
 14.000000      0.67654154
 14.100000      0.71432382
 14.200000      0.75049638
 14.300000      0.78479569
 14.400000      0.81755611
 14.500000      0.84843712
 14.600000      0.87718195
 14.700000      0.90368407
 14.800000      0.92790409
 14.900000      0.94956459
 15.000000      0.96801687
 15.100000      0.98275643
 15.200000      0.99327734
 15.300000      0.99914910
 15.400000      1.00000000
 15.500000      0.99505271
 15.600000      0.98444409
 15.700000      0.96801225
 15.800000      0.94558443
 15.900000      0.91730286
 16.000000      0.88280285
 16.100000      0.84178456
 16.200000      0.79421348
 16.300000      0.74014667
 16.400000      0.68039733
 16.500000      0.61583967
 16.600000      0.54749240
 16.700000      0.47604211
 16.800000      0.40280145
 16.900000      0.32893998
 17.000000      0.25503476
 17.100000      0.18201408
 17.200000      0.11046539
 17.300000      0.04112274
 17.400000     -0.02517637
 17.500000     -0.08858528
 17.600000     -0.14913822
 17.700000     -0.20632841
 17.800000     -0.25976109
 17.900000     -0.30959186
 18.000000     -0.35568341
 18.100000     -0.39819251
 18.200000     -0.43739008
 18.300000     -0.47314998
 18.400000     -0.50555475
 18.500000     -0.53461319
 18.600000     -0.56022445
 18.700000     -0.58274863
 18.800000     -0.60224986
 18.900000     -0.61920214
 19.000000     -0.63406835
 19.100000     -0.64677930
 19.200000     -0.65719380
 19.300000     -0.66589440
 19.400000     -0.67299936
 19.500000     -0.67804043
 19.600000     -0.68113125
 19.700000     -0.68241694
 19.800000     -0.68189685
 19.900000     -0.67982087
 20.000000     -0.67649411
 20.100000     -0.67188604
 20.200000     -0.66627883
 20.300000     -0.65982198
 20.400000     -0.65218612
 20.500000     -0.64377303
 20.600000     -0.63473957
 20.700000     -0.62491154
 20.800000     -0.61445480
 20.900000     -0.60345967
 21.000000     -0.59181340
 21.100000     -0.57960373
 21.200000     -0.56716382
 21.300000     -0.55463104
 21.400000     -0.54202204
 21.500000     -0.52909993
 21.600000     -0.51598674
 21.700000     -0.50287326
 21.800000     -0.48984670
 21.900000     -0.47716450
 22.000000     -0.46461104
 22.100000     -0.45223204
 22.200000     -0.43981814
 22.300000     -0.42754411
 22.400000     -0.41591078
 22.500000     -0.40487617
 22.600000     -0.39446155
 22.700000     -0.38433473
 22.800000     -0.37428226
 22.900000     -0.36445298
 23.000000     -0.35508133
 23.100000     -0.34604283
 23.200000     -0.33743076
 23.300000     -0.32918381
 23.400000     -0.32103717
 23.500000     -0.31330267
 23.600000     -0.30585732
 23.700000     -0.29862562
 23.800000     -0.29168615
 23.900000     -0.28481752
 24.000000     -0.27806206
 24.100000     -0.27168907
 24.200000     -0.26563547
 24.300000     -0.25987328
 24.400000     -0.25446398
 24.500000     -0.24911086
 24.600000     -0.24374578
 24.700000     -0.23858667
 24.800000     -0.23360005
 24.900000     -0.22887225
 25.000000     -0.22432271
 25.100000     -0.21997721
 25.200000     -0.21585052
 25.300000     -0.21171192
 25.400000     -0.20769708
 25.500000     -0.20371845
 25.600000     -0.19987410
 25.700000     -0.19654446
 25.800000     -0.19369718
 25.900000     -0.19105436
 26.000000     -0.18870838
 26.100000     -0.18636643
 26.200000     -0.18419425
 26.300000     -0.18223232
 26.400000     -0.18019522
 26.500000     -0.17803597
 26.600000     -0.17568980
 26.700000     -0.17332947
 26.800000     -0.17065956
 26.900000     -0.16776686
 27.000000     -0.16478276
 27.100000     -0.16161634
 27.200000     -0.15846279
 27.300000     -0.15542881
 27.400000     -0.15222477
 27.500000     -0.14884178
 27.600000     -0.14543268
 27.700000     -0.14222781
 27.800000     -0.13910090
 27.900000     -0.13612682
 28.000000     -0.13333117
 28.100000     -0.13070054
 28.200000     -0.12822445
 28.300000     -0.12569430
 28.400000     -0.12302845
 28.500000     -0.12032107
 28.600000     -0.11752208
 28.700000     -0.11476381
 28.800000     -0.11210085
 28.900000     -0.10946036
 29.000000     -0.10677756
 29.100000     -0.10418808
 29.200000     -0.10203591
 29.300000     -0.10008208
 29.400000     -0.09792156
 29.500000     -0.09569872
 29.600000     -0.09348065
 29.700000     -0.09115686
 29.800000     -0.08855961
 29.900000     -0.08595099
 30.000000     -0.08337085
 30.100000     -0.08067338
 30.200000     -0.07778265
 30.300000     -0.07499812
 30.400000     -0.07236367
 30.500000     -0.06989476
 30.600000     -0.06760116
 30.700000     -0.06535643
 30.800000     -0.06304008
 30.900000     -0.06065531
 31.000000     -0.05838344
 31.100000     -0.05618620
 31.200000     -0.05390796
 31.300000     -0.05167091
 31.400000     -0.04951781
 31.500000     -0.04729570
 31.600000     -0.04490632
 31.700000     -0.04241510
 31.800000     -0.04001679
 31.900000     -0.03752461
 32.000000     -0.03506602
 32.100000     -0.03268933
 32.200000     -0.03034594
 32.300000     -0.02814387
 32.400000     -0.02593200
 32.500000     -0.02361823
 32.600000     -0.02127902
 32.700000     -0.01897744
 32.800000     -0.01672907
 32.900000     -0.01468147
 33.000000     -0.01282760
 33.100000     -0.01108065
 33.200000     -0.00944222
 33.300000     -0.00775901
 33.400000     -0.00592771
 33.500000     -0.00396644
 33.600000     -0.00185376
 33.700000      0.00025197
 33.800000      0.00210647
 33.900000      0.00366763
 34.000000      0.00511314
 34.100000      0.00633311
 34.200000      0.00737548
 34.300000      0.00826900
 34.400000      0.00904774
 34.500000      0.00975661
 34.600000      0.01040666
 34.700000      0.01101764
 34.800000      0.01156727
 34.900000      0.01215916
 35.000000      0.01289248
 35.100000      0.01367278
 35.200000      0.01449272
 35.300000      0.01531788
 35.400000      0.01604511
 35.500000      0.01661041
 35.600000      0.01713715
 35.700000      0.01771946
 35.800000      0.01841419
 35.900000      0.01913772
 36.000000      0.01984875
 36.100000      0.02073087
 36.200000      0.02170377
 36.300000      0.02265887
 36.400000      0.02366494
 36.500000      0.02472761
 36.600000      0.02578604
 36.700000      0.02683514
 36.800000      0.02782388
 36.900000      0.02873743
 37.000000      0.02956524
 37.100000      0.03033523
 37.200000      0.03109987
 37.300000      0.03192872
 37.400000      0.03265276
 37.500000      0.03326059
 37.600000      0.03373156
 37.700000      0.03415293
 37.800000      0.03453674
 37.900000      0.03479709
 38.000000      0.03494628
 38.100000      0.03495707
 38.200000      0.03481222
 38.300000      0.03439874
 38.400000      0.03408841
 38.500000      0.03387051
 38.600000      0.03375372
 38.700000      0.03372211
 38.800000      0.03378715
 38.900000      0.03389293
 39.000000      0.03402007
 39.100000      0.03416952
 39.200000      0.03436888
 39.300000      0.03458009
 39.400000      0.03487595
 39.500000      0.03523990
 39.600000      0.03564189
 39.700000      0.03611785
 39.800000      0.03664555
 39.900000      0.03726503
