  0.000000     -0.01486638
  0.100000     -0.01737677
  0.200000     -0.01956526
  0.300000     -0.02147896
  0.400000     -0.02301660
  0.500000     -0.02352901
  0.600000     -0.02356551
  0.700000     -0.02382132
  0.800000     -0.02377815
  0.900000     -0.02341853
  1.000000     -0.02257752
  1.100000     -0.02147637
  1.200000     -0.01934746
  1.300000     -0.01714784
  1.400000     -0.01492894
  1.500000     -0.01283136
  1.600000     -0.01089351
  1.700000     -0.00954422
  1.800000     -0.00879724
  1.900000     -0.00758508
  2.000000     -0.00593211
  2.100000     -0.00440764
  2.200000     -0.00326980
  2.300000     -0.00323720
  2.400000     -0.00403411
  2.500000     -0.00519050
  2.600000     -0.00739782
  2.700000     -0.01149397
  2.800000     -0.01645096
  2.900000     -0.02100361
  3.000000     -0.02436222
  3.100000     -0.02638664
  3.200000     -0.02731144
  3.300000     -0.02701883
  3.400000     -0.02615425
  3.500000     -0.02558268
  3.600000     -0.02568985
  3.700000     -0.02501493
  3.800000     -0.02482816
  3.900000     -0.02506416
  4.000000     -0.02481903
  4.100000     -0.02336197
  4.200000     -0.02156832
  4.300000     -0.02037335
  4.400000     -0.01969963
  4.500000     -0.01968731
  4.600000     -0.01840993
  4.700000     -0.01641546
  4.800000     -0.01453417
  4.900000     -0.01360697
  5.000000     -0.01287112
  5.100000     -0.01191176
  5.200000     -0.01192342
  5.300000     -0.01230770
  5.400000     -0.01316563
  5.500000     -0.01309084
  5.600000     -0.01351846
  5.700000     -0.01472489
  5.800000     -0.01713312
  5.900000     -0.02033253
  6.000000     -0.02315541
  6.100000     -0.02554905
  6.200000     -0.02705683
  6.300000     -0.02942993
  6.400000     -0.03271674
  6.500000     -0.03570899
  6.600000     -0.03874580
  6.700000     -0.04039779
  6.800000     -0.04045208
  6.900000     -0.03898000
  7.000000     -0.03723617
  7.100000     -0.03400421
  7.200000     -0.03093660
  7.300000     -0.02996506
  7.400000     -0.03150653
  7.500000     -0.03429678
  7.600000     -0.03747363
  7.700000     -0.04196798
  7.800000     -0.04672276
  7.900000     -0.05241568
  8.000000     -0.05844214
  8.100000     -0.06499246
  8.200000     -0.07168092
  8.300000     -0.07727925
  8.400000     -0.08206121
  8.500000     -0.08478164
  8.600000     -0.08726474
  8.700000     -0.08914949
  8.800000     -0.08984770
  8.900000     -0.08789174
  9.000000     -0.08175857
  9.100000     -0.07350747
  9.200000     -0.06822364
  9.300000     -0.06806055
  9.400000     -0.06828002
  9.500000     -0.06483343
  9.600000     -0.05240864
  9.700000     -0.03336590
  9.800000     -0.00763847
  9.900000      0.02487179
 10.000000      0.06501313
 10.100000      0.11446128
 10.200000      0.17535722
 10.300000      0.25016841
 10.400000      0.33119325
 10.500000      0.41413766
 10.600000      0.49902748
 10.700000      0.58651885
 10.800000      0.67498445
 10.900000      0.75949252
 11.000000      0.83484407
 11.100000      0.89942060
 11.200000      0.94904215
 11.300000      0.98269526
 11.400000      0.99962428
 11.500000      1.00000000
 11.600000      0.98463471
 11.700000      0.95656926
 11.800000      0.91996370
 11.900000      0.87450820
 12.000000      0.81924269
 12.100000      0.75297466
 12.200000      0.67778487
 12.300000      0.59536666
 12.400000      0.50550964
 12.500000      0.40736915
 12.600000      0.30091239
 12.700000      0.18742214
 12.800000      0.07329999
 12.900000     -0.03430821
 13.000000     -0.12849839
 13.100000     -0.20682935
 13.200000     -0.26758927
 13.300000     -0.31131728
 13.400000     -0.34173096
 13.500000     -0.36931072
 13.600000     -0.39489277
 13.700000     -0.41512317
 13.800000     -0.42764842
 13.900000     -0.43353379
 14.000000     -0.43598816
 14.100000     -0.43720252
 14.200000     -0.43530342
 14.300000     -0.42794931
 14.400000     -0.41527237
 14.500000     -0.39623438
 14.600000     -0.37387729
 14.700000     -0.35137611
 14.800000     -0.33047648
 14.900000     -0.31258397
 15.000000     -0.29560702
 15.100000     -0.28086358
 15.200000     -0.26769795
 15.300000     -0.25332406
 15.400000     -0.23904406
 15.500000     -0.22465567
 15.600000     -0.20882367
 15.700000     -0.19217809
 15.800000     -0.17234191
 15.900000     -0.15062454
 16.000000     -0.13022103
 16.100000     -0.11538178
 16.200000     -0.10434927
 16.300000     -0.09481488
 16.400000     -0.08502000
 16.500000     -0.07599918
 16.600000     -0.06740489
 16.700000     -0.06039096
 16.800000     -0.05531690
 16.900000     -0.05267183
 17.000000     -0.05117494
 17.100000     -0.04945788
 17.200000     -0.04778252
 17.300000     -0.04562354
 17.400000     -0.04331311
 17.500000     -0.04196415
 17.600000     -0.04097799
 17.700000     -0.04042104
 17.800000     -0.04053486
 17.900000     -0.04171683
 18.000000     -0.04531124
 18.100000     -0.04955066
 18.200000     -0.05285087
 18.300000     -0.05393860
 18.400000     -0.05425352
 18.500000     -0.05366420
 18.600000     -0.05135165
 18.700000     -0.04649455
 18.800000     -0.03932817
 18.900000     -0.03249179
 19.000000     -0.02813489
 19.100000     -0.02664728
 19.200000     -0.02643841
 19.300000     -0.02605454
 19.400000     -0.02490131
 19.500000     -0.02404633
 19.600000     -0.02482682
 19.700000     -0.02794500
 19.800000     -0.03260741
 19.900000     -0.03685733
 20.000000     -0.03922287
 20.100000     -0.03960990
 20.200000     -0.04027108
 20.300000     -0.04281314
 20.400000     -0.04681098
 20.500000     -0.04955668
 20.600000     -0.04951361
 20.700000     -0.04573966
 20.800000     -0.03829181
 20.900000     -0.03030297
 21.000000     -0.02362147
 21.100000     -0.01991488
 21.200000     -0.01992291
 21.300000     -0.02173203
 21.400000     -0.02439044
 21.500000     -0.02790287
 21.600000     -0.03129425
 21.700000     -0.03402260
 21.800000     -0.03556491
 21.900000     -0.03590860
 22.000000     -0.03535256
 22.100000     -0.03344055
 22.200000     -0.02939561
 22.300000     -0.02504547
 22.400000     -0.02097171
 22.500000     -0.01832827
 22.600000     -0.01668854
 22.700000     -0.01630889
 22.800000     -0.01739348
 22.900000     -0.01940219
 23.000000     -0.02338079
 23.100000     -0.02914322
 23.200000     -0.03687731
 23.300000     -0.04355340
 23.400000     -0.04837962
 23.500000     -0.04914786
 23.600000     -0.04608545
 23.700000     -0.04166104
 23.800000     -0.03899853
 23.900000     -0.03842504
 24.000000     -0.03873816
 24.100000     -0.03929341
 24.200000     -0.03997468
 24.300000     -0.04059465
 24.400000     -0.04122379
 24.500000     -0.04292718
 24.600000     -0.04512082
 24.700000     -0.04665187
 24.800000     -0.04560530
 24.900000     -0.04282754
 25.000000     -0.04002631
 25.100000     -0.03954021
 25.200000     -0.04048330
 25.300000     -0.04284189
 25.400000     -0.04489476
 25.500000     -0.04539333
 25.600000     -0.04064660
 25.700000     -0.03259864
 25.800000     -0.02201990
 25.900000     -0.01238776
 26.000000     -0.00453174
 26.100000      0.00136789
 26.200000      0.00452100
 26.300000      0.00618357
 26.400000      0.00554382
 26.500000      0.00247317
 26.600000     -0.00337964
 26.700000     -0.00919081
 26.800000     -0.01388660
 26.900000     -0.01539545
 27.000000     -0.01382148
 27.100000     -0.00859167
 27.200000     -0.00142974
 27.300000      0.00758921
 27.400000      0.01587764
 27.500000      0.02419143
 27.600000      0.03292958
 27.700000      0.04034315
 27.800000      0.04645840
 27.900000      0.05059368
 28.000000      0.05349159
 28.100000      0.05396661
 28.200000      0.05406246
 28.300000      0.05472671
 28.400000      0.05648023
 28.500000      0.05878184
 28.600000      0.06141780
 28.700000      0.06481067
 28.800000      0.06732425
 28.900000      0.06887823
 29.000000      0.06887986
 29.100000      0.06802058
 29.200000      0.06479679
 29.300000      0.05893686
 29.400000      0.05147599
 29.500000      0.04334301
 29.600000      0.03579459
 29.700000      0.02898802
 29.800000      0.02348346
 29.900000      0.01931317
 30.000000      0.01649074
 30.100000      0.01539825
 30.200000      0.01452539
 30.300000      0.01448783
 30.400000      0.01517996
 30.500000      0.01656951
 30.600000      0.01707934
 30.700000      0.01742483
 30.800000      0.01696576
 30.900000      0.01546491
 31.000000      0.01270915
 31.100000      0.01016053
 31.200000      0.00863165
 31.300000      0.00900380
 31.400000      0.01021267
 31.500000      0.01052707
 31.600000      0.00994330
 31.700000      0.00999809
 31.800000      0.01070128
 31.900000      0.01210592
 32.000000      0.01429825
 32.100000      0.01520256
 32.200000      0.01491082
 32.300000      0.01439801
 32.400000      0.01428499
 32.500000      0.01450127
 32.600000      0.01465403
 32.700000      0.01408410
 32.800000      0.01326508
 32.900000      0.01161559
 33.000000      0.00898774
 33.100000      0.00641679
 33.200000      0.00475495
 33.300000      0.00405406
 33.400000      0.00356121
 33.500000      0.00288191
 33.600000      0.00170513
 33.700000      0.00020188
 33.800000     -0.00112041
 33.900000     -0.00156974
 34.000000     -0.00153522
 34.100000     -0.00141694
 34.200000     -0.00138206
 34.300000     -0.00011597
 34.400000      0.00238214
 34.500000      0.00610791
 34.600000      0.00994261
 34.700000      0.01405846
 34.800000      0.01837480
 34.900000      0.02312278
 35.000000      0.02883840
 35.100000      0.03328663
 35.200000      0.03644297
 35.300000      0.03818128
 35.400000      0.04017753
 35.500000      0.04201041
 35.600000      0.04259189
 35.700000      0.04270603
 35.800000      0.04340851
 35.900000      0.04397933
 36.000000      0.04448780
 36.100000      0.04545859
 36.200000      0.04748593
 36.300000      0.05040439
 36.400000      0.05390726
 36.500000      0.05783661
 36.600000      0.06168463
 36.700000      0.06507670
 36.800000      0.06788317
 36.900000      0.07091184
 37.000000      0.07327410
 37.100000      0.07408371
 37.200000      0.07329165
 37.300000      0.07144053
 37.400000      0.06876739
 37.500000      0.06539379
 37.600000      0.06206154
 37.700000      0.05798314
 37.800000      0.05268218
 37.900000      0.04702037
 38.000000      0.04287645
 38.100000      0.04037493
 38.200000      0.03826347
 38.300000      0.03651208
 38.400000      0.03492921
 38.500000      0.03343496
 38.600000      0.03206975
 38.700000      0.03126214
 38.800000      0.03101517
 38.900000      0.03133536
 39.000000      0.03215258
 39.100000      0.03235669
 39.200000      0.03188214
 39.300000      0.03120647
 39.400000      0.03099719
 39.500000      0.03191003
 39.600000      0.03369110
 39.700000      0.03550040
 39.800000      0.03713134
 39.900000      0.03817238
