  0.000000      0.05522267
  0.100000      0.05517083
  0.200000      0.05483675
  0.300000      0.05426714
  0.400000      0.05333833
  0.500000      0.05215221
  0.600000      0.05099627
  0.700000      0.04933640
  0.800000      0.04702074
  0.900000      0.04461504
  1.000000      0.04227761
  1.100000      0.03985868
  1.200000      0.03731274
  1.300000      0.03517835
  1.400000      0.03273536
  1.500000      0.02984012
  1.600000      0.02705193
  1.700000      0.02440524
  1.800000      0.02210230
  1.900000      0.02015799
  2.000000      0.01845579
  2.100000      0.01660957
  2.200000      0.01440943
  2.300000      0.01236665
  2.400000      0.01034752
  2.500000      0.00875226
  2.600000      0.00704376
  2.700000      0.00484507
  2.800000      0.00305262
  2.900000      0.00146043
  3.000000     -0.00026957
  3.100000     -0.00214739
  3.200000     -0.00351726
  3.300000     -0.00502110
  3.400000     -0.00661167
  3.500000     -0.00848949
  3.600000     -0.01085402
  3.700000     -0.01267919
  3.800000     -0.01413818
  3.900000     -0.01560025
  4.000000     -0.01639665
  4.100000     -0.01705536
  4.200000     -0.01836305
  4.300000     -0.01961624
  4.400000     -0.02025395
  4.500000     -0.02155921
  4.600000     -0.02324572
  4.700000     -0.02459936
  4.800000     -0.02649216
  4.900000     -0.02925834
  5.000000     -0.03115707
  5.100000     -0.03311463
  5.200000     -0.03535593
  5.300000     -0.03751415
  5.400000     -0.03943396
  5.500000     -0.04141961
  5.600000     -0.04280560
  5.700000     -0.04287169
  5.800000     -0.04372997
  5.900000     -0.04425260
  6.000000     -0.04403806
  6.100000     -0.04345293
  6.200000     -0.04346470
  6.300000     -0.04297995
  6.400000     -0.04340890
  6.500000     -0.04369593
  6.600000     -0.04291476
  6.700000     -0.04222316
  6.800000     -0.04154570
  6.900000     -0.03982748
  7.000000     -0.03896790
  7.100000     -0.03808012
  7.200000     -0.03753067
  7.300000     -0.03743923
  7.400000     -0.03805434
  7.500000     -0.03888251
  7.600000     -0.04155516
  7.700000     -0.04334549
  7.800000     -0.04628429
  7.900000     -0.04845846
  8.000000     -0.05122694
  8.100000     -0.05431379
  8.200000     -0.05752975
  8.300000     -0.06042093
  8.400000     -0.06414038
  8.500000     -0.06774220
  8.600000     -0.07132500
  8.700000     -0.07498306
  8.800000     -0.07846332
  8.900000     -0.08220510
  9.000000     -0.08776317
  9.100000     -0.09367892
  9.200000     -0.10047444
  9.300000     -0.10723403
  9.400000     -0.11549981
  9.500000     -0.12518557
  9.600000     -0.13577168
  9.700000     -0.14709505
  9.800000     -0.15794762
  9.900000     -0.16887315
 10.000000     -0.17942432
 10.100000     -0.19045592
 10.200000     -0.20228868
 10.300000     -0.21409332
 10.400000     -0.22631482
 10.500000     -0.23957587
 10.600000     -0.25238273
 10.700000     -0.26445763
 10.800000     -0.27854445
 10.900000     -0.29288361
 11.000000     -0.30627914
 11.100000     -0.31884974
 11.200000     -0.33078357
 11.300000     -0.34151501
 11.400000     -0.35404569
 11.500000     -0.36524306
 11.600000     -0.37616633
 11.700000     -0.38516139
 11.800000     -0.39306515
 11.900000     -0.39880599
 12.000000     -0.40286365
 12.100000     -0.40376002
 12.200000     -0.40223728
 12.300000     -0.39854274
 12.400000     -0.39357466
 12.500000     -0.38513120
 12.600000     -0.37404172
 12.700000     -0.36080507
 12.800000     -0.34708436
 12.900000     -0.33154332
 13.000000     -0.31400984
 13.100000     -0.29444873
 13.200000     -0.27137930
 13.300000     -0.24449447
 13.400000     -0.21465748
 13.500000     -0.18035682
 13.600000     -0.14067297
 13.700000     -0.09767970
 13.800000     -0.05011826
 13.900000     -0.00026918
 14.000000      0.05117308
 14.100000      0.10360230
 14.200000      0.15796253
 14.300000      0.21443026
 14.400000      0.27353541
 14.500000      0.33630799
 14.600000      0.40201291
 14.700000      0.46761159
 14.800000      0.53406915
 14.900000      0.59940738
 15.000000      0.66030835
 15.100000      0.71750684
 15.200000      0.76862397
 15.300000      0.81730414
 15.400000      0.86110588
 15.500000      0.89766090
 15.600000      0.92692360
 15.700000      0.95304724
 15.800000      0.97233407
 15.900000      0.98787180
 16.000000      0.99768593
 16.100000      1.00000000
 16.200000      0.99649091
 16.300000      0.98895288
 16.400000      0.97568693
 16.500000      0.95583573
 16.600000      0.92848568
 16.700000      0.89434301
 16.800000      0.85470145
 16.900000      0.80872882
 17.000000      0.75667960
 17.100000      0.69694374
 17.200000      0.63086233
 17.300000      0.55975456
 17.400000      0.48533482
 17.500000      0.40778731
 17.600000      0.32757686
 17.700000      0.24641649
 17.800000      0.16673141
 17.900000      0.08855036
 18.000000      0.01179803
 18.100000     -0.06377023
 18.200000     -0.13451827
 18.300000     -0.20225440
 18.400000     -0.26461821
 18.500000     -0.32154391
 18.600000     -0.37177144
 18.700000     -0.41737188
 18.800000     -0.45706568
 18.900000     -0.49213694
 19.000000     -0.52303412
 19.100000     -0.54905945
 19.200000     -0.57023627
 19.300000     -0.58539454
 19.400000     -0.59594867
 19.500000     -0.59903529
 19.600000     -0.59633347
 19.700000     -0.58818856
 19.800000     -0.57757402
 19.900000     -0.56538889
 20.000000     -0.55178042
 20.100000     -0.53595340
 20.200000     -0.51740655
 20.300000     -0.49741928
 20.400000     -0.47436556
 20.500000     -0.45078795
 20.600000     -0.42727548
 20.700000     -0.40122477
 20.800000     -0.37447924
 20.900000     -0.34804771
 21.000000     -0.32141180
 21.100000     -0.29371082
 21.200000     -0.26767063
 21.300000     -0.24145629
 21.400000     -0.21719044
 21.500000     -0.19530953
 21.600000     -0.17613882
 21.700000     -0.15918768
 21.800000     -0.14577636
 21.900000     -0.13629814
 22.000000     -0.12955994
 22.100000     -0.12545124
 22.200000     -0.12300046
 22.300000     -0.12110996
 22.400000     -0.11925057
 22.500000     -0.11814723
 22.600000     -0.11572542
 22.700000     -0.11376911
 22.800000     -0.11183203
 22.900000     -0.10839337
 23.000000     -0.10395012
 23.100000     -0.10101408
 23.200000     -0.10042760
 23.300000     -0.10143341
 23.400000     -0.10223010
 23.500000     -0.10312463
 23.600000     -0.10366080
 23.700000     -0.10437239
 23.800000     -0.10216495
 23.900000     -0.09856853
 24.000000     -0.09293990
 24.100000     -0.08615494
 24.200000     -0.07934445
 24.300000     -0.07060961
 24.400000     -0.06126258
 24.500000     -0.05158811
 24.600000     -0.04339115
 24.700000     -0.03543764
 24.800000     -0.02909366
 24.900000     -0.02293546
 25.000000     -0.01675044
 25.100000     -0.01134637
 25.200000     -0.00590973
 25.300000     -0.00225871
 25.400000      0.00082090
 25.500000      0.00413060
 25.600000      0.00622722
 25.700000      0.00703192
 25.800000      0.00764450
 25.900000      0.00806268
 26.000000      0.00850407
 26.100000      0.00949191
 26.200000      0.00995640
 26.300000      0.00951621
 26.400000      0.00781877
 26.500000      0.00493464
 26.600000      0.00221613
 26.700000      0.00119784
 26.800000      0.00181107
 26.900000      0.00239005
 27.000000      0.00326923
 27.100000      0.00463631
 27.200000      0.00546926
 27.300000      0.00516632
 27.400000      0.00498292
 27.500000      0.00435690
 27.600000      0.00378426
 27.700000      0.00263238
 27.800000      0.00054819
 27.900000     -0.00245095
 28.000000     -0.00561393
 28.100000     -0.00850731
 28.200000     -0.01180404
 28.300000     -0.01452022
 28.400000     -0.01574025
 28.500000     -0.01612465
 28.600000     -0.01592827
 28.700000     -0.01506827
 28.800000     -0.01404570
 28.900000     -0.01305550
 29.000000     -0.01255259
 29.100000     -0.01223532
 29.200000     -0.01197750
 29.300000     -0.01240404
 29.400000     -0.01228874
 29.500000     -0.01207857
 29.600000     -0.01004213
 29.700000     -0.00604164
 29.800000     -0.00146672
 29.900000      0.00427776
 30.000000      0.00943834
 30.100000      0.01423741
 30.200000      0.01901458
 30.300000      0.02262792
 30.400000      0.02471540
 30.500000      0.02683970
 30.600000      0.02829527
 30.700000      0.03007538
 30.800000      0.03053565
 30.900000      0.03036334
 31.000000      0.02924385
 31.100000      0.02781067
 31.200000      0.02635499
 31.300000      0.02564223
 31.400000      0.02496395
 31.500000      0.02506600
 31.600000      0.02574551
 31.700000      0.02719622
 31.800000      0.02809204
 31.900000      0.02908833
 32.000000      0.03012294
 32.100000      0.03056877
 32.200000      0.03093067
 32.300000      0.03239986
 32.400000      0.03315033
 32.500000      0.03508258
 32.600000      0.03706913
 32.700000      0.04035226
 32.800000      0.04374298
 32.900000      0.04811580
 33.000000      0.05236072
 33.100000      0.05601841
 33.200000      0.05968639
 33.300000      0.06302087
 33.400000      0.06627644
 33.500000      0.06995853
 33.600000      0.07373159
 33.700000      0.07674551
 33.800000      0.07910975
 33.900000      0.08121899
 34.000000      0.08217681
 34.100000      0.08262178
 34.200000      0.08206202
 34.300000      0.08047534
 34.400000      0.07866161
 34.500000      0.07639569
 34.600000      0.07393203
 34.700000      0.07141865
 34.800000      0.06854707
 34.900000      0.06608129
 35.000000      0.06426546
 35.100000      0.06257077
 35.200000      0.06102584
 35.300000      0.05964908
 35.400000      0.05839418
 35.500000      0.05752433
 35.600000      0.05683073
 35.700000      0.05599118
 35.800000      0.05529276
 35.900000      0.05453593
 36.000000      0.05402852
 36.100000      0.05350772
 36.200000      0.05321577
 36.300000      0.05337303
 36.400000      0.05293517
 36.500000      0.05174441
 36.600000      0.05064773
 36.700000      0.04953941
 36.800000      0.04836344
 36.900000      0.04721629
 37.000000      0.04576253
 37.100000      0.04387457
 37.200000      0.04201690
 37.300000      0.04045225
 37.400000      0.03915909
 37.500000      0.03831209
 37.600000      0.03797585
 37.700000      0.03824103
 37.800000      0.03870937
 37.900000      0.03942336
 38.000000      0.04031251
 38.100000      0.04135266
 38.200000      0.04286824
 38.300000      0.04296023
 38.400000      0.04197367
 38.500000      0.04077377
 38.600000      0.03960600
 38.700000      0.03897351
 38.800000      0.03838864
 38.900000      0.03770456
 39.000000      0.03686439
 39.100000      0.03603212
 39.200000      0.03574304
 39.300000      0.03623347
 39.400000      0.03715347
 39.500000      0.03795611
 39.600000      0.03880139
 39.700000      0.04028105
 39.800000      0.04154033
 39.900000      0.04270324
