  0.000000     -0.05114089
  0.100000     -0.05116075
  0.200000     -0.05325289
  0.300000     -0.06149368
  0.400000     -0.06164694
  0.500000     -0.06181772
  0.600000     -0.06200349
  0.700000     -0.06819038
  0.800000     -0.07433911
  0.900000     -0.07449231
  1.000000     -0.07463459
  1.100000     -0.07476448
  1.200000     -0.07487975
  1.300000     -0.07498056
  1.400000     -0.07487668
  1.500000     -0.07452442
  1.600000     -0.07495882
  1.700000     -0.08716676
  1.800000     -0.08678137
  1.900000     -0.08638465
  2.000000     -0.08597784
  2.100000     -0.08556330
  2.200000     -0.08514553
  2.300000     -0.08472742
  2.400000     -0.08430685
  2.500000     -0.08383293
  2.600000     -0.08373795
  2.700000     -0.08352627
  2.800000     -0.08329869
  2.900000     -0.08312361
  3.000000     -0.08299712
  3.100000     -0.08292851
  3.200000     -0.08340209
  3.300000     -0.09494326
  3.400000     -0.09523278
  3.500000     -0.09807581
  3.600000     -0.09998767
  3.700000     -0.10019257
  3.800000     -0.10041995
  3.900000     -0.10066353
  4.000000     -0.10092307
  4.100000     -0.10119813
  4.200000     -0.10148489
  4.300000     -0.10178218
  4.400000     -0.10208682
  4.500000     -0.10239812
  4.600000     -0.10271297
  4.700000     -0.11180184
  4.800000     -0.11502100
  4.900000     -0.11530324
  5.000000     -0.11557260
  5.100000     -0.11582882
  5.200000     -0.11606973
  5.300000     -0.11629927
  5.400000     -0.11651493
  5.500000     -0.11672141
  5.600000     -0.11691884
  5.700000     -0.11711460
  5.800000     -0.11731358
  5.900000     -0.11752041
  6.000000     -0.11773249
  6.100000     -0.11795682
  6.200000     -0.11820054
  6.300000     -0.11846720
  6.400000     -0.11875649
  6.500000     -0.11907590
  6.600000     -0.11942714
  6.700000     -0.11981008
  6.800000     -0.12022622
  6.900000     -0.12068114
  7.000000     -0.12117678
  7.100000     -0.12180512
  7.200000     -0.12248865
  7.300000     -0.12322570
  7.400000     -0.12402517
  7.500000     -0.12490265
  7.600000     -0.12586789
  7.700000     -0.12693130
  7.800000     -0.12810115
  7.900000     -0.12938548
  8.000000     -0.13079552
  8.100000     -0.13234086
  8.200000     -0.13403282
  8.300000     -0.13587771
  8.400000     -0.13788364
  8.500000     -0.14005674
  8.600000     -0.14239244
  8.700000     -0.14489226
  8.800000     -0.14755578
  8.900000     -0.15037206
  9.000000     -0.15333830
  9.100000     -0.15644374
  9.200000     -0.15967594
  9.300000     -0.16302073
  9.400000     -0.16646444
  9.500000     -0.16999641
  9.600000     -0.17359505
  9.700000     -0.17724943
  9.800000     -0.18095135
  9.900000     -0.18467623
 10.000000     -0.18840698
 10.100000     -0.19213410
 10.200000     -0.19584517
 10.300000     -0.19952074
 10.400000     -0.20314921
 10.500000     -0.20671057
 10.600000     -0.21019597
 10.700000     -0.21358447
 10.800000     -0.21686023
 10.900000     -0.22000108
 11.000000     -0.22298502
 11.100000     -0.22578831
 11.200000     -0.22837843
 11.300000     -0.23071893
 11.400000     -0.23278692
 11.500000     -0.23453429
 11.600000     -0.23592813
 11.700000     -0.23693589
 11.800000     -0.23750425
 11.900000     -0.23760610
 12.000000     -0.23720524
 12.100000     -0.23626271
 12.200000     -0.23473251
 12.300000     -0.23256385
 12.400000     -0.22973627
 12.500000     -0.22619436
 12.600000     -0.22192264
 12.700000     -0.21687714
 12.800000     -0.21100368
 12.900000     -0.20428050
 13.000000     -0.19666864
 13.100000     -0.18814320
 13.200000     -0.17863434
 13.300000     -0.16810757
 13.400000     -0.15654499
 13.500000     -0.14391266
 13.600000     -0.13018729
 13.700000     -0.11535074
 13.800000     -0.09934208
 13.900000     -0.08216876
 14.000000     -0.06380702
 14.100000     -0.04428085
 14.200000     -0.02358673
 14.300000     -0.00167540
 14.400000      0.02138352
 14.500000      0.04559465
 14.600000      0.07092675
 14.700000      0.09736478
 14.800000      0.12489260
 14.900000      0.15343448
 15.000000      0.18294795
 15.100000      0.21336166
 15.200000      0.24462055
 15.300000      0.27665790
 15.400000      0.30935852
 15.500000      0.34263120
 15.600000      0.37638724
 15.700000      0.41050614
 15.800000      0.44487435
 15.900000      0.47937059
 16.000000      0.51386130
 16.100000      0.54821089
 16.200000      0.58229455
 16.300000      0.61595704
 16.400000      0.64906865
 16.500000      0.68147152
 16.600000      0.71304225
 16.700000      0.74364895
 16.800000      0.77310884
 16.900000      0.80132194
 17.000000      0.82815496
 17.100000      0.85347026
 17.200000      0.87713336
 17.300000      0.89897125
 17.400000      0.91892450
 17.500000      0.93689272
 17.600000      0.95279396
 17.700000      0.96652212
 17.800000      0.97789972
 17.900000      0.98697818
 18.000000      0.99371574
 18.100000      0.99807259
 18.200000      1.00000000
 18.300000      0.99946772
 18.400000      0.99653424
 18.500000      0.99121129
 18.600000      0.98358574
 18.700000      0.97374525
 18.800000      0.96170595
 18.900000      0.94761004
 19.000000      0.93152192
 19.100000      0.91354174
 19.200000      0.89380279
 19.300000      0.87241748
 19.400000      0.84953481
 19.500000      0.82526839
 19.600000      0.79975720
 19.700000      0.77314423
 19.800000      0.74551776
 19.900000      0.71704460
 20.000000      0.68787893
 20.100000      0.65813907
 20.200000      0.62794886
 20.300000      0.59742333
 20.400000      0.56669357
 20.500000      0.53583637
 20.600000      0.50497591
 20.700000      0.47420081
 20.800000      0.44360179
 20.900000      0.41327874
 21.000000      0.38328903
 21.100000      0.35369416
 21.200000      0.32456718
 21.300000      0.29596893
 21.400000      0.26794552
 21.500000      0.24055314
 21.600000      0.21383805
 21.700000      0.18783642
 21.800000      0.16258658
 21.900000      0.13811771
 22.000000      0.11445427
 22.100000      0.09161696
 22.200000      0.06963075
 22.300000      0.04852738
 22.400000      0.02829668
 22.500000      0.00897534
 22.600000     -0.00945718
 22.700000     -0.02699492
 22.800000     -0.04361406
 22.900000     -0.05933436
 23.000000     -0.07414894
 23.100000     -0.08806900
 23.200000     -0.10106387
 23.300000     -0.11314654
 23.400000     -0.12436375
 23.500000     -0.13471846
 23.600000     -0.14422473
 23.700000     -0.15290071
 23.800000     -0.16072335
 23.900000     -0.16774166
 24.000000     -0.17397408
 24.100000     -0.17946394
 24.200000     -0.18423798
 24.300000     -0.18829448
 24.400000     -0.19169577
 24.500000     -0.19444813
 24.600000     -0.19661631
 24.700000     -0.19823752
 24.800000     -0.19932011
 24.900000     -0.19992426
 25.000000     -0.20009260
 25.100000     -0.19985642
 25.200000     -0.19924975
 25.300000     -0.19831011
 25.400000     -0.19708964
 25.500000     -0.19562802
 25.600000     -0.19395129
 25.700000     -0.19209931
 25.800000     -0.19009156
 25.900000     -0.18796950
 26.000000     -0.18575632
 26.100000     -0.18347898
 26.200000     -0.18115541
 26.300000     -0.17880413
 26.400000     -0.17643540
 26.500000     -0.17407300
 26.600000     -0.17172324
 26.700000     -0.16938829
 26.800000     -0.16707616
 26.900000     -0.16478168
 27.000000     -0.16251974
 27.100000     -0.16028972
 27.200000     -0.15809412
 27.300000     -0.15593227
 27.400000     -0.15380873
 27.500000     -0.15171857
 27.600000     -0.14966137
 27.700000     -0.14763570
 27.800000     -0.14564651
 27.900000     -0.14369048
 28.000000     -0.14176893
 28.100000     -0.13987916
 28.200000     -0.13801238
 28.300000     -0.13616899
 28.400000     -0.13313037
 28.500000     -0.13120265
 28.600000     -0.11142913
 28.700000     -0.10986978
 28.800000     -0.10837403
 28.900000     -0.10692968
 29.000000     -0.10552468
 29.100000     -0.10415881
 29.200000     -0.10284025
 29.300000     -0.10156406
 29.400000     -0.10032456
 29.500000     -0.09912458
 29.600000     -0.09796416
 29.700000     -0.09400088
 29.800000     -0.08682677
 29.900000     -0.08574103
 30.000000     -0.08475274
 30.100000     -0.08387204
 30.200000     -0.08310548
 30.300000     -0.08246045
 30.400000     -0.08194317
 30.500000     -0.08156914
 30.600000     -0.08132604
 30.700000     -0.08121081
 30.800000     -0.08123282
 30.900000     -0.08138708
 31.000000     -0.08166338
 31.100000     -0.08205916
 31.200000     -0.08256919
 31.300000     -0.08317246
 31.400000     -0.08385239
 31.500000     -0.08459239
 31.600000     -0.08537574
 31.700000     -0.08619247
 31.800000     -0.08702150
 31.900000     -0.08784093
 32.000000     -0.08863144
 32.100000     -0.08938302
 32.200000     -0.09007609
 32.300000     -0.09068851
 32.400000     -0.09120692
 32.500000     -0.09161360
 32.600000     -0.09190330
 32.700000     -0.09206330
 32.800000     -0.09208059
 32.900000     -0.09196007
 33.000000     -0.09170079
 33.100000     -0.09129615
 33.200000     -0.09074720
 33.300000     -0.09005302
 33.400000     -0.08922215
 33.500000     -0.08826586
 33.600000     -0.08719373
 33.700000     -0.07848718
 33.800000     -0.07226640
 33.900000     -0.07101367
 34.000000     -0.06967869
 34.100000     -0.06827317
 34.200000     -0.06680926
 34.300000     -0.06529889
 34.400000     -0.06376163
 34.500000     -0.06220999
 34.600000     -0.06066566
 34.700000     -0.05915187
 34.800000     -0.05768468
 34.900000     -0.05627907
 35.000000     -0.05495127
 35.100000     -0.05371486
 35.200000     -0.05257919
 35.300000     -0.05156114
 35.400000     -0.04763309
 35.500000     -0.04387430
 35.600000     -0.04328361
 35.700000     -0.04278232
 35.800000     -0.04237751
 35.900000     -0.04181834
 36.000000     -0.04127494
 36.100000     -0.04081789
 36.200000     -0.04043411
 36.300000     -0.04009544
 36.400000     -0.03966882
 36.500000     -0.03928934
 36.600000     -0.03895144
 36.700000     -0.03864912
 36.800000     -0.03839047
 36.900000     -0.03814666
 37.000000     -0.03790705
 37.100000     -0.03763897
 37.200000     -0.03731107
 37.300000     -0.03700291
 37.400000     -0.03668893
 37.500000     -0.03268986
 37.600000     -0.02597999
 37.700000     -0.02602305
 37.800000     -0.02606008
 37.900000     -0.02607230
 38.000000     -0.02605677
 38.100000     -0.02601131
 38.200000     -0.02576320
 38.300000     -0.02553978
 38.400000     -0.03218642
 38.500000     -0.03149597
 38.600000     -0.03081780
 38.700000     -0.03015899
 38.800000     -0.02953039
 38.900000     -0.02893223
 39.000000     -0.02837516
 39.100000     -0.02785701
 39.200000     -0.02736941
 39.300000     -0.02692768
 39.400000     -0.02653387
 39.500000     -0.02616877
 39.600000     -0.02579371
 39.700000     -0.02549341
 39.800000     -0.02534462
 39.900000     -0.02525904
