  0.000000     -0.01972543
  0.100000     -0.01969976
  0.200000     -0.01935927
  0.300000     -0.01915405
  0.400000     -0.01904354
  0.500000     -0.01878571
  0.600000     -0.01846450
  0.700000     -0.01814702
  0.800000     -0.01775479
  0.900000     -0.01721308
  1.000000     -0.01669436
  1.100000     -0.01633351
  1.200000     -0.01584240
  1.300000     -0.01521035
  1.400000     -0.01465367
  1.500000     -0.01425923
  1.600000     -0.01420525
  1.700000     -0.01429202
  1.800000     -0.01420427
  1.900000     -0.01409815
  2.000000     -0.01418037
  2.100000     -0.01449308
  2.200000     -0.01487961
  2.300000     -0.01503513
  2.400000     -0.01496194
  2.500000     -0.01513023
  2.600000     -0.01538778
  2.700000     -0.01547070
  2.800000     -0.01541314
  2.900000     -0.01579310
  3.000000     -0.01628429
  3.100000     -0.01645243
  3.200000     -0.01611990
  3.300000     -0.01587527
  3.400000     -0.01602931
  3.500000     -0.01623299
  3.600000     -0.01686026
  3.700000     -0.01730400
  3.800000     -0.01749573
  3.900000     -0.01745638
  4.000000     -0.01714021
  4.100000     -0.01694729
  4.200000     -0.01709972
  4.300000     -0.01715972
  4.400000     -0.01721422
  4.500000     -0.01727769
  4.600000     -0.01736796
  4.700000     -0.01758015
  4.800000     -0.01786214
  4.900000     -0.01821013
  5.000000     -0.01857581
  5.100000     -0.01883010
  5.200000     -0.01909254
  5.300000     -0.01946418
  5.400000     -0.01979888
  5.500000     -0.02037054
  5.600000     -0.02089295
  5.700000     -0.02154992
  5.800000     -0.02223570
  5.900000     -0.02284871
  6.000000     -0.02353317
  6.100000     -0.02417253
  6.200000     -0.02475133
  6.300000     -0.02521288
  6.400000     -0.02528734
  6.500000     -0.02527053
  6.600000     -0.02506767
  6.700000     -0.02483281
  6.800000     -0.02438028
  6.900000     -0.02356369
  7.000000     -0.02307556
  7.100000     -0.02258357
  7.200000     -0.02205728
  7.300000     -0.02155247
  7.400000     -0.02092334
  7.500000     -0.02010092
  7.600000     -0.01938115
  7.700000     -0.01847096
  7.800000     -0.01741779
  7.900000     -0.01651915
  8.000000     -0.01618033
  8.100000     -0.01602792
  8.200000     -0.01583336
  8.300000     -0.01546228
  8.400000     -0.01540150
  8.500000     -0.01581737
  8.600000     -0.01611993
  8.700000     -0.01664219
  8.800000     -0.01773616
  8.900000     -0.01921743
  9.000000     -0.02062714
  9.100000     -0.02163247
  9.200000     -0.02237829
  9.300000     -0.02322353
  9.400000     -0.02434493
  9.500000     -0.02573250
  9.600000     -0.02710498
  9.700000     -0.02860191
  9.800000     -0.02992364
  9.900000     -0.03157484
 10.000000     -0.03350105
 10.100000     -0.03562043
 10.200000     -0.03758380
 10.300000     -0.03925088
 10.400000     -0.04125640
 10.500000     -0.04304979
 10.600000     -0.04501376
 10.700000     -0.04693458
 10.800000     -0.04888879
 10.900000     -0.05074989
 11.000000     -0.05254334
 11.100000     -0.05483507
 11.200000     -0.05714925
 11.300000     -0.05911659
 11.400000     -0.06145290
 11.500000     -0.06410100
 11.600000     -0.06661265
 11.700000     -0.06954537
 11.800000     -0.07316689
 11.900000     -0.07687049
 12.000000     -0.08060696
 12.100000     -0.08456834
 12.200000     -0.08863460
 12.300000     -0.09277812
 12.400000     -0.09711259
 12.500000     -0.10209280
 12.600000     -0.10686593
 12.700000     -0.11151775
 12.800000     -0.11625765
 12.900000     -0.12106124
 13.000000     -0.12635012
 13.100000     -0.13180306
 13.200000     -0.13797661
 13.300000     -0.14403922
 13.400000     -0.15005376
 13.500000     -0.15677201
 13.600000     -0.16437691
 13.700000     -0.17178627
 13.800000     -0.17958594
 13.900000     -0.18794974
 14.000000     -0.19642770
 14.100000     -0.20523574
 14.200000     -0.21424730
 14.300000     -0.22323379
 14.400000     -0.23261112
 14.500000     -0.24243513
 14.600000     -0.25247523
 14.700000     -0.26258885
 14.800000     -0.27386178
 14.900000     -0.28537283
 15.000000     -0.29643423
 15.100000     -0.30751799
 15.200000     -0.31889241
 15.300000     -0.33054863
 15.400000     -0.34273148
 15.500000     -0.35499645
 15.600000     -0.36702646
 15.700000     -0.37830881
 15.800000     -0.38996875
 15.900000     -0.40199234
 16.000000     -0.41470273
 16.100000     -0.42704646
 16.200000     -0.43931449
 16.300000     -0.45293195
 16.400000     -0.46697839
 16.500000     -0.48129581
 16.600000     -0.49612732
 16.700000     -0.51123256
 16.800000     -0.52626456
 16.900000     -0.54097538
 17.000000     -0.55499797
 17.100000     -0.56944575
 17.200000     -0.58451243
 17.300000     -0.59973794
 17.400000     -0.61534963
 17.500000     -0.63048391
 17.600000     -0.64495857
 17.700000     -0.66034593
 17.800000     -0.67589124
 17.900000     -0.69059898
 18.000000     -0.70458298
 18.100000     -0.71822770
 18.200000     -0.73076142
 18.300000     -0.74176211
 18.400000     -0.75199736
 18.500000     -0.76131623
 18.600000     -0.76891800
 18.700000     -0.77556493
 18.800000     -0.78119973
 18.900000     -0.78568844
 19.000000     -0.78854248
 19.100000     -0.78950188
 19.200000     -0.78793414
 19.300000     -0.78319467
 19.400000     -0.77446042
 19.500000     -0.76357685
 19.600000     -0.75227065
 19.700000     -0.73827335
 19.800000     -0.71985761
 19.900000     -0.69520464
 20.000000     -0.66570709
 20.100000     -0.63389997
 20.200000     -0.59824537
 20.300000     -0.55737200
 20.400000     -0.51114467
 20.500000     -0.46020558
 20.600000     -0.40492022
 20.700000     -0.34438549
 20.800000     -0.27750605
 20.900000     -0.20539825
 21.000000     -0.12994828
 21.100000     -0.05218860
 21.200000      0.02700099
 21.300000      0.10665216
 21.400000      0.18461009
 21.500000      0.26010329
 21.600000      0.33254970
 21.700000      0.40197477
 21.800000      0.46784684
 21.900000      0.53111424
 22.000000      0.59126334
 22.100000      0.64658793
 22.200000      0.69689250
 22.300000      0.74357228
 22.400000      0.78478293
 22.500000      0.82135969
 22.600000      0.85344760
 22.700000      0.88013602
 22.800000      0.90275557
 22.900000      0.92295569
 23.000000      0.94066304
 23.100000      0.95611401
 23.200000      0.96929613
 23.300000      0.98060046
 23.400000      0.98983520
 23.500000      0.99587953
 23.600000      0.99942034
 23.700000      1.00000000
 23.800000      0.99858903
 23.900000      0.99620768
 24.000000      0.99173812
 24.100000      0.98401497
 24.200000      0.97342276
 24.300000      0.96015044
 24.400000      0.94529906
 24.500000      0.92948937
 24.600000      0.91325564
 24.700000      0.89462096
 24.800000      0.87372621
 24.900000      0.85178033
 25.000000      0.82776573
 25.100000      0.80204803
 25.200000      0.77602430
 25.300000      0.74886871
 25.400000      0.72001819
 25.500000      0.68923653
 25.600000      0.65691066
 25.700000      0.62347981
 25.800000      0.58975652
 25.900000      0.55668267
 26.000000      0.52375732
 26.100000      0.49060067
 26.200000      0.45787588
 26.300000      0.42586251
 26.400000      0.39398210
 26.500000      0.36300604
 26.600000      0.33305694
 26.700000      0.30365491
 26.800000      0.27576239
 26.900000      0.24949485
 27.000000      0.22441817
 27.100000      0.20041018
 27.200000      0.17767245
 27.300000      0.15679318
 27.400000      0.13678102
 27.500000      0.11829074
 27.600000      0.10198967
 27.700000      0.08709574
 27.800000      0.07340008
 27.900000      0.06130137
 28.000000      0.05016274
 28.100000      0.04014128
 28.200000      0.03141491
 28.300000      0.02336911
 28.400000      0.01588723
 28.500000      0.00897636
 28.600000      0.00299066
 28.700000     -0.00168338
 28.800000     -0.00575245
 28.900000     -0.00896478
 29.000000     -0.01133793
 29.100000     -0.01301564
 29.200000     -0.01338730
 29.300000     -0.01299043
 29.400000     -0.01225034
 29.500000     -0.01081119
 29.600000     -0.00840590
 29.700000     -0.00550297
 29.800000     -0.00211500
 29.900000      0.00168498
 30.000000      0.00581277
 30.100000      0.00950116
 30.200000      0.01285628
 30.300000      0.01614932
 30.400000      0.01991296
 30.500000      0.02403039
 30.600000      0.02841043
 30.700000      0.03289314
 30.800000      0.03726257
 30.900000      0.04166938
 31.000000      0.04588538
 31.100000      0.04988512
 31.200000      0.05426355
 31.300000      0.05849783
 31.400000      0.06260756
 31.500000      0.06666623
 31.600000      0.07000708
 31.700000      0.07289082
 31.800000      0.07578966
 31.900000      0.07846184
 32.000000      0.08111184
 32.100000      0.08434930
 32.200000      0.08734355
 32.300000      0.09011317
 32.400000      0.09300087
 32.500000      0.09564466
 32.600000      0.09782596
 32.700000      0.09937743
 32.800000      0.10074628
 32.900000      0.10222693
 33.000000      0.10365659
 33.100000      0.10472715
 33.200000      0.10550529
 33.300000      0.10570330
 33.400000      0.10575140
 33.500000      0.10566386
 33.600000      0.10552952
 33.700000      0.10555112
 33.800000      0.10536503
 33.900000      0.10481260
 34.000000      0.10421709
 34.100000      0.10361909
 34.200000      0.10343259
 34.300000      0.10356458
 34.400000      0.10375493
 34.500000      0.10383478
 34.600000      0.10359065
 34.700000      0.10290338
 34.800000      0.10240123
 34.900000      0.10190348
 35.000000      0.10178978
 35.100000      0.10181957
 35.200000      0.10160023
 35.300000      0.10111964
 35.400000      0.10027221
 35.500000      0.09914076
 35.600000      0.09786230
 35.700000      0.09636341
 35.800000      0.09492405
 35.900000      0.09342335
 36.000000      0.09156840
 36.100000      0.08964976
 36.200000      0.08758981
 36.300000      0.08511892
 36.400000      0.08208657
 36.500000      0.07883316
 36.600000      0.07574566
 36.700000      0.07275295
 36.800000      0.06971678
 36.900000      0.06669689
 37.000000      0.06427437
 37.100000      0.06210678
 37.200000      0.05969344
 37.300000      0.05700125
 37.400000      0.05448399
 37.500000      0.05249848
 37.600000      0.05058732
 37.700000      0.04852523
 37.800000      0.04663325
 37.900000      0.04498467
 38.000000      0.04313734
 38.100000      0.04126132
 38.200000      0.03939703
 38.300000      0.03749454
 38.400000      0.03566702
 38.500000      0.03405495
 38.600000      0.03243003
 38.700000      0.03099016
 38.800000      0.02973782
 38.900000      0.02840375
 39.000000      0.02709772
 39.100000      0.02592515
 39.200000      0.02510247
 39.300000      0.02456523
 39.400000      0.02397164
 39.500000      0.02330275
 39.600000      0.02258408
 39.700000      0.02172444
 39.800000      0.02083891
 39.900000      0.02004075
