  0.000000     -0.00965380
  0.100000     -0.00940405
  0.200000     -0.00880541
  0.300000     -0.00949623
  0.400000     -0.00901092
  0.500000     -0.00894491
  0.600000     -0.00913523
  0.700000     -0.00827703
  0.800000     -0.00845499
  0.900000     -0.00826808
  1.000000     -0.00812645
  1.100000     -0.00765371
  1.200000     -0.00708106
  1.300000     -0.00715923
  1.400000     -0.00722231
  1.500000     -0.00766471
  1.600000     -0.00778554
  1.700000     -0.00791576
  1.800000     -0.00826364
  1.900000     -0.00896896
  2.000000     -0.00994871
  2.100000     -0.01047329
  2.200000     -0.01132548
  2.300000     -0.01190755
  2.400000     -0.01267910
  2.500000     -0.01350003
  2.600000     -0.01431935
  2.700000     -0.01567455
  2.800000     -0.01669330
  2.900000     -0.01713238
  3.000000     -0.01734494
  3.100000     -0.01780369
  3.200000     -0.01873012
  3.300000     -0.01967085
  3.400000     -0.02018045
  3.500000     -0.02016284
  3.600000     -0.02038888
  3.700000     -0.02093495
  3.800000     -0.02204917
  3.900000     -0.02328708
  4.000000     -0.02416923
  4.100000     -0.02518761
  4.200000     -0.02680411
  4.300000     -0.02845200
  4.400000     -0.02953291
  4.500000     -0.03056879
  4.600000     -0.03103967
  4.700000     -0.03154095
  4.800000     -0.03123644
  4.900000     -0.03190244
  5.000000     -0.03209669
  5.100000     -0.03173398
  5.200000     -0.03257248
  5.300000     -0.03291804
  5.400000     -0.03293392
  5.500000     -0.03240845
  5.600000     -0.03273586
  5.700000     -0.03322054
  5.800000     -0.03321941
  5.900000     -0.03350426
  6.000000     -0.03406473
  6.100000     -0.03425539
  6.200000     -0.03475969
  6.300000     -0.03528072
  6.400000     -0.03567330
  6.500000     -0.03591918
  6.600000     -0.03580196
  6.700000     -0.03651980
  6.800000     -0.03738071
  6.900000     -0.03811394
  7.000000     -0.03913005
  7.100000     -0.03943715
  7.200000     -0.04070533
  7.300000     -0.04243240
  7.400000     -0.04322381
  7.500000     -0.04511545
  7.600000     -0.04694160
  7.700000     -0.04893813
  7.800000     -0.05084864
  7.900000     -0.05249144
  8.000000     -0.05421152
  8.100000     -0.05579706
  8.200000     -0.05789948
  8.300000     -0.05947251
  8.400000     -0.06093694
  8.500000     -0.06309234
  8.600000     -0.06459003
  8.700000     -0.06638927
  8.800000     -0.06912128
  8.900000     -0.07089004
  9.000000     -0.07377056
  9.100000     -0.07693901
  9.200000     -0.07927646
  9.300000     -0.08112956
  9.400000     -0.08338011
  9.500000     -0.08566851
  9.600000     -0.08802953
  9.700000     -0.09090166
  9.800000     -0.09252234
  9.900000     -0.09439259
 10.000000     -0.09716261
 10.100000     -0.09986759
 10.200000     -0.10275397
 10.300000     -0.10616473
 10.400000     -0.10812953
 10.500000     -0.11059101
 10.600000     -0.11397081
 10.700000     -0.11647924
 10.800000     -0.11941031
 10.900000     -0.12305216
 11.000000     -0.12644631
 11.100000     -0.13014164
 11.200000     -0.13416859
 11.300000     -0.13858297
 11.400000     -0.14287897
 11.500000     -0.14646454
 11.600000     -0.14960101
 11.700000     -0.15266984
 11.800000     -0.15661800
 11.900000     -0.15949265
 12.000000     -0.16299047
 12.100000     -0.16690443
 12.200000     -0.16832171
 12.300000     -0.17137601
 12.400000     -0.17431540
 12.500000     -0.17726380
 12.600000     -0.18008598
 12.700000     -0.18210336
 12.800000     -0.18507088
 12.900000     -0.18595849
 13.000000     -0.18814369
 13.100000     -0.18975036
 13.200000     -0.19117376
 13.300000     -0.19299168
 13.400000     -0.19337562
 13.500000     -0.19474820
 13.600000     -0.19544189
 13.700000     -0.19622998
 13.800000     -0.19697011
 13.900000     -0.19659502
 14.000000     -0.19570244
 14.100000     -0.19498536
 14.200000     -0.19537452
 14.300000     -0.19468782
 14.400000     -0.19380822
 14.500000     -0.19414607
 14.600000     -0.19389218
 14.700000     -0.19403125
 14.800000     -0.19443084
 14.900000     -0.19534578
 15.000000     -0.19576521
 15.100000     -0.19521028
 15.200000     -0.19562245
 15.300000     -0.19587444
 15.400000     -0.19617287
 15.500000     -0.19675114
 15.600000     -0.19611308
 15.700000     -0.19617292
 15.800000     -0.19626022
 15.900000     -0.19542206
 16.000000     -0.19469530
 16.100000     -0.19364913
 16.200000     -0.19254496
 16.300000     -0.19016291
 16.400000     -0.18709931
 16.500000     -0.18489661
 16.600000     -0.18160688
 16.700000     -0.17645015
 16.800000     -0.17216645
 16.900000     -0.16706016
 17.000000     -0.16092819
 17.100000     -0.15443997
 17.200000     -0.14666908
 17.300000     -0.13907963
 17.400000     -0.12868612
 17.500000     -0.11746274
 17.600000     -0.10601041
 17.700000     -0.09251028
 17.800000     -0.07849448
 17.900000     -0.06381421
 18.000000     -0.04739424
 18.100000     -0.03046333
 18.200000     -0.01231209
 18.300000      0.00621288
 18.400000      0.02554144
 18.500000      0.04595891
 18.600000      0.06659794
 18.700000      0.08748528
 18.800000      0.11002371
 18.900000      0.13250245
 19.000000      0.15578396
 19.100000      0.17999187
 19.200000      0.20424514
 19.300000      0.22981116
 19.400000      0.25523024
 19.500000      0.28054879
 19.600000      0.30699186
 19.700000      0.33180951
 19.800000      0.35604132
 19.900000      0.38063895
 20.000000      0.40340467
 20.100000      0.42660048
 20.200000      0.44818456
 20.300000      0.46827053
 20.400000      0.48902899
 20.500000      0.50794753
 20.600000      0.52705463
 20.700000      0.54601948
 20.800000      0.56434192
 20.900000      0.58283446
 21.000000      0.59994003
 21.100000      0.61753367
 21.200000      0.63364826
 21.300000      0.64866296
 21.400000      0.66422463
 21.500000      0.67864804
 21.600000      0.69321767
 21.700000      0.70819789
 21.800000      0.72308898
 21.900000      0.73831534
 22.000000      0.75170942
 22.100000      0.76579768
 22.200000      0.77962764
 22.300000      0.79415428
 22.400000      0.80960631
 22.500000      0.82394224
 22.600000      0.83823413
 22.700000      0.85210941
 22.800000      0.86583749
 22.900000      0.87958355
 23.000000      0.89277697
 23.100000      0.90510592
 23.200000      0.91758070
 23.300000      0.92957050
 23.400000      0.94229126
 23.500000      0.95472516
 23.600000      0.96446864
 23.700000      0.97382534
 23.800000      0.98383883
 23.900000      0.99033148
 24.000000      0.99551183
 24.100000      0.99911358
 24.200000      0.99968541
 24.300000      1.00000000
 24.400000      0.99964577
 24.500000      0.99826286
 24.600000      0.99498913
 24.700000      0.99108799
 24.800000      0.98479794
 24.900000      0.97649274
 25.000000      0.96460226
 25.100000      0.95085791
 25.200000      0.93545317
 25.300000      0.91690492
 25.400000      0.89785603
 25.500000      0.87764056
 25.600000      0.85616996
 25.700000      0.83298111
 25.800000      0.80766708
 25.900000      0.78140118
 26.000000      0.75186654
 26.100000      0.71900449
 26.200000      0.68468443
 26.300000      0.64885859
 26.400000      0.61304283
 26.500000      0.57631668
 26.600000      0.53822770
 26.700000      0.50044585
 26.800000      0.46296146
 26.900000      0.42523424
 27.000000      0.38670008
 27.100000      0.34940086
 27.200000      0.31406608
 27.300000      0.28052995
 27.400000      0.24860665
 27.500000      0.21630424
 27.600000      0.18318570
 27.700000      0.15145915
 27.800000      0.12151862
 27.900000      0.08965618
 28.000000      0.05881476
 28.100000      0.02844227
 28.200000     -0.00118714
 28.300000     -0.02882925
 28.400000     -0.05478624
 28.500000     -0.07719786
 28.600000     -0.09922514
 28.700000     -0.12044976
 28.800000     -0.14030531
 28.900000     -0.15959340
 29.000000     -0.17710889
 29.100000     -0.19416622
 29.200000     -0.20914635
 29.300000     -0.22595056
 29.400000     -0.24271704
 29.500000     -0.25946039
 29.600000     -0.27584880
 29.700000     -0.29174739
 29.800000     -0.30721595
 29.900000     -0.32292516
 30.000000     -0.33817175
 30.100000     -0.35362907
 30.200000     -0.36922114
 30.300000     -0.38355084
 30.400000     -0.39877579
 30.500000     -0.41296219
 30.600000     -0.42548819
 30.700000     -0.44043139
 30.800000     -0.45427863
 30.900000     -0.46781327
 31.000000     -0.48011339
 31.100000     -0.49178303
 31.200000     -0.50421274
 31.300000     -0.51531138
 31.400000     -0.52621923
 31.500000     -0.53780515
 31.600000     -0.54779554
 31.700000     -0.55718163
 31.800000     -0.56609380
 31.900000     -0.57425832
 32.000000     -0.58270083
 32.100000     -0.58876090
 32.200000     -0.59410566
 32.300000     -0.60061244
 32.400000     -0.60405983
 32.500000     -0.60689365
 32.600000     -0.60983860
 32.700000     -0.60924595
 32.800000     -0.60849850
 32.900000     -0.60683410
 33.000000     -0.60575168
 33.100000     -0.60419943
 33.200000     -0.60065074
 33.300000     -0.59712840
 33.400000     -0.59322887
 33.500000     -0.58839838
 33.600000     -0.58277667
 33.700000     -0.57618221
 33.800000     -0.56977836
 33.900000     -0.56226055
 34.000000     -0.55506919
 34.100000     -0.55125133
 34.200000     -0.54418571
 34.300000     -0.53656306
 34.400000     -0.52804556
 34.500000     -0.51863608
 34.600000     -0.51092744
 34.700000     -0.50237192
 34.800000     -0.49352379
 34.900000     -0.48478415
 35.000000     -0.47643386
 35.100000     -0.46889324
 35.200000     -0.46133502
 35.300000     -0.45172408
 35.400000     -0.44087166
 35.500000     -0.43274658
 35.600000     -0.42360723
 35.700000     -0.41337272
 35.800000     -0.40344726
 35.900000     -0.39375982
 36.000000     -0.38485055
 36.100000     -0.37549400
 36.200000     -0.36718873
 36.300000     -0.35814731
 36.400000     -0.34999725
 36.500000     -0.34117781
 36.600000     -0.33126566
 36.700000     -0.32298921
 36.800000     -0.31506900
 36.900000     -0.30633323
 37.000000     -0.29978899
 37.100000     -0.29284650
 37.200000     -0.28421081
 37.300000     -0.27557260
 37.400000     -0.26863204
 37.500000     -0.26173531
 37.600000     -0.25528821
 37.700000     -0.24857977
 37.800000     -0.24112472
 37.900000     -0.23450335
 38.000000     -0.22818199
 38.100000     -0.22191251
 38.200000     -0.21554932
 38.300000     -0.20889814
 38.400000     -0.20257905
 38.500000     -0.19649559
 38.600000     -0.19027364
 38.700000     -0.18323484
 38.800000     -0.17710813
 38.900000     -0.17103534
 39.000000     -0.16485758
 39.100000     -0.15942541
 39.200000     -0.15401744
 39.300000     -0.14877382
 39.400000     -0.14303544
 39.500000     -0.13728569
 39.600000     -0.13288583
 39.700000     -0.12850823
 39.800000     -0.12505984
 39.900000     -0.12112567
