  0.000000      0.95970873
  0.100000      0.96101546
  0.200000      0.96232218
  0.300000      0.96382125
  0.400000      0.96492979
  0.500000      0.96603833
  0.600000      0.96714687
  0.700000      0.96825541
  0.800000      0.96936394
  0.900000      0.97047248
  1.000000      0.97158102
  1.100000      0.97268956
  1.200000      0.97379810
  1.300000      0.97490664
  1.400000      0.97601518
  1.500000      0.97712372
  1.600000      0.97841927
  1.700000      0.97827114
  1.800000      0.97812301
  1.900000      0.97797489
  2.000000      0.97782676
  2.100000      0.97767864
  2.200000      0.97753051
  2.300000      0.97738238
  2.400000      0.97723426
  2.500000      0.97708613
  2.600000      0.97693801
  2.700000      0.97678988
  2.800000      0.97664175
  2.900000      0.97658377
  3.000000      0.97518550
  3.100000      0.97302695
  3.200000      0.97086840
  3.300000      0.96870985
  3.400000      0.96655130
  3.500000      0.96439275
  3.600000      0.96223420
  3.700000      0.96007565
  3.800000      0.95791710
  3.900000      0.95575854
  4.000000      0.95359999
  4.100000      0.95144144
  4.200000      0.94928289
  4.300000      0.94705202
  4.400000      0.94398469
  4.500000      0.94091737
  4.600000      0.93785005
  4.700000      0.93478272
  4.800000      0.93171540
  4.900000      0.92864807
  5.000000      0.92558075
  5.100000      0.92251343
  5.200000      0.91944610
  5.300000      0.91637878
  5.400000      0.91331145
  5.500000      0.91024413
  5.600000      0.90740636
  5.700000      0.90412874
  5.800000      0.90085113
  5.900000      0.89757351
  6.000000      0.89429589
  6.100000      0.89101827
  6.200000      0.88774065
  6.300000      0.88446303
  6.400000      0.88118541
  6.500000      0.87790779
  6.600000      0.87463018
  6.700000      0.87135256
  6.800000      0.86807494
  6.900000      0.86494956
  7.000000      0.86191123
  7.100000      0.85876419
  7.200000      0.85561715
  7.300000      0.85247012
  7.400000      0.84932308
  7.500000      0.84617604
  7.600000      0.84302900
  7.700000      0.83988196
  7.800000      0.83673493
  7.900000      0.83358789
  8.000000      0.83044085
  8.100000      0.82729381
  8.200000      0.82414677
  8.300000      0.82123788
  8.400000      0.81797862
  8.500000      0.81471935
  8.600000      0.81146009
  8.700000      0.80820083
  8.800000      0.80494156
  8.900000      0.80168230
  9.000000      0.79842304
  9.100000      0.79516377
  9.200000      0.79190451
  9.300000      0.78864525
  9.400000      0.78538598
  9.500000      0.78212672
  9.600000      0.77899301
  9.700000      0.77480867
  9.800000      0.77062432
  9.900000      0.76643997
 10.000000      0.76225562
 10.100000      0.75807127
 10.200000      0.75388693
 10.300000      0.74970258
 10.400000      0.74551823
 10.500000      0.74133388
 10.600000      0.73714953
 10.700000      0.73296519
 10.800000      0.72878084
 10.900000      0.72465558
 11.000000      0.72023583
 11.100000      0.71560973
 11.200000      0.71098363
 11.300000      0.70635753
 11.400000      0.70173143
 11.500000      0.69710533
 11.600000      0.69247923
 11.700000      0.68785313
 11.800000      0.68322704
 11.900000      0.67860094
 12.000000      0.67397484
 12.100000      0.66934874
 12.200000      0.66472264
 12.300000      0.66042257
 12.400000      0.65632746
 12.500000      0.65223234
 12.600000      0.64813723
 12.700000      0.64404212
 12.800000      0.63994700
 12.900000      0.63585189
 13.000000      0.63175678
 13.100000      0.62766166
 13.200000      0.62356655
 13.300000      0.61947144
 13.400000      0.61537632
 13.500000      0.61128121
 13.600000      0.60734034
 13.700000      0.60368223
 13.800000      0.60002413
 13.900000      0.59636603
 14.000000      0.59270793
 14.100000      0.58904982
 14.200000      0.58539172
 14.300000      0.58173362
 14.400000      0.57807552
 14.500000      0.57441742
 14.600000      0.57075931
 14.700000      0.56710121
 14.800000      0.56344311
 14.900000      0.55988304
 15.000000      0.55660767
 15.100000      0.55337661
 15.200000      0.55014555
 15.300000      0.54691449
 15.400000      0.54368344
 15.500000      0.54045238
 15.600000      0.53722132
 15.700000      0.53399026
 15.800000      0.53075921
 15.900000      0.52752815
 16.000000      0.52429709
 16.100000      0.52106603
 16.200000      0.51783497
 16.300000      0.51488102
 16.400000      0.51191184
 16.500000      0.50894266
 16.600000      0.50597347
 16.700000      0.50300429
 16.800000      0.50003511
 16.900000      0.49706592
 17.000000      0.49409674
 17.100000      0.49112756
 17.200000      0.48815837
 17.300000      0.48518919
 17.400000      0.48222001
 17.500000      0.47925082
 17.600000      0.47643155
 17.700000      0.47368101
 17.800000      0.47093047
 17.900000      0.46817992
 18.000000      0.46542938
 18.100000      0.46267883
 18.200000      0.45992829
 18.300000      0.45717774
 18.400000      0.45442720
 18.500000      0.45167666
 18.600000      0.44892611
 18.700000      0.44617557
 18.800000      0.44342502
 18.900000      0.44074904
 19.000000      0.43873732
 19.100000      0.43698319
 19.200000      0.43522907
 19.300000      0.43347494
 19.400000      0.43172081
 19.500000      0.42996668
 19.600000      0.42821255
 19.700000      0.42645842
 19.800000      0.42470429
 19.900000      0.42295016
 20.000000      0.42119603
 20.100000      0.41944190
 20.200000      0.41768777
 20.300000      0.41620678
 20.400000      0.41489058
 20.500000      0.41357439
 20.600000      0.41225819
 20.700000      0.41094199
 20.800000      0.40962580
 20.900000      0.40830960
 21.000000      0.40699341
 21.100000      0.40567721
 21.200000      0.40436101
 21.300000      0.40304482
 21.400000      0.40172862
 21.500000      0.40041243
 21.600000      0.39907660
 21.700000      0.39862626
 21.800000      0.39817593
 21.900000      0.39772559
 22.000000      0.39727525
 22.100000      0.39682491
 22.200000      0.39637458
 22.300000      0.39592424
 22.400000      0.39547390
 22.500000      0.39502357
 22.600000      0.39457323
 22.700000      0.39412289
 22.800000      0.39367255
 22.900000      0.39318011
 23.000000      0.39379858
 23.100000      0.39501462
 23.200000      0.39623065
 23.300000      0.39744668
 23.400000      0.39866272
 23.500000      0.39987875
 23.600000      0.40109478
 23.700000      0.40231081
 23.800000      0.40352685
 23.900000      0.40474288
 24.000000      0.40595891
 24.100000      0.40717495
 24.200000      0.40839098
 24.300000      0.41004769
 24.400000      0.41282613
 24.500000      0.41560456
 24.600000      0.41838300
 24.700000      0.42116144
 24.800000      0.42393987
 24.900000      0.42671831
 25.000000      0.42949675
 25.100000      0.43227519
 25.200000      0.43505362
 25.300000      0.43783206
 25.400000      0.44061050
 25.500000      0.44338894
 25.600000      0.44599230
 25.700000      0.45021357
 25.800000      0.45443484
 25.900000      0.45865611
 26.000000      0.46287738
 26.100000      0.46709864
 26.200000      0.47131991
 26.300000      0.47554118
 26.400000      0.47976245
 26.500000      0.48398372
 26.600000      0.48820499
 26.700000      0.49242626
 26.800000      0.49664753
 26.900000      0.50071484
 27.000000      0.50515142
 27.100000      0.50992659
 27.200000      0.51470177
 27.300000      0.51947694
 27.400000      0.52425212
 27.500000      0.52902729
 27.600000      0.53380247
 27.700000      0.53857764
 27.800000      0.54335282
 27.900000      0.54812799
 28.000000      0.55290317
 28.100000      0.55767834
 28.200000      0.56245352
 28.300000      0.56678014
 28.400000      0.57133941
 28.500000      0.57589869
 28.600000      0.58045796
 28.700000      0.58501724
 28.800000      0.58957652
 28.900000      0.59413579
 29.000000      0.59869507
 29.100000      0.60325434
 29.200000      0.60781362
 29.300000      0.61237289
 29.400000      0.61693217
 29.500000      0.62149144
 29.600000      0.62563423
 29.700000      0.62991567
 29.800000      0.63419712
 29.900000      0.63847857
 30.000000      0.64276001
 30.100000      0.64704146
 30.200000      0.65132290
 30.300000      0.65560435
 30.400000      0.65988579
 30.500000      0.66416724
 30.600000      0.66844868
 30.700000      0.67273013
 30.800000      0.67701157
 30.900000      0.68105152
 31.000000      0.68496300
 31.100000      0.68905173
 31.200000      0.69314047
 31.300000      0.69722921
 31.400000      0.70131794
 31.500000      0.70540668
 31.600000      0.70949542
 31.700000      0.71358415
 31.800000      0.71767289
 31.900000      0.72176162
 32.000000      0.72585036
 32.100000      0.72993910
 32.200000      0.73402783
 32.300000      0.73764957
 32.400000      0.74187510
 32.500000      0.74610062
 32.600000      0.75032615
 32.700000      0.75455168
 32.800000      0.75877721
 32.900000      0.76300274
 33.000000      0.76722826
 33.100000      0.77145379
 33.200000      0.77567932
 33.300000      0.77990485
 33.400000      0.78413037
 33.500000      0.78835590
 33.600000      0.79210188
 33.700000      0.79645562
 33.800000      0.80080935
 33.900000      0.80516308
 34.000000      0.80951681
 34.100000      0.81387055
 34.200000      0.81822428
 34.300000      0.82257801
 34.400000      0.82693175
 34.500000      0.83128548
 34.600000      0.83563921
 34.700000      0.83999294
 34.800000      0.84434668
 34.900000      0.84855092
 35.000000      0.85242432
 35.100000      0.85628179
 35.200000      0.86013927
 35.300000      0.86399675
 35.400000      0.86785422
 35.500000      0.87171170
 35.600000      0.87556917
 35.700000      0.87942665
 35.800000      0.88328412
 35.900000      0.88714160
 36.000000      0.89099908
 36.100000      0.89485655
 36.200000      0.89871403
 36.300000      0.90227121
 36.400000      0.90592119
 36.500000      0.90957116
 36.600000      0.91322113
 36.700000      0.91687110
 36.800000      0.92052107
 36.900000      0.92417105
 37.000000      0.92782102
 37.100000      0.93147099
 37.200000      0.93512096
 37.300000      0.93877093
 37.400000      0.94242091
 37.500000      0.94607088
 37.600000      0.94930107
 37.700000      0.95222375
 37.800000      0.95514643
 37.900000      0.95806911
 38.000000      0.96099178
 38.100000      0.96391446
 38.200000      0.96683714
 38.300000      0.96975982
 38.400000      0.97268249
 38.500000      0.97560517
 38.600000      0.97852785
 38.700000      0.98145053
 38.800000      0.98437320
 38.900000      0.98708547
 39.000000      0.98868727
 39.100000      0.98994424
 39.200000      0.99120121
 39.300000      0.99245818
 39.400000      0.99371515
 39.500000      0.99497212
 39.600000      0.99622909
 39.700000      0.99748606
 39.800000      0.99874303
 39.900000      1.00000000
