  0.000000     -0.07115417
  0.100000     -0.07123891
  0.200000     -0.07132013
  0.300000     -0.07141218
  0.400000     -0.07152127
  0.500000     -0.07163787
  0.600000     -0.07175693
  0.700000     -0.07184978
  0.800000     -0.07191312
  0.900000     -0.07194518
  1.000000     -0.07195576
  1.100000     -0.07195804
  1.200000     -0.07194671
  1.300000     -0.07193654
  1.400000     -0.07193440
  1.500000     -0.07194794
  1.600000     -0.07198157
  1.700000     -0.07202075
  1.800000     -0.07206365
  1.900000     -0.07209965
  2.000000     -0.07211986
  2.100000     -0.07213347
  2.200000     -0.07213783
  2.300000     -0.07214187
  2.400000     -0.07214067
  2.500000     -0.07211515
  2.600000     -0.07207936
  2.700000     -0.07204525
  2.800000     -0.07201073
  2.900000     -0.07197466
  3.000000     -0.07192756
  3.100000     -0.07188916
  3.200000     -0.07186716
  3.300000     -0.07187269
  3.400000     -0.07189255
  3.500000     -0.07194117
  3.600000     -0.07203118
  3.700000     -0.07217271
  3.800000     -0.07235187
  3.900000     -0.07255424
  4.000000     -0.07277297
  4.100000     -0.07299541
  4.200000     -0.07322127
  4.300000     -0.07348459
  4.400000     -0.07380787
  4.500000     -0.07417274
  4.600000     -0.07456744
  4.700000     -0.07498464
  4.800000     -0.07541945
  4.900000     -0.07587490
  5.000000     -0.07634565
  5.100000     -0.07680773
  5.200000     -0.07724910
  5.300000     -0.07777935
  5.400000     -0.07843241
  5.500000     -0.07901296
  5.600000     -0.07942711
  5.700000     -0.07964252
  5.800000     -0.07972640
  5.900000     -0.07969011
  6.000000     -0.07953374
  6.100000     -0.07932042
  6.200000     -0.07910194
  6.300000     -0.07890151
  6.400000     -0.07872466
  6.500000     -0.07853679
  6.600000     -0.07832199
  6.700000     -0.07808007
  6.800000     -0.07785798
  6.900000     -0.07770343
  7.000000     -0.07763684
  7.100000     -0.07792891
  7.200000     -0.07802864
  7.300000     -0.07806438
  7.400000     -0.07773059
  7.500000     -0.07769337
  7.600000     -0.07761189
  7.700000     -0.07740882
  7.800000     -0.07716058
  7.900000     -0.07723612
  8.000000     -0.07715951
  8.100000     -0.07689861
  8.200000     -0.07610911
  8.300000     -0.07608688
  8.400000     -0.07670358
  8.500000     -0.07693838
  8.600000     -0.07709922
  8.700000     -0.07856705
  8.800000     -0.07996567
  8.900000     -0.08039143
  9.000000     -0.07978025
  9.100000     -0.07944289
  9.200000     -0.07834190
  9.300000     -0.07727664
  9.400000     -0.07480671
  9.500000     -0.07172502
  9.600000     -0.06878873
  9.700000     -0.06501694
  9.800000     -0.06067790
  9.900000     -0.05583994
 10.000000     -0.04972400
 10.100000     -0.04387779
 10.200000     -0.03575507
 10.300000     -0.02826216
 10.400000     -0.01884993
 10.500000     -0.00853266
 10.600000      0.00202226
 10.700000      0.01189208
 10.800000      0.02314407
 10.900000      0.03474046
 11.000000      0.04578682
 11.100000      0.05470759
 11.200000      0.06276157
 11.300000      0.06956156
 11.400000      0.07604564
 11.500000      0.08171708
 11.600000      0.08685651
 11.700000      0.09231342
 11.800000      0.09586335
 11.900000      0.09886550
 12.000000      0.09985173
 12.100000      0.09999185
 12.200000      0.09965117
 12.300000      0.09683610
 12.400000      0.09276815
 12.500000      0.08777107
 12.600000      0.08103666
 12.700000      0.07255771
 12.800000      0.06178681
 12.900000      0.05097463
 13.000000      0.03912762
 13.100000      0.02673649
 13.200000      0.01427281
 13.300000      0.00170410
 13.400000     -0.00925508
 13.500000     -0.02081348
 13.600000     -0.03175334
 13.700000     -0.04253925
 13.800000     -0.05311300
 13.900000     -0.06286600
 14.000000     -0.07303694
 14.100000     -0.08328351
 14.200000     -0.09355099
 14.300000     -0.10446095
 14.400000     -0.11608110
 14.500000     -0.12839848
 14.600000     -0.14133957
 14.700000     -0.15512004
 14.800000     -0.16925450
 14.900000     -0.18250576
 15.000000     -0.19430815
 15.100000     -0.20462288
 15.200000     -0.21393540
 15.300000     -0.22097878
 15.400000     -0.22629692
 15.500000     -0.22934921
 15.600000     -0.22825797
 15.700000     -0.22522964
 15.800000     -0.21876995
 15.900000     -0.21009337
 16.000000     -0.19748757
 16.100000     -0.18090722
 16.200000     -0.16096715
 16.300000     -0.13800068
 16.400000     -0.11379907
 16.500000     -0.08620977
 16.600000     -0.05561512
 16.700000     -0.02171504
 16.800000      0.01632174
 16.900000      0.05776065
 17.000000      0.10416325
 17.100000      0.15318193
 17.200000      0.20491860
 17.300000      0.25822854
 17.400000      0.29807006
 17.500000      0.32662542
 17.600000      0.39994841
 17.700000      0.46864652
 17.800000      0.52964576
 17.900000      0.58541140
 18.000000      0.63792600
 18.100000      0.68638569
 18.200000      0.73202025
 18.300000      0.77427256
 18.400000      0.81323131
 18.500000      0.84938044
 18.600000      0.88316564
 18.700000      0.91269609
 18.800000      0.93871218
 18.900000      0.96039401
 19.000000      0.97752441
 19.100000      0.98934338
 19.200000      0.99668791
 19.300000      1.00000000
 19.400000      0.99806732
 19.500000      0.98880970
 19.600000      0.97270465
 19.700000      0.94883245
 19.800000      0.91899933
 19.900000      0.88128951
 20.000000      0.83635579
 20.100000      0.78275348
 20.200000      0.72166798
 20.300000      0.65385257
 20.400000      0.58205329
 20.500000      0.50656737
 20.600000      0.42799276
 20.700000      0.34728023
 20.800000      0.26553374
 20.900000      0.18559667
 21.000000      0.10702732
 21.100000      0.03141170
 21.200000     -0.03934287
 21.300000     -0.10704132
 21.400000     -0.17135293
 21.500000     -0.23316313
 21.600000     -0.29222816
 21.700000     -0.34806535
 21.800000     -0.40180891
 21.900000     -0.45253754
 22.000000     -0.49996569
 22.100000     -0.54401821
 22.200000     -0.58343351
 22.300000     -0.61799643
 22.400000     -0.64927851
 22.500000     -0.67547717
 22.600000     -0.69756060
 22.700000     -0.71636971
 22.800000     -0.73008350
 22.900000     -0.73906566
 23.000000     -0.74470385
 23.100000     -0.74532751
 23.200000     -0.74222795
 23.300000     -0.73587299
 23.400000     -0.72734004
 23.500000     -0.71635429
 23.600000     -0.70283278
 23.700000     -0.68672594
 23.800000     -0.66999249
 23.900000     -0.65090993
 24.000000     -0.62968767
 24.100000     -0.60557641
 24.200000     -0.58073946
 24.300000     -0.55607187
 24.400000     -0.53102985
 24.500000     -0.50639277
 24.600000     -0.48231954
 24.700000     -0.45944862
 24.800000     -0.43754403
 24.900000     -0.41490934
 25.000000     -0.39330737
 25.100000     -0.37351916
 25.200000     -0.35451089
 25.300000     -0.33586992
 25.400000     -0.31838569
 25.500000     -0.30122512
 25.600000     -0.28448370
 25.700000     -0.26775186
 25.800000     -0.25209879
 25.900000     -0.23892515
 26.000000     -0.22715860
 26.100000     -0.21603564
 26.200000     -0.20434113
 26.300000     -0.19361621
 26.400000     -0.18361764
 26.500000     -0.17447629
 26.600000     -0.16636396
 26.700000     -0.15894080
 26.800000     -0.15143183
 26.900000     -0.14575205
 27.000000     -0.14107146
 27.100000     -0.13858472
 27.200000     -0.13692576
 27.300000     -0.13601763
 27.400000     -0.13592956
 27.500000     -0.13806912
 27.600000     -0.14098392
 27.700000     -0.14255406
 27.800000     -0.14365417
 27.900000     -0.14518017
 28.000000     -0.14628007
 28.100000     -0.14736669
 28.200000     -0.14763075
 28.300000     -0.14829670
 28.400000     -0.14938556
 28.500000     -0.14955924
 28.600000     -0.15043493
 28.700000     -0.15276814
 28.800000     -0.15364521
 28.900000     -0.15326267
 29.000000     -0.15158441
 29.100000     -0.15036934
 29.200000     -0.14903676
 29.300000     -0.14786279
 29.400000     -0.14714671
 29.500000     -0.14720535
 29.600000     -0.14846499
 29.700000     -0.15138596
 29.800000     -0.15629520
 29.900000     -0.16345717
 30.000000     -0.17263364
 30.100000     -0.18508151
 30.200000     -0.19989668
 30.300000     -0.21622619
 30.400000     -0.23468739
 30.500000     -0.25347307
 30.600000     -0.27181503
 30.700000     -0.28939248
 30.800000     -0.30644139
 30.900000     -0.32210027
 31.000000     -0.33584225
 31.100000     -0.34753639
 31.200000     -0.35742915
 31.300000     -0.36364881
 31.400000     -0.36840905
 31.500000     -0.37086203
 31.600000     -0.37126295
 31.700000     -0.37013066
 31.800000     -0.36899613
 31.900000     -0.36702162
 32.000000     -0.36432546
 32.100000     -0.36051493
 32.200000     -0.35521924
 32.300000     -0.34936959
 32.400000     -0.34278050
 32.500000     -0.33577306
 32.600000     -0.32809980
 32.700000     -0.31940256
 32.800000     -0.30949688
 32.900000     -0.29865435
 33.000000     -0.28785398
 33.100000     -0.27695772
 33.200000     -0.26588445
 33.300000     -0.25502841
 33.400000     -0.24433874
 33.500000     -0.23390710
 33.600000     -0.22383925
 33.700000     -0.21460976
 33.800000     -0.20604848
 33.900000     -0.19795055
 34.000000     -0.19050365
 34.100000     -0.18334277
 34.200000     -0.17621485
 34.300000     -0.16863733
 34.400000     -0.16085425
 34.500000     -0.15298649
 34.600000     -0.14498043
 34.700000     -0.13649069
 34.800000     -0.12819436
 34.900000     -0.12009994
 35.000000     -0.11192645
 35.100000     -0.10374182
 35.200000     -0.09576327
 35.300000     -0.08819647
 35.400000     -0.08097393
 35.500000     -0.07409359
 35.600000     -0.06764669
 35.700000     -0.06198272
 35.800000     -0.06115065
 35.900000     -0.13736879
 36.000000     -0.24180332
 36.100000     -0.13769496
 36.200000     -0.07826911
 36.300000     -0.05125150
 36.400000     -0.03851104
 36.500000     -0.03069946
 36.600000     -0.02589476
 36.700000     -0.02231136
 36.800000     -0.01857593
 36.900000     -0.01456883
 37.000000     -0.01044312
 37.100000     -0.00622681
 37.200000     -0.00235369
 37.300000      0.00120121
 37.400000      0.00402087
 37.500000      0.00562387
 37.600000      0.00590217
 37.700000      0.00501353
 37.800000      0.00303526
 37.900000     -0.00057769
 38.000000     -0.00428687
 38.100000     -0.00671011
 38.200000     -0.00847976
 38.300000     -0.00799491
 38.400000     -0.00667775
 38.500000     -0.00473640
 38.600000     -0.00211528
 38.700000      0.00072543
 38.800000      0.00333950
 38.900000      0.00580678
 39.000000      0.00774638
 39.100000      0.00981985
 39.200000      0.01189555
 39.300000      0.01372692
 39.400000      0.01539465
 39.500000      0.01768079
 39.600000      0.01981751
 39.700000      0.02176764
 39.800000      0.02358603
 39.900000      0.02523987
