  0.000000     -0.22023965
  0.100000     -0.21993807
  0.200000     -0.21961899
  0.300000     -0.21926941
  0.400000     -0.21889354
  0.500000     -0.21848979
  0.600000     -0.21806313
  0.700000     -0.21761837
  0.800000     -0.21715505
  0.900000     -0.21668193
  1.000000     -0.21618315
  1.100000     -0.21566547
  1.200000     -0.21512266
  1.300000     -0.21456488
  1.400000     -0.21399400
  1.500000     -0.21340830
  1.600000     -0.21280104
  1.700000     -0.21217009
  1.800000     -0.21152022
  1.900000     -0.21085062
  2.000000     -0.21016876
  2.100000     -0.20945968
  2.200000     -0.20873041
  2.300000     -0.20798584
  2.400000     -0.20722158
  2.500000     -0.20644693
  2.600000     -0.20565883
  2.700000     -0.20484912
  2.800000     -0.20402859
  2.900000     -0.20318836
  3.000000     -0.20233802
  3.100000     -0.20148128
  3.200000     -0.20060887
  3.300000     -0.19971001
  3.400000     -0.19880049
  3.500000     -0.19787168
  3.600000     -0.19692678
  3.700000     -0.19597730
  3.800000     -0.19500847
  3.900000     -0.19392773
  4.000000     -0.19277947
  4.100000     -0.19166226
  4.200000     -0.19064891
  4.300000     -0.18956549
  4.400000     -0.18843285
  4.500000     -0.18728474
  4.600000     -0.18608664
  4.700000     -0.18486577
  4.800000     -0.18357317
  4.900000     -0.18226703
  5.000000     -0.18090663
  5.100000     -0.17952795
  5.200000     -0.17809723
  5.300000     -0.17663296
  5.400000     -0.17519148
  5.500000     -0.17376796
  5.600000     -0.17242460
  5.700000     -0.17109981
  5.800000     -0.16982197
  5.900000     -0.16857238
  6.000000     -0.16738988
  6.100000     -0.16626849
  6.200000     -0.16511712
  6.300000     -0.16397772
  6.400000     -0.16282511
  6.500000     -0.16173304
  6.600000     -0.16064172
  6.700000     -0.15963273
  6.800000     -0.15865603
  6.900000     -0.15773533
  7.000000     -0.15693500
  7.100000     -0.15621849
  7.200000     -0.15556639
  7.300000     -0.15487719
  7.400000     -0.15419505
  7.500000     -0.15347563
  7.600000     -0.15274245
  7.700000     -0.15201918
  7.800000     -0.15131429
  7.900000     -0.15060309
  8.000000     -0.14983534
  8.100000     -0.14912326
  8.200000     -0.14850151
  8.300000     -0.14783393
  8.400000     -0.14712771
  8.500000     -0.14647554
  8.600000     -0.14597103
  8.700000     -0.14544212
  8.800000     -0.14495543
  8.900000     -0.14449622
  9.000000     -0.14403916
  9.100000     -0.14360646
  9.200000     -0.14326441
  9.300000     -0.14298334
  9.400000     -0.14271910
  9.500000     -0.14255225
  9.600000     -0.14240533
  9.700000     -0.14222303
  9.800000     -0.14192019
  9.900000     -0.14165308
 10.000000     -0.14146199
 10.100000     -0.14132890
 10.200000     -0.14123789
 10.300000     -0.14117486
 10.400000     -0.14113862
 10.500000     -0.14111177
 10.600000     -0.14104145
 10.700000     -0.14085076
 10.800000     -0.14057597
 10.900000     -0.14025299
 11.000000     -0.13968165
 11.100000     -0.13893345
 11.200000     -0.13802106
 11.300000     -0.13707478
 11.400000     -0.13613265
 11.500000     -0.13511379
 11.600000     -0.13407739
 11.700000     -0.13301515
 11.800000     -0.13196307
 11.900000     -0.13071480
 12.000000     -0.12943074
 12.100000     -0.12836445
 12.200000     -0.12736568
 12.300000     -0.12649257
 12.400000     -0.12544703
 12.500000     -0.12400425
 12.600000     -0.12234381
 12.700000     -0.12069683
 12.800000     -0.11939692
 12.900000     -0.11878632
 13.000000     -0.11870862
 13.100000     -0.11914541
 13.200000     -0.11990646
 13.300000     -0.12098625
 13.400000     -0.12198398
 13.500000     -0.12304749
 13.600000     -0.12446275
 13.700000     -0.12647237
 13.800000     -0.12852967
 13.900000     -0.13000720
 14.000000     -0.13044311
 14.100000     -0.13002115
 14.200000     -0.12914027
 14.300000     -0.12811057
 14.400000     -0.12694641
 14.500000     -0.12553098
 14.600000     -0.12390687
 14.700000     -0.12201271
 14.800000     -0.11964727
 14.900000     -0.11645493
 15.000000     -0.11266615
 15.100000     -0.10845637
 15.200000     -0.10436241
 15.300000     -0.10044815
 15.400000     -0.09647012
 15.500000     -0.09266554
 15.600000     -0.08890008
 15.700000     -0.08542604
 15.800000     -0.08269867
 15.900000     -0.08053034
 16.000000     -0.07879735
 16.100000     -0.07674644
 16.200000     -0.07466325
 16.300000     -0.07264759
 16.400000     -0.07109430
 16.500000     -0.07040254
 16.600000     -0.07046781
 16.700000     -0.07074269
 16.800000     -0.07038249
 16.900000     -0.06907270
 17.000000     -0.06675220
 17.100000     -0.06417060
 17.200000     -0.06242323
 17.300000     -0.06211748
 17.400000     -0.06308653
 17.500000     -0.06461189
 17.600000     -0.06646931
 17.700000     -0.06859893
 17.800000     -0.07153369
 17.900000     -0.07646261
 18.000000     -0.08320755
 18.100000     -0.09139225
 18.200000     -0.10040446
 18.300000     -0.11035114
 18.400000     -0.12093378
 18.500000     -0.13257621
 18.600000     -0.14519483
 18.700000     -0.15840384
 18.800000     -0.17194602
 18.900000     -0.18611721
 19.000000     -0.20194050
 19.100000     -0.21914387
 19.200000     -0.23725528
 19.300000     -0.25547892
 19.400000     -0.27377113
 19.500000     -0.29240956
 19.600000     -0.31203855
 19.700000     -0.33278795
 19.800000     -0.35455506
 19.900000     -0.37684281
 20.000000     -0.39889530
 20.100000     -0.42136999
 20.200000     -0.44437560
 20.300000     -0.46754296
 20.400000     -0.48984675
 20.500000     -0.51053615
 20.600000     -0.52939493
 20.700000     -0.54628700
 20.800000     -0.56102109
 20.900000     -0.57400888
 21.000000     -0.58484289
 21.100000     -0.59250779
 21.200000     -0.59660074
 21.300000     -0.59665300
 21.400000     -0.59244246
 21.500000     -0.58353714
 21.600000     -0.56998417
 21.700000     -0.55186267
 21.800000     -0.52913704
 21.900000     -0.50194955
 22.000000     -0.47093457
 22.100000     -0.43592522
 22.200000     -0.39638615
 22.300000     -0.35296930
 22.400000     -0.30635327
 22.500000     -0.25741567
 22.600000     -0.20699422
 22.700000     -0.15581996
 22.800000     -0.10488108
 22.900000     -0.05425404
 23.000000     -0.00439865
 23.100000      0.04430522
 23.200000      0.09187317
 23.300000      0.13891984
 23.400000      0.18574220
 23.500000      0.23333482
 23.600000      0.28206153
 23.700000      0.33226724
 23.800000      0.38399011
 23.900000      0.43630177
 24.000000      0.48918083
 24.100000      0.54164887
 24.200000      0.59284798
 24.300000      0.64178989
 24.400000      0.68827273
 24.500000      0.73150143
 24.600000      0.77168296
 24.700000      0.80901811
 24.800000      0.84368134
 24.900000      0.87558121
 25.000000      0.90418803
 25.100000      0.92889838
 25.200000      0.94975268
 25.300000      0.96693366
 25.400000      0.98075326
 25.500000      0.99100754
 25.600000      0.99727484
 25.700000      1.00000000
 25.800000      0.99904274
 25.900000      0.99373073
 26.000000      0.98352446
 26.100000      0.96815205
 26.200000      0.94816643
 26.300000      0.92414804
 26.400000      0.89695543
 26.500000      0.86780409
 26.600000      0.83775312
 26.700000      0.80746944
 26.800000      0.77783163
 26.900000      0.75032256
 27.000000      0.72556488
 27.100000      0.70392054
 27.200000      0.68587557
 27.300000      0.67069053
 27.400000      0.65766327
 27.500000      0.64516806
 27.600000      0.63180843
 27.700000      0.61643079
 27.800000      0.59890153
 27.900000      0.58014711
 28.000000      0.56061555
 28.100000      0.54060134
 28.200000      0.52090297
 28.300000      0.50155523
 28.400000      0.48218093
 28.500000      0.46275412
 28.600000      0.44328136
 28.700000      0.42355352
 28.800000      0.40399722
 28.900000      0.38522016
 29.000000      0.36753191
 29.100000      0.35152575
 29.200000      0.33647673
 29.300000      0.32232254
 29.400000      0.30903388
 29.500000      0.29643434
 29.600000      0.28535250
 29.700000      0.27538488
 29.800000      0.26634196
 29.900000      0.25817146
 30.000000      0.25048233
 30.100000      0.24321069
 30.200000      0.23592228
 30.300000      0.22857785
 30.400000      0.22109321
 30.500000      0.21397127
 30.600000      0.20736191
 30.700000      0.20071875
 30.800000      0.19353029
 30.900000      0.18647498
 31.000000      0.17932413
 31.100000      0.17244289
 31.200000      0.16577010
 31.300000      0.15946826
 31.400000      0.15330841
 31.500000      0.14743556
 31.600000      0.14163399
 31.700000      0.13561783
 31.800000      0.12967014
 31.900000      0.12380751
 32.000000      0.11828180
 32.100000      0.11289891
 32.200000      0.10782753
 32.300000      0.10305548
 32.400000      0.09801327
 32.500000      0.09284739
 32.600000      0.08790036
 32.700000      0.08331926
 32.800000      0.07890501
 32.900000      0.07449360
 33.000000      0.06986678
 33.100000      0.06467807
 33.200000      0.05955467
 33.300000      0.05486635
 33.400000      0.04999267
 33.500000      0.04531345
 33.600000      0.04095151
 33.700000      0.03628532
 33.800000      0.03190141
 33.900000      0.02780570
 34.000000      0.02343659
 34.100000      0.01923251
 34.200000      0.01516098
 34.300000      0.01140315
 34.400000      0.00788860
 34.500000      0.00473140
 34.600000      0.00197320
 34.700000     -0.00026184
 34.800000     -0.00249949
 34.900000     -0.00474130
 35.000000     -0.00673331
 35.100000     -0.00879041
 35.200000     -0.01074482
 35.300000     -0.01244683
 35.400000     -0.01382476
 35.500000     -0.01433891
 35.600000     -0.01441136
 35.700000     -0.01435041
 35.800000     -0.01443869
 35.900000     -0.01476722
 36.000000     -0.01519388
 36.100000     -0.01577487
 36.200000     -0.01671008
 36.300000     -0.01794509
 36.400000     -0.01930001
 36.500000     -0.02116550
 36.600000     -0.02360863
 36.700000     -0.02661896
 36.800000     -0.03031928
 36.900000     -0.03468648
 37.000000     -0.03938366
 37.100000     -0.04484251
 37.200000     -0.05111152
 37.300000     -0.05798448
 37.400000     -0.06523349
 37.500000     -0.07298032
 37.600000     -0.08117899
 37.700000     -0.08945395
 37.800000     -0.09797629
 37.900000     -0.10636510
 38.000000     -0.11482744
 38.100000     -0.12087617
 38.200000     -0.12139705
 38.300000     -0.12191312
 38.400000     -0.12247484
 38.500000     -0.12309227
 38.600000     -0.12375576
 38.700000     -0.12445083
 38.800000     -0.12518972
 38.900000     -0.12595871
 39.000000     -0.12676809
 39.100000     -0.12764233
 39.200000     -0.12845170
 39.300000     -0.12929049
 39.400000     -0.13016059
 39.500000     -0.13105704
 39.600000     -0.13184989
 39.700000     -0.13260007
 39.800000     -0.13332869
 39.900000     -0.13402377
