  0.000000     -0.02362346
  0.100000     -0.02350197
  0.200000     -0.02364877
  0.300000     -0.02428002
  0.400000     -0.02485549
  0.500000     -0.02523686
  0.600000     -0.02554206
  0.700000     -0.02593945
  0.800000     -0.02686245
  0.900000     -0.02788700
  1.000000     -0.02863276
  1.100000     -0.02937081
  1.200000     -0.03000185
  1.300000     -0.02995127
  1.400000     -0.03013015
  1.500000     -0.03052311
  1.600000     -0.03062809
  1.700000     -0.03066547
  1.800000     -0.03084039
  1.900000     -0.03075060
  2.000000     -0.03071178
  2.100000     -0.03083866
  2.200000     -0.03072218
  2.300000     -0.03020218
  2.400000     -0.02999087
  2.500000     -0.03012328
  2.600000     -0.03038649
  2.700000     -0.03050125
  2.800000     -0.03032383
  2.900000     -0.02951203
  3.000000     -0.02876634
  3.100000     -0.02823691
  3.200000     -0.02820604
  3.300000     -0.02827123
  3.400000     -0.02796461
  3.500000     -0.02785116
  3.600000     -0.02799995
  3.700000     -0.02787785
  3.800000     -0.02777659
  3.900000     -0.02748536
  4.000000     -0.02682516
  4.100000     -0.02614819
  4.200000     -0.02569649
  4.300000     -0.02572280
  4.400000     -0.02598882
  4.500000     -0.02547811
  4.600000     -0.02512051
  4.700000     -0.02519000
  4.800000     -0.02546774
  4.900000     -0.02602357
  5.000000     -0.02683235
  5.100000     -0.02694600
  5.200000     -0.02704980
  5.300000     -0.02710448
  5.400000     -0.02701373
  5.500000     -0.02702367
  5.600000     -0.02695654
  5.700000     -0.02703295
  5.800000     -0.02731217
  5.900000     -0.02745567
  6.000000     -0.02756369
  6.100000     -0.02855406
  6.200000     -0.02969299
  6.300000     -0.03015589
  6.400000     -0.03071050
  6.500000     -0.03019392
  6.600000     -0.02980666
  6.700000     -0.03036040
  6.800000     -0.03012006
  6.900000     -0.02942219
  7.000000     -0.02974503
  7.100000     -0.02960422
  7.200000     -0.02846258
  7.300000     -0.02725476
  7.400000     -0.02743835
  7.500000     -0.02667122
  7.600000     -0.02484778
  7.700000     -0.02337859
  7.800000     -0.02340043
  7.900000     -0.02347889
  8.000000     -0.02258737
  8.100000     -0.02145494
  8.200000     -0.02167397
  8.300000     -0.02123448
  8.400000     -0.02036729
  8.500000     -0.01989446
  8.600000     -0.01904414
  8.700000     -0.01710270
  8.800000     -0.01602312
  8.900000     -0.01629997
  9.000000     -0.01604585
  9.100000     -0.01523077
  9.200000     -0.01488300
  9.300000     -0.01524513
  9.400000     -0.01537806
  9.500000     -0.01502781
  9.600000     -0.01481704
  9.700000     -0.01509660
  9.800000     -0.01451480
  9.900000     -0.01483838
 10.000000     -0.01573156
 10.100000     -0.01708523
 10.200000     -0.01806301
 10.300000     -0.01849914
 10.400000     -0.01935877
 10.500000     -0.02031442
 10.600000     -0.02115426
 10.700000     -0.02214917
 10.800000     -0.02283445
 10.900000     -0.02318113
 11.000000     -0.02441178
 11.100000     -0.02550143
 11.200000     -0.02626021
 11.300000     -0.02694156
 11.400000     -0.02777321
 11.500000     -0.02795494
 11.600000     -0.02777729
 11.700000     -0.02784814
 11.800000     -0.02781200
 11.900000     -0.02674992
 12.000000     -0.02571752
 12.100000     -0.02490771
 12.200000     -0.02335126
 12.300000     -0.02265434
 12.400000     -0.02203064
 12.500000     -0.02113521
 12.600000     -0.01908560
 12.700000     -0.01753575
 12.800000     -0.01689644
 12.900000     -0.01584323
 13.000000     -0.01523473
 13.100000     -0.01530612
 13.200000     -0.01417287
 13.300000     -0.01352780
 13.400000     -0.01498663
 13.500000     -0.01542813
 13.600000     -0.01546185
 13.700000     -0.01597893
 13.800000     -0.01605562
 13.900000     -0.01501328
 14.000000     -0.01531993
 14.100000     -0.01575132
 14.200000     -0.01602345
 14.300000     -0.01555376
 14.400000     -0.01454831
 14.500000     -0.01348118
 14.600000     -0.01334540
 14.700000     -0.01364534
 14.800000     -0.01399752
 14.900000     -0.01430758
 15.000000     -0.01476800
 15.100000     -0.01514380
 15.200000     -0.01609415
 15.300000     -0.01756488
 15.400000     -0.01931692
 15.500000     -0.02010946
 15.600000     -0.02080353
 15.700000     -0.02172924
 15.800000     -0.02231733
 15.900000     -0.02186790
 16.000000     -0.02089398
 16.100000     -0.02091670
 16.200000     -0.02059194
 16.300000     -0.02039322
 16.400000     -0.02003818
 16.500000     -0.01948904
 16.600000     -0.01878780
 16.700000     -0.01808004
 16.800000     -0.01693187
 16.900000     -0.01520473
 17.000000     -0.01517576
 17.100000     -0.01549017
 17.200000     -0.01425034
 17.300000     -0.01337081
 17.400000     -0.01324839
 17.500000     -0.01299584
 17.600000     -0.01264601
 17.700000     -0.01263077
 17.800000     -0.01159089
 17.900000     -0.01077110
 18.000000     -0.01203059
 18.100000     -0.01316917
 18.200000     -0.01304486
 18.300000     -0.01283211
 18.400000     -0.01308548
 18.500000     -0.01298860
 18.600000     -0.01275628
 18.700000     -0.01247427
 18.800000     -0.01174068
 18.900000     -0.01123317
 19.000000     -0.01023055
 19.100000     -0.01008788
 19.200000     -0.00999334
 19.300000     -0.00953253
 19.400000     -0.00975158
 19.500000     -0.00903771
 19.600000     -0.00838023
 19.700000     -0.00808393
 19.800000     -0.00751358
 19.900000     -0.00753219
 20.000000     -0.00791469
 20.100000     -0.00785261
 20.200000     -0.00781306
 20.300000     -0.00838868
 20.400000     -0.00875470
 20.500000     -0.00921617
 20.600000     -0.01035021
 20.700000     -0.01150194
 20.800000     -0.01187336
 20.900000     -0.01256637
 21.000000     -0.01209653
 21.100000     -0.01138814
 21.200000     -0.01061290
 21.300000     -0.00971527
 21.400000     -0.00899092
 21.500000     -0.00865324
 21.600000     -0.00849268
 21.700000     -0.00740444
 21.800000     -0.00655450
 21.900000     -0.00649368
 22.000000     -0.00580349
 22.100000     -0.00533012
 22.200000     -0.00377535
 22.300000     -0.00319176
 22.400000     -0.00222912
 22.500000     -0.00105130
 22.600000      0.00004064
 22.700000      0.00095071
 22.800000      0.00183675
 22.900000      0.00324957
 23.000000      0.00445222
 23.100000      0.00386774
 23.200000      0.00380695
 23.300000      0.00525170
 23.400000      0.00591125
 23.500000      0.00713923
 23.600000      0.00868005
 23.700000      0.00949086
 23.800000      0.01056670
 23.900000      0.01160930
 24.000000      0.01128741
 24.100000      0.01162641
 24.200000      0.01238219
 24.300000      0.01308043
 24.400000      0.01398356
 24.500000      0.01377145
 24.600000      0.01272177
 24.700000      0.01187480
 24.800000      0.01009600
 24.900000      0.01066375
 25.000000      0.01071344
 25.100000      0.01010610
 25.200000      0.01034982
 25.300000      0.01138543
 25.400000      0.01225735
 25.500000      0.01450082
 25.600000      0.01596160
 25.700000      0.01626717
 25.800000      0.01782145
 25.900000      0.01911238
 26.000000      0.01952885
 26.100000      0.02095140
 26.200000      0.02090586
 26.300000      0.02057833
 26.400000      0.02156821
 26.500000      0.02245223
 26.600000      0.02288757
 26.700000      0.02323331
 26.800000      0.02315382
 26.900000      0.02326777
 27.000000      0.02393741
 27.100000      0.02558797
 27.200000      0.02727893
 27.300000      0.02815139
 27.400000      0.02843145
 27.500000      0.02873301
 27.600000      0.02756323
 27.700000      0.02758766
 27.800000      0.02798944
 27.900000      0.02695274
 28.000000      0.02526156
 28.100000      0.02464140
 28.200000      0.02318242
 28.300000      0.02186343
 28.400000      0.02151327
 28.500000      0.01996984
 28.600000      0.01876577
 28.700000      0.01714893
 28.800000      0.01584699
 28.900000      0.01468398
 29.000000      0.01488528
 29.100000      0.01350312
 29.200000      0.01316187
 29.300000      0.01439990
 29.400000      0.01546589
 29.500000      0.01631482
 29.600000      0.01767147
 29.700000      0.01874602
 29.800000      0.01898880
 29.900000      0.01954364
 30.000000      0.02095625
 30.100000      0.02139590
 30.200000      0.02074110
 30.300000      0.01963912
 30.400000      0.01915553
 30.500000      0.01876913
 30.600000      0.01838622
 30.700000      0.01975366
 30.800000      0.02040153
 30.900000      0.02189815
 31.000000      0.02468082
 31.100000      0.02784641
 31.200000      0.02999886
 31.300000      0.03072586
 31.400000      0.03191150
 31.500000      0.03327328
 31.600000      0.03561579
 31.700000      0.03652071
 31.800000      0.03781836
 31.900000      0.03888533
 32.000000      0.03983377
 32.100000      0.04016202
 32.200000      0.04096729
 32.300000      0.04035229
 32.400000      0.03948998
 32.500000      0.03844253
 32.600000      0.03790011
 32.700000      0.03889444
 32.800000      0.03921060
 32.900000      0.03860684
 33.000000      0.03852987
 33.100000      0.03802779
 33.200000      0.03765619
 33.300000      0.03698658
 33.400000      0.03760458
 33.500000      0.03860819
 33.600000      0.03974707
 33.700000      0.03975745
 33.800000      0.03811477
 33.900000      0.03596482
 34.000000      0.03452013
 34.100000      0.03363766
 34.200000      0.03303431
 34.300000      0.03322420
 34.400000      0.03327040
 34.500000      0.03029570
 34.600000      0.02702102
 34.700000      0.02453867
 34.800000      0.02228081
 34.900000      0.02113076
 35.000000      0.02064075
 35.100000      0.01944244
 35.200000      0.01626001
 35.300000      0.01274588
 35.400000      0.01028908
 35.500000      0.00964558
 35.600000      0.00761537
 35.700000      0.00703748
 35.800000      0.00655037
 35.900000      0.00635960
 36.000000      0.00717095
 36.100000      0.00926482
 36.200000      0.01313918
 36.300000      0.01811254
 36.400000      0.02448374
 36.500000      0.03344503
 36.600000      0.04444700
 36.700000      0.05795665
 36.800000      0.07403525
 36.900000      0.09232463
 37.000000      0.11274556
 37.100000      0.13754578
 37.200000      0.16573833
 37.300000      0.19838168
 37.400000      0.23370727
 37.500000      0.27073832
 37.600000      0.31211651
 37.700000      0.35505858
 37.800000      0.40051180
 37.900000      0.44674699
 38.000000      0.49303738
 38.100000      0.53967467
 38.200000      0.58512478
 38.300000      0.63023811
 38.400000      0.67515751
 38.500000      0.71779485
 38.600000      0.75600436
 38.700000      0.79329116
 38.800000      0.82766905
 38.900000      0.85944662
 39.000000      0.88781336
 39.100000      0.91343957
 39.200000      0.93574168
 39.300000      0.95670484
 39.400000      0.97491183
 39.500000      0.99082674
 39.600000      1.00000000
 39.700000      0.99126685
 39.800000      0.97574420
 39.900000      0.96432979
