  0.000000      0.00240035
  0.100000      0.00139150
  0.200000      0.00034516
  0.300000     -0.00069590
  0.400000     -0.00166400
  0.500000     -0.00266912
  0.600000     -0.00388963
  0.700000     -0.00535843
  0.800000     -0.00653384
  0.900000     -0.00762825
  1.000000     -0.00879120
  1.100000     -0.01014552
  1.200000     -0.01159882
  1.300000     -0.01294343
  1.400000     -0.01393984
  1.500000     -0.01511458
  1.600000     -0.01666989
  1.700000     -0.01803941
  1.800000     -0.01946329
  1.900000     -0.02033781
  2.000000     -0.02135034
  2.100000     -0.02228507
  2.200000     -0.02283587
  2.300000     -0.02294690
  2.400000     -0.02237605
  2.500000     -0.02087061
  2.600000     -0.01830619
  2.700000     -0.01399096
  2.800000     -0.00783192
  2.900000      0.00093418
  3.000000      0.01239373
  3.100000      0.02699175
  3.200000      0.04518826
  3.300000      0.06814983
  3.400000      0.09608708
  3.500000      0.12859736
  3.600000      0.16692082
  3.700000      0.21129819
  3.800000      0.26210171
  3.900000      0.31734904
  4.000000      0.37732169
  4.100000      0.44101698
  4.200000      0.50690058
  4.300000      0.57373963
  4.400000      0.63991475
  4.500000      0.70299707
  4.600000      0.76275661
  4.700000      0.81806230
  4.800000      0.86637616
  4.900000      0.90835309
  5.000000      0.94267645
  5.100000      0.96861515
  5.200000      0.98774364
  5.300000      0.99902733
  5.400000      1.00000000
  5.500000      0.99321946
  5.600000      0.97971985
  5.700000      0.95931113
  5.800000      0.93134758
  5.900000      0.89614629
  6.000000      0.85500301
  6.100000      0.80848170
  6.200000      0.75579873
  6.300000      0.69801072
  6.400000      0.63534833
  6.500000      0.56705740
  6.600000      0.49679789
  6.700000      0.42481389
  6.800000      0.35094585
  6.900000      0.27782833
  7.000000      0.20593234
  7.100000      0.13571081
  7.200000      0.06760359
  7.300000      0.00263100
  7.400000     -0.05867237
  7.500000     -0.11745878
  7.600000     -0.17237489
  7.700000     -0.22337041
  7.800000     -0.26951913
  7.900000     -0.31140947
  8.000000     -0.34893850
  8.100000     -0.38027436
  8.200000     -0.40658077
  8.300000     -0.42938054
  8.400000     -0.44803180
  8.500000     -0.46330032
  8.600000     -0.47589608
  8.700000     -0.48484211
  8.800000     -0.49130718
  8.900000     -0.49608365
  9.000000     -0.49825601
  9.100000     -0.49740127
  9.200000     -0.49436940
  9.300000     -0.48995184
  9.400000     -0.48396566
  9.500000     -0.47674413
  9.600000     -0.46766385
  9.700000     -0.45832838
  9.800000     -0.44865885
  9.900000     -0.43798418
 10.000000     -0.42515729
 10.100000     -0.41310866
 10.200000     -0.40117456
 10.300000     -0.38961383
 10.400000     -0.37798283
 10.500000     -0.36529866
 10.600000     -0.35239296
 10.700000     -0.34021479
 10.800000     -0.32785228
 10.900000     -0.31667294
 11.000000     -0.30563895
 11.100000     -0.29570133
 11.200000     -0.28683356
 11.300000     -0.27902595
 11.400000     -0.27171376
 11.500000     -0.26446626
 11.600000     -0.25754242
 11.700000     -0.25098446
 11.800000     -0.24526133
 11.900000     -0.23926234
 12.000000     -0.23314739
 12.100000     -0.22724211
 12.200000     -0.22132782
 12.300000     -0.21517856
 12.400000     -0.20900402
 12.500000     -0.20263282
 12.600000     -0.19767367
 12.700000     -0.19250408
 12.800000     -0.18729498
 12.900000     -0.18282763
 13.000000     -0.17930836
 13.100000     -0.17650684
 13.200000     -0.17399318
 13.300000     -0.17110834
 13.400000     -0.16906659
 13.500000     -0.16750066
 13.600000     -0.16528292
 13.700000     -0.16292377
 13.800000     -0.16119459
 13.900000     -0.15923669
 14.000000     -0.15761715
 14.100000     -0.15683736
 14.200000     -0.15601796
 14.300000     -0.15470697
 14.400000     -0.15285010
 14.500000     -0.15094820
 14.600000     -0.14966700
 14.700000     -0.14829732
 14.800000     -0.14686999
 14.900000     -0.14565378
 15.000000     -0.14378977
 15.100000     -0.14161842
 15.200000     -0.13945285
 15.300000     -0.13766835
 15.400000     -0.13510539
 15.500000     -0.13090243
 15.600000     -0.12669339
 15.700000     -0.12253445
 15.800000     -0.11897472
 15.900000     -0.11587947
 16.000000     -0.11284345
 16.100000     -0.10984254
 16.200000     -0.10746419
 16.300000     -0.10401781
 16.400000     -0.10074825
 16.500000     -0.09778672
 16.600000     -0.09461604
 16.700000     -0.09202132
 16.800000     -0.08974392
 16.900000     -0.08762184
 17.000000     -0.08535628
 17.100000     -0.08351314
 17.200000     -0.08195086
 17.300000     -0.07931069
 17.400000     -0.07654117
 17.500000     -0.07441543
 17.600000     -0.07131427
 17.700000     -0.06817060
 17.800000     -0.06485227
 17.900000     -0.06172484
 18.000000     -0.05849915
 18.100000     -0.05525410
 18.200000     -0.05273922
 18.300000     -0.04982489
 18.400000     -0.04735912
 18.500000     -0.04544050
 18.600000     -0.04351201
 18.700000     -0.04181162
 18.800000     -0.03970902
 18.900000     -0.03784390
 19.000000     -0.03638166
 19.100000     -0.03494652
 19.200000     -0.03378781
 19.300000     -0.03269373
 19.400000     -0.03228088
 19.500000     -0.03234958
 19.600000     -0.03226149
 19.700000     -0.03155798
 19.800000     -0.03097256
 19.900000     -0.03030701
 20.000000     -0.02942839
 20.100000     -0.02870454
 20.200000     -0.02789204
 20.300000     -0.02681464
 20.400000     -0.02578020
 20.500000     -0.02422379
 20.600000     -0.02238472
 20.700000     -0.02093854
 20.800000     -0.01960945
 20.900000     -0.01798962
 21.000000     -0.01599844
 21.100000     -0.01484021
 21.200000     -0.01430815
 21.300000     -0.01301094
 21.400000     -0.01093106
 21.500000     -0.00938843
 21.600000     -0.00872395
 21.700000     -0.00748688
 21.800000     -0.00601469
 21.900000     -0.00514755
 22.000000     -0.00438036
 22.100000     -0.00425049
 22.200000     -0.00407421
 22.300000     -0.00363276
 22.400000     -0.00350844
 22.500000     -0.00333969
 22.600000     -0.00312420
 22.700000     -0.00317619
 22.800000     -0.00264803
 22.900000     -0.00270735
 23.000000     -0.00240144
 23.100000     -0.00242312
 23.200000     -0.00173801
 23.300000     -0.00062730
 23.400000     -0.00006791
 23.500000      0.00050558
 23.600000      0.00200808
 23.700000      0.00360815
 23.800000      0.00531660
 23.900000      0.00603668
 24.000000      0.00638125
 24.100000      0.00647669
 24.200000      0.00649044
 24.300000      0.00678583
 24.400000      0.00641792
 24.500000      0.00605983
 24.600000      0.00545326
 24.700000      0.00453001
 24.800000      0.00358284
 24.900000      0.00275539
 25.000000      0.00207705
 25.100000      0.00155628
 25.200000      0.00063167
 25.300000     -0.00004062
 25.400000     -0.00037944
 25.500000     -0.00021551
 25.600000      0.00006999
 25.700000      0.00041824
 25.800000      0.00123924
 25.900000      0.00145243
 26.000000      0.00160027
 26.100000      0.00187334
 26.200000      0.00196936
 26.300000      0.00255705
 26.400000      0.00372670
 26.500000      0.00420747
 26.600000      0.00427841
 26.700000      0.00456724
 26.800000      0.00479683
 26.900000      0.00476585
 27.000000      0.00502892
 27.100000      0.00547097
 27.200000      0.00619696
 27.300000      0.00653569
 27.400000      0.00745768
 27.500000      0.00902341
 27.600000      0.00965946
 27.700000      0.01038256
 27.800000      0.01095019
 27.900000      0.01169534
 28.000000      0.01202250
 28.100000      0.01212721
 28.200000      0.01256696
 28.300000      0.01243301
 28.400000      0.01272567
 28.500000      0.01286854
 28.600000      0.01295686
 28.700000      0.01315995
 28.800000      0.01276641
 28.900000      0.01233431
 29.000000      0.01220337
 29.100000      0.01143727
 29.200000      0.01101800
 29.300000      0.01108407
 29.400000      0.01096436
 29.500000      0.01072739
 29.600000      0.01076384
 29.700000      0.01117507
 29.800000      0.01150017
 29.900000      0.01181556
 30.000000      0.01254802
 30.100000      0.01351899
 30.200000      0.01421504
 30.300000      0.01445826
 30.400000      0.01435610
 30.500000      0.01444744
 30.600000      0.01467325
 30.700000      0.01475620
 30.800000      0.01448788
 30.900000      0.01429569
 31.000000      0.01404038
 31.100000      0.01382242
 31.200000      0.01399976
 31.300000      0.01446933
 31.400000      0.01429509
 31.500000      0.01367957
 31.600000      0.01326708
 31.700000      0.01303953
 31.800000      0.01228192
 31.900000      0.01154082
 32.000000      0.01055331
 32.100000      0.00955352
 32.200000      0.00914902
 32.300000      0.00871512
 32.400000      0.00814216
 32.500000      0.00741762
 32.600000      0.00695712
 32.700000      0.00659467
 32.800000      0.00638332
 32.900000      0.00614477
 33.000000      0.00573335
 33.100000      0.00518839
 33.200000      0.00474780
 33.300000      0.00417077
 33.400000      0.00384140
 33.500000      0.00327893
 33.600000      0.00202329
 33.700000      0.00095127
 33.800000      0.00058835
 33.900000      0.00039244
 34.000000      0.00025155
 34.100000      0.00001488
 34.200000     -0.00032190
 34.300000     -0.00049061
 34.400000     -0.00020168
 34.500000      0.00000177
 34.600000     -0.00000756
 34.700000     -0.00030962
 34.800000     -0.00050760
 34.900000     -0.00067153
 35.000000     -0.00099701
 35.100000     -0.00123179
 35.200000     -0.00132350
 35.300000     -0.00162598
 35.400000     -0.00209346
 35.500000     -0.00267108
 35.600000     -0.00306442
 35.700000     -0.00317320
 35.800000     -0.00313665
 35.900000     -0.00288336
 36.000000     -0.00229907
 36.100000     -0.00153300
 36.200000     -0.00078836
 36.300000     -0.00006600
 36.400000      0.00085028
 36.500000      0.00157617
 36.600000      0.00204312
 36.700000      0.00252250
 36.800000      0.00308013
 36.900000      0.00387881
 37.000000      0.00449459
 37.100000      0.00519710
 37.200000      0.00592313
 37.300000      0.00649593
 37.400000      0.00686255
 37.500000      0.00662048
 37.600000      0.00665218
 37.700000      0.00639985
 37.800000      0.00604353
 37.900000      0.00567405
 38.000000      0.00507314
 38.100000      0.00440033
 38.200000      0.00377450
 38.300000      0.00336198
 38.400000      0.00284736
 38.500000      0.00220024
 38.600000      0.00158682
 38.700000      0.00161929
 38.800000      0.00154928
 38.900000      0.00155456
 39.000000      0.00159384
 39.100000      0.00155827
 39.200000      0.00108357
 39.300000      0.00099262
 39.400000      0.00087761
 39.500000      0.00056288
 39.600000     -0.00019755
 39.700000     -0.00086442
 39.800000     -0.00115853
 39.900000     -0.00126887
