  0.000000     -0.99938565
  0.100000     -1.00000000
  0.200000     -0.99732688
  0.300000     -0.99465376
  0.400000     -0.99198064
  0.500000     -0.98930752
  0.600000     -0.98663440
  0.700000     -0.98396129
  0.800000     -0.98128817
  0.900000     -0.97861505
  1.000000     -0.97594193
  1.100000     -0.97326881
  1.200000     -0.97059569
  1.300000     -0.96792257
  1.400000     -0.96524945
  1.500000     -0.95724502
  1.600000     -0.94924059
  1.700000     -0.94123616
  1.800000     -0.93323173
  1.900000     -0.92522730
  2.000000     -0.91722287
  2.100000     -0.90921844
  2.200000     -0.90121401
  2.300000     -0.89320958
  2.400000     -0.88520515
  2.500000     -0.87720072
  2.600000     -0.86919629
  2.700000     -0.86119186
  2.800000     -0.84969922
  2.900000     -0.83646247
  3.000000     -0.82322572
  3.100000     -0.80998897
  3.200000     -0.79675222
  3.300000     -0.78351547
  3.400000     -0.77027872
  3.500000     -0.75704198
  3.600000     -0.74380523
  3.700000     -0.73056848
  3.800000     -0.71733173
  3.900000     -0.70409498
  4.000000     -0.69085823
  4.100000     -0.67605938
  4.200000     -0.65813631
  4.300000     -0.64021325
  4.400000     -0.62229019
  4.500000     -0.60436712
  4.600000     -0.58644406
  4.700000     -0.56852100
  4.800000     -0.55059793
  4.900000     -0.53267487
  5.000000     -0.51475181
  5.100000     -0.49682874
  5.200000     -0.47890568
  5.300000     -0.46098261
  5.400000     -0.44305955
  5.500000     -0.42153744
  5.600000     -0.40001534
  5.700000     -0.37849323
  5.800000     -0.35697113
  5.900000     -0.33544902
  6.000000     -0.31392692
  6.100000     -0.29240481
  6.200000     -0.27088270
  6.300000     -0.24936060
  6.400000     -0.22783849
  6.500000     -0.20631639
  6.600000     -0.18479428
  6.700000     -0.16327217
  6.800000     -0.14075568
  6.900000     -0.11774198
  7.000000     -0.09472829
  7.100000     -0.07171459
  7.200000     -0.04870090
  7.300000     -0.02568720
  7.400000     -0.00267351
  7.500000      0.02034019
  7.600000      0.04335388
  7.700000      0.06636758
  7.800000      0.08938127
  7.900000      0.11239497
  8.000000      0.13540866
  8.100000      0.15808240
  8.200000      0.18007624
  8.300000      0.20207007
  8.400000      0.22406391
  8.500000      0.24605774
  8.600000      0.26805158
  8.700000      0.29004541
  8.800000      0.31203925
  8.900000      0.33403308
  9.000000      0.35602692
  9.100000      0.37802075
  9.200000      0.40001459
  9.300000      0.42200843
  9.400000      0.44400226
  9.500000      0.46268011
  9.600000      0.48135795
  9.700000      0.50003580
  9.800000      0.51871365
  9.900000      0.53739149
 10.000000      0.55606934
 10.100000      0.57474719
 10.200000      0.59342503
 10.300000      0.61210288
 10.400000      0.63078072
 10.500000      0.64945857
 10.600000      0.66813642
 10.700000      0.68681426
 10.800000      0.70113098
 10.900000      0.71326714
 11.000000      0.72540329
 11.100000      0.73753945
 11.200000      0.74967560
 11.300000      0.76181175
 11.400000      0.77394791
 11.500000      0.78608406
 11.600000      0.79822022
 11.700000      0.81035637
 11.800000      0.82249252
 11.900000      0.83462868
 12.000000      0.84676483
 12.100000      0.85582260
 12.200000      0.85872360
 12.300000      0.86162460
 12.400000      0.86452560
 12.500000      0.86742660
 12.600000      0.87032759
 12.700000      0.87322859
 12.800000      0.87612959
 12.900000      0.87903059
 13.000000      0.88193159
 13.100000      0.88483259
 13.200000      0.88773359
 13.300000      0.89063458
 13.400000      0.89353558
 13.500000      0.88639368
 13.600000      0.87925177
 13.700000      0.87210986
 13.800000      0.86496795
 13.900000      0.85782605
 14.000000      0.85068414
 14.100000      0.84354223
 14.200000      0.83640032
 14.300000      0.82925842
 14.400000      0.82211651
 14.500000      0.81497460
 14.600000      0.80783270
 14.700000      0.80069079
 14.800000      0.78749481
 14.900000      0.77127179
 15.000000      0.75504878
 15.100000      0.73882576
 15.200000      0.72260274
 15.300000      0.70637973
 15.400000      0.69015671
 15.500000      0.67393369
 15.600000      0.65771068
 15.700000      0.64148766
 15.800000      0.62526464
 15.900000      0.60904163
 16.000000      0.59281861
 16.100000      0.57431509
 16.200000      0.55125055
 16.300000      0.52818602
 16.400000      0.50512148
 16.500000      0.48205695
 16.600000      0.45899241
 16.700000      0.43592788
 16.800000      0.41286334
 16.900000      0.38979881
 17.000000      0.36673427
 17.100000      0.34366973
 17.200000      0.32060520
 17.300000      0.29754066
 17.400000      0.27447613
 17.500000      0.24848865
 17.600000      0.22250116
 17.700000      0.19651368
 17.800000      0.17052620
 17.900000      0.14453871
 18.000000      0.11855123
 18.100000      0.09256375
 18.200000      0.06657626
 18.300000      0.04058878
 18.400000      0.01460130
 18.500000     -0.01138619
 18.600000     -0.03737367
 18.700000     -0.06336115
 18.800000     -0.08802684
 18.900000     -0.11203162
 19.000000     -0.13603640
 19.100000     -0.16004119
 19.200000     -0.18404597
 19.300000     -0.20805076
 19.400000     -0.23205554
 19.500000     -0.25606032
 19.600000     -0.28006511
 19.700000     -0.30406989
 19.800000     -0.32807467
 19.900000     -0.35207946
 20.000000     -0.37608424
 20.100000     -0.39803210
 20.200000     -0.41586613
 20.300000     -0.43370015
 20.400000     -0.45153417
 20.500000     -0.46936819
 20.600000     -0.48720222
 20.700000     -0.50503624
 20.800000     -0.52287026
 20.900000     -0.54070428
 21.000000     -0.55853831
 21.100000     -0.57637233
 21.200000     -0.59420635
 21.300000     -0.61204037
 21.400000     -0.62987440
 21.500000     -0.63916260
 21.600000     -0.64845080
 21.700000     -0.65773901
 21.800000     -0.66702721
 21.900000     -0.67631541
 22.000000     -0.68560362
 22.100000     -0.69489182
 22.200000     -0.70418002
 22.300000     -0.71346822
 22.400000     -0.72275643
 22.500000     -0.73204463
 22.600000     -0.74133283
 22.700000     -0.75062104
 22.800000     -0.75347260
 22.900000     -0.75310584
 23.000000     -0.75273908
 23.100000     -0.75237233
 23.200000     -0.75200557
 23.300000     -0.75163881
 23.400000     -0.75127205
 23.500000     -0.75090529
 23.600000     -0.75053854
 23.700000     -0.75017178
 23.800000     -0.74980502
 23.900000     -0.74943826
 24.000000     -0.74907151
 24.100000     -0.74583197
 24.200000     -0.73684689
 24.300000     -0.72786180
 24.400000     -0.71887671
 24.500000     -0.70989163
 24.600000     -0.70090654
 24.700000     -0.69192145
 24.800000     -0.68293637
 24.900000     -0.67395128
 25.000000     -0.66496620
 25.100000     -0.65598111
 25.200000     -0.64699602
 25.300000     -0.63801094
 25.400000     -0.62902585
 25.500000     -0.61453394
 25.600000     -0.60004203
 25.700000     -0.58555012
 25.800000     -0.57105821
 25.900000     -0.55656629
 26.000000     -0.54207438
 26.100000     -0.52758247
 26.200000     -0.51309056
 26.300000     -0.49859865
 26.400000     -0.48410674
 26.500000     -0.46961483
 26.600000     -0.45512292
 26.700000     -0.44063100
 26.800000     -0.42442964
 26.900000     -0.40737356
 27.000000     -0.39031747
 27.100000     -0.37326138
 27.200000     -0.35620530
 27.300000     -0.33914921
 27.400000     -0.32209312
 27.500000     -0.30503704
 27.600000     -0.28798095
 27.700000     -0.27092486
 27.800000     -0.25386878
 27.900000     -0.23681269
 28.000000     -0.21975660
 28.100000     -0.20298100
 28.200000     -0.18676637
 28.300000     -0.17055174
 28.400000     -0.15433711
 28.500000     -0.13812248
 28.600000     -0.12190785
 28.700000     -0.10569322
 28.800000     -0.08947859
 28.900000     -0.07326396
 29.000000     -0.05704933
 29.100000     -0.04083470
 29.200000     -0.02462007
 29.300000     -0.00840544
 29.400000      0.00780919
 29.500000      0.02093334
 29.600000      0.03405749
 29.700000      0.04718165
 29.800000      0.06030580
 29.900000      0.07342995
 30.000000      0.08655411
 30.100000      0.09967826
 30.200000      0.11280241
 30.300000      0.12592657
 30.400000      0.13905072
 30.500000      0.15217487
 30.600000      0.16529903
 30.700000      0.17842318
 30.800000      0.18923165
 30.900000      0.19888228
 31.000000      0.20853290
 31.100000      0.21818353
 31.200000      0.22783416
 31.300000      0.23748479
 31.400000      0.24713541
 31.500000      0.25678604
 31.600000      0.26643667
 31.700000      0.27608729
 31.800000      0.28573792
 31.900000      0.29538855
 32.000000      0.30503918
 32.100000      0.31350834
 32.200000      0.31961458
 32.300000      0.32572082
 32.400000      0.33182705
 32.500000      0.33793329
 32.600000      0.34403953
 32.700000      0.35014577
 32.800000      0.35625200
 32.900000      0.36235824
 33.000000      0.36846448
 33.100000      0.37457072
 33.200000      0.38067695
 33.300000      0.38678319
 33.400000      0.39288943
 33.500000      0.39625413
 33.600000      0.39961883
 33.700000      0.40298354
 33.800000      0.40634824
 33.900000      0.40971294
 34.000000      0.41307764
 34.100000      0.41644235
 34.200000      0.41980705
 34.300000      0.42317175
 34.400000      0.42653645
 34.500000      0.42990116
 34.600000      0.43326586
 34.700000      0.43663056
 34.800000      0.43903073
 34.900000      0.44094862
 35.000000      0.44286651
 35.100000      0.44478441
 35.200000      0.44670230
 35.300000      0.44862020
 35.400000      0.45053809
 35.500000      0.45245599
 35.600000      0.45437388
 35.700000      0.45629178
 35.800000      0.45820967
 35.900000      0.46012757
 36.000000      0.46204546
 36.100000      0.46355801
 36.200000      0.46425987
 36.300000      0.46496172
 36.400000      0.46566358
 36.500000      0.46636543
 36.600000      0.46706729
 36.700000      0.46776915
 36.800000      0.46847100
 36.900000      0.46917286
 37.000000      0.46987471
 37.100000      0.47057657
 37.200000      0.47127843
 37.300000      0.47198028
 37.400000      0.47268214
 37.500000      0.47247199
 37.600000      0.47226185
 37.700000      0.47205171
 37.800000      0.47184156
 37.900000      0.47163142
 38.000000      0.47142128
 38.100000      0.47121113
 38.200000      0.47100099
 38.300000      0.47079085
 38.400000      0.47058070
 38.500000      0.47037056
 38.600000      0.47016042
 38.700000      0.46995027
 38.800000      0.46922694
 38.900000      0.46824700
 39.000000      0.46726707
 39.100000      0.46628713
 39.200000      0.46530720
 39.300000      0.46432727
 39.400000      0.46334733
 39.500000      0.46236740
 39.600000      0.46138747
 39.700000      0.46040753
 39.800000      0.45942760
 39.900000      0.45844766
