  0.000000      0.00505399
  0.100000      0.00149508
  0.200000     -0.00192884
  0.300000     -0.00486701
  0.400000     -0.00706494
  0.500000     -0.00961032
  0.600000     -0.01208651
  0.700000     -0.01366056
  0.800000     -0.01527030
  0.900000     -0.01688982
  1.000000     -0.01849322
  1.100000     -0.01997208
  1.200000     -0.02180301
  1.300000     -0.02406611
  1.400000     -0.02618909
  1.500000     -0.02822936
  1.600000     -0.03056917
  1.700000     -0.03326614
  1.800000     -0.03572564
  1.900000     -0.03767701
  2.000000     -0.03963048
  2.100000     -0.04175800
  2.200000     -0.04350677
  2.300000     -0.04429774
  2.400000     -0.04456515
  2.500000     -0.04461674
  2.600000     -0.04481107
  2.700000     -0.04511093
  2.800000     -0.04528939
  2.900000     -0.04541716
  3.000000     -0.04548197
  3.100000     -0.04553831
  3.200000     -0.04537187
  3.300000     -0.04512010
  3.400000     -0.04467435
  3.500000     -0.04395028
  3.600000     -0.04298062
  3.700000     -0.04247236
  3.800000     -0.04221489
  3.900000     -0.04130009
  4.000000     -0.04012884
  4.100000     -0.03944229
  4.200000     -0.03907399
  4.300000     -0.03883058
  4.400000     -0.03799964
  4.500000     -0.03697766
  4.600000     -0.03618690
  4.700000     -0.03536453
  4.800000     -0.03506709
  4.900000     -0.03511633
  5.000000     -0.03509895
  5.100000     -0.03504576
  5.200000     -0.03540008
  5.300000     -0.03648975
  5.400000     -0.03769631
  5.500000     -0.03893683
  5.600000     -0.04008280
  5.700000     -0.04151323
  5.800000     -0.04302900
  5.900000     -0.04388207
  6.000000     -0.04447281
  6.100000     -0.04479579
  6.200000     -0.04463595
  6.300000     -0.04424892
  6.400000     -0.04379205
  6.500000     -0.04328459
  6.600000     -0.04267107
  6.700000     -0.04185854
  6.800000     -0.04089375
  6.900000     -0.03970071
  7.000000     -0.03835677
  7.100000     -0.03668749
  7.200000     -0.03503352
  7.300000     -0.03309165
  7.400000     -0.03064063
  7.500000     -0.02769408
  7.600000     -0.02435199
  7.700000     -0.02033766
  7.800000     -0.01573201
  7.900000     -0.01125378
  8.000000     -0.00693471
  8.100000     -0.00257317
  8.200000      0.00227547
  8.300000      0.00716526
  8.400000      0.01297880
  8.500000      0.01934685
  8.600000      0.02524313
  8.700000      0.03149236
  8.800000      0.03794207
  8.900000      0.04440184
  9.000000      0.05055822
  9.100000      0.05739997
  9.200000      0.06465321
  9.300000      0.07200965
  9.400000      0.07929822
  9.500000      0.08662434
  9.600000      0.09450266
  9.700000      0.10253114
  9.800000      0.11034739
  9.900000      0.11800138
 10.000000      0.12589600
 10.100000      0.13380644
 10.200000      0.14164909
 10.300000      0.14989116
 10.400000      0.15870911
 10.500000      0.16817481
 10.600000      0.17767146
 10.700000      0.18725612
 10.800000      0.19768204
 10.900000      0.20871237
 11.000000      0.21995561
 11.100000      0.23152668
 11.200000      0.24377708
 11.300000      0.25695800
 11.400000      0.27055258
 11.500000      0.28403895
 11.600000      0.29790445
 11.700000      0.31220902
 11.800000      0.32759485
 11.900000      0.34392253
 12.000000      0.36080489
 12.100000      0.37808014
 12.200000      0.39601348
 12.300000      0.41441938
 12.400000      0.43310017
 12.500000      0.45208768
 12.600000      0.47169416
 12.700000      0.49195888
 12.800000      0.51276632
 12.900000      0.53378869
 13.000000      0.55464529
 13.100000      0.57581272
 13.200000      0.59767096
 13.300000      0.61981962
 13.400000      0.64182481
 13.500000      0.66363210
 13.600000      0.68484328
 13.700000      0.70598075
 13.800000      0.72674573
 13.900000      0.74733599
 14.000000      0.76732125
 14.100000      0.78707193
 14.200000      0.80641685
 14.300000      0.82499810
 14.400000      0.84262548
 14.500000      0.85936430
 14.600000      0.87475738
 14.700000      0.88863268
 14.800000      0.90191091
 14.900000      0.91365888
 15.000000      0.92361800
 15.100000      0.93259197
 15.200000      0.94053817
 15.300000      0.94746594
 15.400000      0.95350026
 15.500000      0.95875595
 15.600000      0.96347531
 15.700000      0.96790200
 15.800000      0.97204212
 15.900000      0.97566432
 16.000000      0.97899339
 16.100000      0.98274973
 16.200000      0.98582191
 16.300000      0.98868026
 16.400000      0.99184207
 16.500000      0.99436148
 16.600000      0.99666878
 16.700000      0.99806517
 16.800000      0.99922081
 16.900000      0.99990797
 17.000000      1.00000000
 17.100000      0.99931311
 17.200000      0.99760000
 17.300000      0.99566903
 17.400000      0.99298401
 17.500000      0.98920451
 17.600000      0.98458839
 17.700000      0.97914827
 17.800000      0.97304282
 17.900000      0.96622950
 18.000000      0.95870778
 18.100000      0.95087778
 18.200000      0.94318042
 18.300000      0.93526673
 18.400000      0.92746036
 18.500000      0.91961625
 18.600000      0.91170468
 18.700000      0.90353614
 18.800000      0.89533145
 18.900000      0.88693679
 19.000000      0.87902838
 19.100000      0.87076542
 19.200000      0.86213643
 19.300000      0.85305796
 19.400000      0.84349741
 19.500000      0.83361295
 19.600000      0.82233700
 19.700000      0.81033325
 19.800000      0.79769067
 19.900000      0.78465817
 20.000000      0.77075877
 20.100000      0.75615098
 20.200000      0.74085152
 20.300000      0.72459423
 20.400000      0.70810763
 20.500000      0.69041056
 20.600000      0.67170509
 20.700000      0.65187460
 20.800000      0.63069847
 20.900000      0.60791524
 21.000000      0.58335730
 21.100000      0.55717058
 21.200000      0.52927611
 21.300000      0.49983915
 21.400000      0.46877710
 21.500000      0.43594510
 21.600000      0.40149670
 21.700000      0.36583377
 21.800000      0.32880566
 21.900000      0.29091982
 22.000000      0.25246123
 22.100000      0.21427894
 22.200000      0.17650068
 22.300000      0.13887486
 22.400000      0.10136135
 22.500000      0.06491627
 22.600000      0.03030781
 22.700000     -0.00283690
 22.800000     -0.03506968
 22.900000     -0.06614957
 23.000000     -0.09547110
 23.100000     -0.12271029
 23.200000     -0.14865776
 23.300000     -0.17343871
 23.400000     -0.19674773
 23.500000     -0.21841603
 23.600000     -0.23812595
 23.700000     -0.25625581
 23.800000     -0.27227849
 23.900000     -0.28649917
 24.000000     -0.29962976
 24.100000     -0.31117408
 24.200000     -0.32111680
 24.300000     -0.32900050
 24.400000     -0.33611774
 24.500000     -0.34210432
 24.600000     -0.34686661
 24.700000     -0.35053511
 24.800000     -0.35313726
 24.900000     -0.35479124
 25.000000     -0.35503971
 25.100000     -0.35404934
 25.200000     -0.35218124
 25.300000     -0.35040470
 25.400000     -0.34872390
 25.500000     -0.34727376
 25.600000     -0.34577249
 25.700000     -0.34427595
 25.800000     -0.34356667
 25.900000     -0.34374229
 26.000000     -0.34507958
 26.100000     -0.34768830
 26.200000     -0.35170384
 26.300000     -0.35679447
 26.400000     -0.36250243
 26.500000     -0.36918945
 26.600000     -0.37751721
 26.700000     -0.38704694
 26.800000     -0.39740894
 26.900000     -0.40797792
 27.000000     -0.41941715
 27.100000     -0.43130483
 27.200000     -0.44341652
 27.300000     -0.45602554
 27.400000     -0.46871724
 27.500000     -0.48129996
 27.600000     -0.49348788
 27.700000     -0.50519811
 27.800000     -0.51660133
 27.900000     -0.52712014
 28.000000     -0.53705850
 28.100000     -0.54593299
 28.200000     -0.55399795
 28.300000     -0.56118927
 28.400000     -0.56688073
 28.500000     -0.57111717
 28.600000     -0.57418941
 28.700000     -0.57589055
 28.800000     -0.57654315
 28.900000     -0.57591370
 29.000000     -0.57428302
 29.100000     -0.57169701
 29.200000     -0.56858791
 29.300000     -0.56467511
 29.400000     -0.55951888
 29.500000     -0.55323938
 29.600000     -0.54585083
 29.700000     -0.53794420
 29.800000     -0.52944992
 29.900000     -0.52006143
 30.000000     -0.50980465
 30.100000     -0.49888024
 30.200000     -0.48780198
 30.300000     -0.47561870
 30.400000     -0.46280931
 30.500000     -0.44978617
 30.600000     -0.43720602
 30.700000     -0.42465645
 30.800000     -0.41205928
 30.900000     -0.39956063
 31.000000     -0.38763461
 31.100000     -0.37692988
 31.200000     -0.36728983
 31.300000     -0.35824888
 31.400000     -0.34973812
 31.500000     -0.34197008
 31.600000     -0.33515010
 31.700000     -0.32953463
 31.800000     -0.32478263
 31.900000     -0.32019800
 32.000000     -0.31534464
 32.100000     -0.31084312
 32.200000     -0.30724297
 32.300000     -0.30422899
 32.400000     -0.30101455
 32.500000     -0.29770190
 32.600000     -0.29455522
 32.700000     -0.29233547
 32.800000     -0.29084744
 32.900000     -0.28879559
 33.000000     -0.28641883
 33.100000     -0.28478162
 33.200000     -0.28321640
 33.300000     -0.28135694
 33.400000     -0.27984016
 33.500000     -0.27860265
 33.600000     -0.27780039
 33.700000     -0.27726089
 33.800000     -0.27657973
 33.900000     -0.27642522
 34.000000     -0.27740699
 34.100000     -0.27940540
 34.200000     -0.28169514
 34.300000     -0.28445253
 34.400000     -0.28777464
 34.500000     -0.29144794
 34.600000     -0.29527507
 34.700000     -0.29925188
 34.800000     -0.30301452
 34.900000     -0.30700098
 35.000000     -0.31149021
 35.100000     -0.31588969
 35.200000     -0.32042112
 35.300000     -0.32554748
 35.400000     -0.33086331
 35.500000     -0.33569699
 35.600000     -0.33984273
 35.700000     -0.34456621
 35.800000     -0.34929586
 35.900000     -0.35350729
 36.000000     -0.35711678
 36.100000     -0.36098866
 36.200000     -0.36435834
 36.300000     -0.36749762
 36.400000     -0.36962855
 36.500000     -0.37136123
 36.600000     -0.37266406
 36.700000     -0.37402852
 36.800000     -0.37510255
 36.900000     -0.37630725
 37.000000     -0.37737311
 37.100000     -0.37817188
 37.200000     -0.37903662
 37.300000     -0.37948493
 37.400000     -0.37935453
 37.500000     -0.37915838
 37.600000     -0.37890691
 37.700000     -0.37832223
 37.800000     -0.37690883
 37.900000     -0.37542672
 38.000000     -0.37404324
 38.100000     -0.37192826
 38.200000     -0.36864931
 38.300000     -0.36472557
 38.400000     -0.36111739
 38.500000     -0.35758643
 38.600000     -0.35467978
 38.700000     -0.35167740
 38.800000     -0.34833981
 38.900000     -0.34502296
 39.000000     -0.34114328
 39.100000     -0.33707509
 39.200000     -0.33284172
 39.300000     -0.32830983
 39.400000     -0.32367157
 39.500000     -0.31851489
 39.600000     -0.31321312
 39.700000     -0.30783579
 39.800000     -0.30189631
 39.900000     -0.29588909
