  0.000000      0.02885245
  0.100000      0.02956736
  0.200000      0.03000220
  0.300000      0.02962526
  0.400000      0.02886577
  0.500000      0.02794879
  0.600000      0.02702708
  0.700000      0.02593189
  0.800000      0.02453757
  0.900000      0.02260262
  1.000000      0.02069534
  1.100000      0.01871901
  1.200000      0.01689366
  1.300000      0.01575411
  1.400000      0.01519399
  1.500000      0.01546867
  1.600000      0.01628818
  1.700000      0.01746936
  1.800000      0.01988828
  1.900000      0.02222231
  2.000000      0.02377411
  2.100000      0.02494327
  2.200000      0.02625449
  2.300000      0.02708672
  2.400000      0.02731494
  2.500000      0.02724323
  2.600000      0.02717161
  2.700000      0.02690868
  2.800000      0.02616690
  2.900000      0.02500172
  3.000000      0.02358448
  3.100000      0.02205573
  3.200000      0.02063361
  3.300000      0.01946883
  3.400000      0.01814170
  3.500000      0.01660511
  3.600000      0.01547208
  3.700000      0.01519753
  3.800000      0.01623252
  3.900000      0.01630103
  4.000000      0.01453277
  4.100000      0.01203849
  4.200000      0.00969531
  4.300000      0.00915488
  4.400000      0.00876766
  4.500000      0.00727975
  4.600000      0.00713971
  4.700000      0.00820292
  4.800000      0.00786076
  4.900000      0.00637908
  5.000000      0.00521898
  5.100000      0.00460961
  5.200000      0.00355484
  5.300000      0.00163806
  5.400000     -0.00055150
  5.500000     -0.00323428
  5.600000     -0.00572367
  5.700000     -0.00749161
  5.800000     -0.00923480
  5.900000     -0.00967607
  6.000000     -0.00784664
  6.100000     -0.00512828
  6.200000     -0.00503008
  6.300000     -0.00544858
  6.400000     -0.00494502
  6.500000     -0.00507140
  6.600000     -0.00586372
  6.700000     -0.00730349
  6.800000     -0.01064191
  6.900000     -0.01472455
  7.000000     -0.01794806
  7.100000     -0.02099400
  7.200000     -0.02567460
  7.300000     -0.03045131
  7.400000     -0.03496332
  7.500000     -0.03942481
  7.600000     -0.04118580
  7.700000     -0.04276665
  7.800000     -0.04311181
  7.900000     -0.04140462
  8.000000     -0.03929480
  8.100000     -0.03731896
  8.200000     -0.03357587
  8.300000     -0.03065198
  8.400000     -0.03086435
  8.500000     -0.03173395
  8.600000     -0.03322571
  8.700000     -0.03371155
  8.800000     -0.03352311
  8.900000     -0.03238104
  9.000000     -0.03203454
  9.100000     -0.03031660
  9.200000     -0.02740619
  9.300000     -0.02500304
  9.400000     -0.02559114
  9.500000     -0.02753874
  9.600000     -0.02870819
  9.700000     -0.02764173
  9.800000     -0.02833885
  9.900000     -0.02933646
 10.000000     -0.02966956
 10.100000     -0.02810656
 10.200000     -0.02766471
 10.300000     -0.02911718
 10.400000     -0.03051378
 10.500000     -0.03020093
 10.600000     -0.03060779
 10.700000     -0.03000745
 10.800000     -0.02867182
 10.900000     -0.02721936
 11.000000     -0.02194933
 11.100000     -0.01648555
 11.200000     -0.01149321
 11.300000     -0.00444349
 11.400000      0.00230611
 11.500000      0.00873698
 11.600000      0.01550635
 11.700000      0.02380533
 11.800000      0.03362247
 11.900000      0.04226910
 12.000000      0.04981794
 12.100000      0.05532478
 12.200000      0.05895688
 12.300000      0.06191033
 12.400000      0.06026289
 12.500000      0.05669960
 12.600000      0.05024876
 12.700000      0.04241249
 12.800000      0.03370302
 12.900000      0.02329197
 13.000000      0.01202352
 13.100000      0.00285139
 13.200000     -0.00707595
 13.300000     -0.01486598
 13.400000     -0.02186377
 13.500000     -0.03161554
 13.600000     -0.04480911
 13.700000     -0.05484513
 13.800000     -0.06398694
 13.900000     -0.06941275
 14.000000     -0.07450845
 14.100000     -0.07953392
 14.200000     -0.08496770
 14.300000     -0.08790478
 14.400000     -0.09178345
 14.500000     -0.09585098
 14.600000     -0.10000823
 14.700000     -0.10517255
 14.800000     -0.10873755
 14.900000     -0.11361667
 15.000000     -0.11991335
 15.100000     -0.12744095
 15.200000     -0.12997641
 15.300000     -0.12922502
 15.400000     -0.12773663
 15.500000     -0.12279303
 15.600000     -0.11755634
 15.700000     -0.11183863
 15.800000     -0.10773415
 15.900000     -0.10171090
 16.000000     -0.09770036
 16.100000     -0.09318672
 16.200000     -0.08578572
 16.300000     -0.07862983
 16.400000     -0.06844271
 16.500000     -0.05828108
 16.600000     -0.05204632
 16.700000     -0.04419010
 16.800000     -0.03353321
 16.900000     -0.02354857
 17.000000     -0.01619163
 17.100000     -0.01024735
 17.200000     -0.00411134
 17.300000      0.00062568
 17.400000      0.00915864
 17.500000      0.02030704
 17.600000      0.02733650
 17.700000      0.03426622
 17.800000      0.04204858
 17.900000      0.04670264
 18.000000      0.05308706
 18.100000      0.05940852
 18.200000      0.06461084
 18.300000      0.06949450
 18.400000      0.07500073
 18.500000      0.07637393
 18.600000      0.08070255
 18.700000      0.08117360
 18.800000      0.08094667
 18.900000      0.07642540
 19.000000      0.06957420
 19.100000      0.05060600
 19.200000      0.02697839
 19.300000      0.01752231
 19.400000      0.01912406
 19.500000      0.01557033
 19.600000      0.00747592
 19.700000     -0.00445126
 19.800000     -0.01468143
 19.900000     -0.02130277
 20.000000     -0.02639685
 20.100000     -0.04104701
 20.200000     -0.06139172
 20.300000     -0.08383141
 20.400000     -0.09665776
 20.500000     -0.09542760
 20.600000     -0.09185944
 20.700000     -0.09399876
 20.800000     -0.10599669
 20.900000     -0.12373373
 21.000000     -0.14630414
 21.100000     -0.17554004
 21.200000     -0.20107276
 21.300000     -0.22366964
 21.400000     -0.23861481
 21.500000     -0.24940821
 21.600000     -0.26344138
 21.700000     -0.28043883
 21.800000     -0.29532721
 21.900000     -0.30685728
 22.000000     -0.31149030
 22.100000     -0.31430728
 22.200000     -0.31613627
 22.300000     -0.30705610
 22.400000     -0.29650884
 22.500000     -0.28240963
 22.600000     -0.26148627
 22.700000     -0.23196114
 22.800000     -0.19833893
 22.900000     -0.15361871
 23.000000     -0.09892597
 23.100000     -0.03312817
 23.200000      0.03615317
 23.300000      0.10958611
 23.400000      0.18671657
 23.500000      0.26942794
 23.600000      0.34841416
 23.700000      0.43120737
 23.800000      0.52048815
 23.900000      0.60596291
 24.000000      0.69175539
 24.100000      0.76315624
 24.200000      0.82503837
 24.300000      0.87454605
 24.400000      0.90972431
 24.500000      0.94380098
 24.600000      0.96928547
 24.700000      0.98485456
 24.800000      0.99717753
 24.900000      1.00000000
 25.000000      0.99379586
 25.100000      0.97657882
 25.200000      0.95288126
 25.300000      0.91481305
 25.400000      0.85935898
 25.500000      0.79427506
 25.600000      0.72395563
 25.700000      0.64784030
 25.800000      0.55753944
 25.900000      0.46560707
 26.000000      0.36784353
 26.100000      0.27344832
 26.200000      0.19147369
 26.300000      0.12148155
 26.400000      0.06329088
 26.500000      0.00673268
 26.600000     -0.04324107
 26.700000     -0.07764825
 26.800000     -0.10978756
 26.900000     -0.14153617
 27.000000     -0.17212343
 27.100000     -0.19674012
 27.200000     -0.21931373
 27.300000     -0.24368338
 27.400000     -0.27182028
 27.500000     -0.29766389
 27.600000     -0.31995920
 27.700000     -0.33650346
 27.800000     -0.33975363
 27.900000     -0.33866437
 28.000000     -0.32829176
 28.100000     -0.30686856
 28.200000     -0.28587789
 28.300000     -0.26242812
 28.400000     -0.24196752
 28.500000     -0.21758616
 28.600000     -0.19654362
 28.700000     -0.17295436
 28.800000     -0.15714260
 28.900000     -0.13912770
 29.000000     -0.11997969
 29.100000     -0.10420986
 29.200000     -0.08902276
 29.300000     -0.07677314
 29.400000     -0.06950574
 29.500000     -0.06808871
 29.600000     -0.06813177
 29.700000     -0.06773838
 29.800000     -0.06044504
 29.900000     -0.05780052
 30.000000     -0.05629966
 30.100000     -0.05693189
 30.200000     -0.05763464
 30.300000     -0.05929396
 30.400000     -0.06292725
 30.500000     -0.06790796
 30.600000     -0.06969961
 30.700000     -0.07695196
 30.800000     -0.08374074
 30.900000     -0.08786682
 31.000000     -0.09558655
 31.100000     -0.09611967
 31.200000     -0.09522532
 31.300000     -0.09570493
 31.400000     -0.09389602
 31.500000     -0.09560969
 31.600000     -0.10111268
 31.700000     -0.10582495
 31.800000     -0.10840552
 31.900000     -0.10370809
 32.000000     -0.10101717
 32.100000     -0.11432630
 32.200000     -0.12642407
 32.300000     -0.13648693
 32.400000     -0.14373826
 32.500000     -0.15325927
 32.600000     -0.14767384
 32.700000     -0.14295930
 32.800000     -0.13010519
 32.900000     -0.12134696
 33.000000     -0.10917491
 33.100000     -0.10343797
 33.200000     -0.10094045
 33.300000     -0.09332945
 33.400000     -0.08917096
 33.500000     -0.09049272
 33.600000     -0.09527796
 33.700000     -0.10006085
 33.800000     -0.10644034
 33.900000     -0.11020974
 34.000000     -0.12316656
 34.100000     -0.14096163
 34.200000     -0.15420798
 34.300000     -0.16844743
 34.400000     -0.18935010
 34.500000     -0.19469684
 34.600000     -0.19620323
 34.700000     -0.19567933
 34.800000     -0.19367280
 34.900000     -0.18894905
 35.000000     -0.18453235
 35.100000     -0.17044035
 35.200000     -0.15598005
 35.300000     -0.13938230
 35.400000     -0.11857244
 35.500000     -0.11573225
 35.600000     -0.11340822
 35.700000     -0.11084889
 35.800000     -0.10990649
 35.900000     -0.10898158
 36.000000     -0.10771106
 36.100000     -0.10875857
 36.200000     -0.10922115
 36.300000     -0.10714697
 36.400000     -0.10060253
 36.500000     -0.09397353
 36.600000     -0.08962366
 36.700000     -0.08663430
 36.800000     -0.08252083
 36.900000     -0.07843551
 37.000000     -0.07656125
 37.100000     -0.07726654
 37.200000     -0.07917324
 37.300000     -0.08117538
 37.400000     -0.08462425
 37.500000     -0.08979514
 37.600000     -0.09655926
 37.700000     -0.10136362
 37.800000     -0.10698134
 37.900000     -0.11337136
 38.000000     -0.11954944
 38.100000     -0.12533858
 38.200000     -0.13104721
 38.300000     -0.13703765
 38.400000     -0.14331090
 38.500000     -0.14900168
 38.600000     -0.15423080
 38.700000     -0.16003110
 38.800000     -0.16664929
 38.900000     -0.17213780
 39.000000     -0.17666415
 39.100000     -0.18118490
 39.200000     -0.18622702
 39.300000     -0.19144604
 39.400000     -0.19622040
 39.500000     -0.20066876
 39.600000     -0.20538559
 39.700000     -0.20977532
 39.800000     -0.21350323
 39.900000     -0.21629229
