  0.000000      0.02479000
  0.100000      0.02463678
  0.200000      0.02420839
  0.300000      0.02351665
  0.400000      0.02266441
  0.500000      0.02173693
  0.600000      0.02053314
  0.700000      0.01939806
  0.800000      0.01804448
  0.900000      0.01697463
  1.000000      0.01582710
  1.100000      0.01456996
  1.200000      0.01303086
  1.300000      0.01191254
  1.400000      0.01120388
  1.500000      0.01085870
  1.600000      0.01070641
  1.700000      0.01075036
  1.800000      0.01064186
  1.900000      0.01036550
  2.000000      0.01006529
  2.100000      0.00975223
  2.200000      0.00945445
  2.300000      0.00881125
  2.400000      0.00783209
  2.500000      0.00662386
  2.600000      0.00573952
  2.700000      0.00494369
  2.800000      0.00406261
  2.900000      0.00336009
  3.000000      0.00246764
  3.100000      0.00176321
  3.200000      0.00123159
  3.300000      0.00105292
  3.400000      0.00062016
  3.500000      0.00020711
  3.600000      0.00037230
  3.700000      0.00067089
  3.800000      0.00124150
  3.900000      0.00200655
  4.000000      0.00306121
  4.100000      0.00440001
  4.200000      0.00611406
  4.300000      0.00765303
  4.400000      0.00867761
  4.500000      0.00970707
  4.600000      0.01098059
  4.700000      0.01182346
  4.800000      0.01326745
  4.900000      0.01503622
  5.000000      0.01672818
  5.100000      0.01895920
  5.200000      0.02082161
  5.300000      0.02268224
  5.400000      0.02480039
  5.500000      0.02693087
  5.600000      0.02814085
  5.700000      0.02934211
  5.800000      0.03065635
  5.900000      0.03115524
  6.000000      0.03148561
  6.100000      0.03286500
  6.200000      0.03350133
  6.300000      0.03373963
  6.400000      0.03379797
  6.500000      0.03310013
  6.600000      0.03110302
  6.700000      0.02792694
  6.800000      0.02402652
  6.900000      0.02018748
  7.000000      0.01714321
  7.100000      0.01366024
  7.200000      0.00941376
  7.300000      0.00495951
  7.400000      0.00077979
  7.500000     -0.00348193
  7.600000     -0.00748660
  7.700000     -0.01021720
  7.800000     -0.01223803
  7.900000     -0.01354070
  8.000000     -0.01372566
  8.100000     -0.01346897
  8.200000     -0.01280058
  8.300000     -0.01166910
  8.400000     -0.01059676
  8.500000     -0.00893190
  8.600000     -0.00783622
  8.700000     -0.00633044
  8.800000     -0.00536953
  8.900000     -0.00456003
  9.000000     -0.00449901
  9.100000     -0.00491694
  9.200000     -0.00304940
  9.300000     -0.00119032
  9.400000     -0.00071802
  9.500000     -0.00035043
  9.600000      0.00048512
  9.700000      0.00214000
  9.800000      0.00356458
  9.900000      0.00447646
 10.000000      0.00669302
 10.100000      0.00929981
 10.200000      0.01176283
 10.300000      0.01271750
 10.400000      0.01308193
 10.500000      0.01314017
 10.600000      0.01291540
 10.700000      0.01306805
 10.800000      0.01412390
 10.900000      0.01485607
 11.000000      0.01671687
 11.100000      0.01795572
 11.200000      0.01994511
 11.300000      0.02276381
 11.400000      0.02549323
 11.500000      0.02865882
 11.600000      0.03181677
 11.700000      0.03479848
 11.800000      0.03700901
 11.900000      0.03664886
 12.000000      0.03395612
 12.100000      0.03123223
 12.200000      0.02866375
 12.300000      0.02490560
 12.400000      0.01960943
 12.500000      0.01545594
 12.600000      0.01389241
 12.700000      0.01151110
 12.800000      0.00829987
 12.900000      0.00589586
 13.000000      0.00380156
 13.100000      0.00313474
 13.200000      0.00159653
 13.300000     -0.00018829
 13.400000     -0.00157940
 13.500000     -0.00094433
 13.600000      0.00062114
 13.700000      0.00268938
 13.800000      0.00386386
 13.900000      0.00415006
 14.000000      0.00567244
 14.100000      0.00637118
 14.200000      0.00642956
 14.300000      0.01468071
 14.400000      0.01772633
 14.500000      0.02286296
 14.600000      0.03089837
 14.700000      0.04173269
 14.800000      0.05655758
 14.900000      0.07535259
 15.000000      0.09868791
 15.100000      0.12810571
 15.200000      0.16317558
 15.300000      0.20746867
 15.400000      0.25475913
 15.500000      0.30555721
 15.600000      0.36294630
 15.700000      0.42640971
 15.800000      0.49256811
 15.900000      0.55463393
 16.000000      0.61220147
 16.100000      0.66674194
 16.200000      0.71903451
 16.300000      0.77077769
 16.400000      0.81775728
 16.500000      0.85769873
 16.600000      0.89292940
 16.700000      0.92712587
 16.800000      0.95590980
 16.900000      0.97605696
 17.000000      0.98897976
 17.100000      0.99727412
 17.200000      1.00000000
 17.300000      0.99486965
 17.400000      0.98320837
 17.500000      0.96466058
 17.600000      0.93744104
 17.700000      0.89804629
 17.800000      0.84856796
 17.900000      0.79199189
 18.000000      0.72855206
 18.100000      0.65666388
 18.200000      0.58153465
 18.300000      0.50534654
 18.400000      0.42917978
 18.500000      0.35215657
 18.600000      0.27543143
 18.700000      0.20674765
 18.800000      0.14456253
 18.900000      0.08781857
 19.000000      0.03728759
 19.100000     -0.00556341
 19.200000     -0.04133730
 19.300000     -0.07180859
 19.400000     -0.09461139
 19.500000     -0.10957922
 19.600000     -0.11919989
 19.700000     -0.12278670
 19.800000     -0.12338920
 19.900000     -0.12370095
 20.000000     -0.12474041
 20.100000     -0.12500800
 20.200000     -0.12700182
 20.300000     -0.12994549
 20.400000     -0.13369250
 20.500000     -0.13797145
 20.600000     -0.14320152
 20.700000     -0.14870747
 20.800000     -0.15383812
 20.900000     -0.15832986
 21.000000     -0.15947031
 21.100000     -0.15879893
 21.200000     -0.15881833
 21.300000     -0.15813400
 21.400000     -0.15501789
 21.500000     -0.15136823
 21.600000     -0.14796231
 21.700000     -0.14407738
 21.800000     -0.13961242
 21.900000     -0.13430474
 22.000000     -0.12899195
 22.100000     -0.12505018
 22.200000     -0.12026966
 22.300000     -0.11490558
 22.400000     -0.10955521
 22.500000     -0.10426922
 22.600000     -0.09817109
 22.700000     -0.09258223
 22.800000     -0.08915505
 22.900000     -0.08903135
 23.000000     -0.09037490
 23.100000     -0.09307968
 23.200000     -0.09640815
 23.300000     -0.09987473
 23.400000     -0.10391203
 23.500000     -0.10630678
 23.600000     -0.10801101
 23.700000     -0.11046716
 23.800000     -0.11174534
 23.900000     -0.11330186
 24.000000     -0.11410273
 24.100000     -0.11578746
 24.200000     -0.11960371
 24.300000     -0.12379708
 24.400000     -0.12818724
 24.500000     -0.13044188
 24.600000     -0.13183579
 24.700000     -0.13389485
 24.800000     -0.13616780
 24.900000     -0.13870621
 25.000000     -0.14180230
 25.100000     -0.14448646
 25.200000     -0.14508501
 25.300000     -0.14524275
 25.400000     -0.14575015
 25.500000     -0.14625779
 25.600000     -0.14668825
 25.700000     -0.14780484
 25.800000     -0.14766207
 25.900000     -0.14788052
 26.000000     -0.14959591
 26.100000     -0.15159226
 26.200000     -0.15292158
 26.300000     -0.15333167
 26.400000     -0.15424840
 26.500000     -0.15644833
 26.600000     -0.15857855
 26.700000     -0.16108724
 26.800000     -0.16391288
 26.900000     -0.16636423
 27.000000     -0.16793551
 27.100000     -0.16909854
 27.200000     -0.17053779
 27.300000     -0.17100205
 27.400000     -0.17047857
 27.500000     -0.16686192
 27.600000     -0.16232492
 27.700000     -0.15827796
 27.800000     -0.15296343
 27.900000     -0.14694186
 28.000000     -0.14175518
 28.100000     -0.13889866
 28.200000     -0.13738832
 28.300000     -0.13668067
 28.400000     -0.13674941
 28.500000     -0.13664769
 28.600000     -0.13667033
 28.700000     -0.13684214
 28.800000     -0.13583836
 28.900000     -0.13460875
 29.000000     -0.13350816
 29.100000     -0.13370957
 29.200000     -0.13251828
 29.300000     -0.12982057
 29.400000     -0.12671308
 29.500000     -0.12310125
 29.600000     -0.11955730
 29.700000     -0.11470178
 29.800000     -0.10946709
 29.900000     -0.10477013
 30.000000     -0.10231528
 30.100000     -0.10110945
 30.200000     -0.10087311
 30.300000     -0.10173179
 30.400000     -0.10376813
 30.500000     -0.10588099
 30.600000     -0.10699686
 30.700000     -0.10758590
 30.800000     -0.10770603
 30.900000     -0.10772309
 31.000000     -0.10642798
 31.100000     -0.10478521
 31.200000     -0.10294486
 31.300000     -0.10124824
 31.400000     -0.10069909
 31.500000     -0.10072620
 31.600000     -0.10117805
 31.700000     -0.10230561
 31.800000     -0.10364647
 31.900000     -0.10490033
 32.000000     -0.10468753
 32.100000     -0.10504651
 32.200000     -0.10599165
 32.300000     -0.10613387
 32.400000     -0.10585610
 32.500000     -0.10508844
 32.600000     -0.10386766
 32.700000     -0.10312763
 32.800000     -0.10211766
 32.900000     -0.10054844
 33.000000     -0.09874809
 33.100000     -0.09638098
 33.200000     -0.09354826
 33.300000     -0.09026289
 33.400000     -0.08700250
 33.500000     -0.08420357
 33.600000     -0.08177058
 33.700000     -0.07984315
 33.800000     -0.07862039
 33.900000     -0.07781656
 34.000000     -0.07754885
 34.100000     -0.07713305
 34.200000     -0.07720016
 34.300000     -0.07771065
 34.400000     -0.07861215
 34.500000     -0.07892371
 34.600000     -0.07862464
 34.700000     -0.07830533
 34.800000     -0.07781061
 34.900000     -0.07739733
 35.000000     -0.07771154
 35.100000     -0.07836099
 35.200000     -0.07918301
 35.300000     -0.07985829
 35.400000     -0.08088487
 35.500000     -0.08237698
 35.600000     -0.08417666
 35.700000     -0.08590192
 35.800000     -0.08761042
 35.900000     -0.08931042
 36.000000     -0.09093007
 36.100000     -0.09270430
 36.200000     -0.09483946
 36.300000     -0.09709680
 36.400000     -0.09973137
 36.500000     -0.10244232
 36.600000     -0.10498440
 36.700000     -0.10691471
 36.800000     -0.10878530
 36.900000     -0.11044233
 37.000000     -0.11185788
 37.100000     -0.11279862
 37.200000     -0.11352658
 37.300000     -0.11380675
 37.400000     -0.11364809
 37.500000     -0.11319571
 37.600000     -0.11265923
 37.700000     -0.11157887
 37.800000     -0.11010600
 37.900000     -0.10828725
 38.000000     -0.10638905
 38.100000     -0.10440900
 38.200000     -0.10224199
 38.300000     -0.09977573
 38.400000     -0.09849703
 38.500000     -0.09780063
 38.600000     -0.09737645
 38.700000     -0.09730455
 38.800000     -0.09763424
 38.900000     -0.09806113
 39.000000     -0.09892187
 39.100000     -0.10008583
 39.200000     -0.10136688
 39.300000     -0.10261149
 39.400000     -0.10398452
 39.500000     -0.10508311
 39.600000     -0.10606009
 39.700000     -0.10663030
 39.800000     -0.10706803
 39.900000     -0.10745627
