  0.000000      0.00983864
  0.100000      0.01124771
  0.200000      0.01281701
  0.300000      0.01415337
  0.400000      0.01574176
  0.500000      0.01716284
  0.600000      0.01892142
  0.700000      0.02099929
  0.800000      0.02320878
  0.900000      0.02564864
  1.000000      0.02767475
  1.100000      0.02873894
  1.200000      0.02940998
  1.300000      0.03008551
  1.400000      0.03065830
  1.500000      0.03047707
  1.600000      0.03022426
  1.700000      0.02998181
  1.800000      0.02935759
  1.900000      0.02832875
  2.000000      0.02731613
  2.100000      0.02607113
  2.200000      0.02561213
  2.300000      0.02521245
  2.400000      0.02499062
  2.500000      0.02456264
  2.600000      0.02472774
  2.700000      0.02518060
  2.800000      0.02554029
  2.900000      0.02603613
  3.000000      0.02665530
  3.100000      0.02698578
  3.200000      0.02665533
  3.300000      0.02637314
  3.400000      0.02624688
  3.500000      0.02625504
  3.600000      0.02595002
  3.700000      0.02525328
  3.800000      0.02417069
  3.900000      0.02300421
  4.000000      0.02182772
  4.100000      0.02060834
  4.200000      0.01927075
  4.300000      0.01758936
  4.400000      0.01608617
  4.500000      0.01478632
  4.600000      0.01310518
  4.700000      0.01124468
  4.800000      0.00971757
  4.900000      0.00838072
  5.000000      0.00724254
  5.100000      0.00615364
  5.200000      0.00524586
  5.300000      0.00475675
  5.400000      0.00417693
  5.500000      0.00424141
  5.600000      0.00525162
  5.700000      0.00617065
  5.800000      0.00692203
  5.900000      0.00727207
  6.000000      0.00766024
  6.100000      0.00740743
  6.200000      0.00612830
  6.300000      0.00473805
  6.400000      0.00381035
  6.500000      0.00341957
  6.600000      0.00352554
  6.700000      0.00462142
  6.800000      0.00563444
  6.900000      0.00693948
  7.000000      0.00822253
  7.100000      0.00900948
  7.200000      0.00845933
  7.300000      0.00775999
  7.400000      0.00708113
  7.500000      0.00655302
  7.600000      0.00640701
  7.700000      0.00657072
  7.800000      0.00605040
  7.900000      0.00484553
  8.000000      0.00384497
  8.100000      0.00318441
  8.200000      0.00243377
  8.300000      0.00196945
  8.400000      0.00266681
  8.500000      0.00317117
  8.600000      0.00288351
  8.700000      0.00185184
  8.800000      0.00021652
  8.900000     -0.00122434
  9.000000     -0.00222715
  9.100000     -0.00287749
  9.200000     -0.00297958
  9.300000     -0.00324786
  9.400000     -0.00411974
  9.500000     -0.00541774
  9.600000     -0.00647743
  9.700000     -0.00690801
  9.800000     -0.00717687
  9.900000     -0.00681807
 10.000000     -0.00582835
 10.100000     -0.00323317
 10.200000      0.00090104
 10.300000      0.00540107
 10.400000      0.01111506
 10.500000      0.01580434
 10.600000      0.01870524
 10.700000      0.02044617
 10.800000      0.02115815
 10.900000      0.02364003
 11.000000      0.02836828
 11.100000      0.03317028
 11.200000      0.03745646
 11.300000      0.04162051
 11.400000      0.04674085
 11.500000      0.05139368
 11.600000      0.05915094
 11.700000      0.07115560
 11.800000      0.08642868
 11.900000      0.10618799
 12.000000      0.13136057
 12.100000      0.16215230
 12.200000      0.19692707
 12.300000      0.23482033
 12.400000      0.27602132
 12.500000      0.31979594
 12.600000      0.36416711
 12.700000      0.41044369
 12.800000      0.46251001
 12.900000      0.51729472
 13.000000      0.57325769
 13.100000      0.63001107
 13.200000      0.68528012
 13.300000      0.73740393
 13.400000      0.78789865
 13.500000      0.83329891
 13.600000      0.87308848
 13.700000      0.90769524
 13.800000      0.93603076
 13.900000      0.95914550
 14.000000      0.97745093
 14.100000      0.99125815
 14.200000      1.00000000
 14.300000      0.99958866
 14.400000      0.99033651
 14.500000      0.97368651
 14.600000      0.95374961
 14.700000      0.93122510
 14.800000      0.90955794
 14.900000      0.88836751
 15.000000      0.86534391
 15.100000      0.84020502
 15.200000      0.81219528
 15.300000      0.78147075
 15.400000      0.74658915
 15.500000      0.70856186
 15.600000      0.67081706
 15.700000      0.63289147
 15.800000      0.59569447
 15.900000      0.55638791
 16.000000      0.52135613
 16.100000      0.48533874
 16.200000      0.44306122
 16.300000      0.39433559
 16.400000      0.34666538
 16.500000      0.30091727
 16.600000      0.25773791
 16.700000      0.21112682
 16.800000      0.16268940
 16.900000      0.11600199
 17.000000      0.06893202
 17.100000      0.02046874
 17.200000     -0.02750848
 17.300000     -0.07362165
 17.400000     -0.11547857
 17.500000     -0.15167383
 17.600000     -0.18303061
 17.700000     -0.20821256
 17.800000     -0.22383053
 17.900000     -0.23653806
 18.000000     -0.24840697
 18.100000     -0.25599291
 18.200000     -0.26148487
 18.300000     -0.26927367
 18.400000     -0.27304867
 18.500000     -0.26899209
 18.600000     -0.26290219
 18.700000     -0.26022120
 18.800000     -0.26008308
 18.900000     -0.25060042
 19.000000     -0.23986072
 19.100000     -0.23796141
 19.200000     -0.23687776
 19.300000     -0.23570025
 19.400000     -0.23564392
 19.500000     -0.23716605
 19.600000     -0.23498532
 19.700000     -0.22946715
 19.800000     -0.22163519
 19.900000     -0.20928464
 20.000000     -0.19930217
 20.100000     -0.19477405
 20.200000     -0.19028669
 20.300000     -0.18259226
 20.400000     -0.18264447
 20.500000     -0.18512851
 20.600000     -0.18693842
 20.700000     -0.18513270
 20.800000     -0.17857210
 20.900000     -0.17515718
 21.000000     -0.17544455
 21.100000     -0.17381742
 21.200000     -0.17328471
 21.300000     -0.17190746
 21.400000     -0.16776974
 21.500000     -0.16338298
 21.600000     -0.16060103
 21.700000     -0.16225982
 21.800000     -0.16576564
 21.900000     -0.16625038
 22.000000     -0.16794859
 22.100000     -0.16930236
 22.200000     -0.16719397
 22.300000     -0.16115824
 22.400000     -0.15274997
 22.500000     -0.14398727
 22.600000     -0.13572886
 22.700000     -0.13052115
 22.800000     -0.12751018
 22.900000     -0.12608625
 23.000000     -0.12710873
 23.100000     -0.12783969
 23.200000     -0.12673279
 23.300000     -0.12652797
 23.400000     -0.12855572
 23.500000     -0.13241436
 23.600000     -0.13642237
 23.700000     -0.14068402
 23.800000     -0.14669899
 23.900000     -0.15401557
 24.000000     -0.16212561
 24.100000     -0.17125763
 24.200000     -0.17772553
 24.300000     -0.18101200
 24.400000     -0.17986611
 24.500000     -0.17652637
 24.600000     -0.17251866
 24.700000     -0.16945243
 24.800000     -0.16759725
 24.900000     -0.16656488
 25.000000     -0.16681341
 25.100000     -0.16405839
 25.200000     -0.16134273
 25.300000     -0.15822677
 25.400000     -0.15555658
 25.500000     -0.15355120
 25.600000     -0.15128326
 25.700000     -0.14935472
 25.800000     -0.14861919
 25.900000     -0.14895726
 26.000000     -0.14907672
 26.100000     -0.14861588
 26.200000     -0.14794061
 26.300000     -0.14703712
 26.400000     -0.14626458
 26.500000     -0.14571736
 26.600000     -0.14618597
 26.700000     -0.14789172
 26.800000     -0.14975218
 26.900000     -0.15138875
 27.000000     -0.15280959
 27.100000     -0.15335323
 27.200000     -0.15240073
 27.300000     -0.15046460
 27.400000     -0.14793818
 27.500000     -0.14520973
 27.600000     -0.14218519
 27.700000     -0.13932280
 27.800000     -0.13682620
 27.900000     -0.13438848
 28.000000     -0.13206107
 28.100000     -0.12911691
 28.200000     -0.12567837
 28.300000     -0.12097147
 28.400000     -0.11604000
 28.500000     -0.11097250
 28.600000     -0.10647718
 28.700000     -0.10277287
 28.800000     -0.10129926
 28.900000     -0.10112716
 29.000000     -0.10263055
 29.100000     -0.10409691
 29.200000     -0.10506379
 29.300000     -0.10431541
 29.400000     -0.10227848
 29.500000     -0.09951403
 29.600000     -0.09626193
 29.700000     -0.09405394
 29.800000     -0.09218864
 29.900000     -0.09039658
 30.000000     -0.08799208
 30.100000     -0.08539274
 30.200000     -0.08400682
 30.300000     -0.08156083
 30.400000     -0.07896478
 30.500000     -0.07565485
 30.600000     -0.07303171
 30.700000     -0.07269735
 30.800000     -0.07292355
 30.900000     -0.07379726
 31.000000     -0.07550896
 31.100000     -0.07842541
 31.200000     -0.08205551
 31.300000     -0.08593806
 31.400000     -0.09035735
 31.500000     -0.09552314
 31.600000     -0.10132778
 31.700000     -0.10759498
 31.800000     -0.11388604
 31.900000     -0.11986943
 32.000000     -0.12519378
 32.100000     -0.12976835
 32.200000     -0.13345812
 32.300000     -0.13755587
 32.400000     -0.14155134
 32.500000     -0.14587434
 32.600000     -0.14993164
 32.700000     -0.15368740
 32.800000     -0.15739651
 32.900000     -0.16118900
 33.000000     -0.16515757
 33.100000     -0.16858291
 33.200000     -0.17161318
 33.300000     -0.17438610
 33.400000     -0.17666531
 33.500000     -0.17786574
 33.600000     -0.17844882
 33.700000     -0.17808583
 33.800000     -0.17708448
 33.900000     -0.17603989
 34.000000     -0.17487745
 34.100000     -0.17405528
 34.200000     -0.17308992
 34.300000     -0.17249750
 34.400000     -0.17089455
 34.500000     -0.16909569
 34.600000     -0.16656285
 34.700000     -0.16400017
 34.800000     -0.16107984
 34.900000     -0.15835820
 35.000000     -0.15615716
 35.100000     -0.15461340
 35.200000     -0.15342562
 35.300000     -0.15347030
 35.400000     -0.15429337
 35.500000     -0.15566228
 35.600000     -0.15714667
 35.700000     -0.15871963
 35.800000     -0.16121092
 35.900000     -0.16414608
 36.000000     -0.16691648
 36.100000     -0.17012258
 36.200000     -0.17323067
 36.300000     -0.17580392
 36.400000     -0.17671399
 36.500000     -0.17702209
 36.600000     -0.17676668
 36.700000     -0.17686320
 36.800000     -0.17625126
 36.900000     -0.17612874
 37.000000     -0.17623544
 37.100000     -0.17648331
 37.200000     -0.17680595
 37.300000     -0.17709868
 37.400000     -0.17754998
 37.500000     -0.17808192
 37.600000     -0.17894708
 37.700000     -0.17992107
 37.800000     -0.18135914
 37.900000     -0.18393890
 38.000000     -0.18700222
 38.100000     -0.19020887
 38.200000     -0.19330073
 38.300000     -0.19614824
 38.400000     -0.19819403
 38.500000     -0.19963210
 38.600000     -0.20005774
 38.700000     -0.19986679
 38.800000     -0.19918029
 38.900000     -0.19797754
 39.000000     -0.19624580
 39.100000     -0.19395488
 39.200000     -0.19185745
 39.300000     -0.18928942
 39.400000     -0.18645159
 39.500000     -0.18365529
 39.600000     -0.18146837
 39.700000     -0.17965691
 39.800000     -0.17780402
 39.900000     -0.17715240
