  0.000000     -0.01145643
  0.100000     -0.01109353
  0.200000     -0.01072492
  0.300000     -0.01036130
  0.400000     -0.01002133
  0.500000     -0.00969460
  0.600000     -0.00939102
  0.700000     -0.00910548
  0.800000     -0.00885113
  0.900000     -0.00860937
  1.000000     -0.00835021
  1.100000     -0.00816027
  1.200000     -0.00795648
  1.300000     -0.00775520
  1.400000     -0.00756415
  1.500000     -0.00735511
  1.600000     -0.00713320
  1.700000     -0.00687081
  1.800000     -0.00657822
  1.900000     -0.00625581
  2.000000     -0.00590264
  2.100000     -0.00553841
  2.200000     -0.00516815
  2.300000     -0.00481491
  2.400000     -0.00454050
  2.500000     -0.00430801
  2.600000     -0.00412808
  2.700000     -0.00395642
  2.800000     -0.00379798
  2.900000     -0.00362996
  3.000000     -0.00346345
  3.100000     -0.00329706
  3.200000     -0.00311216
  3.300000     -0.00295189
  3.400000     -0.00281903
  3.500000     -0.00271270
  3.600000     -0.00265558
  3.700000     -0.00265202
  3.800000     -0.00271441
  3.900000     -0.00283371
  4.000000     -0.00303921
  4.100000     -0.00333024
  4.200000     -0.00370740
  4.300000     -0.00421997
  4.400000     -0.00484617
  4.500000     -0.00559100
  4.600000     -0.00644657
  4.700000     -0.00740764
  4.800000     -0.00843603
  4.900000     -0.00937424
  5.000000     -0.01027740
  5.100000     -0.01115148
  5.200000     -0.01197913
  5.300000     -0.01276845
  5.400000     -0.01349225
  5.500000     -0.01418958
  5.600000     -0.01486564
  5.700000     -0.01552492
  5.800000     -0.01617782
  5.900000     -0.01682467
  6.000000     -0.01747309
  6.100000     -0.01807114
  6.200000     -0.01871179
  6.300000     -0.01934604
  6.400000     -0.01993093
  6.500000     -0.02054044
  6.600000     -0.02115586
  6.700000     -0.02177469
  6.800000     -0.02240880
  6.900000     -0.02305654
  7.000000     -0.02372840
  7.100000     -0.02435172
  7.200000     -0.02492128
  7.300000     -0.02550753
  7.400000     -0.02604966
  7.500000     -0.02657681
  7.600000     -0.02699671
  7.700000     -0.02740569
  7.800000     -0.02779316
  7.900000     -0.02819880
  8.000000     -0.02856071
  8.100000     -0.02883765
  8.200000     -0.02904511
  8.300000     -0.02918157
  8.400000     -0.02922649
  8.500000     -0.02918415
  8.600000     -0.02901741
  8.700000     -0.02859465
  8.800000     -0.02795821
  8.900000     -0.02715212
  9.000000     -0.02595023
  9.100000     -0.02486456
  9.200000     -0.02356501
  9.300000     -0.02189886
  9.400000     -0.02030214
  9.500000     -0.01818337
  9.600000     -0.01583364
  9.700000     -0.01295104
  9.800000     -0.00931029
  9.900000     -0.00520104
 10.000000     -0.00022546
 10.100000      0.00548811
 10.200000      0.01211139
 10.300000      0.01986914
 10.400000      0.02868223
 10.500000      0.03879441
 10.600000      0.05048889
 10.700000      0.06384369
 10.800000      0.07914899
 10.900000      0.09689622
 11.000000      0.11724985
 11.100000      0.14032562
 11.200000      0.16664124
 11.300000      0.19615492
 11.400000      0.22918284
 11.500000      0.26566036
 11.600000      0.30515904
 11.700000      0.34740952
 11.800000      0.39194971
 11.900000      0.43826949
 12.000000      0.48571317
 12.100000      0.53381833
 12.200000      0.58181560
 12.300000      0.62923750
 12.400000      0.67515396
 12.500000      0.71924804
 12.600000      0.76069269
 12.700000      0.79932097
 12.800000      0.83474242
 12.900000      0.86685084
 13.000000      0.89557610
 13.100000      0.92097028
 13.200000      0.94282988
 13.300000      0.96126800
 13.400000      0.97607967
 13.500000      0.98746570
 13.600000      0.99505772
 13.700000      0.99927953
 13.800000      1.00000000
 13.900000      0.99749695
 14.000000      0.99205463
 14.100000      0.98388751
 14.200000      0.97330183
 14.300000      0.96041911
 14.400000      0.94511882
 14.500000      0.92789930
 14.600000      0.90838436
 14.700000      0.88705581
 14.800000      0.86400671
 14.900000      0.83939509
 15.000000      0.81323820
 15.100000      0.78568917
 15.200000      0.75668183
 15.300000      0.72669106
 15.400000      0.69574380
 15.500000      0.66386969
 15.600000      0.63118995
 15.700000      0.59771588
 15.800000      0.56375472
 15.900000      0.52905114
 16.000000      0.49369036
 16.100000      0.45787371
 16.200000      0.42159679
 16.300000      0.38506659
 16.400000      0.34859437
 16.500000      0.31209706
 16.600000      0.27612135
 16.700000      0.24064446
 16.800000      0.20614443
 16.900000      0.17253131
 17.000000      0.13995506
 17.100000      0.10861612
 17.200000      0.07872950
 17.300000      0.05011784
 17.400000      0.02276040
 17.500000     -0.00337968
 17.600000     -0.02851536
 17.700000     -0.05212404
 17.800000     -0.07409707
 17.900000     -0.09413751
 18.000000     -0.11199210
 18.100000     -0.12805037
 18.200000     -0.14249416
 18.300000     -0.15552021
 18.400000     -0.16746278
 18.500000     -0.17846263
 18.600000     -0.18873174
 18.700000     -0.19816482
 18.800000     -0.20674068
 18.900000     -0.21447486
 19.000000     -0.22121813
 19.100000     -0.22709413
 19.200000     -0.23229612
 19.300000     -0.23706588
 19.400000     -0.24165071
 19.500000     -0.24587091
 19.600000     -0.24961034
 19.700000     -0.25285289
 19.800000     -0.25531140
 19.900000     -0.25692501
 20.000000     -0.25797143
 20.100000     -0.25847187
 20.200000     -0.25882332
 20.300000     -0.25897890
 20.400000     -0.25890652
 20.500000     -0.25871918
 20.600000     -0.25797390
 20.700000     -0.25694268
 20.800000     -0.25592128
 20.900000     -0.25488778
 21.000000     -0.25418024
 21.100000     -0.25361055
 21.200000     -0.25317613
 21.300000     -0.25292378
 21.400000     -0.25252240
 21.500000     -0.25241309
 21.600000     -0.25256857
 21.700000     -0.25299668
 21.800000     -0.25391172
 21.900000     -0.25469884
 22.000000     -0.25542863
 22.100000     -0.25606203
 22.200000     -0.25644426
 22.300000     -0.25675939
 22.400000     -0.25688962
 22.500000     -0.25678243
 22.600000     -0.25673606
 22.700000     -0.25683406
 22.800000     -0.25726247
 22.900000     -0.25817175
 23.000000     -0.25964531
 23.100000     -0.26160155
 23.200000     -0.26373495
 23.300000     -0.26622934
 23.400000     -0.26875319
 23.500000     -0.27114957
 23.600000     -0.27334107
 23.700000     -0.27539251
 23.800000     -0.27737418
 23.900000     -0.27932025
 24.000000     -0.28124404
 24.100000     -0.28325456
 24.200000     -0.28530594
 24.300000     -0.28735929
 24.400000     -0.28921212
 24.500000     -0.29078698
 24.600000     -0.29204746
 24.700000     -0.29301738
 24.800000     -0.29372000
 24.900000     -0.29422039
 25.000000     -0.29464777
 25.100000     -0.29493519
 25.200000     -0.29503042
 25.300000     -0.29494701
 25.400000     -0.29464328
 25.500000     -0.29408103
 25.600000     -0.29338849
 25.700000     -0.29256951
 25.800000     -0.29163680
 25.900000     -0.29064780
 26.000000     -0.28967161
 26.100000     -0.28871649
 26.200000     -0.28782940
 26.300000     -0.28703826
 26.400000     -0.28635690
 26.500000     -0.28567642
 26.600000     -0.28497250
 26.700000     -0.28419497
 26.800000     -0.28336695
 26.900000     -0.28254750
 27.000000     -0.28183569
 27.100000     -0.28139215
 27.200000     -0.28110981
 27.300000     -0.28101693
 27.400000     -0.28099544
 27.500000     -0.28100886
 27.600000     -0.28097758
 27.700000     -0.28083860
 27.800000     -0.28052903
 27.900000     -0.28008196
 28.000000     -0.27940405
 28.100000     -0.27854345
 28.200000     -0.27751612
 28.300000     -0.27646059
 28.400000     -0.27537323
 28.500000     -0.27428858
 28.600000     -0.27314476
 28.700000     -0.27192949
 28.800000     -0.27060547
 28.900000     -0.26916604
 29.000000     -0.26767511
 29.100000     -0.26620517
 29.200000     -0.26472619
 29.300000     -0.26326098
 29.400000     -0.26175691
 29.500000     -0.26020453
 29.600000     -0.25862989
 29.700000     -0.25705769
 29.800000     -0.25557032
 29.900000     -0.25409551
 30.000000     -0.25266371
 30.100000     -0.25127413
 30.200000     -0.24990402
 30.300000     -0.24857443
 30.400000     -0.24719314
 30.500000     -0.24573906
 30.600000     -0.24415338
 30.700000     -0.24240501
 30.800000     -0.24049635
 30.900000     -0.23845525
 31.000000     -0.23634751
 31.100000     -0.23418590
 31.200000     -0.23205236
 31.300000     -0.22992155
 31.400000     -0.22778764
 31.500000     -0.22564997
 31.600000     -0.22351568
 31.700000     -0.22136140
 31.800000     -0.21916599
 31.900000     -0.21686777
 32.000000     -0.21447877
 32.100000     -0.21193005
 32.200000     -0.20924158
 32.300000     -0.20644618
 32.400000     -0.20360649
 32.500000     -0.20075898
 32.600000     -0.19788966
 32.700000     -0.19496233
 32.800000     -0.19200814
 32.900000     -0.18908513
 33.000000     -0.18619174
 33.100000     -0.18334064
 33.200000     -0.18053555
 33.300000     -0.17775123
 33.400000     -0.17508179
 33.500000     -0.17252112
 33.600000     -0.17001826
 33.700000     -0.16758638
 33.800000     -0.16525736
 33.900000     -0.16293994
 34.000000     -0.16058432
 34.100000     -0.15821931
 34.200000     -0.15587280
 34.300000     -0.15352435
 34.400000     -0.15119304
 34.500000     -0.14889515
 34.600000     -0.14658457
 34.700000     -0.14425895
 34.800000     -0.14190773
 34.900000     -0.13953843
 35.000000     -0.13716184
 35.100000     -0.13477609
 35.200000     -0.13233680
 35.300000     -0.12985500
 35.400000     -0.12726610
 35.500000     -0.12462612
 35.600000     -0.12198822
 35.700000     -0.11941263
 35.800000     -0.11689899
 35.900000     -0.11448111
 36.000000     -0.11214370
 36.100000     -0.10988283
 36.200000     -0.10765473
 36.300000     -0.10543194
 36.400000     -0.10318599
 36.500000     -0.10090748
 36.600000     -0.09858645
 36.700000     -0.09623165
 36.800000     -0.09385086
 36.900000     -0.09148618
 37.000000     -0.08915582
 37.100000     -0.08684243
 37.200000     -0.08455754
 37.300000     -0.08226093
 37.400000     -0.08001228
 37.500000     -0.07777904
 37.600000     -0.07558679
 37.700000     -0.07342011
 37.800000     -0.07117967
 37.900000     -0.06890169
 38.000000     -0.06655941
 38.100000     -0.06423679
 38.200000     -0.06190927
 38.300000     -0.05962376
 38.400000     -0.05733977
 38.500000     -0.05508031
 38.600000     -0.05281932
 38.700000     -0.05058780
 38.800000     -0.04839104
 38.900000     -0.04624984
 39.000000     -0.04419953
 39.100000     -0.04222939
 39.200000     -0.04035287
 39.300000     -0.03856438
 39.400000     -0.03689430
 39.500000     -0.03546075
 39.600000     -0.03410891
 39.700000     -0.03264159
 39.800000     -0.03104834
 39.900000     -0.02944636
