  0.000000     -0.14877694
  0.100000     -0.14996249
  0.200000     -0.15088482
  0.300000     -0.15054092
  0.400000     -0.15017562
  0.500000     -0.15028590
  0.600000     -0.14997892
  0.700000     -0.14996747
  0.800000     -0.15114154
  0.900000     -0.15232386
  1.000000     -0.15347566
  1.100000     -0.15459845
  1.200000     -0.15627214
  1.300000     -0.15702405
  1.400000     -0.15684537
  1.500000     -0.15827696
  1.600000     -0.16066557
  1.700000     -0.16191214
  1.800000     -0.16157592
  1.900000     -0.15942751
  2.000000     -0.15726092
  2.100000     -0.15360525
  2.200000     -0.14954292
  2.300000     -0.14725051
  2.400000     -0.14572739
  2.500000     -0.14277205
  2.600000     -0.13879266
  2.700000     -0.13416308
  2.800000     -0.13085254
  2.900000     -0.12863671
  3.000000     -0.12701989
  3.100000     -0.12305526
  3.200000     -0.11830045
  3.300000     -0.11470940
  3.400000     -0.11159302
  3.500000     -0.10664279
  3.600000     -0.10193719
  3.700000     -0.09840497
  3.800000     -0.09354100
  3.900000     -0.08832928
  4.000000     -0.08439388
  4.100000     -0.08087891
  4.200000     -0.07657341
  4.300000     -0.07369200
  4.400000     -0.06914816
  4.500000     -0.06695916
  4.600000     -0.06740806
  4.700000     -0.06689628
  4.800000     -0.06576847
  4.900000     -0.06528444
  5.000000     -0.06530130
  5.100000     -0.06600584
  5.200000     -0.06668786
  5.300000     -0.06647785
  5.400000     -0.06676370
  5.500000     -0.06739933
  5.600000     -0.06509660
  5.700000     -0.06391612
  5.800000     -0.06526541
  5.900000     -0.06505392
  6.000000     -0.06227806
  6.100000     -0.05985236
  6.200000     -0.05783501
  6.300000     -0.05569342
  6.400000     -0.05106180
  6.500000     -0.04687062
  6.600000     -0.04425403
  6.700000     -0.03910771
  6.800000     -0.03275595
  6.900000     -0.02698779
  7.000000     -0.02175423
  7.100000     -0.01983977
  7.200000     -0.01454378
  7.300000     -0.00885646
  7.400000     -0.00717125
  7.500000     -0.00118550
  7.600000      0.00337357
  7.700000      0.00732727
  7.800000      0.01081620
  7.900000      0.01593898
  8.000000      0.02202831
  8.100000      0.02737232
  8.200000      0.02997631
  8.300000      0.03416136
  8.400000      0.03995175
  8.500000      0.04672655
  8.600000      0.05038322
  8.700000      0.05640121
  8.800000      0.05691402
  8.900000      0.06092878
  9.000000      0.06541661
  9.100000      0.06976786
  9.200000      0.07492678
  9.300000      0.08279041
  9.400000      0.09101901
  9.500000      0.10035131
  9.600000      0.10618089
  9.700000      0.11665262
  9.800000      0.12334640
  9.900000      0.13025817
 10.000000      0.13106354
 10.100000      0.13448903
 10.200000      0.13326236
 10.300000      0.13580843
 10.400000      0.13552356
 10.500000      0.13401790
 10.600000      0.13290577
 10.700000      0.13298865
 10.800000      0.13330534
 10.900000      0.13609956
 11.000000      0.13921890
 11.100000      0.14505953
 11.200000      0.15443997
 11.300000      0.16182920
 11.400000      0.17443274
 11.500000      0.18802078
 11.600000      0.19940908
 11.700000      0.20877343
 11.800000      0.22115008
 11.900000      0.23068084
 12.000000      0.24090231
 12.100000      0.25317186
 12.200000      0.26823765
 12.300000      0.28158862
 12.400000      0.29576481
 12.500000      0.31325212
 12.600000      0.33129361
 12.700000      0.34941747
 12.800000      0.37154876
 12.900000      0.39581382
 13.000000      0.41559540
 13.100000      0.43415756
 13.200000      0.44974316
 13.300000      0.46656168
 13.400000      0.48480673
 13.500000      0.49840208
 13.600000      0.51133709
 13.700000      0.52607330
 13.800000      0.53694179
 13.900000      0.54356334
 14.000000      0.54577392
 14.100000      0.54958919
 14.200000      0.55419929
 14.300000      0.56170368
 14.400000      0.56988218
 14.500000      0.57844898
 14.600000      0.58779559
 14.700000      0.59630575
 14.800000      0.60176840
 14.900000      0.60200543
 15.000000      0.60330382
 15.100000      0.60566583
 15.200000      0.60559517
 15.300000      0.61111739
 15.400000      0.61988378
 15.500000      0.62849348
 15.600000      0.64136909
 15.700000      0.65711208
 15.800000      0.67057766
 15.900000      0.68984128
 16.000000      0.70802242
 16.100000      0.72804650
 16.200000      0.74816216
 16.300000      0.77263439
 16.400000      0.79977498
 16.500000      0.82542147
 16.600000      0.85039278
 16.700000      0.87375974
 16.800000      0.89797557
 16.900000      0.92012375
 17.000000      0.94032105
 17.100000      0.95573588
 17.200000      0.97056209
 17.300000      0.98639765
 17.400000      0.99286669
 17.500000      0.99881826
 17.600000      1.00000000
 17.700000      0.99676583
 17.800000      0.98981908
 17.900000      0.98849857
 18.000000      0.99281863
 18.100000      0.99466333
 18.200000      0.99653019
 18.300000      0.99177017
 18.400000      0.98551669
 18.500000      0.97700723
 18.600000      0.96823596
 18.700000      0.95662192
 18.800000      0.94168248
 18.900000      0.92303921
 19.000000      0.90549637
 19.100000      0.88773221
 19.200000      0.87044348
 19.300000      0.85124538
 19.400000      0.83138623
 19.500000      0.81171543
 19.600000      0.79595469
 19.700000      0.78275922
 19.800000      0.76538079
 19.900000      0.74928388
 20.000000      0.73982071
 20.100000      0.73119442
 20.200000      0.71945924
 20.300000      0.70557695
 20.400000      0.69029702
 20.500000      0.67680769
 20.600000      0.66142086
 20.700000      0.64745877
 20.800000      0.63268751
 20.900000      0.61881151
 21.000000      0.60115436
 21.100000      0.58537674
 21.200000      0.56783209
 21.300000      0.55179842
 21.400000      0.53284615
 21.500000      0.51144253
 21.600000      0.48744368
 21.700000      0.46217469
 21.800000      0.43374061
 21.900000      0.40242542
 22.000000      0.36750448
 22.100000      0.33056592
 22.200000      0.29432038
 22.300000      0.25760023
 22.400000      0.21974275
 22.500000      0.17946364
 22.600000      0.14208193
 22.700000      0.10949805
 22.800000      0.07142055
 22.900000      0.03822316
 23.000000      0.00850551
 23.100000     -0.02447443
 23.200000     -0.06065338
 23.300000     -0.09507977
 23.400000     -0.12566171
 23.500000     -0.15123013
 23.600000     -0.17222558
 23.700000     -0.19102026
 23.800000     -0.20608165
 23.900000     -0.21859782
 24.000000     -0.22507254
 24.100000     -0.23434340
 24.200000     -0.24758337
 24.300000     -0.25707658
 24.400000     -0.26368990
 24.500000     -0.27796851
 24.600000     -0.29194718
 24.700000     -0.30824535
 24.800000     -0.32524495
 24.900000     -0.34114112
 25.000000     -0.35664449
 25.100000     -0.36742664
 25.200000     -0.37868011
 25.300000     -0.38666613
 25.400000     -0.39694592
 25.500000     -0.40387251
 25.600000     -0.41271812
 25.700000     -0.42387308
 25.800000     -0.43387035
 25.900000     -0.44121099
 26.000000     -0.45272080
 26.100000     -0.46413067
 26.200000     -0.47654565
 26.300000     -0.48908327
 26.400000     -0.50186515
 26.500000     -0.51337923
 26.600000     -0.52442465
 26.700000     -0.53790051
 26.800000     -0.54891043
 26.900000     -0.55772523
 27.000000     -0.56337575
 27.100000     -0.56742347
 27.200000     -0.57071860
 27.300000     -0.57120105
 27.400000     -0.57193492
 27.500000     -0.57062114
 27.600000     -0.56912492
 27.700000     -0.56951715
 27.800000     -0.56637975
 27.900000     -0.56170000
 28.000000     -0.55907819
 28.100000     -0.55367828
 28.200000     -0.55110518
 28.300000     -0.54863617
 28.400000     -0.54604950
 28.500000     -0.54757385
 28.600000     -0.55281777
 28.700000     -0.55559053
 28.800000     -0.55930620
 28.900000     -0.56308976
 29.000000     -0.57133871
 29.100000     -0.57939371
 29.200000     -0.58689257
 29.300000     -0.59299179
 29.400000     -0.59767630
 29.500000     -0.60419888
 29.600000     -0.61081553
 29.700000     -0.61422334
 29.800000     -0.61805724
 29.900000     -0.61957951
 30.000000     -0.61900608
 30.100000     -0.61747140
 30.200000     -0.61665927
 30.300000     -0.61661608
 30.400000     -0.61373550
 30.500000     -0.60888384
 30.600000     -0.60395940
 30.700000     -0.59673061
 30.800000     -0.58779494
 30.900000     -0.58018793
 31.000000     -0.56988315
 31.100000     -0.55907579
 31.200000     -0.54688294
 31.300000     -0.53570427
 31.400000     -0.52467520
 31.500000     -0.51590073
 31.600000     -0.50486673
 31.700000     -0.49383403
 31.800000     -0.48472632
 31.900000     -0.47761002
 32.000000     -0.47035938
 32.100000     -0.46609686
 32.200000     -0.45918531
 32.300000     -0.45302463
 32.400000     -0.45054692
 32.500000     -0.44652316
 32.600000     -0.44313715
 32.700000     -0.43908006
 32.800000     -0.43625067
 32.900000     -0.43941965
 33.000000     -0.43778319
 33.100000     -0.43606739
 33.200000     -0.43321529
 33.300000     -0.43045266
 33.400000     -0.42830069
 33.500000     -0.42661761
 33.600000     -0.42567336
 33.700000     -0.42460583
 33.800000     -0.42325646
 33.900000     -0.42028334
 34.000000     -0.41763006
 34.100000     -0.41391490
 34.200000     -0.40851597
 34.300000     -0.40596330
 34.400000     -0.40189645
 34.500000     -0.39693775
 34.600000     -0.39278434
 34.700000     -0.39072949
 34.800000     -0.38741393
 34.900000     -0.38331313
 35.000000     -0.38204421
 35.100000     -0.37990199
 35.200000     -0.37659178
 35.300000     -0.37402234
 35.400000     -0.37113109
 35.500000     -0.36868130
 35.600000     -0.36846722
 35.700000     -0.36589640
 35.800000     -0.36337822
 35.900000     -0.36078653
 36.000000     -0.35761068
 36.100000     -0.35573527
 36.200000     -0.35274547
 36.300000     -0.35093074
 36.400000     -0.34993258
 36.500000     -0.34712891
 36.600000     -0.34357246
 36.700000     -0.34231914
 36.800000     -0.34088772
 36.900000     -0.33899689
 37.000000     -0.33660776
 37.100000     -0.33324802
 37.200000     -0.32962552
 37.300000     -0.32587389
 37.400000     -0.32106510
 37.500000     -0.31761246
 37.600000     -0.31402070
 37.700000     -0.30985855
 37.800000     -0.30741789
 37.900000     -0.30688351
 38.000000     -0.30509556
 38.100000     -0.30208770
 38.200000     -0.30017079
 38.300000     -0.29768506
 38.400000     -0.29348107
 38.500000     -0.29199660
 38.600000     -0.29060868
 38.700000     -0.28996773
 38.800000     -0.28939059
 38.900000     -0.28732208
 39.000000     -0.28436669
 39.100000     -0.28217741
 39.200000     -0.27991382
 39.300000     -0.27714888
 39.400000     -0.27444624
 39.500000     -0.27231786
 39.600000     -0.27121181
 39.700000     -0.27005800
 39.800000     -0.26717062
 39.900000     -0.26341778
