  0.000000     -0.01977099
  0.100000     -0.02144551
  0.200000     -0.02190321
  0.300000     -0.02231301
  0.400000     -0.02274228
  0.500000     -0.02319250
  0.600000     -0.02363101
  0.700000     -0.02406282
  0.800000     -0.02448202
  0.900000     -0.02576368
  1.000000     -0.02769045
  1.100000     -0.02876147
  1.200000     -0.02911213
  1.300000     -0.02940868
  1.400000     -0.02974860
  1.500000     -0.03012197
  1.600000     -0.03051834
  1.700000     -0.02996164
  1.800000     -0.02975827
  1.900000     -0.03032625
  2.000000     -0.03091983
  2.100000     -0.03154423
  2.200000     -0.03287482
  2.300000     -0.03386069
  2.400000     -0.03469196
  2.500000     -0.03555567
  2.600000     -0.03643003
  2.700000     -0.03731755
  2.800000     -0.03822439
  2.900000     -0.03914200
  3.000000     -0.04006968
  3.100000     -0.04100823
  3.200000     -0.04196704
  3.300000     -0.04292137
  3.400000     -0.04386336
  3.500000     -0.04478846
  3.600000     -0.04569331
  3.700000     -0.04657476
  3.800000     -0.04742807
  3.900000     -0.04824815
  4.000000     -0.04903724
  4.100000     -0.04979400
  4.200000     -0.05051540
  4.300000     -0.05120155
  4.400000     -0.05185298
  4.500000     -0.05247147
  4.600000     -0.05305507
  4.700000     -0.05360826
  4.800000     -0.05412630
  4.900000     -0.05461555
  5.000000     -0.05642600
  5.100000     -0.05676263
  5.200000     -0.05706686
  5.300000     -0.05734092
  5.400000     -0.05758920
  5.500000     -0.05781967
  5.600000     -0.05710652
  5.700000     -0.05733678
  5.800000     -0.05757364
  5.900000     -0.05782588
  6.000000     -0.05810388
  6.100000     -0.05841086
  6.200000     -0.05875106
  6.300000     -0.05913556
  6.400000     -0.05957106
  6.500000     -0.06005944
  6.600000     -0.06060660
  6.700000     -0.06121783
  6.800000     -0.06189832
  6.900000     -0.06265565
  7.000000     -0.06348809
  7.100000     -0.06440372
  7.200000     -0.06540516
  7.300000     -0.06649321
  7.400000     -0.06767479
  7.500000     -0.06895441
  7.600000     -0.07033192
  7.700000     -0.07181020
  7.800000     -0.07339599
  7.900000     -0.07508661
  8.000000     -0.07688775
  8.100000     -0.07879725
  8.200000     -0.08093962
  8.300000     -0.08343463
  8.400000     -0.08569291
  8.500000     -0.08803428
  8.600000     -0.09047817
  8.700000     -0.09301477
  8.800000     -0.09563628
  8.900000     -0.09834512
  9.000000     -0.10112573
  9.100000     -0.10396525
  9.200000     -0.10685437
  9.300000     -0.10978045
  9.400000     -0.11273316
  9.500000     -0.11569750
  9.600000     -0.11865765
  9.700000     -0.12159918
  9.800000     -0.12450857
  9.900000     -0.12736860
 10.000000     -0.13016243
 10.100000     -0.13287396
 10.200000     -0.13548844
 10.300000     -0.13798591
 10.400000     -0.14035033
 10.500000     -0.14256881
 10.600000     -0.14462402
 10.700000     -0.14650007
 10.800000     -0.14818163
 10.900000     -0.14964895
 11.000000     -0.15088800
 11.100000     -0.15188123
 11.200000     -0.15260874
 11.300000     -0.15305886
 11.400000     -0.15320347
 11.500000     -0.15302601
 11.600000     -0.15251096
 11.700000     -0.15163160
 11.800000     -0.15036198
 11.900000     -0.14868729
 12.000000     -0.14657891
 12.100000     -0.14401056
 12.200000     -0.14096851
 12.300000     -0.13742051
 12.400000     -0.13334706
 12.500000     -0.12872643
 12.600000     -0.12352282
 12.700000     -0.11772688
 12.800000     -0.11131653
 12.900000     -0.10426072
 13.000000     -0.09654094
 13.100000     -0.08813919
 13.200000     -0.07902787
 13.300000     -0.06919531
 13.400000     -0.05862158
 13.500000     -0.04728677
 13.600000     -0.03518056
 13.700000     -0.02228451
 13.800000     -0.00858777
 13.900000      0.00592218
 14.000000      0.02124542
 14.100000      0.03738594
 14.200000      0.05434901
 14.300000      0.07213699
 14.400000      0.09073024
 14.500000      0.11012135
 14.600000      0.13031137
 14.700000      0.15126699
 14.800000      0.17296846
 14.900000      0.19539391
 15.000000      0.21851401
 15.100000      0.24228920
 15.200000      0.26667854
 15.300000      0.29164161
 15.400000      0.31713672
 15.500000      0.34311356
 15.600000      0.36951895
 15.700000      0.39629782
 15.800000      0.42338260
 15.900000      0.45071095
 16.000000      0.47822077
 16.100000      0.50583823
 16.200000      0.53348969
 16.300000      0.56110157
 16.400000      0.58859355
 16.500000      0.61589279
 16.600000      0.64290371
 16.700000      0.66955062
 16.800000      0.69574971
 16.900000      0.72140560
 17.000000      0.74643692
 17.100000      0.77075693
 17.200000      0.79427744
 17.300000      0.81691633
 17.400000      0.83858086
 17.500000      0.85919109
 17.600000      0.87867122
 17.700000      0.89695477
 17.800000      0.91394594
 17.900000      0.92959760
 18.000000      0.94382014
 18.100000      0.95656374
 18.200000      0.96776678
 18.300000      0.97737786
 18.400000      0.98534852
 18.500000      0.99164740
 18.600000      0.99619328
 18.700000      0.99898763
 18.800000      1.00000000
 18.900000      0.99915342
 19.000000      0.99645023
 19.100000      0.99189520
 19.200000      0.98546721
 19.300000      0.97719537
 19.400000      0.96708514
 19.500000      0.95513334
 19.600000      0.94134541
 19.700000      0.92576773
 19.800000      0.90839591
 19.900000      0.88929548
 20.000000      0.86849207
 20.100000      0.84603721
 20.200000      0.82196541
 20.300000      0.79633631
 20.400000      0.76921764
 20.500000      0.74068394
 20.600000      0.71079737
 20.700000      0.67963574
 20.800000      0.64728073
 20.900000      0.61380123
 21.000000      0.57929825
 21.100000      0.54386107
 21.200000      0.50757005
 21.300000      0.47052898
 21.400000      0.43282131
 21.500000      0.39454571
 21.600000      0.35580469
 21.700000      0.31669205
 21.800000      0.27730838
 21.900000      0.23775468
 22.000000      0.19811976
 22.100000      0.15851160
 22.200000      0.11902848
 22.300000      0.07976310
 22.400000      0.04081497
 22.500000      0.00227893
 22.600000     -0.03574673
 22.700000     -0.07317398
 22.800000     -0.10991607
 22.900000     -0.14589016
 23.000000     -0.18101639
 23.100000     -0.21521819
 23.200000     -0.24842247
 23.300000     -0.28056911
 23.400000     -0.31160196
 23.500000     -0.34146368
 23.600000     -0.37012032
 23.700000     -0.39751597
 23.800000     -0.42362951
 23.900000     -0.44841919
 24.000000     -0.47187133
 24.100000     -0.49397492
 24.200000     -0.51473197
 24.300000     -0.53410179
 24.400000     -0.55211038
 24.500000     -0.56875422
 24.600000     -0.58403668
 24.700000     -0.59797885
 24.800000     -0.61060062
 24.900000     -0.62189729
 25.000000     -0.63191519
 25.100000     -0.64067981
 25.200000     -0.64821132
 25.300000     -0.65455017
 25.400000     -0.65972347
 25.500000     -0.66374847
 25.600000     -0.66667533
 25.700000     -0.66851891
 25.800000     -0.66933322
 25.900000     -0.66916999
 26.000000     -0.66803917
 26.100000     -0.66598025
 26.200000     -0.66304631
 26.300000     -0.65926396
 26.400000     -0.65467047
 26.500000     -0.64932030
 26.600000     -0.64323061
 26.700000     -0.63644206
 26.800000     -0.62899480
 26.900000     -0.62091571
 27.000000     -0.61225026
 27.100000     -0.60303704
 27.200000     -0.59330853
 27.300000     -0.58309698
 27.400000     -0.57243774
 27.500000     -0.56136237
 27.600000     -0.54990345
 27.700000     -0.53809269
 27.800000     -0.52596087
 27.900000     -0.51354045
 28.000000     -0.50085541
 28.100000     -0.48794613
 28.200000     -0.47483502
 28.300000     -0.46154878
 28.400000     -0.44812864
 28.500000     -0.43460464
 28.600000     -0.42099804
 28.700000     -0.40734420
 28.800000     -0.39367601
 28.900000     -0.38002181
 29.000000     -0.36641626
 29.100000     -0.35288626
 29.200000     -0.33946061
 29.300000     -0.32616561
 29.400000     -0.31301938
 29.500000     -0.30005191
 29.600000     -0.28728765
 29.700000     -0.27474870
 29.800000     -0.26245810
 29.900000     -0.25043358
 30.000000     -0.23869268
 30.100000     -0.22725323
 30.200000     -0.21613142
 30.300000     -0.20534449
 30.400000     -0.19491146
 30.500000     -0.18483615
 30.600000     -0.17512552
 30.700000     -0.16578909
 30.800000     -0.15683806
 30.900000     -0.14827886
 31.000000     -0.14010615
 31.100000     -0.13232510
 31.200000     -0.12493243
 31.300000     -0.11792056
 31.400000     -0.11129254
 31.500000     -0.10504163
 31.600000     -0.09915515
 31.700000     -0.09362705
 31.800000     -0.08844104
 31.900000     -0.08358700
 32.000000     -0.07905908
 32.100000     -0.07484000
 32.200000     -0.07091003
 32.300000     -0.06726773
 32.400000     -0.06389108
 32.500000     -0.06076131
 32.600000     -0.05513129
 32.700000     -0.05250364
 32.800000     -0.05008832
 32.900000     -0.04787864
 33.000000     -0.04585698
 33.100000     -0.04400776
 33.200000     -0.04232791
 33.300000     -0.03572856
 33.400000     -0.02934284
 33.500000     -0.02822703
 33.600000     -0.02725071
 33.700000     -0.02640778
 33.800000     -0.02568864
 33.900000     -0.02508051
 34.000000     -0.01956379
 34.100000     -0.01703138
 34.200000     -0.01682342
 34.300000     -0.01670205
 34.400000     -0.01665678
 34.500000     -0.01667511
 34.600000     -0.01676284
 34.700000     -0.01690454
 34.800000     -0.01709588
 34.900000     -0.01733668
 35.000000     -0.01771552
 35.100000     -0.01812906
 35.200000     -0.01958242
 35.300000     -0.01739185
 35.400000     -0.01762327
 35.500000     -0.01787763
 35.600000     -0.01815043
 35.700000     -0.01549704
 35.800000     -0.01082873
 35.900000     -0.01123543
 36.000000     -0.01167919
 36.100000     -0.01217887
 36.200000     -0.01245099
 36.300000     -0.01275991
 36.400000     -0.01310530
 36.500000     -0.01348056
 36.600000     -0.01388698
 36.700000     -0.01346283
 36.800000     -0.01158465
 36.900000     -0.01194239
 37.000000     -0.01216426
 37.100000     -0.01209104
 37.200000     -0.01073806
 37.300000     -0.00938569
 37.400000     -0.00975167
 37.500000     -0.01010341
 37.600000     -0.01043394
 37.700000     -0.01071181
 37.800000     -0.00936681
 37.900000     -0.00671681
 38.000000     -0.00939093
 38.100000     -0.00943240
 38.200000     -0.00939691
 38.300000     -0.00928260
 38.400000     -0.00914506
 38.500000     -0.00879933
 38.600000     -0.00725545
 38.700000     -0.00878875
 38.800000     -0.00843190
 38.900000     -0.00803170
 39.000000     -0.00756485
 39.100000     -0.00705388
 39.200000     -0.00517216
 39.300000     -0.00528309
 39.400000     -0.00453711
 39.500000     -0.00388626
 39.600000     -0.00322245
 39.700000     -0.00049184
 39.800000      0.00045340
 39.900000     -0.00035587
