  0.000000     -0.01024429
  0.100000     -0.01066715
  0.200000     -0.01097935
  0.300000     -0.01131727
  0.400000     -0.01122041
  0.500000     -0.01121023
  0.600000     -0.01174613
  0.700000     -0.01207940
  0.800000     -0.01249010
  0.900000     -0.01332320
  1.000000     -0.01399431
  1.100000     -0.01430412
  1.200000     -0.01458892
  1.300000     -0.01496602
  1.400000     -0.01507239
  1.500000     -0.01523909
  1.600000     -0.01578167
  1.700000     -0.01643597
  1.800000     -0.01656391
  1.900000     -0.01670743
  2.000000     -0.01780692
  2.100000     -0.01869970
  2.200000     -0.01901268
  2.300000     -0.01901226
  2.400000     -0.01897762
  2.500000     -0.01879540
  2.600000     -0.01889720
  2.700000     -0.01872240
  2.800000     -0.01871351
  2.900000     -0.01853343
  3.000000     -0.01814735
  3.100000     -0.01791586
  3.200000     -0.01768838
  3.300000     -0.01703113
  3.400000     -0.01673872
  3.500000     -0.01657153
  3.600000     -0.01638326
  3.700000     -0.01609153
  3.800000     -0.01549728
  3.900000     -0.01532234
  4.000000     -0.01507273
  4.100000     -0.01488810
  4.200000     -0.01535087
  4.300000     -0.01662776
  4.400000     -0.01753321
  4.500000     -0.01777482
  4.600000     -0.01780462
  4.700000     -0.01771489
  4.800000     -0.01919021
  4.900000     -0.02024938
  5.000000     -0.02073124
  5.100000     -0.02095160
  5.200000     -0.02106564
  5.300000     -0.02144896
  5.400000     -0.02214628
  5.500000     -0.02203340
  5.600000     -0.02191804
  5.700000     -0.02242610
  5.800000     -0.02308882
  5.900000     -0.02460303
  6.000000     -0.02514504
  6.100000     -0.02576581
  6.200000     -0.02719505
  6.300000     -0.02784998
  6.400000     -0.02860356
  6.500000     -0.03011721
  6.600000     -0.03075847
  6.700000     -0.03154086
  6.800000     -0.03267172
  6.900000     -0.03405055
  7.000000     -0.03520499
  7.100000     -0.03656724
  7.200000     -0.03817086
  7.300000     -0.03959572
  7.400000     -0.04058139
  7.500000     -0.04239386
  7.600000     -0.04466219
  7.700000     -0.04617426
  7.800000     -0.04805132
  7.900000     -0.05022841
  8.000000     -0.05228813
  8.100000     -0.05416119
  8.200000     -0.05676253
  8.300000     -0.05893296
  8.400000     -0.06127576
  8.500000     -0.06352658
  8.600000     -0.06628884
  8.700000     -0.06873949
  8.800000     -0.07129052
  8.900000     -0.07474077
  9.000000     -0.07796480
  9.100000     -0.08190539
  9.200000     -0.08518186
  9.300000     -0.08824436
  9.400000     -0.09120209
  9.500000     -0.09417663
  9.600000     -0.09715493
  9.700000     -0.10012806
  9.800000     -0.10347868
  9.900000     -0.10643823
 10.000000     -0.10935509
 10.100000     -0.11300101
 10.200000     -0.11612149
 10.300000     -0.11894263
 10.400000     -0.12171588
 10.500000     -0.12430235
 10.600000     -0.12671893
 10.700000     -0.12899305
 10.800000     -0.13110542
 10.900000     -0.13304085
 11.000000     -0.13477826
 11.100000     -0.13636807
 11.200000     -0.13776306
 11.300000     -0.13880266
 11.400000     -0.13956665
 11.500000     -0.14020449
 11.600000     -0.14044378
 11.700000     -0.14026529
 11.800000     -0.13972740
 11.900000     -0.13881487
 12.000000     -0.13750397
 12.100000     -0.13576379
 12.200000     -0.13358673
 12.300000     -0.13096471
 12.400000     -0.12786440
 12.500000     -0.12425977
 12.600000     -0.12013085
 12.700000     -0.11545849
 12.800000     -0.11021556
 12.900000     -0.10438581
 13.000000     -0.09794688
 13.100000     -0.09088104
 13.200000     -0.08316722
 13.300000     -0.07478162
 13.400000     -0.06570827
 13.500000     -0.05593665
 13.600000     -0.04545266
 13.700000     -0.03424103
 13.800000     -0.02228756
 13.900000     -0.00958878
 14.000000      0.00377031
 14.100000      0.01799745
 14.200000      0.03298724
 14.300000      0.04874596
 14.400000      0.06526639
 14.500000      0.08253991
 14.600000      0.10055963
 14.700000      0.11932000
 14.800000      0.13880986
 14.900000      0.15900677
 15.000000      0.17989355
 15.100000      0.20144714
 15.200000      0.22364304
 15.300000      0.24645026
 15.400000      0.26983406
 15.500000      0.29375808
 15.600000      0.31818384
 15.700000      0.34306666
 15.800000      0.36836419
 15.900000      0.39402354
 16.000000      0.41999097
 16.100000      0.44620939
 16.200000      0.47261930
 16.300000      0.49915832
 16.400000      0.52575961
 16.500000      0.55235332
 16.600000      0.57886795
 16.700000      0.60523075
 16.800000      0.63136362
 16.900000      0.65719265
 17.000000      0.68263848
 17.100000      0.70762483
 17.200000      0.73207047
 17.300000      0.75589918
 17.400000      0.77903301
 17.500000      0.80139304
 17.600000      0.82290822
 17.700000      0.84350634
 17.800000      0.86310811
 17.900000      0.88164704
 18.000000      0.89905102
 18.100000      0.91526276
 18.200000      0.93022428
 18.300000      0.94387214
 18.400000      0.95614343
 18.500000      0.96700167
 18.600000      0.97639370
 18.700000      0.98428086
 18.800000      0.99060697
 18.900000      0.99535068
 19.000000      0.99849165
 19.100000      1.00000000
 19.200000      0.99982424
 19.300000      0.99794095
 19.400000      0.99435015
 19.500000      0.98906921
 19.600000      0.98210090
 19.700000      0.97344972
 19.800000      0.96309716
 19.900000      0.95107446
 20.000000      0.93739914
 20.100000      0.92208744
 20.200000      0.90516901
 20.300000      0.88668541
 20.400000      0.86667795
 20.500000      0.84518620
 20.600000      0.82224251
 20.700000      0.79791179
 20.800000      0.77223882
 20.900000      0.74529385
 21.000000      0.71713385
 21.100000      0.68782634
 21.200000      0.65744007
 21.300000      0.62603831
 21.400000      0.59369520
 21.500000      0.56049099
 21.600000      0.52650351
 21.700000      0.49181056
 21.800000      0.45648575
 21.900000      0.42062018
 22.000000      0.38429109
 22.100000      0.34758482
 22.200000      0.31058291
 22.300000      0.27336814
 22.400000      0.23602585
 22.500000      0.19863823
 22.600000      0.16128847
 22.700000      0.12405714
 22.800000      0.08702546
 22.900000      0.05027293
 23.000000      0.01387543
 23.100000     -0.02209278
 23.200000     -0.05755509
 23.300000     -0.09243797
 23.400000     -0.12667286
 23.500000     -0.16020043
 23.600000     -0.19295687
 23.700000     -0.22488471
 23.800000     -0.25592605
 23.900000     -0.28603451
 24.000000     -0.31516194
 24.100000     -0.34326712
 24.200000     -0.37030948
 24.300000     -0.39624558
 24.400000     -0.42105292
 24.500000     -0.44471049
 24.600000     -0.46719339
 24.700000     -0.48847599
 24.800000     -0.50854523
 24.900000     -0.52740104
 25.000000     -0.54502744
 25.100000     -0.56142431
 25.200000     -0.57658726
 25.300000     -0.59052577
 25.400000     -0.60324951
 25.500000     -0.61476759
 25.600000     -0.62508629
 25.700000     -0.63422912
 25.800000     -0.64220470
 25.900000     -0.64904019
 26.000000     -0.65475540
 26.100000     -0.65937549
 26.200000     -0.66292924
 26.300000     -0.66543911
 26.400000     -0.66694101
 26.500000     -0.66746437
 26.600000     -0.66703869
 26.700000     -0.66570879
 26.800000     -0.66350033
 26.900000     -0.66046098
 27.000000     -0.65661912
 27.100000     -0.65202026
 27.200000     -0.64670092
 27.300000     -0.64069573
 27.400000     -0.63404669
 27.500000     -0.62678978
 27.600000     -0.61896767
 27.700000     -0.61061771
 27.800000     -0.60177007
 27.900000     -0.59246451
 28.000000     -0.58273527
 28.100000     -0.57262273
 28.200000     -0.56215895
 28.300000     -0.55137876
 28.400000     -0.54031767
 28.500000     -0.52900895
 28.600000     -0.51748292
 28.700000     -0.50577327
 28.800000     -0.49390866
 28.900000     -0.48192303
 29.000000     -0.46984419
 29.100000     -0.45770188
 29.200000     -0.44551750
 29.300000     -0.43331960
 29.400000     -0.42113536
 29.500000     -0.40899083
 29.600000     -0.39689383
 29.700000     -0.38486989
 29.800000     -0.37294149
 29.900000     -0.36112663
 30.000000     -0.34944291
 30.100000     -0.33790677
 30.200000     -0.32653545
 30.300000     -0.31534052
 30.400000     -0.30433699
 30.500000     -0.29353624
 30.600000     -0.28295022
 30.700000     -0.27259030
 30.800000     -0.26246426
 30.900000     -0.25257743
 31.000000     -0.24293590
 31.100000     -0.23354655
 31.200000     -0.22440966
 31.300000     -0.21552952
 31.400000     -0.20691006
 31.500000     -0.19855118
 31.600000     -0.19045019
 31.700000     -0.18258081
 31.800000     -0.17497709
 31.900000     -0.16763686
 32.000000     -0.16055622
 32.100000     -0.15373567
 32.200000     -0.14715739
 32.300000     -0.14081694
 32.400000     -0.13470900
 32.500000     -0.12882765
 32.600000     -0.12316848
 32.700000     -0.11772422
 32.800000     -0.11245425
 32.900000     -0.10736616
 33.000000     -0.10253410
 33.100000     -0.09791710
 33.200000     -0.09349391
 33.300000     -0.08926106
 33.400000     -0.08518492
 33.500000     -0.08128841
 33.600000     -0.07756717
 33.700000     -0.07398743
 33.800000     -0.07057348
 33.900000     -0.06732035
 34.000000     -0.06425474
 34.100000     -0.06140649
 34.200000     -0.05872886
 34.300000     -0.05621198
 34.400000     -0.05384031
 34.500000     -0.05162176
 34.600000     -0.04956950
 34.700000     -0.04763823
 34.800000     -0.04580850
 34.900000     -0.04408082
 35.000000     -0.04245047
 35.100000     -0.04093918
 35.200000     -0.03943607
 35.300000     -0.03802197
 35.400000     -0.03667357
 35.500000     -0.03543019
 35.600000     -0.03428354
 35.700000     -0.03316461
 35.800000     -0.03211233
 35.900000     -0.02735102
 36.000000     -0.02567151
 36.100000     -0.02478507
 36.200000     -0.02404538
 36.300000     -0.02338679
 36.400000     -0.02277824
 36.500000     -0.02222579
 36.600000     -0.02173462
 36.700000     -0.02138524
 36.800000     -0.02112257
 36.900000     -0.02095186
 37.000000     -0.02083047
 37.100000     -0.02077016
 37.200000     -0.02075882
 37.300000     -0.02076931
 37.400000     -0.02092337
 37.500000     -0.02105867
 37.600000     -0.02121203
 37.700000     -0.02143727
 37.800000     -0.02170145
 37.900000     -0.02203067
 38.000000     -0.02241402
 38.100000     -0.02288513
 38.200000     -0.02339548
 38.300000     -0.02395457
 38.400000     -0.02454225
 38.500000     -0.02518672
 38.600000     -0.02579586
 38.700000     -0.02637006
 38.800000     -0.02684826
 38.900000     -0.02727699
 39.000000     -0.02770683
 39.100000     -0.02812673
 39.200000     -0.02858124
 39.300000     -0.02901847
 39.400000     -0.02947636
 39.500000     -0.02991909
 39.600000     -0.03036276
 39.700000     -0.03079040
 39.800000     -0.03127885
 39.900000     -0.03174879
