  0.000000      0.02101938
  0.100000      0.01947998
  0.200000      0.01788423
  0.300000      0.01628523
  0.400000      0.01446988
  0.500000      0.01246830
  0.600000      0.01036110
  0.700000      0.00814460
  0.800000      0.00571182
  0.900000      0.00278392
  1.000000     -0.00022463
  1.100000     -0.00311419
  1.200000     -0.00628258
  1.300000     -0.00962382
  1.400000     -0.01319152
  1.500000     -0.01717510
  1.600000     -0.02146310
  1.700000     -0.02604009
  1.800000     -0.03099750
  1.900000     -0.03592091
  2.000000     -0.04036468
  2.100000     -0.04477044
  2.200000     -0.04924427
  2.300000     -0.05371934
  2.400000     -0.05810311
  2.500000     -0.06255599
  2.600000     -0.06676096
  2.700000     -0.07050001
  2.800000     -0.07404036
  2.900000     -0.07753534
  3.000000     -0.08043900
  3.100000     -0.08280136
  3.200000     -0.08470968
  3.300000     -0.08583479
  3.400000     -0.08622246
  3.500000     -0.08574728
  3.600000     -0.08429067
  3.700000     -0.08207910
  3.800000     -0.07800044
  3.900000     -0.07244473
  4.000000     -0.06479624
  4.100000     -0.05477141
  4.200000     -0.04221076
  4.300000     -0.02654993
  4.400000     -0.00751409
  4.500000      0.01464245
  4.600000      0.04059845
  4.700000      0.07078867
  4.800000      0.10498212
  4.900000      0.14348186
  5.000000      0.18633589
  5.100000      0.23295525
  5.200000      0.28325432
  5.300000      0.33637678
  5.400000      0.39154908
  5.500000      0.44854594
  5.600000      0.50638021
  5.700000      0.56352107
  5.800000      0.61939853
  5.900000      0.67314138
  6.000000      0.72361576
  6.100000      0.77078659
  6.200000      0.81465474
  6.300000      0.85448332
  6.400000      0.88933684
  6.500000      0.91963971
  6.600000      0.94554075
  6.700000      0.96679413
  6.800000      0.98291929
  6.900000      0.99369826
  7.000000      0.99947462
  7.100000      1.00000000
  7.200000      0.99578564
  7.300000      0.98751140
  7.400000      0.97509013
  7.500000      0.95952697
  7.600000      0.94036723
  7.700000      0.91774923
  7.800000      0.89135460
  7.900000      0.86162752
  8.000000      0.82920860
  8.100000      0.79423053
  8.200000      0.75593572
  8.300000      0.71486306
  8.400000      0.67135160
  8.500000      0.62521932
  8.600000      0.57682857
  8.700000      0.52671613
  8.800000      0.47463962
  8.900000      0.42131798
  9.000000      0.36739803
  9.100000      0.31112851
  9.200000      0.25326470
  9.300000      0.19726095
  9.400000      0.14308984
  9.500000      0.09118982
  9.600000      0.04217500
  9.700000     -0.00445358
  9.800000     -0.04802713
  9.900000     -0.08745094
 10.000000     -0.12336594
 10.100000     -0.15633111
 10.200000     -0.18638882
 10.300000     -0.21313634
 10.400000     -0.23714947
 10.500000     -0.25889381
 10.600000     -0.27829006
 10.700000     -0.29527152
 10.800000     -0.31015198
 10.900000     -0.32359465
 11.000000     -0.33570892
 11.100000     -0.34638605
 11.200000     -0.35564294
 11.300000     -0.36377825
 11.400000     -0.37153210
 11.500000     -0.37865011
 11.600000     -0.38504255
 11.700000     -0.39124767
 11.800000     -0.39711702
 11.900000     -0.40322034
 12.000000     -0.40906265
 12.100000     -0.41423457
 12.200000     -0.41930694
 12.300000     -0.42417496
 12.400000     -0.42860481
 12.500000     -0.43393949
 12.600000     -0.43921257
 12.700000     -0.44458371
 12.800000     -0.44884030
 12.900000     -0.45309607
 13.000000     -0.45676583
 13.100000     -0.45944200
 13.200000     -0.46177457
 13.300000     -0.46369030
 13.400000     -0.46474978
 13.500000     -0.46494680
 13.600000     -0.46537991
 13.700000     -0.46598721
 13.800000     -0.46633166
 13.900000     -0.46617643
 14.000000     -0.46569648
 14.100000     -0.46445910
 14.200000     -0.46251561
 14.300000     -0.46038838
 14.400000     -0.45793859
 14.500000     -0.45496373
 14.600000     -0.45176068
 14.700000     -0.44885346
 14.800000     -0.44514408
 14.900000     -0.44014762
 15.000000     -0.43440912
 15.100000     -0.42894539
 15.200000     -0.42320508
 15.300000     -0.41714130
 15.400000     -0.41027426
 15.500000     -0.40279129
 15.600000     -0.39512771
 15.700000     -0.38754868
 15.800000     -0.37997767
 15.900000     -0.37192934
 16.000000     -0.36356031
 16.100000     -0.35478429
 16.200000     -0.34576143
 16.300000     -0.33702290
 16.400000     -0.32803865
 16.500000     -0.31904240
 16.600000     -0.31008259
 16.700000     -0.30126486
 16.800000     -0.29275901
 16.900000     -0.28426804
 17.000000     -0.27572348
 17.100000     -0.26684683
 17.200000     -0.25733673
 17.300000     -0.24800593
 17.400000     -0.23888368
 17.500000     -0.22991400
 17.600000     -0.22126294
 17.700000     -0.21241645
 17.800000     -0.20327113
 17.900000     -0.19398222
 18.000000     -0.18443994
 18.100000     -0.17493750
 18.200000     -0.16566489
 18.300000     -0.15637497
 18.400000     -0.14723352
 18.500000     -0.13863727
 18.600000     -0.13004059
 18.700000     -0.12175263
 18.800000     -0.11391482
 18.900000     -0.10635444
 19.000000     -0.09952188
 19.100000     -0.09314460
 19.200000     -0.08648571
 19.300000     -0.08050352
 19.400000     -0.07470561
 19.500000     -0.06918722
 19.600000     -0.06418477
 19.700000     -0.05923097
 19.800000     -0.05460184
 19.900000     -0.05042968
 20.000000     -0.04636526
 20.100000     -0.04249671
 20.200000     -0.03897933
 20.300000     -0.03566911
 20.400000     -0.03212812
 20.500000     -0.02842774
 20.600000     -0.02490382
 20.700000     -0.02163751
 20.800000     -0.01870261
 20.900000     -0.01597555
 21.000000     -0.01334815
 21.100000     -0.01104023
 21.200000     -0.00822894
 21.300000     -0.00536404
 21.400000     -0.00271173
 21.500000      0.00021053
 21.600000      0.00275770
 21.700000      0.00463274
 21.800000      0.00614464
 21.900000      0.00750711
 22.000000      0.00911012
 22.100000      0.01022969
 22.200000      0.01041853
 22.300000      0.01014457
 22.400000      0.01016332
 22.500000      0.00978208
 22.600000      0.00938835
 22.700000      0.00848040
 22.800000      0.00725503
 22.900000      0.00582798
 23.000000      0.00436828
 23.100000      0.00284038
 23.200000      0.00126672
 23.300000     -0.00055180
 23.400000     -0.00260089
 23.500000     -0.00452197
 23.600000     -0.00619401
 23.700000     -0.00792181
 23.800000     -0.01014033
 23.900000     -0.01262100
 24.000000     -0.01485347
 24.100000     -0.01709803
 24.200000     -0.01924788
 24.300000     -0.02120857
 24.400000     -0.02267917
 24.500000     -0.02410505
 24.600000     -0.02535746
 24.700000     -0.02592381
 24.800000     -0.02632289
 24.900000     -0.02688736
 25.000000     -0.02677703
 25.100000     -0.02682198
 25.200000     -0.02689930
 25.300000     -0.02651668
 25.400000     -0.02608119
 25.500000     -0.02541651
 25.600000     -0.02421523
 25.700000     -0.02289810
 25.800000     -0.02199323
 25.900000     -0.02123548
 26.000000     -0.02065250
 26.100000     -0.01946120
 26.200000     -0.01792430
 26.300000     -0.01672699
 26.400000     -0.01578442
 26.500000     -0.01471100
 26.600000     -0.01349558
 26.700000     -0.01214586
 26.800000     -0.01120170
 26.900000     -0.01013064
 27.000000     -0.00923284
 27.100000     -0.00837991
 27.200000     -0.00779393
 27.300000     -0.00711086
 27.400000     -0.00670169
 27.500000     -0.00643087
 27.600000     -0.00565621
 27.700000     -0.00502868
 27.800000     -0.00530460
 27.900000     -0.00618483
 28.000000     -0.00727163
 28.100000     -0.00809988
 28.200000     -0.00861921
 28.300000     -0.00871194
 28.400000     -0.00873552
 28.500000     -0.00892546
 28.600000     -0.00905081
 28.700000     -0.00901690
 28.800000     -0.00899581
 28.900000     -0.00898887
 29.000000     -0.00922995
 29.100000     -0.00922696
 29.200000     -0.00929067
 29.300000     -0.00902965
 29.400000     -0.00879229
 29.500000     -0.00860129
 29.600000     -0.00831901
 29.700000     -0.00785650
 29.800000     -0.00748515
 29.900000     -0.00689425
 30.000000     -0.00603664
 30.100000     -0.00536092
 30.200000     -0.00450066
 30.300000     -0.00387194
 30.400000     -0.00306859
 30.500000     -0.00195263
 30.600000     -0.00079753
 30.700000      0.00023724
 30.800000      0.00094850
 30.900000      0.00215303
 31.000000      0.00320928
 31.100000      0.00375558
 31.200000      0.00430258
 31.300000      0.00430628
 31.400000      0.00422525
 31.500000      0.00419260
 31.600000      0.00360575
 31.700000      0.00280558
 31.800000      0.00220120
 31.900000      0.00168176
 32.000000      0.00144712
 32.100000      0.00146971
 32.200000      0.00149722
 32.300000      0.00144326
 32.400000      0.00170608
 32.500000      0.00217044
 32.600000      0.00255614
 32.700000      0.00303830
 32.800000      0.00358787
 32.900000      0.00384958
 33.000000      0.00375241
 33.100000      0.00438189
 33.200000      0.00509381
 33.300000      0.00549670
 33.400000      0.00613333
 33.500000      0.00673874
 33.600000      0.00731500
 33.700000      0.00810179
 33.800000      0.00918856
 33.900000      0.01024900
 34.000000      0.01147515
 34.100000      0.01298915
 34.200000      0.01452635
 34.300000      0.01605420
 34.400000      0.01738175
 34.500000      0.01859933
 34.600000      0.01979409
 34.700000      0.02093949
 34.800000      0.02193958
 34.900000      0.02269631
 35.000000      0.02330290
 35.100000      0.02399609
 35.200000      0.02440916
 35.300000      0.02449666
 35.400000      0.02456034
 35.500000      0.02450704
 35.600000      0.02420508
 35.700000      0.02391839
 35.800000      0.02348399
 35.900000      0.02284821
 36.000000      0.02219591
 36.100000      0.02162505
 36.200000      0.02092556
 36.300000      0.02031490
 36.400000      0.01985734
 36.500000      0.01947575
 36.600000      0.01908143
 36.700000      0.01866808
 36.800000      0.01836912
 36.900000      0.01798367
 37.000000      0.01738762
 37.100000      0.01687177
 37.200000      0.01648443
 37.300000      0.01630300
 37.400000      0.01589244
 37.500000      0.01512132
 37.600000      0.01529194
 37.700000      0.01594773
 37.800000      0.01664389
 37.900000      0.01716208
 38.000000      0.01771780
 38.100000      0.01844484
 38.200000      0.01910370
 38.300000      0.01963849
 38.400000      0.02013379
 38.500000      0.02042569
 38.600000      0.02060003
 38.700000      0.02072771
 38.800000      0.02109307
 38.900000      0.02170602
 39.000000      0.02232582
 39.100000      0.02289176
 39.200000      0.02321710
 39.300000      0.02368622
 39.400000      0.02402105
 39.500000      0.02419586
 39.600000      0.02427821
 39.700000      0.02430901
 39.800000      0.02435751
 39.900000      0.02453464
