  0.000000     -0.01479042
  0.100000     -0.01493207
  0.200000     -0.01476185
  0.300000     -0.01465175
  0.400000     -0.01457185
  0.500000     -0.01447466
  0.600000     -0.01432167
  0.700000     -0.01412695
  0.800000     -0.01405562
  0.900000     -0.01394775
  1.000000     -0.01376509
  1.100000     -0.01371831
  1.200000     -0.01358804
  1.300000     -0.01359614
  1.400000     -0.01357607
  1.500000     -0.01347397
  1.600000     -0.01333288
  1.700000     -0.01318674
  1.800000     -0.01345863
  1.900000     -0.01344969
  2.000000     -0.01349150
  2.100000     -0.01354524
  2.200000     -0.01363905
  2.300000     -0.01353729
  2.400000     -0.01358874
  2.500000     -0.01373374
  2.600000     -0.01395359
  2.700000     -0.01403815
  2.800000     -0.01426176
  2.900000     -0.01458297
  3.000000     -0.01474653
  3.100000     -0.01495759
  3.200000     -0.01514548
  3.300000     -0.01507030
  3.400000     -0.01526248
  3.500000     -0.01542365
  3.600000     -0.01569118
  3.700000     -0.01574818
  3.800000     -0.01590499
  3.900000     -0.01621209
  4.000000     -0.01659195
  4.100000     -0.01696954
  4.200000     -0.01719926
  4.300000     -0.01741707
  4.400000     -0.01782143
  4.500000     -0.01813289
  4.600000     -0.01855512
  4.700000     -0.01888580
  4.800000     -0.01923356
  4.900000     -0.01960275
  5.000000     -0.02001815
  5.100000     -0.02049546
  5.200000     -0.02091937
  5.300000     -0.02134690
  5.400000     -0.02185413
  5.500000     -0.02241604
  5.600000     -0.02297437
  5.700000     -0.02375714
  5.800000     -0.02438534
  5.900000     -0.02510491
  6.000000     -0.02587465
  6.100000     -0.02681322
  6.200000     -0.02773979
  6.300000     -0.02872245
  6.400000     -0.02977928
  6.500000     -0.03089661
  6.600000     -0.03201537
  6.700000     -0.03329575
  6.800000     -0.03453747
  6.900000     -0.03583230
  7.000000     -0.03715780
  7.100000     -0.03855365
  7.200000     -0.04008315
  7.300000     -0.04163695
  7.400000     -0.04319623
  7.500000     -0.04477315
  7.600000     -0.04639753
  7.700000     -0.04806861
  7.800000     -0.04978523
  7.900000     -0.05152340
  8.000000     -0.05332538
  8.100000     -0.05519365
  8.200000     -0.05711742
  8.300000     -0.05912239
  8.400000     -0.06107943
  8.500000     -0.06316432
  8.600000     -0.06520687
  8.700000     -0.06726927
  8.800000     -0.06937846
  8.900000     -0.07154750
  9.000000     -0.07368270
  9.100000     -0.07583486
  9.200000     -0.07803898
  9.300000     -0.08021194
  9.400000     -0.08241256
  9.500000     -0.08457627
  9.600000     -0.08670708
  9.700000     -0.08884572
  9.800000     -0.09095652
  9.900000     -0.09303046
 10.000000     -0.09505706
 10.100000     -0.09702559
 10.200000     -0.09892411
 10.300000     -0.10074053
 10.400000     -0.10246159
 10.500000     -0.10407337
 10.600000     -0.10556084
 10.700000     -0.10690799
 10.800000     -0.10809871
 10.900000     -0.10911603
 11.000000     -0.10994177
 11.100000     -0.11055739
 11.200000     -0.11094378
 11.300000     -0.11108049
 11.400000     -0.11094686
 11.500000     -0.11052176
 11.600000     -0.10967522
 11.700000     -0.10860018
 11.800000     -0.10716740
 11.900000     -0.10535260
 12.000000     -0.10313363
 12.100000     -0.10048723
 12.200000     -0.09738879
 12.300000     -0.09381468
 12.400000     -0.08974057
 12.500000     -0.08514078
 12.600000     -0.07999234
 12.700000     -0.07427179
 12.800000     -0.06795490
 12.900000     -0.06101829
 13.000000     -0.05344100
 13.100000     -0.04520132
 13.200000     -0.03627766
 13.300000     -0.02665199
 13.400000     -0.01630282
 13.500000     -0.00520718
 13.600000      0.00664782
 13.700000      0.01927487
 13.800000      0.03268615
 13.900000      0.04689388
 14.000000      0.06190845
 14.100000      0.07773648
 14.200000      0.09438388
 14.300000      0.11185267
 14.400000      0.13014044
 14.500000      0.14924485
 14.600000      0.16915742
 14.700000      0.18986621
 14.800000      0.21135570
 14.900000      0.23360645
 15.000000      0.25659543
 15.100000      0.28029734
 15.200000      0.30468199
 15.300000      0.32970986
 15.400000      0.35533892
 15.500000      0.38152243
 15.600000      0.40820826
 15.700000      0.43534163
 15.800000      0.46285876
 15.900000      0.49069291
 16.000000      0.51877222
 16.100000      0.54701782
 16.200000      0.57534551
 16.300000      0.60366620
 16.400000      0.63188196
 16.500000      0.65989921
 16.600000      0.68761436
 16.700000      0.71491912
 16.800000      0.74170009
 16.900000      0.76783881
 17.000000      0.79321563
 17.100000      0.81770637
 17.200000      0.84118563
 17.300000      0.86352861
 17.400000      0.88460753
 17.500000      0.90429539
 17.600000      0.92242302
 17.700000      0.93896390
 17.800000      0.95375517
 17.900000      0.96668300
 18.000000      0.97764598
 18.100000      0.98654548
 18.200000      0.99329043
 18.300000      0.99780276
 18.400000      1.00000000
 18.500000      0.99979039
 18.600000      0.99713646
 18.700000      0.99202247
 18.800000      0.98444040
 18.900000      0.97438910
 19.000000      0.96187943
 19.100000      0.94693114
 19.200000      0.92957569
 19.300000      0.90986348
 19.400000      0.88785803
 19.500000      0.86363636
 19.600000      0.83728889
 19.700000      0.80891465
 19.800000      0.77862862
 19.900000      0.74655264
 20.000000      0.71281174
 20.100000      0.67754141
 20.200000      0.64087832
 20.300000      0.60297188
 20.400000      0.56396753
 20.500000      0.52401480
 20.600000      0.48326458
 20.700000      0.44186604
 20.800000      0.39997900
 20.900000      0.35775910
 21.000000      0.31535868
 21.100000      0.27292950
 21.200000      0.23061825
 21.300000      0.18857057
 21.400000      0.14692457
 21.500000      0.10581207
 21.600000      0.06535635
 21.700000      0.02567374
 21.800000     -0.01312640
 21.900000     -0.05094311
 22.000000     -0.08768644
 22.100000     -0.12327676
 22.200000     -0.15764000
 22.300000     -0.19071538
 22.400000     -0.22244804
 22.500000     -0.25279043
 22.600000     -0.28170954
 22.700000     -0.30917853
 22.800000     -0.33517693
 22.900000     -0.35969459
 23.000000     -0.38272982
 23.100000     -0.40428381
 23.200000     -0.42436136
 23.300000     -0.44298534
 23.400000     -0.46017296
 23.500000     -0.47594344
 23.600000     -0.49033280
 23.700000     -0.50338058
 23.800000     -0.51512897
 23.900000     -0.52562209
 24.000000     -0.53490491
 24.100000     -0.54302557
 24.200000     -0.55002845
 24.300000     -0.55596514
 24.400000     -0.56088606
 24.500000     -0.56484024
 24.600000     -0.56787750
 24.700000     -0.57004681
 24.800000     -0.57139962
 24.900000     -0.57198477
 25.000000     -0.57182815
 25.100000     -0.57100434
 25.200000     -0.56954021
 25.300000     -0.56748163
 25.400000     -0.56486663
 25.500000     -0.56173202
 25.600000     -0.55811176
 25.700000     -0.55403353
 25.800000     -0.54952994
 25.900000     -0.54462948
 26.000000     -0.53935560
 26.100000     -0.53373269
 26.200000     -0.52778498
 26.300000     -0.52153367
 26.400000     -0.51499943
 26.500000     -0.50819993
 26.600000     -0.50115299
 26.700000     -0.49387553
 26.800000     -0.48638314
 26.900000     -0.47869158
 27.000000     -0.47081591
 27.100000     -0.46277170
 27.200000     -0.45457244
 27.300000     -0.44622893
 27.400000     -0.43775575
 27.500000     -0.42916698
 27.600000     -0.42047582
 27.700000     -0.41169490
 27.800000     -0.40283718
 27.900000     -0.39391483
 28.000000     -0.38493962
 28.100000     -0.37592385
 28.200000     -0.36688077
 28.300000     -0.35782098
 28.400000     -0.34875605
 28.500000     -0.33969736
 28.600000     -0.33065829
 28.700000     -0.32165344
 28.800000     -0.31269419
 28.900000     -0.30379086
 29.000000     -0.29493886
 29.100000     -0.28616506
 29.200000     -0.27748301
 29.300000     -0.26890408
 29.400000     -0.26043818
 29.500000     -0.25209632
 29.600000     -0.24388630
 29.700000     -0.23581940
 29.800000     -0.22790472
 29.900000     -0.22015093
 30.000000     -0.21256553
 30.100000     -0.20515660
 30.200000     -0.19793145
 30.300000     -0.19089595
 30.400000     -0.18405669
 30.500000     -0.17742035
 30.600000     -0.17099020
 30.700000     -0.16477131
 30.800000     -0.15859897
 30.900000     -0.15276366
 31.000000     -0.14720743
 31.100000     -0.14171246
 31.200000     -0.13657084
 31.300000     -0.13154385
 31.400000     -0.12677445
 31.500000     -0.12236254
 31.600000     -0.11817166
 31.700000     -0.11420099
 31.800000     -0.11044543
 31.900000     -0.10689870
 32.000000     -0.10355768
 32.100000     -0.10041617
 32.200000     -0.09746917
 32.300000     -0.09470245
 32.400000     -0.09209188
 32.500000     -0.08967972
 32.600000     -0.08743382
 32.700000     -0.08534590
 32.800000     -0.08340714
 32.900000     -0.08160841
 33.000000     -0.07994191
 33.100000     -0.07840833
 33.200000     -0.07699012
 33.300000     -0.07567468
 33.400000     -0.07445703
 33.500000     -0.07333984
 33.600000     -0.07229819
 33.700000     -0.07132316
 33.800000     -0.07040579
 33.900000     -0.06953813
 34.000000     -0.06871246
 34.100000     -0.06792028
 34.200000     -0.06715491
 34.300000     -0.06640510
 34.400000     -0.06567159
 34.500000     -0.06494551
 34.600000     -0.06421402
 34.700000     -0.06357446
 34.800000     -0.06285822
 34.900000     -0.06208343
 35.000000     -0.06122464
 35.100000     -0.06043554
 35.200000     -0.05961968
 35.300000     -0.05877495
 35.400000     -0.05789828
 35.500000     -0.05713153
 35.600000     -0.05639789
 35.700000     -0.05542292
 35.800000     -0.05440533
 35.900000     -0.05309047
 36.000000     -0.05199903
 36.100000     -0.05125826
 36.200000     -0.05015523
 36.300000     -0.04895085
 36.400000     -0.04771087
 36.500000     -0.04665572
 36.600000     -0.04544753
 36.700000     -0.04435313
 36.800000     -0.04308266
 36.900000     -0.04207774
 37.000000     -0.04112094
 37.100000     -0.03991625
 37.200000     -0.03881576
 37.300000     -0.03845572
 37.400000     -0.03776382
 37.500000     -0.03649815
 37.600000     -0.03514548
 37.700000     -0.03396272
 37.800000     -0.03345841
 37.900000     -0.03267193
 38.000000     -0.03170218
 38.100000     -0.03039308
 38.200000     -0.03018155
 38.300000     -0.02906813
 38.400000     -0.02889826
 38.500000     -0.02800313
 38.600000     -0.02770391
 38.700000     -0.02702846
 38.800000     -0.02650326
 38.900000     -0.02563329
 39.000000     -0.02516536
 39.100000     -0.02477805
 39.200000     -0.02422880
 39.300000     -0.02383488
 39.400000     -0.02348890
 39.500000     -0.02303253
 39.600000     -0.02277169
 39.700000     -0.02259888
 39.800000     -0.02254842
 39.900000     -0.02235584
