  0.000000      0.00226226
  0.100000      0.00681217
  0.200000      0.01153585
  0.300000      0.01560552
  0.400000      0.01881071
  0.500000      0.01998220
  0.600000      0.02137158
  0.700000      0.02237341
  0.800000      0.02355086
  0.900000      0.02405749
  1.000000      0.02431782
  1.100000      0.02459837
  1.200000      0.02548833
  1.300000      0.02678957
  1.400000      0.02911849
  1.500000      0.03169784
  1.600000      0.03385653
  1.700000      0.03640872
  1.800000      0.03785518
  1.900000      0.03814303
  2.000000      0.03712604
  2.100000      0.03634932
  2.200000      0.03575509
  2.300000      0.03742414
  2.400000      0.04041271
  2.500000      0.04345924
  2.600000      0.04618655
  2.700000      0.05002573
  2.800000      0.05502582
  2.900000      0.06131159
  3.000000      0.06874246
  3.100000      0.07617646
  3.200000      0.08287886
  3.300000      0.08898822
  3.400000      0.09732543
  3.500000      0.10999831
  3.600000      0.12831164
  3.700000      0.14910102
  3.800000      0.17193609
  3.900000      0.19564779
  4.000000      0.22453919
  4.100000      0.25634957
  4.200000      0.29314401
  4.300000      0.33163544
  4.400000      0.37416375
  4.500000      0.42244564
  4.600000      0.47479474
  4.700000      0.52785632
  4.800000      0.57906360
  4.900000      0.62506679
  5.000000      0.66212801
  5.100000      0.69563301
  5.200000      0.73374973
  5.300000      0.77367231
  5.400000      0.81181064
  5.500000      0.84176859
  5.600000      0.86419693
  5.700000      0.87304573
  5.800000      0.86752739
  5.900000      0.86090640
  6.000000      0.86519556
  6.100000      0.87943801
  6.200000      0.90066595
  6.300000      0.91124843
  6.400000      0.93158618
  6.500000      0.98072837
  6.600000      1.00000000
  6.700000      0.99914533
  6.800000      0.97199491
  6.900000      0.94765700
  7.000000      0.91224755
  7.100000      0.85187477
  7.200000      0.76436286
  7.300000      0.66343430
  7.400000      0.56873789
  7.500000      0.48003627
  7.600000      0.38512440
  7.700000      0.30259609
  7.800000      0.21100336
  7.900000      0.11162851
  8.000000      0.00119281
  8.100000     -0.10993537
  8.200000     -0.21479473
  8.300000     -0.31583603
  8.400000     -0.39724631
  8.500000     -0.44632279
  8.600000     -0.48678879
  8.700000     -0.52589705
  8.800000     -0.55658468
  8.900000     -0.58123114
  9.000000     -0.60689983
  9.100000     -0.63261427
  9.200000     -0.64249921
  9.300000     -0.64613211
  9.400000     -0.65702564
  9.500000     -0.66860549
  9.600000     -0.66747318
  9.700000     -0.67345204
  9.800000     -0.68155871
  9.900000     -0.67425156
 10.000000     -0.66539683
 10.100000     -0.67042207
 10.200000     -0.66748892
 10.300000     -0.66095662
 10.400000     -0.65289639
 10.500000     -0.64228459
 10.600000     -0.63195209
 10.700000     -0.61019568
 10.800000     -0.58433809
 10.900000     -0.55699111
 11.000000     -0.52105189
 11.100000     -0.50306364
 11.200000     -0.50198393
 11.300000     -0.48664851
 11.400000     -0.46392189
 11.500000     -0.45034226
 11.600000     -0.45155855
 11.700000     -0.44643297
 11.800000     -0.43734656
 11.900000     -0.42010827
 12.000000     -0.39560830
 12.100000     -0.37819715
 12.200000     -0.36480530
 12.300000     -0.35583907
 12.400000     -0.35153104
 12.500000     -0.33997953
 12.600000     -0.32926497
 12.700000     -0.32797727
 12.800000     -0.31756039
 12.900000     -0.30122764
 13.000000     -0.28344248
 13.100000     -0.25472413
 13.200000     -0.22196895
 13.300000     -0.21120467
 13.400000     -0.21178169
 13.500000     -0.19750705
 13.600000     -0.17249997
 13.700000     -0.16041521
 13.800000     -0.14707625
 13.900000     -0.13181222
 14.000000     -0.11730960
 14.100000     -0.09734366
 14.200000     -0.08017709
 14.300000     -0.07977554
 14.400000     -0.08110393
 14.500000     -0.07973049
 14.600000     -0.07631996
 14.700000     -0.07043886
 14.800000     -0.06169451
 14.900000     -0.05763630
 15.000000     -0.05633960
 15.100000     -0.05719400
 15.200000     -0.05950455
 15.300000     -0.06042463
 15.400000     -0.05780746
 15.500000     -0.05157736
 15.600000     -0.04679559
 15.700000     -0.04557147
 15.800000     -0.04888183
 15.900000     -0.04964108
 16.000000     -0.04479236
 16.100000     -0.03601622
 16.200000     -0.02918295
 16.300000     -0.02843027
 16.400000     -0.03327763
 16.500000     -0.04168775
 16.600000     -0.04564233
 16.700000     -0.04196709
 16.800000     -0.03843887
 16.900000     -0.03521813
 17.000000     -0.03260308
 17.100000     -0.02876640
 17.200000     -0.02346989
 17.300000     -0.01936595
 17.400000     -0.01009344
 17.500000     -0.00188901
 17.600000     -0.00234631
 17.700000     -0.00503697
 17.800000     -0.00526897
 17.900000     -0.00372224
 18.000000     -0.00076312
 18.100000      0.00578594
 18.200000      0.01240522
 18.300000      0.01446370
 18.400000      0.01214468
 18.500000      0.00852149
 18.600000      0.00641739
 18.700000      0.00163465
 18.800000     -0.00411866
 18.900000     -0.00912152
 19.000000     -0.01480092
 19.100000     -0.02254468
 19.200000     -0.02764202
 19.300000     -0.02612395
 19.400000     -0.02185352
 19.500000     -0.01733627
 19.600000     -0.01386305
 19.700000     -0.01111750
 19.800000     -0.00948625
 19.900000     -0.00443445
 20.000000      0.00231307
 20.100000      0.00795761
 20.200000      0.01067029
 20.300000      0.01336183
 20.400000      0.01793800
 20.500000      0.02219988
 20.600000      0.02583211
 20.700000      0.02922600
 20.800000      0.02900001
 20.900000      0.02943013
 21.000000      0.03002380
 21.100000      0.02674673
 21.200000      0.02107626
 21.300000      0.01567054
 21.400000      0.01259937
 21.500000      0.01034316
 21.600000      0.00802853
 21.700000      0.00828097
 21.800000      0.01203477
 21.900000      0.01813765
 22.000000      0.02438343
 22.100000      0.02941705
 22.200000      0.03308391
 22.300000      0.03521404
 22.400000      0.03535388
 22.500000      0.03703364
 22.600000      0.03905553
 22.700000      0.04106367
 22.800000      0.04178456
 22.900000      0.04124097
 23.000000      0.04049966
 23.100000      0.03835398
 23.200000      0.03613376
 23.300000      0.03286021
 23.400000      0.03033215
 23.500000      0.02790990
 23.600000      0.02642072
 23.700000      0.02434335
 23.800000      0.02183147
 23.900000      0.01880202
 24.000000      0.01612368
 24.100000      0.01391789
 24.200000      0.01212814
 24.300000      0.01062551
 24.400000      0.00923860
 24.500000      0.00805142
 24.600000      0.00751020
 24.700000      0.00632415
 24.800000      0.00508393
 24.900000      0.00411718
 25.000000      0.00160742
 25.100000     -0.00238189
 25.200000     -0.00639984
 25.300000     -0.01074195
 25.400000     -0.01428744
 25.500000     -0.01843552
 25.600000     -0.02046084
 25.700000     -0.02199721
 25.800000     -0.02130733
 25.900000     -0.01993217
 26.000000     -0.01798148
 26.100000     -0.01646796
 26.200000     -0.01618673
 26.300000     -0.01606157
 26.400000     -0.01746321
 26.500000     -0.01869027
 26.600000     -0.01804812
 26.700000     -0.01774773
 26.800000     -0.01723926
 26.900000     -0.01616274
 27.000000     -0.01369167
 27.100000     -0.01065770
 27.200000     -0.00706143
 27.300000     -0.00265432
 27.400000      0.00241906
 27.500000      0.00691868
 27.600000      0.00872806
 27.700000      0.01016411
 27.800000      0.01190355
 27.900000      0.01340315
 28.000000      0.01438581
 28.100000      0.01487631
 28.200000      0.01382038
 28.300000      0.01290532
 28.400000      0.01137610
 28.500000      0.00787675
 28.600000      0.00388103
 28.700000     -0.00060282
 28.800000     -0.00401125
 28.900000     -0.00731214
 29.000000     -0.01068126
 29.100000     -0.01391738
 29.200000     -0.01729596
 29.300000     -0.01948181
 29.400000     -0.02085834
 29.500000     -0.02084345
 29.600000     -0.01853266
 29.700000     -0.01407051
 29.800000     -0.00813343
 29.900000     -0.00245388
 30.000000      0.00287065
 30.100000      0.00876594
 30.200000      0.01397503
 30.300000      0.01845212
 30.400000      0.02115948
 30.500000      0.02322409
 30.600000      0.02455406
 30.700000      0.02555473
 30.800000      0.02561659
 30.900000      0.02524523
 31.000000      0.02530205
 31.100000      0.02627990
 31.200000      0.02758593
 31.300000      0.02906024
 31.400000      0.03141287
 31.500000      0.03371017
 31.600000      0.03564651
 31.700000      0.03869476
 31.800000      0.04235128
 31.900000      0.04572035
 32.000000      0.04825810
 32.100000      0.05182006
 32.200000      0.05497443
 32.300000      0.05715115
 32.400000      0.05880288
 32.500000      0.05914119
 32.600000      0.05849297
 32.700000      0.05625553
 32.800000      0.05198739
 32.900000      0.04527500
 33.000000      0.03801853
 33.100000      0.03078502
 33.200000      0.02394362
 33.300000      0.01793134
 33.400000      0.01312406
 33.500000      0.00881509
 33.600000      0.00578317
 33.700000      0.00408326
 33.800000      0.00279998
 33.900000      0.00213053
 34.000000      0.00039118
 34.100000     -0.00280901
 34.200000     -0.00735594
 34.300000     -0.01190694
 34.400000     -0.01628782
 34.500000     -0.01947437
 34.600000     -0.02123893
 34.700000     -0.02174660
 34.800000     -0.02127419
 34.900000     -0.02010564
 35.000000     -0.01812644
 35.100000     -0.01646329
 35.200000     -0.01561973
 35.300000     -0.01524464
 35.400000     -0.01537522
 35.500000     -0.01569480
 35.600000     -0.01651576
 35.700000     -0.01741800
 35.800000     -0.01853177
 35.900000     -0.01905040
 36.000000     -0.01888969
 36.100000     -0.01753328
 36.200000     -0.01556371
 36.300000     -0.01400866
 36.400000     -0.01298770
 36.500000     -0.01208701
 36.600000     -0.01095780
 36.700000     -0.00923033
 36.800000     -0.00711552
 36.900000     -0.00533631
 37.000000     -0.00430299
 37.100000     -0.00357885
 37.200000     -0.00340695
 37.300000     -0.00313133
 37.400000     -0.00292940
 37.500000     -0.00267870
 37.600000     -0.00184385
 37.700000     -0.00001153
 37.800000      0.00185116
 37.900000      0.00376590
 38.000000      0.00518159
 38.100000      0.00635047
 38.200000      0.00747503
 38.300000      0.00789630
 38.400000      0.00753322
 38.500000      0.00727240
 38.600000      0.00661615
 38.700000      0.00528644
 38.800000      0.00258833
 38.900000     -0.00056917
 39.000000     -0.00413952
 39.100000     -0.00735377
 39.200000     -0.01009891
 39.300000     -0.01132948
 39.400000     -0.01266308
 39.500000     -0.01359111
 39.600000     -0.01404649
 39.700000     -0.01411119
 39.800000     -0.01321886
 39.900000     -0.01202580
