  0.000000     -0.02207744
  0.100000     -0.02230035
  0.200000     -0.02253014
  0.300000     -0.02274583
  0.400000     -0.02294250
  0.500000     -0.02315336
  0.600000     -0.02332841
  0.700000     -0.02344996
  0.800000     -0.02348514
  0.900000     -0.02342355
  1.000000     -0.02330258
  1.100000     -0.02315593
  1.200000     -0.02299218
  1.300000     -0.02288697
  1.400000     -0.02281671
  1.500000     -0.02273753
  1.600000     -0.02264770
  1.700000     -0.02258755
  1.800000     -0.02251026
  1.900000     -0.02238998
  2.000000     -0.02217961
  2.100000     -0.02194398
  2.200000     -0.02168547
  2.300000     -0.02140245
  2.400000     -0.02109131
  2.500000     -0.02080886
  2.600000     -0.02053572
  2.700000     -0.02020917
  2.800000     -0.01978551
  2.900000     -0.01934390
  3.000000     -0.01891758
  3.100000     -0.01850227
  3.200000     -0.01809790
  3.300000     -0.01770540
  3.400000     -0.01736993
  3.500000     -0.01708583
  3.600000     -0.01690567
  3.700000     -0.01683356
  3.800000     -0.01682644
  3.900000     -0.01683938
  4.000000     -0.01688330
  4.100000     -0.01695222
  4.200000     -0.01699130
  4.300000     -0.01701399
  4.400000     -0.01697957
  4.500000     -0.01697770
  4.600000     -0.01701034
  4.700000     -0.01708952
  4.800000     -0.01715098
  4.900000     -0.01722774
  5.000000     -0.01733203
  5.100000     -0.01746595
  5.200000     -0.01767841
  5.300000     -0.01795937
  5.400000     -0.01824918
  5.500000     -0.01834111
  5.600000     -0.01832450
  5.700000     -0.01834469
  5.800000     -0.01832266
  5.900000     -0.01819866
  6.000000     -0.01797307
  6.100000     -0.01769219
  6.200000     -0.01740735
  6.300000     -0.01716296
  6.400000     -0.01700931
  6.500000     -0.01686995
  6.600000     -0.01667233
  6.700000     -0.01656715
  6.800000     -0.01666795
  6.900000     -0.01685924
  7.000000     -0.01713180
  7.100000     -0.01757745
  7.200000     -0.01795962
  7.300000     -0.01823981
  7.400000     -0.01846726
  7.500000     -0.01857579
  7.600000     -0.01856543
  7.700000     -0.01851720
  7.800000     -0.01847391
  7.900000     -0.01838108
  8.000000     -0.01829077
  8.100000     -0.01829309
  8.200000     -0.01828518
  8.300000     -0.01818191
  8.400000     -0.01796768
  8.500000     -0.01771480
  8.600000     -0.01739067
  8.700000     -0.01722229
  8.800000     -0.01727593
  8.900000     -0.01753461
  9.000000     -0.01762585
  9.100000     -0.01773884
  9.200000     -0.01798980
  9.300000     -0.01823061
  9.400000     -0.01831282
  9.500000     -0.01823816
  9.600000     -0.01810806
  9.700000     -0.01783644
  9.800000     -0.01757426
  9.900000     -0.01741779
 10.000000     -0.01738336
 10.100000     -0.01735349
 10.200000     -0.01741195
 10.300000     -0.01757316
 10.400000     -0.01787231
 10.500000     -0.01833439
 10.600000     -0.01885819
 10.700000     -0.01929857
 10.800000     -0.01989067
 10.900000     -0.02041050
 11.000000     -0.02091384
 11.100000     -0.02144539
 11.200000     -0.02196942
 11.300000     -0.02240227
 11.400000     -0.02268804
 11.500000     -0.02289412
 11.600000     -0.02303958
 11.700000     -0.02311227
 11.800000     -0.02305321
 11.900000     -0.02300113
 12.000000     -0.02298688
 12.100000     -0.02290524
 12.200000     -0.02276065
 12.300000     -0.02271793
 12.400000     -0.02288873
 12.500000     -0.02306812
 12.600000     -0.02311634
 12.700000     -0.02306580
 12.800000     -0.02295077
 12.900000     -0.02305449
 13.000000     -0.02308344
 13.100000     -0.02304052
 13.200000     -0.02312842
 13.300000     -0.02298936
 13.400000     -0.02275295
 13.500000     -0.02236048
 13.600000     -0.02162667
 13.700000     -0.02064762
 13.800000     -0.01969457
 13.900000     -0.01884577
 14.000000     -0.01794170
 14.100000     -0.01696796
 14.200000     -0.01594316
 14.300000     -0.01492977
 14.400000     -0.01405254
 14.500000     -0.01325325
 14.600000     -0.01227886
 14.700000     -0.01133035
 14.800000     -0.01034810
 14.900000     -0.00920184
 15.000000     -0.00823296
 15.100000     -0.00741297
 15.200000     -0.00660019
 15.300000     -0.00593725
 15.400000     -0.00521501
 15.500000     -0.00468122
 15.600000     -0.00409992
 15.700000     -0.00372197
 15.800000     -0.00343614
 15.900000     -0.00294179
 16.000000     -0.00241640
 16.100000     -0.00206198
 16.200000     -0.00161714
 16.300000     -0.00120148
 16.400000     -0.00077386
 16.500000     -0.00017154
 16.600000      0.00056200
 16.700000      0.00119009
 16.800000      0.00163420
 16.900000      0.00207870
 17.000000      0.00238079
 17.100000      0.00260201
 17.200000      0.00266915
 17.300000      0.00251442
 17.400000      0.00215111
 17.500000      0.00163325
 17.600000      0.00092064
 17.700000      0.00012734
 17.800000     -0.00031453
 17.900000     -0.00046014
 18.000000     -0.00045297
 18.100000     -0.00023537
 18.200000      0.00034728
 18.300000      0.00076057
 18.400000      0.00094701
 18.500000      0.00142668
 18.600000      0.00191077
 18.700000      0.00222573
 18.800000      0.00279266
 18.900000      0.00347556
 19.000000      0.00421836
 19.100000      0.00506056
 19.200000      0.00591675
 19.300000      0.00662706
 19.400000      0.00766540
 19.500000      0.00873773
 19.600000      0.00990577
 19.700000      0.01110717
 19.800000      0.01204881
 19.900000      0.01311739
 20.000000      0.01427546
 20.100000      0.01541153
 20.200000      0.01664861
 20.300000      0.01785930
 20.400000      0.01896477
 20.500000      0.02008539
 20.600000      0.02095337
 20.700000      0.02193015
 20.800000      0.02311103
 20.900000      0.02425158
 21.000000      0.02544630
 21.100000      0.02681608
 21.200000      0.02835914
 21.300000      0.03012430
 21.400000      0.03201312
 21.500000      0.03405557
 21.600000      0.03594930
 21.700000      0.03774053
 21.800000      0.03950369
 21.900000      0.04098838
 22.000000      0.04239350
 22.100000      0.04366851
 22.200000      0.04493519
 22.300000      0.04617429
 22.400000      0.04729194
 22.500000      0.04838700
 22.600000      0.04949102
 22.700000      0.05071835
 22.800000      0.05193129
 22.900000      0.05301147
 23.000000      0.05450793
 23.100000      0.05618315
 23.200000      0.05778331
 23.300000      0.05952424
 23.400000      0.06133213
 23.500000      0.06300878
 23.600000      0.06456478
 23.700000      0.06612428
 23.800000      0.06757032
 23.900000      0.06888424
 24.000000      0.07012961
 24.100000      0.07123580
 24.200000      0.07210007
 24.300000      0.07303150
 24.400000      0.07393036
 24.500000      0.07480348
 24.600000      0.07554629
 24.700000      0.07607174
 24.800000      0.07652572
 24.900000      0.07702562
 25.000000      0.07724394
 25.100000      0.07716870
 25.200000      0.07683018
 25.300000      0.07642987
 25.400000      0.07627683
 25.500000      0.07647244
 25.600000      0.07683054
 25.700000      0.07733774
 25.800000      0.07793911
 25.900000      0.07870515
 26.000000      0.07932984
 26.100000      0.07994167
 26.200000      0.08065130
 26.300000      0.08155221
 26.400000      0.08264727
 26.500000      0.08383095
 26.600000      0.08505013
 26.700000      0.08610445
 26.800000      0.08744985
 26.900000      0.08897062
 27.000000      0.09092526
 27.100000      0.09328831
 27.200000      0.09569195
 27.300000      0.09840442
 27.400000      0.10109201
 27.500000      0.10376225
 27.600000      0.10652591
 27.700000      0.10910936
 27.800000      0.11167064
 27.900000      0.11381380
 28.000000      0.11515138
 28.100000      0.11560030
 28.200000      0.11505776
 28.300000      0.11328206
 28.400000      0.11019320
 28.500000      0.10582537
 28.600000      0.10030636
 28.700000      0.09385326
 28.800000      0.08653688
 28.900000      0.07838614
 29.000000      0.06925854
 29.100000      0.05910162
 29.200000      0.04797726
 29.300000      0.03609847
 29.400000      0.02384989
 29.500000      0.01113348
 29.600000     -0.00186209
 29.700000     -0.01476678
 29.800000     -0.02769334
 29.900000     -0.04026679
 30.000000     -0.05208788
 30.100000     -0.06301986
 30.200000     -0.07306813
 30.300000     -0.08165084
 30.400000     -0.08854842
 30.500000     -0.09356067
 30.600000     -0.09661960
 30.700000     -0.09738438
 30.800000     -0.09571652
 30.900000     -0.09166988
 31.000000     -0.08562036
 31.100000     -0.07736813
 31.200000     -0.06675913
 31.300000     -0.05379371
 31.400000     -0.03795316
 31.500000     -0.01914381
 31.600000      0.00292057
 31.700000      0.02812970
 31.800000      0.05705331
 31.900000      0.08927967
 32.000000      0.12459849
 32.100000      0.16268888
 32.200000      0.20317175
 32.300000      0.24583260
 32.400000      0.29024864
 32.500000      0.33597430
 32.600000      0.38209492
 32.700000      0.42809313
 32.800000      0.47381098
 32.900000      0.51926255
 33.000000      0.56404292
 33.100000      0.60809275
 33.200000      0.65110526
 33.300000      0.69279306
 33.400000      0.73286769
 33.500000      0.77103238
 33.600000      0.80677863
 33.700000      0.83935537
 33.800000      0.86883626
 33.900000      0.89518938
 34.000000      0.91880029
 34.100000      0.93955835
 34.200000      0.95744128
 34.300000      0.97243449
 34.400000      0.98412959
 34.500000      0.99253041
 34.600000      0.99783573
 34.700000      1.00000000
 34.800000      0.99918898
 34.900000      0.99515013
 35.000000      0.98758901
 35.100000      0.97606330
 35.200000      0.96072907
 35.300000      0.94209566
 35.400000      0.92065330
 35.500000      0.89748801
 35.600000      0.87301459
 35.700000      0.84735023
 35.800000      0.82042716
 35.900000      0.79229940
 36.000000      0.76335421
 36.100000      0.73350200
 36.200000      0.70238862
 36.300000      0.67043162
 36.400000      0.63821338
 36.500000      0.60618716
 36.600000      0.57481561
 36.700000      0.54451934
 36.800000      0.51568214
 36.900000      0.48957215
 37.000000      0.46515198
 37.100000      0.44195267
 37.200000      0.42005517
 37.300000      0.40000691
 37.400000      0.38221213
 37.500000      0.36587131
 37.600000      0.35103649
 37.700000      0.33822108
 37.800000      0.32722651
 37.900000      0.31799178
 38.000000      0.31052585
 38.100000      0.30409103
 38.200000      0.29934264
 38.300000      0.29572300
 38.400000      0.29299515
 38.500000      0.29079504
 38.600000      0.28762012
 38.700000      0.28433305
 38.800000      0.28177834
 38.900000      0.27979945
 39.000000      0.27682826
 39.100000      0.27382209
 39.200000      0.26870361
 39.300000      0.26329625
 39.400000      0.25822439
 39.500000      0.25342715
 39.600000      0.24842034
 39.700000      0.24376798
 39.800000      0.23964989
 39.900000      0.23565870
