  0.000000     -0.00041143
  0.100000     -0.00050341
  0.200000     -0.00048073
  0.300000     -0.00021533
  0.400000      0.00007115
  0.500000      0.00037533
  0.600000      0.00097475
  0.700000      0.00175388
  0.800000      0.00260744
  0.900000      0.00360562
  1.000000      0.00472514
  1.100000      0.00579316
  1.200000      0.00690191
  1.300000      0.00799115
  1.400000      0.00880440
  1.500000      0.00923256
  1.600000      0.00974283
  1.700000      0.01039355
  1.800000      0.01098926
  1.900000      0.01147014
  2.000000      0.01160811
  2.100000      0.01101507
  2.200000      0.00958922
  2.300000      0.00795423
  2.400000      0.00644119
  2.500000      0.00543270
  2.600000      0.00516349
  2.700000      0.00527274
  2.800000      0.00549078
  2.900000      0.00584426
  3.000000      0.00646056
  3.100000      0.00726559
  3.200000      0.00785210
  3.300000      0.00816347
  3.400000      0.00828403
  3.500000      0.00831898
  3.600000      0.00837789
  3.700000      0.00850063
  3.800000      0.00922285
  3.900000      0.01040615
  4.000000      0.01153191
  4.100000      0.01243166
  4.200000      0.01322309
  4.300000      0.01342644
  4.400000      0.01343373
  4.500000      0.01362864
  4.600000      0.01402840
  4.700000      0.01421741
  4.800000      0.01406495
  4.900000      0.01363929
  5.000000      0.01307208
  5.100000      0.01304174
  5.200000      0.01353219
  5.300000      0.01392175
  5.400000      0.01392213
  5.500000      0.01327188
  5.600000      0.01256177
  5.700000      0.01172918
  5.800000      0.01062554
  5.900000      0.00941220
  6.000000      0.00816999
  6.100000      0.00680723
  6.200000      0.00498482
  6.300000      0.00221528
  6.400000     -0.00060182
  6.500000     -0.00396247
  6.600000     -0.00789191
  6.700000     -0.01119265
  6.800000     -0.01355110
  6.900000     -0.01501972
  7.000000     -0.01573690
  7.100000     -0.01623390
  7.200000     -0.01713413
  7.300000     -0.01851614
  7.400000     -0.02012674
  7.500000     -0.01995845
  7.600000     -0.01899287
  7.700000     -0.01784934
  7.800000     -0.01722448
  7.900000     -0.01678424
  8.000000     -0.01552834
  8.100000     -0.01437250
  8.200000     -0.01342086
  8.300000     -0.01243052
  8.400000     -0.01097733
  8.500000     -0.00895284
  8.600000     -0.00622568
  8.700000     -0.00369391
  8.800000     -0.00233242
  8.900000     -0.00194732
  9.000000     -0.00199122
  9.100000     -0.00096593
  9.200000     -0.00010869
  9.300000      0.00112117
  9.400000      0.00275755
  9.500000      0.00475805
  9.600000      0.00690704
  9.700000      0.00874370
  9.800000      0.00949791
  9.900000      0.01029121
 10.000000      0.01082085
 10.100000      0.01022015
 10.200000      0.00867421
 10.300000      0.00717449
 10.400000      0.00571176
 10.500000      0.00425454
 10.600000      0.00241238
 10.700000      0.00097886
 10.800000      0.00005750
 10.900000     -0.00052645
 11.000000     -0.00033595
 11.100000      0.00039015
 11.200000      0.00133038
 11.300000      0.00187790
 11.400000      0.00135230
 11.500000     -0.00011706
 11.600000     -0.00221208
 11.700000     -0.00446482
 11.800000     -0.00717685
 11.900000     -0.00950396
 12.000000     -0.01025787
 12.100000     -0.00999703
 12.200000     -0.00916910
 12.300000     -0.00779242
 12.400000     -0.00626395
 12.500000     -0.00551461
 12.600000     -0.00478012
 12.700000     -0.00438671
 12.800000     -0.00409112
 12.900000     -0.00375578
 13.000000     -0.00369745
 13.100000     -0.00283539
 13.200000     -0.00237473
 13.300000     -0.00310341
 13.400000     -0.00376627
 13.500000     -0.00494323
 13.600000     -0.00684164
 13.700000     -0.00922047
 13.800000     -0.01165014
 13.900000     -0.01305561
 14.000000     -0.01366274
 14.100000     -0.01376237
 14.200000     -0.01418805
 14.300000     -0.01457996
 14.400000     -0.01436158
 14.500000     -0.01397080
 14.600000     -0.01415017
 14.700000     -0.01508337
 14.800000     -0.01501845
 14.900000     -0.01416613
 15.000000     -0.01451725
 15.100000     -0.01616150
 15.200000     -0.01776886
 15.300000     -0.01925109
 15.400000     -0.02175149
 15.500000     -0.02453530
 15.600000     -0.02648595
 15.700000     -0.02797740
 15.800000     -0.02937514
 15.900000     -0.03099167
 16.000000     -0.03196865
 16.100000     -0.03277736
 16.200000     -0.03361630
 16.300000     -0.03388243
 16.400000     -0.03327032
 16.500000     -0.03281160
 16.600000     -0.03198229
 16.700000     -0.03153229
 16.800000     -0.03100329
 16.900000     -0.02989378
 17.000000     -0.02777802
 17.100000     -0.02520292
 17.200000     -0.02239595
 17.300000     -0.01830749
 17.400000     -0.01284098
 17.500000     -0.00621900
 17.600000      0.00200473
 17.700000      0.01262865
 17.800000      0.02612894
 17.900000      0.04200639
 18.000000      0.06058898
 18.100000      0.08194491
 18.200000      0.10778295
 18.300000      0.13839186
 18.400000      0.17354752
 18.500000      0.21479035
 18.600000      0.26155492
 18.700000      0.31349136
 18.800000      0.37103279
 18.900000      0.43371024
 19.000000      0.49834949
 19.100000      0.56559545
 19.200000      0.63422175
 19.300000      0.70145323
 19.400000      0.76434645
 19.500000      0.82048009
 19.600000      0.86968337
 19.700000      0.91034068
 19.800000      0.94292018
 19.900000      0.96795232
 20.000000      0.98546738
 20.100000      0.99608173
 20.200000      1.00000000
 20.300000      0.99591807
 20.400000      0.98606763
 20.500000      0.97054479
 20.600000      0.94878361
 20.700000      0.92106544
 20.800000      0.88748691
 20.900000      0.84730799
 21.000000      0.79976029
 21.100000      0.74555752
 21.200000      0.68531829
 21.300000      0.61858075
 21.400000      0.54612403
 21.500000      0.46984517
 21.600000      0.39096044
 21.700000      0.31044201
 21.800000      0.22971793
 21.900000      0.15008878
 22.000000      0.07264669
 22.100000     -0.00230303
 22.200000     -0.07288182
 22.300000     -0.13948380
 22.400000     -0.20231432
 22.500000     -0.26040319
 22.600000     -0.31420198
 22.700000     -0.36377368
 22.800000     -0.40845446
 22.900000     -0.44815492
 23.000000     -0.48343735
 23.100000     -0.51338132
 23.200000     -0.53932526
 23.300000     -0.56139672
 23.400000     -0.57981659
 23.500000     -0.59506480
 23.600000     -0.60681857
 23.700000     -0.61571501
 23.800000     -0.62025440
 23.900000     -0.62048038
 24.000000     -0.61676880
 24.100000     -0.60944204
 24.200000     -0.59928038
 24.300000     -0.58744783
 24.400000     -0.57361061
 24.500000     -0.55846215
 24.600000     -0.54225148
 24.700000     -0.52362649
 24.800000     -0.50371129
 24.900000     -0.48438856
 25.000000     -0.46541464
 25.100000     -0.44581694
 25.200000     -0.42643183
 25.300000     -0.40747365
 25.400000     -0.38780375
 25.500000     -0.36772988
 25.600000     -0.34767141
 25.700000     -0.32796893
 25.800000     -0.31002364
 25.900000     -0.29337980
 26.000000     -0.27693989
 26.100000     -0.26087995
 26.200000     -0.24538288
 26.300000     -0.23082675
 26.400000     -0.21718659
 26.500000     -0.20323545
 26.600000     -0.18943183
 26.700000     -0.17721895
 26.800000     -0.16600901
 26.900000     -0.15684552
 27.000000     -0.14932147
 27.100000     -0.14234838
 27.200000     -0.13525170
 27.300000     -0.12826371
 27.400000     -0.12185983
 27.500000     -0.11632831
 27.600000     -0.11099734
 27.700000     -0.10630138
 27.800000     -0.10366494
 27.900000     -0.10244877
 28.000000     -0.10210226
 28.100000     -0.10157100
 28.200000     -0.10046394
 28.300000     -0.09924197
 28.400000     -0.09900501
 28.500000     -0.09885577
 28.600000     -0.09878835
 28.700000     -0.09912581
 28.800000     -0.09922370
 28.900000     -0.09879139
 29.000000     -0.09774789
 29.100000     -0.09568202
 29.200000     -0.09271963
 29.300000     -0.09080015
 29.400000     -0.09027950
 29.500000     -0.08956825
 29.600000     -0.08855512
 29.700000     -0.08742455
 29.800000     -0.08581045
 29.900000     -0.08444971
 30.000000     -0.08349390
 30.100000     -0.08235065
 30.200000     -0.08108067
 30.300000     -0.07969532
 30.400000     -0.07815565
 30.500000     -0.07642907
 30.600000     -0.07420427
 30.700000     -0.07204868
 30.800000     -0.07141006
 30.900000     -0.07125164
 31.000000     -0.07110072
 31.100000     -0.07136279
 31.200000     -0.07230174
 31.300000     -0.07334386
 31.400000     -0.07363941
 31.500000     -0.07356107
 31.600000     -0.07345324
 31.700000     -0.07346348
 31.800000     -0.07415652
 31.900000     -0.07495999
 32.000000     -0.07548617
 32.100000     -0.07687585
 32.200000     -0.07827501
 32.300000     -0.07965481
 32.400000     -0.08138510
 32.500000     -0.08314483
 32.600000     -0.08466856
 32.700000     -0.08552574
 32.800000     -0.08553695
 32.900000     -0.08521522
 33.000000     -0.08468980
 33.100000     -0.08355813
 33.200000     -0.08246384
 33.300000     -0.08079118
 33.400000     -0.07923646
 33.500000     -0.07698370
 33.600000     -0.07414118
 33.700000     -0.07189610
 33.800000     -0.06947350
 33.900000     -0.06747899
 34.000000     -0.06599315
 34.100000     -0.06432142
 34.200000     -0.06259899
 34.300000     -0.06067881
 34.400000     -0.05894791
 34.500000     -0.05761608
 34.600000     -0.05624641
 34.700000     -0.05458451
 34.800000     -0.05286149
 34.900000     -0.05092675
 35.000000     -0.04850319
 35.100000     -0.04640096
 35.200000     -0.04470753
 35.300000     -0.04296635
 35.400000     -0.04132952
 35.500000     -0.03997919
 35.600000     -0.03892336
 35.700000     -0.03812918
 35.800000     -0.03720208
 35.900000     -0.03622461
 36.000000     -0.03553218
 36.100000     -0.03462933
 36.200000     -0.03376784
 36.300000     -0.03298842
 36.400000     -0.03160163
 36.500000     -0.02989803
 36.600000     -0.02813353
 36.700000     -0.02591073
 36.800000     -0.02326255
 36.900000     -0.02066001
 37.000000     -0.01805203
 37.100000     -0.01534018
 37.200000     -0.01261527
 37.300000     -0.00992294
 37.400000     -0.00748516
 37.500000     -0.00562415
 37.600000     -0.00434024
 37.700000     -0.00341876
 37.800000     -0.00324898
 37.900000     -0.00339106
 38.000000     -0.00352740
 38.100000     -0.00382894
 38.200000     -0.00396272
 38.300000     -0.00388754
 38.400000     -0.00389557
 38.500000     -0.00415768
 38.600000     -0.00379566
 38.700000     -0.00334834
 38.800000     -0.00327020
 38.900000     -0.00337371
 39.000000     -0.00368946
 39.100000     -0.00392740
 39.200000     -0.00415899
 39.300000     -0.00419952
 39.400000     -0.00385472
 39.500000     -0.00357781
 39.600000     -0.00346022
 39.700000     -0.00344124
 39.800000     -0.00340474
 39.900000     -0.00364328
