  0.000000      0.07499923
  0.100000      0.07428852
  0.200000      0.07363193
  0.300000      0.07292688
  0.400000      0.07229768
  0.500000      0.07162036
  0.600000      0.07090762
  0.700000      0.07023325
  0.800000      0.06951169
  0.900000      0.06887780
  1.000000      0.06868041
  1.100000      0.06863365
  1.200000      0.06884067
  1.300000      0.06883531
  1.400000      0.06743472
  1.500000      0.06609386
  1.600000      0.06448323
  1.700000      0.06274999
  1.800000      0.06115380
  1.900000      0.05907313
  2.000000      0.05742681
  2.100000      0.05572790
  2.200000      0.05384564
  2.300000      0.05299416
  2.400000      0.05215883
  2.500000      0.05112380
  2.600000      0.05075385
  2.700000      0.05020600
  2.800000      0.04981919
  2.900000      0.04908888
  3.000000      0.04826055
  3.100000      0.04734928
  3.200000      0.04581472
  3.300000      0.04387125
  3.400000      0.04174470
  3.500000      0.03969876
  3.600000      0.03719043
  3.700000      0.03451581
  3.800000      0.03194346
  3.900000      0.02856017
  4.000000      0.02590056
  4.100000      0.02456406
  4.200000      0.02327933
  4.300000      0.02184766
  4.400000      0.02109477
  4.500000      0.02106802
  4.600000      0.02090664
  4.700000      0.02071689
  4.800000      0.02070887
  4.900000      0.01976090
  5.000000      0.01911752
  5.100000      0.01898707
  5.200000      0.01862187
  5.300000      0.01851807
  5.400000      0.01828102
  5.500000      0.01823654
  5.600000      0.01886341
  5.700000      0.02029130
  5.800000      0.02187313
  5.900000      0.02293480
  6.000000      0.02431168
  6.100000      0.02559573
  6.200000      0.02683881
  6.300000      0.02829592
  6.400000      0.02945948
  6.500000      0.03050462
  6.600000      0.03093242
  6.700000      0.03147731
  6.800000      0.03212460
  6.900000      0.03232507
  7.000000      0.03277937
  7.100000      0.03303451
  7.200000      0.03342371
  7.300000      0.03360236
  7.400000      0.03315856
  7.500000      0.03266258
  7.600000      0.03211740
  7.700000      0.03125257
  7.800000      0.03092922
  7.900000      0.03116287
  8.000000      0.03149750
  8.100000      0.03190435
  8.200000      0.03260404
  8.300000      0.03365645
  8.400000      0.03534459
  8.500000      0.03705115
  8.600000      0.03894922
  8.700000      0.04146927
  8.800000      0.04412961
  8.900000      0.04692591
  9.000000      0.05008162
  9.100000      0.05410457
  9.200000      0.05904881
  9.300000      0.06523982
  9.400000      0.07080138
  9.500000      0.07665628
  9.600000      0.08383792
  9.700000      0.09183891
  9.800000      0.10073289
  9.900000      0.10990909
 10.000000      0.11910709
 10.100000      0.12834517
 10.200000      0.13828414
 10.300000      0.14847406
 10.400000      0.15917281
 10.500000      0.17092002
 10.600000      0.18341661
 10.700000      0.19709577
 10.800000      0.21198046
 10.900000      0.22789626
 11.000000      0.24416123
 11.100000      0.26188586
 11.200000      0.28058790
 11.300000      0.29996328
 11.400000      0.32062298
 11.500000      0.34172355
 11.600000      0.36341609
 11.700000      0.38585350
 11.800000      0.40871071
 11.900000      0.43168169
 12.000000      0.45505503
 12.100000      0.47909107
 12.200000      0.50127957
 12.300000      0.52304698
 12.400000      0.54266989
 12.500000      0.56004681
 12.600000      0.57641353
 12.700000      0.59188155
 12.800000      0.60498984
 12.900000      0.61702713
 13.000000      0.62748136
 13.100000      0.63558044
 13.200000      0.64286064
 13.300000      0.64944976
 13.400000      0.65644182
 13.500000      0.66298456
 13.600000      0.66886035
 13.700000      0.67516414
 13.800000      0.68082669
 13.900000      0.68578386
 14.000000      0.69020862
 14.100000      0.69447756
 14.200000      0.69885868
 14.300000      0.70264212
 14.400000      0.70605015
 14.500000      0.70883869
 14.600000      0.71129918
 14.700000      0.71433294
 14.800000      0.71704065
 14.900000      0.72019525
 15.000000      0.72388151
 15.100000      0.72565406
 15.200000      0.72766672
 15.300000      0.73135680
 15.400000      0.73475432
 15.500000      0.73880047
 15.600000      0.74345059
 15.700000      0.74927949
 15.800000      0.75525355
 15.900000      0.76129060
 16.000000      0.76689061
 16.100000      0.77475618
 16.200000      0.78138646
 16.300000      0.78689991
 16.400000      0.79344548
 16.500000      0.79889180
 16.600000      0.80458978
 16.700000      0.81023076
 16.800000      0.81679671
 16.900000      0.82291551
 17.000000      0.83100657
 17.100000      0.83988041
 17.200000      0.84966790
 17.300000      0.86171081
 17.400000      0.87390775
 17.500000      0.88469264
 17.600000      0.89594579
 17.700000      0.90902472
 17.800000      0.92245148
 17.900000      0.93628022
 18.000000      0.95040434
 18.100000      0.96276132
 18.200000      0.97300786
 18.300000      0.98164088
 18.400000      0.98810753
 18.500000      0.99265223
 18.600000      0.99527433
 18.700000      0.99508733
 18.800000      0.99405405
 18.900000      0.99287682
 19.000000      0.99256737
 19.100000      0.99427925
 19.200000      0.99578008
 19.300000      0.99745419
 19.400000      1.00000000
 19.500000      0.99997798
 19.600000      0.99817127
 19.700000      0.99395095
 19.800000      0.98635067
 19.900000      0.97479892
 20.000000      0.96047937
 20.100000      0.94357489
 20.200000      0.92297490
 20.300000      0.90105699
 20.400000      0.87710486
 20.500000      0.85084717
 20.600000      0.82432710
 20.700000      0.79660753
 20.800000      0.76545296
 20.900000      0.73376188
 21.000000      0.70069646
 21.100000      0.66587922
 21.200000      0.63004897
 21.300000      0.59382990
 21.400000      0.55669073
 21.500000      0.52129588
 21.600000      0.48689715
 21.700000      0.45298291
 21.800000      0.42063978
 21.900000      0.38959064
 22.000000      0.35879320
 22.100000      0.32965719
 22.200000      0.30400650
 22.300000      0.28194250
 22.400000      0.26259379
 22.500000      0.24698895
 22.600000      0.23497075
 22.700000      0.22490877
 22.800000      0.21890054
 22.900000      0.21516405
 23.000000      0.21261558
 23.100000      0.21082547
 23.200000      0.21047188
 23.300000      0.21079913
 23.400000      0.21126874
 23.500000      0.21212745
 23.600000      0.21322930
 23.700000      0.21498720
 23.800000      0.21764158
 23.900000      0.22118202
 24.000000      0.22412213
 24.100000      0.22572627
 24.200000      0.22750926
 24.300000      0.23063798
 24.400000      0.23408805
 24.500000      0.23547522
 24.600000      0.23609855
 24.700000      0.23314377
 24.800000      0.22978850
 24.900000      0.22596439
 25.000000      0.22132779
 25.100000      0.21623173
 25.200000      0.21084726
 25.300000      0.20397577
 25.400000      0.19578592
 25.500000      0.18537656
 25.600000      0.17170672
 25.700000      0.15684132
 25.800000      0.14140960
 25.900000      0.12487490
 26.000000      0.10680186
 26.100000      0.08501230
 26.200000      0.06187386
 26.300000      0.03789550
 26.400000      0.01289222
 26.500000     -0.01287855
 26.600000     -0.03954348
 26.700000     -0.06606596
 26.800000     -0.09255762
 26.900000     -0.11897321
 27.000000     -0.14593408
 27.100000     -0.17178960
 27.200000     -0.19855518
 27.300000     -0.22584982
 27.400000     -0.25113379
 27.500000     -0.27433991
 27.600000     -0.29587967
 27.700000     -0.31725339
 27.800000     -0.33686027
 27.900000     -0.35630558
 28.000000     -0.37457306
 28.100000     -0.39241374
 28.200000     -0.40978207
 28.300000     -0.42388669
 28.400000     -0.43391226
 28.500000     -0.44197019
 28.600000     -0.44905471
 28.700000     -0.45568975
 28.800000     -0.46045062
 28.900000     -0.46371508
 29.000000     -0.46618237
 29.100000     -0.46681210
 29.200000     -0.46635573
 29.300000     -0.46543311
 29.400000     -0.46337998
 29.500000     -0.46017095
 29.600000     -0.45683308
 29.700000     -0.45239752
 29.800000     -0.44713416
 29.900000     -0.44082628
 30.000000     -0.43370585
 30.100000     -0.42689718
 30.200000     -0.42101227
 30.300000     -0.41632901
 30.400000     -0.41194140
 30.500000     -0.40749176
 30.600000     -0.40383294
 30.700000     -0.40168788
 30.800000     -0.40059823
 30.900000     -0.40073002
 31.000000     -0.40151670
 31.100000     -0.40305812
 31.200000     -0.40592368
 31.300000     -0.41053017
 31.400000     -0.41635248
 31.500000     -0.42264875
 31.600000     -0.43065910
 31.700000     -0.43970934
 31.800000     -0.44824765
 31.900000     -0.45753236
 32.000000     -0.46857018
 32.100000     -0.47971705
 32.200000     -0.49203419
 32.300000     -0.50520461
 32.400000     -0.51893807
 32.500000     -0.53312227
 32.600000     -0.54700090
 32.700000     -0.56131844
 32.800000     -0.57556016
 32.900000     -0.58988370
 33.000000     -0.60331100
 33.100000     -0.61552165
 33.200000     -0.62824631
 33.300000     -0.64064376
 33.400000     -0.65290886
 33.500000     -0.66457061
 33.600000     -0.67413621
 33.700000     -0.68213998
 33.800000     -0.68931178
 33.900000     -0.69442921
 34.000000     -0.69810061
 34.100000     -0.70222541
 34.200000     -0.70484034
 34.300000     -0.70695319
 34.400000     -0.70821437
 34.500000     -0.70770947
 34.600000     -0.70694206
 34.700000     -0.70607194
 34.800000     -0.70449044
 34.900000     -0.70203720
 35.000000     -0.69856054
 35.100000     -0.69545669
 35.200000     -0.69216349
 35.300000     -0.68915545
 35.400000     -0.68596872
 35.500000     -0.68246883
 35.600000     -0.67948369
 35.700000     -0.67620871
 35.800000     -0.67189822
 35.900000     -0.66760640
 36.000000     -0.66216159
 36.100000     -0.65624566
 36.200000     -0.65163590
 36.300000     -0.64638185
 36.400000     -0.64115593
 36.500000     -0.63556490
 36.600000     -0.62918450
 36.700000     -0.62232819
 36.800000     -0.61543731
 36.900000     -0.60860980
 37.000000     -0.60115617
 37.100000     -0.59314138
 37.200000     -0.58523474
 37.300000     -0.57588572
 37.400000     -0.56680509
 37.500000     -0.55802679
 37.600000     -0.54709850
 37.700000     -0.53587046
 37.800000     -0.52524203
 37.900000     -0.51472389
 38.000000     -0.50444909
 38.100000     -0.49758659
 38.200000     -0.49159614
 38.300000     -0.48503949
 38.400000     -0.47950322
 38.500000     -0.47474496
 38.600000     -0.47104802
 38.700000     -0.46794887
 38.800000     -0.46486092
 38.900000     -0.46204810
 39.000000     -0.45942978
 39.100000     -0.45727631
 39.200000     -0.45531665
 39.300000     -0.45255819
 39.400000     -0.44947359
 39.500000     -0.44603111
 39.600000     -0.44291900
 39.700000     -0.44027016
 39.800000     -0.43774172
 39.900000     -0.43530590
