  0.000000      0.01580703
  0.100000      0.01620482
  0.200000      0.01659186
  0.300000      0.01680233
  0.400000      0.01698462
  0.500000      0.01707436
  0.600000      0.01677541
  0.700000      0.01632087
  0.800000      0.01577921
  0.900000      0.01534093
  1.000000      0.01487723
  1.100000      0.01425485
  1.200000      0.01376262
  1.300000      0.01337887
  1.400000      0.01281304
  1.500000      0.01253437
  1.600000      0.01315598
  1.700000      0.01447579
  1.800000      0.01639570
  1.900000      0.01864292
  2.000000      0.02101939
  2.100000      0.02373536
  2.200000      0.02682072
  2.300000      0.02992542
  2.400000      0.03286754
  2.500000      0.03550998
  2.600000      0.03788104
  2.700000      0.04025503
  2.800000      0.04266298
  2.900000      0.04490881
  3.000000      0.04668306
  3.100000      0.04759700
  3.200000      0.04806490
  3.300000      0.04850315
  3.400000      0.04795145
  3.500000      0.04702764
  3.600000      0.04602132
  3.700000      0.04463497
  3.800000      0.04238829
  3.900000      0.03964669
  4.000000      0.03633304
  4.100000      0.03194598
  4.200000      0.02768822
  4.300000      0.02350699
  4.400000      0.01926097
  4.500000      0.01467991
  4.600000      0.01040009
  4.700000      0.00638902
  4.800000      0.00145930
  4.900000     -0.00327961
  5.000000     -0.00734519
  5.100000     -0.01147450
  5.200000     -0.01428276
  5.300000     -0.01531118
  5.400000     -0.01516776
  5.500000     -0.01307706
  5.600000     -0.00882504
  5.700000     -0.00227785
  5.800000      0.00710073
  5.900000      0.02107790
  6.000000      0.04023693
  6.100000      0.06600154
  6.200000      0.09918988
  6.300000      0.13995835
  6.400000      0.19020200
  6.500000      0.25264970
  6.600000      0.32659587
  6.700000      0.41114328
  6.800000      0.50056120
  6.900000      0.59313308
  7.000000      0.68292942
  7.100000      0.76637253
  7.200000      0.84017432
  7.300000      0.90215825
  7.400000      0.94976101
  7.500000      0.98243183
  7.600000      0.99979601
  7.700000      1.00000000
  7.800000      0.98350828
  7.900000      0.94941959
  8.000000      0.89755090
  8.100000      0.82713242
  8.200000      0.74025699
  8.300000      0.63806911
  8.400000      0.52421658
  8.500000      0.40326240
  8.600000      0.28029262
  8.700000      0.15905881
  8.800000      0.04212534
  8.900000     -0.06771803
  9.000000     -0.16957146
  9.100000     -0.26168142
  9.200000     -0.34398578
  9.300000     -0.41582266
  9.400000     -0.47713563
  9.500000     -0.52610731
  9.600000     -0.56234263
  9.700000     -0.58669627
  9.800000     -0.60163394
  9.900000     -0.60692623
 10.000000     -0.60301034
 10.100000     -0.59032273
 10.200000     -0.57326532
 10.300000     -0.55393959
 10.400000     -0.53315065
 10.500000     -0.51020103
 10.600000     -0.48501196
 10.700000     -0.45861628
 10.800000     -0.43203021
 10.900000     -0.40550924
 11.000000     -0.38095641
 11.100000     -0.35936101
 11.200000     -0.33816740
 11.300000     -0.31745035
 11.400000     -0.29792898
 11.500000     -0.27992421
 11.600000     -0.26420760
 11.700000     -0.25146747
 11.800000     -0.24006915
 11.900000     -0.23077094
 12.000000     -0.22331839
 12.100000     -0.21526928
 12.200000     -0.20585223
 12.300000     -0.19547057
 12.400000     -0.18673864
 12.500000     -0.17822529
 12.600000     -0.16967841
 12.700000     -0.16247294
 12.800000     -0.15682383
 12.900000     -0.15101418
 13.000000     -0.14688638
 13.100000     -0.14365521
 13.200000     -0.14120170
 13.300000     -0.13870192
 13.400000     -0.13615746
 13.500000     -0.13325758
 13.600000     -0.12981513
 13.700000     -0.12618322
 13.800000     -0.12200986
 13.900000     -0.11738881
 14.000000     -0.11337703
 14.100000     -0.10921945
 14.200000     -0.10555597
 14.300000     -0.10230442
 14.400000     -0.09941580
 14.500000     -0.09674384
 14.600000     -0.09447700
 14.700000     -0.09218784
 14.800000     -0.08982449
 14.900000     -0.08793176
 15.000000     -0.08590755
 15.100000     -0.08229768
 15.200000     -0.07778345
 15.300000     -0.07343489
 15.400000     -0.06982603
 15.500000     -0.06594500
 15.600000     -0.06177940
 15.700000     -0.05698814
 15.800000     -0.05249596
 15.900000     -0.04981893
 16.000000     -0.04817196
 16.100000     -0.04717330
 16.200000     -0.04543826
 16.300000     -0.04303024
 16.400000     -0.04115726
 16.500000     -0.03996739
 16.600000     -0.03934695
 16.700000     -0.03868530
 16.800000     -0.03752968
 16.900000     -0.03525521
 17.000000     -0.03395747
 17.100000     -0.03436896
 17.200000     -0.03511182
 17.300000     -0.03576055
 17.400000     -0.03659841
 17.500000     -0.03790496
 17.600000     -0.03989164
 17.700000     -0.04195899
 17.800000     -0.04403754
 17.900000     -0.04580598
 18.000000     -0.04603263
 18.100000     -0.04551092
 18.200000     -0.04359174
 18.300000     -0.04041745
 18.400000     -0.03730385
 18.500000     -0.03506180
 18.600000     -0.03402135
 18.700000     -0.03372298
 18.800000     -0.03431167
 18.900000     -0.03513647
 19.000000     -0.03578088
 19.100000     -0.03622155
 19.200000     -0.03545984
 19.300000     -0.03370363
 19.400000     -0.03164276
 19.500000     -0.02946046
 19.600000     -0.02690791
 19.700000     -0.02460476
 19.800000     -0.02342792
 19.900000     -0.02308102
 20.000000     -0.02266843
 20.100000     -0.02108332
 20.200000     -0.01968489
 20.300000     -0.01857035
 20.400000     -0.01765341
 20.500000     -0.01662187
 20.600000     -0.01601712
 20.700000     -0.01538569
 20.800000     -0.01441566
 20.900000     -0.01326759
 21.000000     -0.01275558
 21.100000     -0.01263517
 21.200000     -0.01321772
 21.300000     -0.01414975
 21.400000     -0.01591281
 21.500000     -0.01820755
 21.600000     -0.02092278
 21.700000     -0.02317766
 21.800000     -0.02497303
 21.900000     -0.02583683
 22.000000     -0.02577750
 22.100000     -0.02526103
 22.200000     -0.02435447
 22.300000     -0.02229130
 22.400000     -0.01899858
 22.500000     -0.01541227
 22.600000     -0.01310608
 22.700000     -0.01056933
 22.800000     -0.00733907
 22.900000     -0.00492760
 23.000000     -0.00359506
 23.100000     -0.00305364
 23.200000     -0.00304472
 23.300000     -0.00264749
 23.400000     -0.00255149
 23.500000     -0.00223387
 23.600000     -0.00094495
 23.700000      0.00027355
 23.800000      0.00061002
 23.900000      0.00009298
 24.000000     -0.00081237
 24.100000     -0.00172792
 24.200000     -0.00299420
 24.300000     -0.00509144
 24.400000     -0.00771452
 24.500000     -0.01026170
 24.600000     -0.01322334
 24.700000     -0.01611639
 24.800000     -0.01891510
 24.900000     -0.02108044
 25.000000     -0.02302877
 25.100000     -0.02494231
 25.200000     -0.02692522
 25.300000     -0.02832937
 25.400000     -0.02916359
 25.500000     -0.02970439
 25.600000     -0.02931884
 25.700000     -0.02828324
 25.800000     -0.02643238
 25.900000     -0.02426504
 26.000000     -0.02158454
 26.100000     -0.01887811
 26.200000     -0.01624560
 26.300000     -0.01306817
 26.400000     -0.01041444
 26.500000     -0.00861876
 26.600000     -0.00698897
 26.700000     -0.00565820
 26.800000     -0.00420681
 26.900000     -0.00267138
 27.000000     -0.00176122
 27.100000     -0.00188435
 27.200000     -0.00286009
 27.300000     -0.00379996
 27.400000     -0.00450227
 27.500000     -0.00510749
 27.600000     -0.00522205
 27.700000     -0.00510656
 27.800000     -0.00508538
 27.900000     -0.00481435
 28.000000     -0.00377893
 28.100000     -0.00255333
 28.200000     -0.00095833
 28.300000      0.00121478
 28.400000      0.00381661
 28.500000      0.00666329
 28.600000      0.00889198
 28.700000      0.01056043
 28.800000      0.01199595
 28.900000      0.01247049
 29.000000      0.01236432
 29.100000      0.01210225
 29.200000      0.01140320
 29.300000      0.01038184
 29.400000      0.00954393
 29.500000      0.00849416
 29.600000      0.00699035
 29.700000      0.00552427
 29.800000      0.00478196
 29.900000      0.00420053
 30.000000      0.00386542
 30.100000      0.00376781
 30.200000      0.00309214
 30.300000      0.00190787
 30.400000      0.00078199
 30.500000      0.00013513
 30.600000      0.00015659
 30.700000      0.00066485
 30.800000      0.00151164
 30.900000      0.00313711
 31.000000      0.00542255
 31.100000      0.00789864
 31.200000      0.01084559
 31.300000      0.01414441
 31.400000      0.01707097
 31.500000      0.01928294
 31.600000      0.02041927
 31.700000      0.02039566
 31.800000      0.01992240
 31.900000      0.01932387
 32.000000      0.01923716
 32.100000      0.01947979
 32.200000      0.02013867
 32.300000      0.02058507
 32.400000      0.02029493
 32.500000      0.01997694
 32.600000      0.01927740
 32.700000      0.01816456
 32.800000      0.01661920
 32.900000      0.01481075
 33.000000      0.01324946
 33.100000      0.01172603
 33.200000      0.01023103
 33.300000      0.00926682
 33.400000      0.00890217
 33.500000      0.00892608
 33.600000      0.00947791
 33.700000      0.01080738
 33.800000      0.01266718
 33.900000      0.01423596
 34.000000      0.01547520
 34.100000      0.01690290
 34.200000      0.01840509
 34.300000      0.01991162
 34.400000      0.02118914
 34.500000      0.02225108
 34.600000      0.02295506
 34.700000      0.02300366
 34.800000      0.02281254
 34.900000      0.02322729
 35.000000      0.02403051
 35.100000      0.02481456
 35.200000      0.02565612
 35.300000      0.02603264
 35.400000      0.02596341
 35.500000      0.02549811
 35.600000      0.02502267
 35.700000      0.02443173
 35.800000      0.02367902
 35.900000      0.02345343
 36.000000      0.02368477
 36.100000      0.02426255
 36.200000      0.02493513
 36.300000      0.02577516
 36.400000      0.02697169
 36.500000      0.02866378
 36.600000      0.03043760
 36.700000      0.03194977
 36.800000      0.03324481
 36.900000      0.03468032
 37.000000      0.03644398
 37.100000      0.03830423
 37.200000      0.03978335
 37.300000      0.04079900
 37.400000      0.04143602
 37.500000      0.04158323
 37.600000      0.04102159
 37.700000      0.04020327
 37.800000      0.03969662
 37.900000      0.03906439
 38.000000      0.03819723
 38.100000      0.03706934
 38.200000      0.03599366
 38.300000      0.03477784
 38.400000      0.03337366
 38.500000      0.03218472
 38.600000      0.03130855
 38.700000      0.03044586
 38.800000      0.02975482
 38.900000      0.02932376
 39.000000      0.02902530
 39.100000      0.02889209
 39.200000      0.02915050
 39.300000      0.02975900
 39.400000      0.03062341
 39.500000      0.03174232
 39.600000      0.03323739
 39.700000      0.03495653
 39.800000      0.03677229
 39.900000      0.03868724
