  0.000000      0.11060249
  0.100000      0.11404490
  0.200000      0.11669374
  0.300000      0.11801271
  0.400000      0.11864600
  0.500000      0.11883464
  0.600000      0.11936219
  0.700000      0.12019356
  0.800000      0.12125950
  0.900000      0.12093637
  1.000000      0.11946450
  1.100000      0.11658629
  1.200000      0.11367703
  1.300000      0.11205626
  1.400000      0.10751955
  1.500000      0.10460225
  1.600000      0.10134117
  1.700000      0.09664635
  1.800000      0.09249874
  1.900000      0.08827073
  2.000000      0.08471408
  2.100000      0.08211349
  2.200000      0.07599240
  2.300000      0.07152144
  2.400000      0.06431109
  2.500000      0.05640453
  2.600000      0.05250343
  2.700000      0.04728924
  2.800000      0.03807280
  2.900000      0.03282660
  3.000000      0.02829216
  3.100000      0.01983105
  3.200000      0.01767535
  3.300000      0.01632423
  3.400000      0.01336054
  3.500000      0.01532847
  3.600000      0.01727561
  3.700000      0.01890209
  3.800000      0.02098763
  3.900000      0.02567097
  4.000000      0.02657433
  4.100000      0.02651757
  4.200000      0.02609678
  4.300000      0.02519481
  4.400000      0.02188862
  4.500000      0.02227527
  4.600000      0.02465417
  4.700000      0.03043164
  4.800000      0.04041711
  4.900000      0.05352670
  5.000000      0.06616454
  5.100000      0.08287383
  5.200000      0.11238052
  5.300000      0.14672663
  5.400000      0.18534482
  5.500000      0.22711014
  5.600000      0.27444901
  5.700000      0.32430524
  5.800000      0.37909118
  5.900000      0.43782940
  6.000000      0.49882591
  6.100000      0.56230027
  6.200000      0.62200052
  6.300000      0.67922152
  6.400000      0.73528958
  6.500000      0.78843843
  6.600000      0.84366435
  6.700000      0.89462766
  6.800000      0.93502232
  6.900000      0.96939290
  7.000000      0.98767678
  7.100000      1.00000000
  7.200000      0.99694029
  7.300000      0.98755735
  7.400000      0.96445766
  7.500000      0.93036644
  7.600000      0.89319543
  7.700000      0.85868130
  7.800000      0.83133450
  7.900000      0.79872617
  8.000000      0.74805806
  8.100000      0.67485455
  8.200000      0.59116968
  8.300000      0.50341372
  8.400000      0.42507387
  8.500000      0.37075049
  8.600000      0.30742920
  8.700000      0.22902355
  8.800000      0.14079854
  8.900000      0.06531060
  9.000000      0.02096307
  9.100000     -0.01673960
  9.200000     -0.05597217
  9.300000     -0.09510791
  9.400000     -0.13497361
  9.500000     -0.17156434
  9.600000     -0.19596939
  9.700000     -0.21562277
  9.800000     -0.22343958
  9.900000     -0.21403323
 10.000000     -0.21435975
 10.100000     -0.20282768
 10.200000     -0.20145981
 10.300000     -0.19516601
 10.400000     -0.18579401
 10.500000     -0.17708574
 10.600000     -0.17437035
 10.700000     -0.17852191
 10.800000     -0.18547163
 10.900000     -0.19208536
 11.000000     -0.19764124
 11.100000     -0.21995546
 11.200000     -0.22791466
 11.300000     -0.24616149
 11.400000     -0.23767856
 11.500000     -0.23698221
 11.600000     -0.24235190
 11.700000     -0.24917328
 11.800000     -0.25409260
 11.900000     -0.26468492
 12.000000     -0.27965089
 12.100000     -0.29421862
 12.200000     -0.30437704
 12.300000     -0.31192852
 12.400000     -0.31426059
 12.500000     -0.31996744
 12.600000     -0.32310774
 12.700000     -0.32038088
 12.800000     -0.32441593
 12.900000     -0.33064266
 13.000000     -0.32760796
 13.100000     -0.32605862
 13.200000     -0.32821499
 13.300000     -0.32921673
 13.400000     -0.33500576
 13.500000     -0.33576825
 13.600000     -0.31716848
 13.700000     -0.30716965
 13.800000     -0.29978617
 13.900000     -0.31144150
 14.000000     -0.33210137
 14.100000     -0.33333268
 14.200000     -0.31758825
 14.300000     -0.31131856
 14.400000     -0.30082818
 14.500000     -0.29415096
 14.600000     -0.28695250
 14.700000     -0.27707780
 14.800000     -0.25741585
 14.900000     -0.24685741
 15.000000     -0.24207592
 15.100000     -0.23029294
 15.200000     -0.22575847
 15.300000     -0.23058723
 15.400000     -0.23734263
 15.500000     -0.25032781
 15.600000     -0.25467846
 15.700000     -0.25135574
 15.800000     -0.24694492
 15.900000     -0.23962933
 16.000000     -0.23013362
 16.100000     -0.22473697
 16.200000     -0.21563045
 16.300000     -0.21083604
 16.400000     -0.20471643
 16.500000     -0.20759650
 16.600000     -0.20833651
 16.700000     -0.21163508
 16.800000     -0.21592667
 16.900000     -0.21650341
 17.000000     -0.21530410
 17.100000     -0.21252595
 17.200000     -0.20874235
 17.300000     -0.20475504
 17.400000     -0.19456948
 17.500000     -0.18438765
 17.600000     -0.17630659
 17.700000     -0.17031274
 17.800000     -0.16286925
 17.900000     -0.15922060
 18.000000     -0.15655747
 18.100000     -0.15558420
 18.200000     -0.15734368
 18.300000     -0.15846943
 18.400000     -0.15980627
 18.500000     -0.15803513
 18.600000     -0.15617731
 18.700000     -0.14964376
 18.800000     -0.14060083
 18.900000     -0.12764642
 19.000000     -0.11644978
 19.100000     -0.10571895
 19.200000     -0.09909498
 19.300000     -0.08901622
 19.400000     -0.08198705
 19.500000     -0.07428381
 19.600000     -0.06805016
 19.700000     -0.06198626
 19.800000     -0.05556391
 19.900000     -0.04956241
 20.000000     -0.04147566
 20.100000     -0.03239451
 20.200000     -0.02456011
 20.300000     -0.01847271
 20.400000     -0.00876125
 20.500000     -0.00379146
 20.600000     -0.00284266
 20.700000     -0.00208771
 20.800000     -0.00844967
 20.900000     -0.01754143
 21.000000     -0.02725739
 21.100000     -0.04156035
 21.200000     -0.05315425
 21.300000     -0.06194644
 21.400000     -0.07043668
 21.500000     -0.07628225
 21.600000     -0.07901012
 21.700000     -0.07901235
 21.800000     -0.07906085
 21.900000     -0.07702672
 22.000000     -0.07848547
 22.100000     -0.08120518
 22.200000     -0.07955253
 22.300000     -0.08040235
 22.400000     -0.08043594
 22.500000     -0.08128855
 22.600000     -0.08272094
 22.700000     -0.08721855
 22.800000     -0.09285604
 22.900000     -0.09613883
 23.000000     -0.09650820
 23.100000     -0.09790552
 23.200000     -0.09915198
 23.300000     -0.09898370
 23.400000     -0.10109154
 23.500000     -0.10204613
 23.600000     -0.10396314
 23.700000     -0.10445895
 23.800000     -0.10042059
 23.900000     -0.09589758
 24.000000     -0.09256249
 24.100000     -0.08653105
 24.200000     -0.08144900
 24.300000     -0.07978339
 24.400000     -0.07735725
 24.500000     -0.07321682
 24.600000     -0.07144341
 24.700000     -0.06854557
 24.800000     -0.06426012
 24.900000     -0.06114986
 25.000000     -0.05317917
 25.100000     -0.04320845
 25.200000     -0.03937391
 25.300000     -0.03606090
 25.400000     -0.03297364
 25.500000     -0.03469197
 25.600000     -0.03394201
 25.700000     -0.03197253
 25.800000     -0.03094592
 25.900000     -0.02994841
 26.000000     -0.02856462
 26.100000     -0.02574844
 26.200000     -0.02385930
 26.300000     -0.02250229
 26.400000     -0.01881834
 26.500000     -0.01512119
 26.600000     -0.01448952
 26.700000     -0.01524956
 26.800000     -0.01648238
 26.900000     -0.02287286
 27.000000     -0.02748544
 27.100000     -0.02847160
 27.200000     -0.03120587
 27.300000     -0.03493107
 27.400000     -0.03461901
 27.500000     -0.03553673
 27.600000     -0.03598238
 27.700000     -0.03882650
 27.800000     -0.04192955
 27.900000     -0.04614072
 28.000000     -0.05054828
 28.100000     -0.05662527
 28.200000     -0.06262142
 28.300000     -0.06671700
 28.400000     -0.07148104
 28.500000     -0.07699024
 28.600000     -0.08142083
 28.700000     -0.08623349
 28.800000     -0.08922168
 28.900000     -0.08966831
 29.000000     -0.09075588
 29.100000     -0.09105830
 29.200000     -0.08881480
 29.300000     -0.08593630
 29.400000     -0.08342607
 29.500000     -0.08121390
 29.600000     -0.07899727
 29.700000     -0.07791887
 29.800000     -0.07893162
 29.900000     -0.07972586
 30.000000     -0.07667879
 30.100000     -0.07571760
 30.200000     -0.07413811
 30.300000     -0.07016818
 30.400000     -0.06931143
 30.500000     -0.06908981
 30.600000     -0.06830211
 30.700000     -0.06807051
 30.800000     -0.06793591
 30.900000     -0.06678130
 31.000000     -0.06584431
 31.100000     -0.06676450
 31.200000     -0.06689095
 31.300000     -0.06969852
 31.400000     -0.07258992
 31.500000     -0.07543295
 31.600000     -0.07745015
 31.700000     -0.08093187
 31.800000     -0.08385670
 31.900000     -0.08530535
 32.000000     -0.08648391
 32.100000     -0.08513071
 32.200000     -0.08369328
 32.300000     -0.08383382
 32.400000     -0.08190000
 32.500000     -0.08078077
 32.600000     -0.07882543
 32.700000     -0.07517372
 32.800000     -0.07356048
 32.900000     -0.07201754
 33.000000     -0.06954729
 33.100000     -0.06939711
 33.200000     -0.06703948
 33.300000     -0.06581301
 33.400000     -0.06417245
 33.500000     -0.05903002
 33.600000     -0.05721782
 33.700000     -0.05661743
 33.800000     -0.05543883
 33.900000     -0.05513446
 34.000000     -0.05491798
 34.100000     -0.05288011
 34.200000     -0.05248417
 34.300000     -0.05455079
 34.400000     -0.05469982
 34.500000     -0.05392563
 34.600000     -0.05449167
 34.700000     -0.05429175
 34.800000     -0.05445279
 34.900000     -0.05339122
 35.000000     -0.05248198
 35.100000     -0.05367604
 35.200000     -0.05547456
 35.300000     -0.05714978
 35.400000     -0.05837866
 35.500000     -0.05951220
 35.600000     -0.06023227
 35.700000     -0.06077578
 35.800000     -0.06073476
 35.900000     -0.05966866
 36.000000     -0.05884403
 36.100000     -0.05842776
 36.200000     -0.05818987
 36.300000     -0.05676984
 36.400000     -0.05471402
 36.500000     -0.05118592
 36.600000     -0.04904071
 36.700000     -0.04799021
 36.800000     -0.04814405
 36.900000     -0.04750161
 37.000000     -0.04649707
 37.100000     -0.04555684
 37.200000     -0.04522720
 37.300000     -0.04491017
 37.400000     -0.04508218
 37.500000     -0.04537486
 37.600000     -0.04596275
 37.700000     -0.04718075
 37.800000     -0.04907469
 37.900000     -0.05124167
 38.000000     -0.05275217
 38.100000     -0.05471280
 38.200000     -0.05726893
 38.300000     -0.06093351
 38.400000     -0.06422317
 38.500000     -0.06687037
 38.600000     -0.06858862
 38.700000     -0.06942866
 38.800000     -0.06958495
 38.900000     -0.06864300
 39.000000     -0.06681484
 39.100000     -0.06463411
 39.200000     -0.06240723
 39.300000     -0.06109614
 39.400000     -0.05973648
 39.500000     -0.05843960
 39.600000     -0.05619663
 39.700000     -0.05340254
 39.800000     -0.05032631
 39.900000     -0.04775008
