  0.000000     -0.02820037
  0.100000     -0.02814597
  0.200000     -0.02823127
  0.300000     -0.02770450
  0.400000     -0.02783358
  0.500000     -0.02831394
  0.600000     -0.02902585
  0.700000     -0.02878580
  0.800000     -0.02880681
  0.900000     -0.02868379
  1.000000     -0.02808366
  1.100000     -0.02712961
  1.200000     -0.02610284
  1.300000     -0.02608062
  1.400000     -0.02605008
  1.500000     -0.02559506
  1.600000     -0.02554418
  1.700000     -0.02598972
  1.800000     -0.02628256
  1.900000     -0.02563165
  2.000000     -0.02495439
  2.100000     -0.02421429
  2.200000     -0.02312833
  2.300000     -0.02252753
  2.400000     -0.02237947
  2.500000     -0.02171140
  2.600000     -0.02020541
  2.700000     -0.01833142
  2.800000     -0.01614178
  2.900000     -0.01399564
  3.000000     -0.01236929
  3.100000     -0.01055517
  3.200000     -0.00899890
  3.300000     -0.00770904
  3.400000     -0.00667476
  3.500000     -0.00585759
  3.600000     -0.00557641
  3.700000     -0.00526481
  3.800000     -0.00543796
  3.900000     -0.00667089
  4.000000     -0.00803389
  4.100000     -0.00933014
  4.200000     -0.01027304
  4.300000     -0.01112758
  4.400000     -0.01318473
  4.500000     -0.01547992
  4.600000     -0.01746821
  4.700000     -0.01902606
  4.800000     -0.02021099
  4.900000     -0.02116623
  5.000000     -0.02185250
  5.100000     -0.02205955
  5.200000     -0.02171246
  5.300000     -0.02105189
  5.400000     -0.02011866
  5.500000     -0.01906274
  5.600000     -0.01800880
  5.700000     -0.01693231
  5.800000     -0.01595286
  5.900000     -0.01475053
  6.000000     -0.01274742
  6.100000     -0.01070691
  6.200000     -0.00817851
  6.300000     -0.00601384
  6.400000     -0.00388571
  6.500000     -0.00192832
  6.600000      0.00025121
  6.700000      0.00207091
  6.800000      0.00285174
  6.900000      0.00312665
  7.000000      0.00355183
  7.100000      0.00335267
  7.200000      0.00283397
  7.300000      0.00243302
  7.400000      0.00196390
  7.500000      0.00119199
  7.600000      0.00006299
  7.700000     -0.00019021
  7.800000     -0.00063702
  7.900000     -0.00151403
  8.000000     -0.00261200
  8.100000     -0.00383618
  8.200000     -0.00439307
  8.300000     -0.00517518
  8.400000     -0.00673367
  8.500000     -0.00831079
  8.600000     -0.00960977
  8.700000     -0.01095429
  8.800000     -0.01231888
  8.900000     -0.01382890
  9.000000     -0.01506286
  9.100000     -0.01546383
  9.200000     -0.01572630
  9.300000     -0.01573354
  9.400000     -0.01597249
  9.500000     -0.01626412
  9.600000     -0.01667044
  9.700000     -0.01733744
  9.800000     -0.01693311
  9.900000     -0.01641637
 10.000000     -0.01634852
 10.100000     -0.01639993
 10.200000     -0.01646656
 10.300000     -0.01629446
 10.400000     -0.01564800
 10.500000     -0.01394072
 10.600000     -0.01219769
 10.700000     -0.01054612
 10.800000     -0.00936041
 10.900000     -0.00862803
 11.000000     -0.00784457
 11.100000     -0.00645150
 11.200000     -0.00439827
 11.300000     -0.00287294
 11.400000     -0.00184524
 11.500000     -0.00121092
 11.600000     -0.00024769
 11.700000      0.00137236
 11.800000      0.00373209
 11.900000      0.00687300
 12.000000      0.01142847
 12.100000      0.01718548
 12.200000      0.02478295
 12.300000      0.03569191
 12.400000      0.05120426
 12.500000      0.07164602
 12.600000      0.09761775
 12.700000      0.12818348
 12.800000      0.16417836
 12.900000      0.20626579
 13.000000      0.25385308
 13.100000      0.30551285
 13.200000      0.36090076
 13.300000      0.41883580
 13.400000      0.47889585
 13.500000      0.54012649
 13.600000      0.59970671
 13.700000      0.65605020
 13.800000      0.70881036
 13.900000      0.75762932
 14.000000      0.80110279
 14.100000      0.84017561
 14.200000      0.87518299
 14.300000      0.90630001
 14.400000      0.93282873
 14.500000      0.95514687
 14.600000      0.97315213
 14.700000      0.98638482
 14.800000      0.99497372
 14.900000      1.00000000
 15.000000      0.99943574
 15.100000      0.99158697
 15.200000      0.97970160
 15.300000      0.96286364
 15.400000      0.93941358
 15.500000      0.91005432
 15.600000      0.87460511
 15.700000      0.83320227
 15.800000      0.78637579
 15.900000      0.73508587
 16.000000      0.67982453
 16.100000      0.62181255
 16.200000      0.56172200
 16.300000      0.50050965
 16.400000      0.43906356
 16.500000      0.37753800
 16.600000      0.31612124
 16.700000      0.25574894
 16.800000      0.19690773
 16.900000      0.14102923
 17.000000      0.08874484
 17.100000      0.04018843
 17.200000     -0.00403092
 17.300000     -0.04410171
 17.400000     -0.07978770
 17.500000     -0.11122333
 17.600000     -0.13809162
 17.700000     -0.16105904
 17.800000     -0.18048087
 17.900000     -0.19604137
 18.000000     -0.20866622
 18.100000     -0.21775974
 18.200000     -0.22324144
 18.300000     -0.22709303
 18.400000     -0.22866716
 18.500000     -0.22846721
 18.600000     -0.22583301
 18.700000     -0.22063285
 18.800000     -0.21247623
 18.900000     -0.20214596
 19.000000     -0.19059086
 19.100000     -0.17715369
 19.200000     -0.16326065
 19.300000     -0.14794595
 19.400000     -0.13200837
 19.500000     -0.11514190
 19.600000     -0.09801863
 19.700000     -0.08223317
 19.800000     -0.06792129
 19.900000     -0.05575456
 20.000000     -0.04553582
 20.100000     -0.03762389
 20.200000     -0.03119879
 20.300000     -0.02653356
 20.400000     -0.02313394
 20.500000     -0.02082939
 20.600000     -0.02014544
 20.700000     -0.02032082
 20.800000     -0.02076606
 20.900000     -0.02177541
 21.000000     -0.02355010
 21.100000     -0.02600359
 21.200000     -0.02972741
 21.300000     -0.03437670
 21.400000     -0.03904563
 21.500000     -0.04389749
 21.600000     -0.04944886
 21.700000     -0.05519525
 21.800000     -0.06000322
 21.900000     -0.06300159
 22.000000     -0.06380852
 22.100000     -0.06333757
 22.200000     -0.06179200
 22.300000     -0.05965689
 22.400000     -0.05699083
 22.500000     -0.05355381
 22.600000     -0.04955873
 22.700000     -0.04515088
 22.800000     -0.03983383
 22.900000     -0.03383589
 23.000000     -0.02782495
 23.100000     -0.02194380
 23.200000     -0.01574830
 23.300000     -0.01104804
 23.400000     -0.00668506
 23.500000     -0.00206009
 23.600000      0.00183736
 23.700000      0.00428818
 23.800000      0.00538263
 23.900000      0.00451864
 24.000000      0.00207594
 24.100000      0.00078175
 24.200000     -0.00354393
 24.300000     -0.00888361
 24.400000     -0.01349927
 24.500000     -0.02042769
 24.600000     -0.02544663
 24.700000     -0.02843805
 24.800000     -0.03501572
 24.900000     -0.03934945
 25.000000     -0.04705806
 25.100000     -0.05159138
 25.200000     -0.05481399
 25.300000     -0.05839676
 25.400000     -0.06172713
 25.500000     -0.06479401
 25.600000     -0.06712355
 25.700000     -0.07084908
 25.800000     -0.06857979
 25.900000     -0.06481800
 26.000000     -0.06201494
 26.100000     -0.05828180
 26.200000     -0.05387817
 26.300000     -0.04815554
 26.400000     -0.04216535
 26.500000     -0.03370522
 26.600000     -0.02594995
 26.700000     -0.01940690
 26.800000     -0.01526400
 26.900000     -0.01060794
 27.000000     -0.00673208
 27.100000      0.00038241
 27.200000      0.00405967
 27.300000      0.00603906
 27.400000      0.00691053
 27.500000      0.00851090
 27.600000      0.00818172
 27.700000      0.00635417
 27.800000      0.00601251
 27.900000      0.00383970
 28.000000      0.00166608
 28.100000      0.00382814
 28.200000      0.00141448
 28.300000      0.00111015
 28.400000     -0.00067982
 28.500000     -0.00115127
 28.600000     -0.00397645
 28.700000     -0.00533891
 28.800000     -0.00706106
 28.900000     -0.00989152
 29.000000     -0.00967247
 29.100000     -0.01216537
 29.200000     -0.01546764
 29.300000     -0.01661631
 29.400000     -0.01735928
 29.500000     -0.01894926
 29.600000     -0.01806191
 29.700000     -0.01874460
 29.800000     -0.01978023
 29.900000     -0.02060986
 30.000000     -0.02062206
 30.100000     -0.02175333
 30.200000     -0.02195250
 30.300000     -0.02584670
 30.400000     -0.02774438
 30.500000     -0.03024487
 30.600000     -0.03315599
 30.700000     -0.03731097
 30.800000     -0.03964990
 30.900000     -0.04139795
 31.000000     -0.04188547
 31.100000     -0.04408101
 31.200000     -0.04543428
 31.300000     -0.04587851
 31.400000     -0.04571230
 31.500000     -0.04796829
 31.600000     -0.04900552
 31.700000     -0.04932224
 31.800000     -0.05161391
 31.900000     -0.05416330
 32.000000     -0.05686618
 32.100000     -0.06116341
 32.200000     -0.06206394
 32.300000     -0.06164673
 32.400000     -0.06031567
 32.500000     -0.06503644
 32.600000     -0.06735054
 32.700000     -0.07139852
 32.800000     -0.07293455
 32.900000     -0.07325503
 33.000000     -0.07755419
 33.100000     -0.08296528
 33.200000     -0.08776059
 33.300000     -0.08859805
 33.400000     -0.09123126
 33.500000     -0.09397480
 33.600000     -0.09935186
 33.700000     -0.10192193
 33.800000     -0.10496722
 33.900000     -0.10609260
 34.000000     -0.10824999
 34.100000     -0.09129429
 34.200000     -0.09323203
 34.300000     -0.09088790
 34.400000     -0.08784923
 34.500000     -0.08540286
 34.600000     -0.08088185
 34.700000     -0.07481718
 34.800000     -0.06802887
 34.900000     -0.06103889
 35.000000     -0.05407392
 35.100000     -0.04719386
 35.200000     -0.04212217
 35.300000     -0.03468768
 35.400000     -0.02877305
 35.500000     -0.02359329
 35.600000     -0.01796673
 35.700000     -0.01539318
 35.800000     -0.01101993
 35.900000     -0.00643418
 36.000000     -0.00583718
 36.100000     -0.00531089
 36.200000     -0.00587386
 36.300000     -0.00654439
 36.400000     -0.00742516
 36.500000     -0.00880844
 36.600000     -0.01128349
 36.700000     -0.01402077
 36.800000     -0.01652616
 36.900000     -0.02001405
 37.000000     -0.02409866
 37.100000     -0.02830836
 37.200000     -0.03185090
 37.300000     -0.03542572
 37.400000     -0.03914718
 37.500000     -0.04336850
 37.600000     -0.04828204
 37.700000     -0.05262159
 37.800000     -0.05631658
 37.900000     -0.05912341
 38.000000     -0.06074239
 38.100000     -0.06185717
 38.200000     -0.06174299
 38.300000     -0.06039776
 38.400000     -0.05906182
 38.500000     -0.05739581
 38.600000     -0.05546162
 38.700000     -0.05337329
 38.800000     -0.05148737
 38.900000     -0.04956495
 39.000000     -0.04768219
 39.100000     -0.04599921
 39.200000     -0.04391004
 39.300000     -0.04209788
 39.400000     -0.04056076
 39.500000     -0.03951148
 39.600000     -0.03889612
 39.700000     -0.03901926
 39.800000     -0.03928891
 39.900000     -0.03873735
