  0.000000      0.01789529
  0.100000      0.01760939
  0.200000      0.01673820
  0.300000      0.01572569
  0.400000      0.01437010
  0.500000      0.01274778
  0.600000      0.01071252
  0.700000      0.00865072
  0.800000      0.00656828
  0.900000      0.00426582
  1.000000      0.00197675
  1.100000     -0.00027163
  1.200000     -0.00266967
  1.300000     -0.00474950
  1.400000     -0.00602841
  1.500000     -0.00762129
  1.600000     -0.00956403
  1.700000     -0.01101755
  1.800000     -0.01126981
  1.900000     -0.01131423
  2.000000     -0.01194904
  2.100000     -0.01265936
  2.200000     -0.01264954
  2.300000     -0.01239653
  2.400000     -0.01250366
  2.500000     -0.01285111
  2.600000     -0.01315392
  2.700000     -0.01304740
  2.800000     -0.01292626
  2.900000     -0.01282821
  3.000000     -0.01260805
  3.100000     -0.01253665
  3.200000     -0.01294694
  3.300000     -0.01337922
  3.400000     -0.01361403
  3.500000     -0.01372126
  3.600000     -0.01413252
  3.700000     -0.01510570
  3.800000     -0.01606300
  3.900000     -0.01686457
  4.000000     -0.01829606
  4.100000     -0.02044366
  4.200000     -0.02293561
  4.300000     -0.02480925
  4.400000     -0.02684599
  4.500000     -0.02955192
  4.600000     -0.03165009
  4.700000     -0.03311402
  4.800000     -0.03495739
  4.900000     -0.03629157
  5.000000     -0.03647233
  5.100000     -0.03636314
  5.200000     -0.03605655
  5.300000     -0.03548092
  5.400000     -0.03410465
  5.500000     -0.03268710
  5.600000     -0.03146302
  5.700000     -0.02993725
  5.800000     -0.02757195
  5.900000     -0.02503892
  6.000000     -0.02279790
  6.100000     -0.02108418
  6.200000     -0.01906905
  6.300000     -0.01674172
  6.400000     -0.01418252
  6.500000     -0.01163684
  6.600000     -0.00873453
  6.700000     -0.00568570
  6.800000     -0.00229914
  6.900000      0.00080053
  7.000000      0.00381537
  7.100000      0.00681399
  7.200000      0.00997644
  7.300000      0.01316296
  7.400000      0.01617569
  7.500000      0.01876972
  7.600000      0.02074388
  7.700000      0.02211210
  7.800000      0.02280507
  7.900000      0.02324887
  8.000000      0.02354977
  8.100000      0.02369675
  8.200000      0.02383536
  8.300000      0.02389736
  8.400000      0.02407080
  8.500000      0.02425747
  8.600000      0.02384631
  8.700000      0.02318575
  8.800000      0.02244255
  8.900000      0.02134063
  9.000000      0.02010314
  9.100000      0.01902510
  9.200000      0.01788360
  9.300000      0.01603364
  9.400000      0.01400548
  9.500000      0.01233845
  9.600000      0.01104481
  9.700000      0.00991811
  9.800000      0.00855153
  9.900000      0.00705496
 10.000000      0.00582856
 10.100000      0.00479660
 10.200000      0.00386250
 10.300000      0.00327108
 10.400000      0.00301924
 10.500000      0.00319875
 10.600000      0.00382404
 10.700000      0.00476864
 10.800000      0.00546558
 10.900000      0.00627841
 11.000000      0.00749421
 11.100000      0.00972132
 11.200000      0.01221602
 11.300000      0.01447824
 11.400000      0.01648281
 11.500000      0.01875452
 11.600000      0.02137236
 11.700000      0.02409646
 11.800000      0.02614260
 11.900000      0.02776460
 12.000000      0.02915193
 12.100000      0.03087979
 12.200000      0.03241528
 12.300000      0.03365087
 12.400000      0.03483995
 12.500000      0.03591312
 12.600000      0.03707465
 12.700000      0.03810451
 12.800000      0.03908085
 12.900000      0.04019931
 13.000000      0.04150676
 13.100000      0.04302112
 13.200000      0.04447775
 13.300000      0.04580628
 13.400000      0.04725727
 13.500000      0.04843660
 13.600000      0.04880688
 13.700000      0.04871690
 13.800000      0.04855144
 13.900000      0.04795919
 14.000000      0.04704290
 14.100000      0.04614383
 14.200000      0.04534678
 14.300000      0.04419976
 14.400000      0.04259873
 14.500000      0.04099344
 14.600000      0.03982515
 14.700000      0.03894531
 14.800000      0.03797676
 14.900000      0.03675984
 15.000000      0.03572157
 15.100000      0.03484876
 15.200000      0.03367615
 15.300000      0.03245774
 15.400000      0.03175049
 15.500000      0.03136741
 15.600000      0.03096178
 15.700000      0.03042351
 15.800000      0.02993709
 15.900000      0.02951856
 16.000000      0.02885718
 16.100000      0.02826701
 16.200000      0.02827908
 16.300000      0.02887079
 16.400000      0.02965553
 16.500000      0.03027418
 16.600000      0.03066723
 16.700000      0.03155759
 16.800000      0.03254097
 16.900000      0.03317139
 17.000000      0.03379596
 17.100000      0.03453466
 17.200000      0.03515324
 17.300000      0.03524602
 17.400000      0.03471783
 17.500000      0.03372885
 17.600000      0.03223718
 17.700000      0.03012241
 17.800000      0.02753602
 17.900000      0.02419264
 18.000000      0.02085162
 18.100000      0.01730333
 18.200000      0.01348511
 18.300000      0.00994112
 18.400000      0.00698364
 18.500000      0.00444227
 18.600000      0.00250389
 18.700000      0.00078320
 18.800000     -0.00065582
 18.900000     -0.00173889
 19.000000     -0.00242100
 19.100000     -0.00271074
 19.200000     -0.00236061
 19.300000     -0.00147422
 19.400000     -0.00000102
 19.500000      0.00263277
 19.600000      0.00662587
 19.700000      0.01162762
 19.800000      0.01782114
 19.900000      0.02533087
 20.000000      0.03434641
 20.100000      0.04454912
 20.200000      0.05611659
 20.300000      0.06870794
 20.400000      0.08192326
 20.500000      0.09633015
 20.600000      0.11190811
 20.700000      0.12831572
 20.800000      0.14503961
 20.900000      0.16254808
 21.000000      0.18166446
 21.100000      0.20188007
 21.200000      0.22266790
 21.300000      0.24398149
 21.400000      0.26665378
 21.500000      0.29064341
 21.600000      0.31540876
 21.700000      0.34084281
 21.800000      0.36688943
 21.900000      0.39361806
 22.000000      0.42072021
 22.100000      0.44819165
 22.200000      0.47587112
 22.300000      0.50401454
 22.400000      0.53223284
 22.500000      0.56009722
 22.600000      0.58792560
 22.700000      0.61619734
 22.800000      0.64437738
 22.900000      0.67195470
 23.000000      0.69917674
 23.100000      0.72571318
 23.200000      0.75168862
 23.300000      0.77695261
 23.400000      0.80139782
 23.500000      0.82447702
 23.600000      0.84660275
 23.700000      0.86778773
 23.800000      0.88725998
 23.900000      0.90503555
 24.000000      0.92140026
 24.100000      0.93629548
 24.200000      0.94982104
 24.300000      0.96164652
 24.400000      0.97204673
 24.500000      0.98115332
 24.600000      0.98831678
 24.700000      0.99350438
 24.800000      0.99720065
 24.900000      0.99957442
 25.000000      1.00000000
 25.100000      0.99887476
 25.200000      0.99635886
 25.300000      0.99257523
 25.400000      0.98720539
 25.500000      0.98036386
 25.600000      0.97244778
 25.700000      0.96381362
 25.800000      0.95440545
 25.900000      0.94348500
 26.000000      0.93157628
 26.100000      0.91880361
 26.200000      0.90492520
 26.300000      0.88990637
 26.400000      0.87474139
 26.500000      0.85874785
 26.600000      0.84197570
 26.700000      0.82455514
 26.800000      0.80672640
 26.900000      0.78823192
 27.000000      0.76855455
 27.100000      0.74756059
 27.200000      0.72554659
 27.300000      0.70253085
 27.400000      0.67854401
 27.500000      0.65405692
 27.600000      0.62891761
 27.700000      0.60275552
 27.800000      0.57516232
 27.900000      0.54673415
 28.000000      0.51837709
 28.100000      0.48984357
 28.200000      0.46059821
 28.300000      0.43117608
 28.400000      0.40199404
 28.500000      0.37299967
 28.600000      0.34397129
 28.700000      0.31519740
 28.800000      0.28678713
 28.900000      0.25867280
 29.000000      0.23141738
 29.100000      0.20534089
 29.200000      0.18017640
 29.300000      0.15555656
 29.400000      0.13218665
 29.500000      0.10977983
 29.600000      0.08833102
 29.700000      0.06803587
 29.800000      0.04842293
 29.900000      0.02908707
 30.000000      0.01037207
 30.100000     -0.00754131
 30.200000     -0.02502058
 30.300000     -0.04252186
 30.400000     -0.05948080
 30.500000     -0.07539075
 30.600000     -0.09052495
 30.700000     -0.10567318
 30.800000     -0.12049153
 30.900000     -0.13478648
 31.000000     -0.14837346
 31.100000     -0.16146827
 31.200000     -0.17406531
 31.300000     -0.18576614
 31.400000     -0.19741081
 31.500000     -0.20900642
 31.600000     -0.21981073
 31.700000     -0.22999563
 31.800000     -0.23992408
 31.900000     -0.24961420
 32.000000     -0.25901117
 32.100000     -0.26782493
 32.200000     -0.27589402
 32.300000     -0.28322038
 32.400000     -0.29021106
 32.500000     -0.29651140
 32.600000     -0.30230290
 32.700000     -0.30758382
 32.800000     -0.31214725
 32.900000     -0.31617403
 33.000000     -0.32006337
 33.100000     -0.32275993
 33.200000     -0.32479399
 33.300000     -0.32712995
 33.400000     -0.32957199
 33.500000     -0.33176828
 33.600000     -0.33426257
 33.700000     -0.33729664
 33.800000     -0.34001000
 33.900000     -0.34200826
 34.000000     -0.34385769
 34.100000     -0.34594015
 34.200000     -0.34786494
 34.300000     -0.34917644
 34.400000     -0.35003669
 34.500000     -0.35084921
 34.600000     -0.35168681
 34.700000     -0.35226573
 34.800000     -0.35226097
 34.900000     -0.35194593
 35.000000     -0.35146860
 35.100000     -0.35097482
 35.200000     -0.35015119
 35.300000     -0.34920525
 35.400000     -0.34795308
 35.500000     -0.34604172
 35.600000     -0.34345645
 35.700000     -0.34031146
 35.800000     -0.33710201
 35.900000     -0.33385280
 36.000000     -0.33034425
 36.100000     -0.32617501
 36.200000     -0.32157934
 36.300000     -0.31702546
 36.400000     -0.31217690
 36.500000     -0.30684672
 36.600000     -0.30204433
 36.700000     -0.29792368
 36.800000     -0.29426135
 36.900000     -0.29098575
 37.000000     -0.28778013
 37.100000     -0.28464582
 37.200000     -0.28161741
 37.300000     -0.27960684
 37.400000     -0.27840280
 37.500000     -0.27724742
 37.600000     -0.27634650
 37.700000     -0.27566836
 37.800000     -0.27503197
 37.900000     -0.27432444
 38.000000     -0.27352347
 38.100000     -0.27359760
 38.200000     -0.27461442
 38.300000     -0.27614755
 38.400000     -0.27792928
 38.500000     -0.27955442
 38.600000     -0.28151952
 38.700000     -0.28373619
 38.800000     -0.28600848
 38.900000     -0.28772027
 39.000000     -0.28842539
 39.100000     -0.28900828
 39.200000     -0.28928757
 39.300000     -0.28966830
 39.400000     -0.29010069
 39.500000     -0.29029945
 39.600000     -0.29040545
 39.700000     -0.29101436
 39.800000     -0.29243704
 39.900000     -0.29374420
