  0.000000      0.00025160
  0.100000      0.00001595
  0.200000     -0.00018305
  0.300000     -0.00035534
  0.400000     -0.00054711
  0.500000     -0.00075558
  0.600000     -0.00085590
  0.700000     -0.00098726
  0.800000     -0.00113902
  0.900000     -0.00129551
  1.000000     -0.00143189
  1.100000     -0.00152752
  1.200000     -0.00161378
  1.300000     -0.00171010
  1.400000     -0.00177737
  1.500000     -0.00182452
  1.600000     -0.00186768
  1.700000     -0.00192350
  1.800000     -0.00198356
  1.900000     -0.00201072
  2.000000     -0.00207367
  2.100000     -0.00213524
  2.200000     -0.00199450
  2.300000     -0.00183513
  2.400000     -0.00170635
  2.500000     -0.00160454
  2.600000     -0.00151307
  2.700000     -0.00140803
  2.800000     -0.00130264
  2.900000     -0.00112853
  3.000000     -0.00092254
  3.100000     -0.00072326
  3.200000     -0.00050890
  3.300000     -0.00025365
  3.400000      0.00007255
  3.500000      0.00040539
  3.600000      0.00069345
  3.700000      0.00094876
  3.800000      0.00118152
  3.900000      0.00138967
  4.000000      0.00157182
  4.100000      0.00163313
  4.200000      0.00167224
  4.300000      0.00168710
  4.400000      0.00166706
  4.500000      0.00162030
  4.600000      0.00154188
  4.700000      0.00148741
  4.800000      0.00131058
  4.900000      0.00110505
  5.000000      0.00083215
  5.100000      0.00058074
  5.200000      0.00031074
  5.300000      0.00004927
  5.400000     -0.00017188
  5.500000     -0.00040183
  5.600000     -0.00067141
  5.700000     -0.00093719
  5.800000     -0.00127473
  5.900000     -0.00165656
  6.000000     -0.00207418
  6.100000     -0.00243889
  6.200000     -0.00279907
  6.300000     -0.00314399
  6.400000     -0.00342656
  6.500000     -0.00351126
  6.600000     -0.00350129
  6.700000     -0.00349096
  6.800000     -0.00349358
  6.900000     -0.00355753
  7.000000     -0.00368057
  7.100000     -0.00384426
  7.200000     -0.00391401
  7.300000     -0.00408643
  7.400000     -0.00423222
  7.500000     -0.00453754
  7.600000     -0.00475132
  7.700000     -0.00486213
  7.800000     -0.00508455
  7.900000     -0.00524045
  8.000000     -0.00535844
  8.100000     -0.00540696
  8.200000     -0.00540609
  8.300000     -0.00536347
  8.400000     -0.00535385
  8.500000     -0.00535042
  8.600000     -0.00529631
  8.700000     -0.00526441
  8.800000     -0.00525122
  8.900000     -0.00534944
  9.000000     -0.00542675
  9.100000     -0.00544153
  9.200000     -0.00542501
  9.300000     -0.00543127
  9.400000     -0.00535922
  9.500000     -0.00521929
  9.600000     -0.00503474
  9.700000     -0.00483336
  9.800000     -0.00455642
  9.900000     -0.00423438
 10.000000     -0.00400003
 10.100000     -0.00381551
 10.200000     -0.00359171
 10.300000     -0.00330362
 10.400000     -0.00304269
 10.500000     -0.00275186
 10.600000     -0.00234343
 10.700000     -0.00189343
 10.800000     -0.00140911
 10.900000     -0.00094239
 11.000000     -0.00049398
 11.100000     -0.00007586
 11.200000      0.00029075
 11.300000      0.00069311
 11.400000      0.00114343
 11.500000      0.00157213
 11.600000      0.00202200
 11.700000      0.00245357
 11.800000      0.00292217
 11.900000      0.00348417
 12.000000      0.00416510
 12.100000      0.00487479
 12.200000      0.00564689
 12.300000      0.00639278
 12.400000      0.00719885
 12.500000      0.00802120
 12.600000      0.00876172
 12.700000      0.00940588
 12.800000      0.01010732
 12.900000      0.01097456
 13.000000      0.01195693
 13.100000      0.01314895
 13.200000      0.01450537
 13.300000      0.01600202
 13.400000      0.01734782
 13.500000      0.01859111
 13.600000      0.01987823
 13.700000      0.02139489
 13.800000      0.02314661
 13.900000      0.02503626
 14.000000      0.02698032
 14.100000      0.02899018
 14.200000      0.03120189
 14.300000      0.03359079
 14.400000      0.03619945
 14.500000      0.03892399
 14.600000      0.04191844
 14.700000      0.04515682
 14.800000      0.04860084
 14.900000      0.05225718
 15.000000      0.05611044
 15.100000      0.06019604
 15.200000      0.06453607
 15.300000      0.06914346
 15.400000      0.07399885
 15.500000      0.07921842
 15.600000      0.08471298
 15.700000      0.09052282
 15.800000      0.09672977
 15.900000      0.10314873
 16.000000      0.10977343
 16.100000      0.11630658
 16.200000      0.12300999
 16.300000      0.12990246
 16.400000      0.13695290
 16.500000      0.14425899
 16.600000      0.15161730
 16.700000      0.15906761
 16.800000      0.16645726
 16.900000      0.17368835
 17.000000      0.18067256
 17.100000      0.18728325
 17.200000      0.19346054
 17.300000      0.19905639
 17.400000      0.20392559
 17.500000      0.20802844
 17.600000      0.21146144
 17.700000      0.21413479
 17.800000      0.21591136
 17.900000      0.21651071
 18.000000      0.21588221
 18.100000      0.21415020
 18.200000      0.21136906
 18.300000      0.20719096
 18.400000      0.20187705
 18.500000      0.19550059
 18.600000      0.18787481
 18.700000      0.17909600
 18.800000      0.16956636
 18.900000      0.15924226
 19.000000      0.14809499
 19.100000      0.13631618
 19.200000      0.12412015
 19.300000      0.11147979
 19.400000      0.09860866
 19.500000      0.08566270
 19.600000      0.07304249
 19.700000      0.06090085
 19.800000      0.04934751
 19.900000      0.03832962
 20.000000      0.02822690
 20.100000      0.01939755
 20.200000      0.01143349
 20.300000      0.00468931
 20.400000     -0.00056038
 20.500000     -0.00394116
 20.600000     -0.00530565
 20.700000     -0.00480987
 20.800000     -0.00197574
 20.900000      0.00345862
 21.000000      0.01177522
 21.100000      0.02299164
 21.200000      0.03771983
 21.300000      0.05649806
 21.400000      0.07925425
 21.500000      0.10597979
 21.600000      0.13709127
 21.700000      0.17272812
 21.800000      0.21286535
 21.900000      0.25712346
 22.000000      0.30550072
 22.100000      0.35791301
 22.200000      0.41369910
 22.300000      0.47177396
 22.400000      0.53111358
 22.500000      0.59131832
 22.600000      0.65102357
 22.700000      0.70857175
 22.800000      0.76322780
 22.900000      0.81420586
 23.000000      0.86027767
 23.100000      0.90022460
 23.200000      0.93402712
 23.300000      0.96123776
 23.400000      0.98142680
 23.500000      0.99435308
 23.600000      1.00000000
 23.700000      0.99868488
 23.800000      0.99046449
 23.900000      0.97602078
 24.000000      0.95535210
 24.100000      0.92912514
 24.200000      0.89765051
 24.300000      0.86061158
 24.400000      0.81807268
 24.500000      0.77070108
 24.600000      0.71917983
 24.700000      0.66368258
 24.800000      0.60480738
 24.900000      0.54316079
 25.000000      0.47931772
 25.100000      0.41428413
 25.200000      0.34886083
 25.300000      0.28416822
 25.400000      0.22075742
 25.500000      0.15911882
 25.600000      0.09959871
 25.700000      0.04266801
 25.800000     -0.01141782
 25.900000     -0.06230911
 26.000000     -0.10988288
 26.100000     -0.15447480
 26.200000     -0.19641892
 26.300000     -0.23522577
 26.400000     -0.27089922
 26.500000     -0.30347804
 26.600000     -0.33301786
 26.700000     -0.35944717
 26.800000     -0.38274275
 26.900000     -0.40288965
 27.000000     -0.41984575
 27.100000     -0.43380329
 27.200000     -0.44520085
 27.300000     -0.45463322
 27.400000     -0.46182107
 27.500000     -0.46693472
 27.600000     -0.47023066
 27.700000     -0.47154953
 27.800000     -0.47089144
 27.900000     -0.46839850
 28.000000     -0.46437891
 28.100000     -0.45888714
 28.200000     -0.45216150
 28.300000     -0.44425929
 28.400000     -0.43537607
 28.500000     -0.42578518
 28.600000     -0.41531413
 28.700000     -0.40414500
 28.800000     -0.39226042
 28.900000     -0.37978219
 29.000000     -0.36691202
 29.100000     -0.35386473
 29.200000     -0.34072094
 29.300000     -0.32761874
 29.400000     -0.31479921
 29.500000     -0.30263069
 29.600000     -0.29123968
 29.700000     -0.28052756
 29.800000     -0.27041839
 29.900000     -0.26055997
 30.000000     -0.25118783
 30.100000     -0.24240954
 30.200000     -0.23444724
 30.300000     -0.22745964
 30.400000     -0.22110835
 30.500000     -0.21512578
 30.600000     -0.20946537
 30.700000     -0.20421850
 30.800000     -0.19938249
 30.900000     -0.19501636
 31.000000     -0.19133805
 31.100000     -0.18844402
 31.200000     -0.18641831
 31.300000     -0.18558653
 31.400000     -0.18617350
 31.500000     -0.18786683
 31.600000     -0.19032566
 31.700000     -0.19306267
 31.800000     -0.19603658
 31.900000     -0.19926014
 32.000000     -0.20272543
 32.100000     -0.20631634
 32.200000     -0.21007170
 32.300000     -0.21398585
 32.400000     -0.21778679
 32.500000     -0.22135327
 32.600000     -0.22481298
 32.700000     -0.22819611
 32.800000     -0.23144037
 32.900000     -0.23450737
 33.000000     -0.23740781
 33.100000     -0.24012654
 33.200000     -0.24277076
 33.300000     -0.24554486
 33.400000     -0.24852702
 33.500000     -0.25161819
 33.600000     -0.25467492
 33.700000     -0.25748017
 33.800000     -0.26007109
 33.900000     -0.26240218
 34.000000     -0.26449401
 34.100000     -0.26626182
 34.200000     -0.26762951
 34.300000     -0.26871451
 34.400000     -0.26962010
 34.500000     -0.27027338
 34.600000     -0.27077895
 34.700000     -0.27099220
 34.800000     -0.27098901
 34.900000     -0.27090944
 35.000000     -0.27111827
 35.100000     -0.27167352
 35.200000     -0.27254058
 35.300000     -0.27372269
 35.400000     -0.27529625
 35.500000     -0.27713106
 35.600000     -0.27918622
 35.700000     -0.28103901
 35.800000     -0.28271385
 35.900000     -0.28412743
 36.000000     -0.28515428
 36.100000     -0.28587937
 36.200000     -0.28604282
 36.300000     -0.28556187
 36.400000     -0.28443319
 36.500000     -0.28273482
 36.600000     -0.28056248
 36.700000     -0.27801608
 36.800000     -0.27502186
 36.900000     -0.27156834
 37.000000     -0.26783875
 37.100000     -0.26374900
 37.200000     -0.25941057
 37.300000     -0.25482335
 37.400000     -0.25012479
 37.500000     -0.24555653
 37.600000     -0.24142454
 37.700000     -0.23764792
 37.800000     -0.23412128
 37.900000     -0.23088260
 38.000000     -0.22788547
 38.100000     -0.22511228
 38.200000     -0.22256001
 38.300000     -0.22014971
 38.400000     -0.21800372
 38.500000     -0.21595563
 38.600000     -0.21396145
 38.700000     -0.21190508
 38.800000     -0.20994286
 38.900000     -0.20801245
 39.000000     -0.20589581
 39.100000     -0.20363794
 39.200000     -0.20128358
 39.300000     -0.19878754
 39.400000     -0.19619958
 39.500000     -0.19350036
 39.600000     -0.19068951
 39.700000     -0.18787709
 39.800000     -0.18506627
 39.900000     -0.18227641
