  0.000000      0.02005059
  0.100000      0.01957119
  0.200000      0.01922418
  0.300000      0.01950449
  0.400000      0.01991991
  0.500000      0.01981546
  0.600000      0.01909283
  0.700000      0.01809785
  0.800000      0.01861407
  0.900000      0.02007296
  1.000000      0.02208322
  1.100000      0.02347070
  1.200000      0.02482529
  1.300000      0.02488535
  1.400000      0.02407429
  1.500000      0.02361083
  1.600000      0.02314965
  1.700000      0.02249587
  1.800000      0.02175582
  1.900000      0.02140030
  2.000000      0.02072086
  2.100000      0.01967002
  2.200000      0.01790964
  2.300000      0.01729170
  2.400000      0.01717894
  2.500000      0.01606791
  2.600000      0.01371435
  2.700000      0.01176653
  2.800000      0.01028917
  2.900000      0.00942483
  3.000000      0.00846387
  3.100000      0.00714146
  3.200000      0.00567394
  3.300000      0.00322523
  3.400000      0.00196432
  3.500000      0.00194913
  3.600000      0.00175109
  3.700000      0.00159016
  3.800000      0.00227617
  3.900000      0.00230105
  4.000000      0.00144459
  4.100000      0.00066543
  4.200000      0.00213267
  4.300000      0.00235443
  4.400000      0.00138510
  4.500000     -0.00029552
  4.600000     -0.00096593
  4.700000      0.00047295
  4.800000     -0.00058193
  4.900000     -0.00189348
  5.000000     -0.00301606
  5.100000     -0.00420253
  5.200000     -0.00450373
  5.300000     -0.00527393
  5.400000     -0.00592127
  5.500000     -0.00650705
  5.600000     -0.00716815
  5.700000     -0.00907753
  5.800000     -0.01010143
  5.900000     -0.01047749
  6.000000     -0.01084358
  6.100000     -0.01144146
  6.200000     -0.01264728
  6.300000     -0.01298205
  6.400000     -0.01365077
  6.500000     -0.01555258
  6.600000     -0.01630115
  6.700000     -0.01835494
  6.800000     -0.02107568
  6.900000     -0.02365921
  7.000000     -0.02552909
  7.100000     -0.02779712
  7.200000     -0.02923594
  7.300000     -0.03167609
  7.400000     -0.03455347
  7.500000     -0.03674149
  7.600000     -0.03834971
  7.700000     -0.03911128
  7.800000     -0.03982787
  7.900000     -0.04228360
  8.000000     -0.04537776
  8.100000     -0.04867766
  8.200000     -0.05191269
  8.300000     -0.05428820
  8.400000     -0.05608944
  8.500000     -0.05739713
  8.600000     -0.06069687
  8.700000     -0.06484574
  8.800000     -0.06780608
  8.900000     -0.06984951
  9.000000     -0.07266398
  9.100000     -0.07588135
  9.200000     -0.07843634
  9.300000     -0.08137978
  9.400000     -0.08356183
  9.500000     -0.08505457
  9.600000     -0.08543707
  9.700000     -0.08496823
  9.800000     -0.08111242
  9.900000     -0.07588146
 10.000000     -0.07033494
 10.100000     -0.06312187
 10.200000     -0.05356710
 10.300000     -0.04333155
 10.400000     -0.03229634
 10.500000     -0.01912628
 10.600000     -0.00309825
 10.700000      0.01559626
 10.800000      0.03480498
 10.900000      0.05727835
 11.000000      0.08192878
 11.100000      0.10949808
 11.200000      0.13648741
 11.300000      0.16827858
 11.400000      0.20142827
 11.500000      0.23611714
 11.600000      0.27364075
 11.700000      0.31366304
 11.800000      0.35468372
 11.900000      0.39350598
 12.000000      0.43567903
 12.100000      0.47648156
 12.200000      0.51859945
 12.300000      0.55844760
 12.400000      0.59912816
 12.500000      0.63624160
 12.600000      0.67395389
 12.700000      0.71103766
 12.800000      0.74670261
 12.900000      0.78110808
 13.000000      0.81186275
 13.100000      0.84200944
 13.200000      0.86905549
 13.300000      0.89420896
 13.400000      0.91662242
 13.500000      0.93833937
 13.600000      0.95740342
 13.700000      0.97099786
 13.800000      0.98260721
 13.900000      0.98968675
 14.000000      0.99637839
 14.100000      0.99866794
 14.200000      1.00000000
 14.300000      0.99867900
 14.400000      0.99481004
 14.500000      0.98696237
 14.600000      0.97934931
 14.700000      0.97090826
 14.800000      0.95893492
 14.900000      0.94419407
 15.000000      0.92643663
 15.100000      0.90964388
 15.200000      0.88936182
 15.300000      0.86457091
 15.400000      0.83530857
 15.500000      0.80201660
 15.600000      0.76309952
 15.700000      0.71841645
 15.800000      0.66986480
 15.900000      0.61801797
 16.000000      0.56512876
 16.100000      0.50950336
 16.200000      0.45218861
 16.300000      0.39366883
 16.400000      0.33480004
 16.500000      0.27607896
 16.600000      0.21929490
 16.700000      0.16230185
 16.800000      0.10530982
 16.900000      0.05099417
 17.000000     -0.00068593
 17.100000     -0.04952801
 17.200000     -0.09804325
 17.300000     -0.14327704
 17.400000     -0.18697747
 17.500000     -0.22827991
 17.600000     -0.26848338
 17.700000     -0.30547117
 17.800000     -0.33970089
 17.900000     -0.37104500
 18.000000     -0.39901528
 18.100000     -0.42723306
 18.200000     -0.45472602
 18.300000     -0.48185927
 18.400000     -0.50576949
 18.500000     -0.52850169
 18.600000     -0.55211898
 18.700000     -0.57090219
 18.800000     -0.58971007
 18.900000     -0.60473090
 19.000000     -0.61713469
 19.100000     -0.62422717
 19.200000     -0.62884076
 19.300000     -0.63244252
 19.400000     -0.63486415
 19.500000     -0.63603902
 19.600000     -0.63549493
 19.700000     -0.63283359
 19.800000     -0.62796454
 19.900000     -0.62230822
 20.000000     -0.61361268
 20.100000     -0.60471394
 20.200000     -0.59636461
 20.300000     -0.58525457
 20.400000     -0.57460752
 20.500000     -0.55924365
 20.600000     -0.54403040
 20.700000     -0.52838547
 20.800000     -0.51175633
 20.900000     -0.49368964
 21.000000     -0.47510214
 21.100000     -0.45564148
 21.200000     -0.43642703
 21.300000     -0.41974971
 21.400000     -0.40338032
 21.500000     -0.38794174
 21.600000     -0.37221550
 21.700000     -0.35664425
 21.800000     -0.34251818
 21.900000     -0.32971074
 22.000000     -0.31556754
 22.100000     -0.30127448
 22.200000     -0.28697075
 22.300000     -0.27419055
 22.400000     -0.26195764
 22.500000     -0.25101897
 22.600000     -0.23877853
 22.700000     -0.22803436
 22.800000     -0.21806630
 22.900000     -0.20963412
 23.000000     -0.20134090
 23.100000     -0.19341956
 23.200000     -0.18593507
 23.300000     -0.18015725
 23.400000     -0.17642321
 23.500000     -0.17269988
 23.600000     -0.16941862
 23.700000     -0.16561147
 23.800000     -0.16112235
 23.900000     -0.15454717
 24.000000     -0.14707064
 24.100000     -0.14101003
 24.200000     -0.13820526
 24.300000     -0.13529984
 24.400000     -0.13218115
 24.500000     -0.12912884
 24.600000     -0.12567829
 24.700000     -0.12172802
 24.800000     -0.11958350
 24.900000     -0.11790052
 25.000000     -0.11591619
 25.100000     -0.11412884
 25.200000     -0.11234469
 25.300000     -0.11096574
 25.400000     -0.10941895
 25.500000     -0.10753554
 25.600000     -0.10619861
 25.700000     -0.10580074
 25.800000     -0.10596647
 25.900000     -0.10603643
 26.000000     -0.10815713
 26.100000     -0.11038623
 26.200000     -0.11249545
 26.300000     -0.11464075
 26.400000     -0.11653745
 26.500000     -0.11706958
 26.600000     -0.11675880
 26.700000     -0.11564206
 26.800000     -0.11443904
 26.900000     -0.11405150
 27.000000     -0.11301864
 27.100000     -0.11071158
 27.200000     -0.10832307
 27.300000     -0.10680606
 27.400000     -0.10666687
 27.500000     -0.10639679
 27.600000     -0.10533652
 27.700000     -0.10346845
 27.800000     -0.10191025
 27.900000     -0.10121829
 28.000000     -0.10122808
 28.100000     -0.10149394
 28.200000     -0.10121384
 28.300000     -0.10157612
 28.400000     -0.10124684
 28.500000     -0.09985884
 28.600000     -0.09781104
 28.700000     -0.09544971
 28.800000     -0.09374939
 28.900000     -0.09241398
 29.000000     -0.08986083
 29.100000     -0.08681658
 29.200000     -0.08318922
 29.300000     -0.08016376
 29.400000     -0.07788724
 29.500000     -0.07507085
 29.600000     -0.07095656
 29.700000     -0.06637604
 29.800000     -0.06234010
 29.900000     -0.05970845
 30.000000     -0.05722448
 30.100000     -0.05428518
 30.200000     -0.05186256
 30.300000     -0.05056066
 30.400000     -0.04952257
 30.500000     -0.05078803
 30.600000     -0.05117015
 30.700000     -0.05051104
 30.800000     -0.05002098
 30.900000     -0.05052469
 31.000000     -0.05055885
 31.100000     -0.04988737
 31.200000     -0.04935201
 31.300000     -0.04888119
 31.400000     -0.04726796
 31.500000     -0.04634636
 31.600000     -0.04530341
 31.700000     -0.04373733
 31.800000     -0.04277442
 31.900000     -0.04214668
 32.000000     -0.04122579
 32.100000     -0.04113166
 32.200000     -0.04202163
 32.300000     -0.04296055
 32.400000     -0.04434914
 32.500000     -0.04474685
 32.600000     -0.04461149
 32.700000     -0.04394080
 32.800000     -0.04393504
 32.900000     -0.04512612
 33.000000     -0.04539417
 33.100000     -0.04455162
 33.200000     -0.04565637
 33.300000     -0.04683247
 33.400000     -0.04823641
 33.500000     -0.04894079
 33.600000     -0.04857864
 33.700000     -0.04746588
 33.800000     -0.04645678
 33.900000     -0.04382872
 34.000000     -0.04139238
 34.100000     -0.03936190
 34.200000     -0.03767022
 34.300000     -0.03561714
 34.400000     -0.03317503
 34.500000     -0.02997114
 34.600000     -0.02700613
 34.700000     -0.02430074
 34.800000     -0.02232791
 34.900000     -0.02267838
 35.000000     -0.02116176
 35.100000     -0.01979744
 35.200000     -0.01877542
 35.300000     -0.01695269
 35.400000     -0.01539937
 35.500000     -0.01380434
 35.600000     -0.01226087
 35.700000     -0.01104736
 35.800000     -0.00992025
 35.900000     -0.00966346
 36.000000     -0.00905236
 36.100000     -0.00767922
 36.200000     -0.00644130
 36.300000     -0.00569664
 36.400000     -0.00541469
 36.500000     -0.00452842
 36.600000     -0.00360121
 36.700000     -0.00263638
 36.800000     -0.00182034
 36.900000     -0.00076868
 37.000000      0.00065504
 37.100000      0.00218214
 37.200000      0.00347332
 37.300000      0.00481235
 37.400000      0.00628835
 37.500000      0.00760966
 37.600000      0.00873956
 37.700000      0.01045236
 37.800000      0.01251963
 37.900000      0.01455810
 38.000000      0.01687481
 38.100000      0.01959815
 38.200000      0.02167946
 38.300000      0.02311189
 38.400000      0.02420190
 38.500000      0.02484573
 38.600000      0.02581954
 38.700000      0.02714130
 38.800000      0.02892475
 38.900000      0.03059810
 39.000000      0.03238884
 39.100000      0.03407574
 39.200000      0.03608668
 39.300000      0.03784697
 39.400000      0.03893065
 39.500000      0.04003391
 39.600000      0.04160489
 39.700000      0.04300539
 39.800000      0.04350497
 39.900000      0.04386374
