  0.000000     -0.05307794
  0.100000     -0.05332803
  0.200000     -0.05358364
  0.300000     -0.05387328
  0.400000     -0.05410670
  0.500000     -0.05434218
  0.600000     -0.05507835
  0.700000     -0.05552658
  0.800000     -0.05580405
  0.900000     -0.05614627
  1.000000     -0.05647261
  1.100000     -0.05678023
  1.200000     -0.05708722
  1.300000     -0.05735490
  1.400000     -0.05766975
  1.500000     -0.05821715
  1.600000     -0.05832487
  1.700000     -0.05842092
  1.800000     -0.05846247
  1.900000     -0.05855038
  2.000000     -0.05865800
  2.100000     -0.05858527
  2.200000     -0.05852089
  2.300000     -0.05842728
  2.400000     -0.05825936
  2.500000     -0.05802514
  2.600000     -0.05771962
  2.700000     -0.05734587
  2.800000     -0.05692090
  2.900000     -0.05643520
  3.000000     -0.05592193
  3.100000     -0.05549592
  3.200000     -0.05505425
  3.300000     -0.05437877
  3.400000     -0.05365121
  3.500000     -0.05289920
  3.600000     -0.05282511
  3.700000     -0.05201835
  3.800000     -0.05118188
  3.900000     -0.05031301
  4.000000     -0.04936113
  4.100000     -0.04834311
  4.200000     -0.04728992
  4.300000     -0.04666863
  4.400000     -0.04585624
  4.500000     -0.04476035
  4.600000     -0.04367031
  4.700000     -0.04308763
  4.800000     -0.04226576
  4.900000     -0.04119221
  5.000000     -0.04015942
  5.100000     -0.03916992
  5.200000     -0.03818424
  5.300000     -0.03677373
  5.400000     -0.03595741
  5.500000     -0.03521298
  5.600000     -0.03453549
  5.700000     -0.03390558
  5.800000     -0.03313889
  5.900000     -0.03269963
  6.000000     -0.03234180
  6.100000     -0.03204840
  6.200000     -0.03183106
  6.300000     -0.03175843
  6.400000     -0.03178961
  6.500000     -0.03193349
  6.600000     -0.03255750
  6.700000     -0.03298753
  6.800000     -0.03348450
  6.900000     -0.03408652
  7.000000     -0.03478699
  7.100000     -0.03566463
  7.200000     -0.03678814
  7.300000     -0.03776481
  7.400000     -0.03882315
  7.500000     -0.03996325
  7.600000     -0.04118158
  7.700000     -0.04247664
  7.800000     -0.04384351
  7.900000     -0.04574031
  8.000000     -0.04724158
  8.100000     -0.04880852
  8.200000     -0.05043653
  8.300000     -0.05212250
  8.400000     -0.05386523
  8.500000     -0.05568752
  8.600000     -0.05761485
  8.700000     -0.06036963
  8.800000     -0.06234159
  8.900000     -0.06434125
  9.000000     -0.06636287
  9.100000     -0.06840509
  9.200000     -0.07045800
  9.300000     -0.07251847
  9.400000     -0.07457692
  9.500000     -0.07663008
  9.600000     -0.07866907
  9.700000     -0.08113390
  9.800000     -0.08311541
  9.900000     -0.08506316
 10.000000     -0.08697306
 10.100000     -0.08883686
 10.200000     -0.09065329
 10.300000     -0.09241296
 10.400000     -0.09410845
 10.500000     -0.09572818
 10.600000     -0.09726321
 10.700000     -0.09870311
 10.800000     -0.10003868
 10.900000     -0.10125666
 11.000000     -0.10234435
 11.100000     -0.10328681
 11.200000     -0.10407093
 11.300000     -0.10468130
 11.400000     -0.10510191
 11.500000     -0.10531473
 11.600000     -0.10529948
 11.700000     -0.10503627
 11.800000     -0.10450456
 11.900000     -0.10368299
 12.000000     -0.10254367
 12.100000     -0.10106598
 12.200000     -0.09922470
 12.300000     -0.09699097
 12.400000     -0.09434340
 12.500000     -0.09125490
 12.600000     -0.08769547
 12.700000     -0.08363621
 12.800000     -0.07904958
 12.900000     -0.07390900
 13.000000     -0.06818650
 13.100000     -0.06185884
 13.200000     -0.05489798
 13.300000     -0.04727681
 13.400000     -0.03897721
 13.500000     -0.02997816
 13.600000     -0.02025948
 13.700000     -0.00980248
 13.800000      0.00140344
 13.900000      0.01336666
 14.000000      0.02609525
 14.100000      0.03959770
 14.200000      0.05387031
 14.300000      0.06891979
 14.400000      0.08473770
 14.500000      0.10131674
 14.600000      0.11864109
 14.700000      0.13670329
 14.800000      0.15548087
 14.900000      0.17495354
 15.000000      0.19510146
 15.100000      0.21589313
 15.200000      0.23729723
 15.300000      0.25928012
 15.400000      0.28180223
 15.500000      0.30482281
 15.600000      0.32829833
 15.700000      0.35218235
 15.800000      0.37642983
 15.900000      0.40098630
 16.000000      0.42579963
 16.100000      0.45081547
 16.200000      0.47597770
 16.300000      0.50123065
 16.400000      0.52651531
 16.500000      0.55177223
 16.600000      0.57694399
 16.700000      0.60196701
 16.800000      0.62678088
 16.900000      0.65132251
 17.000000      0.67553494
 17.100000      0.69935280
 17.200000      0.72271361
 17.300000      0.74554808
 17.400000      0.76779745
 17.500000      0.78939768
 17.600000      0.81028487
 17.700000      0.83039300
 17.800000      0.84965790
 17.900000      0.86801620
 18.000000      0.88540715
 18.100000      0.90177401
 18.200000      0.91705785
 18.300000      0.93120750
 18.400000      0.94416992
 18.500000      0.95589224
 18.600000      0.96632551
 18.700000      0.97542379
 18.800000      0.98315756
 18.900000      0.98948428
 19.000000      0.99437078
 19.100000      0.99777000
 19.200000      0.99966078
 19.300000      1.00000000
 19.400000      0.99875291
 19.500000      0.99591308
 19.600000      0.99148646
 19.700000      0.98544783
 19.800000      0.97779908
 19.900000      0.96853213
 20.000000      0.95764451
 20.100000      0.94515483
 20.200000      0.93107742
 20.300000      0.91543889
 20.400000      0.89826303
 20.500000      0.87958030
 20.600000      0.85943301
 20.700000      0.83786396
 20.800000      0.81492881
 20.900000      0.79068042
 21.000000      0.76517632
 21.100000      0.73847892
 21.200000      0.71065756
 21.300000      0.68177995
 21.400000      0.65192017
 21.500000      0.62115924
 21.600000      0.58957795
 21.700000      0.55725790
 21.800000      0.52428420
 21.900000      0.49074643
 22.000000      0.45672616
 22.100000      0.42231014
 22.200000      0.38758239
 22.300000      0.35262846
 22.400000      0.31752884
 22.500000      0.28236552
 22.600000      0.24721561
 22.700000      0.21216025
 22.800000      0.17727449
 22.900000      0.14263568
 23.000000      0.10831427
 23.100000      0.07438049
 23.200000      0.04089741
 23.300000      0.00793122
 23.400000     -0.02446166
 23.500000     -0.05622591
 23.600000     -0.08730292
 23.700000     -0.11764334
 23.800000     -0.14720419
 23.900000     -0.17594552
 24.000000     -0.20383188
 24.100000     -0.23082013
 24.200000     -0.25689437
 24.300000     -0.28202075
 24.400000     -0.30618592
 24.500000     -0.32937066
 24.600000     -0.35157715
 24.700000     -0.37279260
 24.800000     -0.39302568
 24.900000     -0.41228210
 25.000000     -0.43056428
 25.100000     -0.44788280
 25.200000     -0.46424907
 25.300000     -0.47967686
 25.400000     -0.49419144
 25.500000     -0.50780531
 25.600000     -0.52053663
 25.700000     -0.53240273
 25.800000     -0.54341731
 25.900000     -0.55360690
 26.000000     -0.56298782
 26.100000     -0.57157529
 26.200000     -0.57938987
 26.300000     -0.58644653
 26.400000     -0.59276914
 26.500000     -0.59836090
 26.600000     -0.60323890
 26.700000     -0.60741484
 26.800000     -0.61090305
 26.900000     -0.61370580
 27.000000     -0.61583710
 27.100000     -0.61730896
 27.200000     -0.61812880
 27.300000     -0.61830712
 27.400000     -0.61784626
 27.500000     -0.61676729
 27.600000     -0.61507991
 27.700000     -0.61279044
 27.800000     -0.60991187
 27.900000     -0.60645787
 28.000000     -0.60244135
 28.100000     -0.59788061
 28.200000     -0.59277908
 28.300000     -0.58715649
 28.400000     -0.58102813
 28.500000     -0.57441225
 28.600000     -0.56732474
 28.700000     -0.55978269
 28.800000     -0.55181013
 28.900000     -0.54342529
 29.000000     -0.53464790
 29.100000     -0.52550192
 29.200000     -0.51600764
 29.300000     -0.50618473
 29.400000     -0.49605817
 29.500000     -0.48566278
 29.600000     -0.47502392
 29.700000     -0.46416853
 29.800000     -0.45312616
 29.900000     -0.44192173
 30.000000     -0.43058432
 30.100000     -0.41913783
 30.200000     -0.40761099
 30.300000     -0.39603463
 30.400000     -0.38443050
 30.500000     -0.37282353
 30.600000     -0.36124375
 30.700000     -0.34971151
 30.800000     -0.33824894
 30.900000     -0.32688373
 31.000000     -0.31563660
 31.100000     -0.30452479
 31.200000     -0.29319239
 31.300000     -0.28230103
 31.400000     -0.27118380
 31.500000     -0.26057780
 31.600000     -0.25046685
 31.700000     -0.24059185
 31.800000     -0.23095855
 31.900000     -0.22158126
 32.000000     -0.21246518
 32.100000     -0.20362250
 32.200000     -0.19433052
 32.300000     -0.18596573
 32.400000     -0.17702564
 32.500000     -0.16923350
 32.600000     -0.16068571
 32.700000     -0.15399298
 32.800000     -0.14895503
 32.900000     -0.14258284
 33.000000     -0.13646871
 33.100000     -0.13058934
 33.200000     -0.12398847
 33.300000     -0.11803883
 33.400000     -0.11155401
 33.500000     -0.10508405
 33.600000     -0.10014725
 33.700000     -0.09534806
 33.800000     -0.09071543
 33.900000     -0.08624491
 34.000000     -0.08189202
 34.100000     -0.07724917
 34.200000     -0.07278533
 34.300000     -0.06890528
 34.400000     -0.06511967
 34.500000     -0.06145212
 34.600000     -0.05776024
 34.700000     -0.05032189
 34.800000     -0.04652754
 34.900000     -0.04242723
 35.000000     -0.03853435
 35.100000     -0.03559509
 35.200000     -0.03277577
 35.300000     -0.03018653
 35.400000     -0.02671431
 35.500000     -0.02452191
 35.600000     -0.02247292
 35.700000     -0.02419781
 35.800000     -0.02245089
 35.900000     -0.02086982
 36.000000     -0.01942571
 36.100000     -0.01810589
 36.200000     -0.01588391
 36.300000     -0.01367978
 36.400000     -0.01283998
 36.500000     -0.01211326
 36.600000     -0.01146050
 36.700000     -0.01090180
 36.800000     -0.01107467
 36.900000     -0.01297713
 37.000000     -0.01331210
 37.100000     -0.01361091
 37.200000     -0.01450100
 37.300000     -0.01557399
 37.400000     -0.01564420
 37.500000     -0.01363599
 37.600000     -0.01386736
 37.700000     -0.01474521
 37.800000     -0.01631366
 37.900000     -0.01867457
 38.000000     -0.02092964
 38.100000     -0.02795612
 38.200000     -0.03448300
 38.300000     -0.03628461
 38.400000     -0.03727805
 38.500000     -0.03827579
 38.600000     -0.03910201
 38.700000     -0.04297974
 38.800000     -0.04413090
 38.900000     -0.04510489
 39.000000     -0.04629057
 39.100000     -0.04919162
 39.200000     -0.05028198
 39.300000     -0.05130815
 39.400000     -0.05229155
 39.500000     -0.05244044
 39.600000     -0.05584196
 39.700000     -0.05797639
 39.800000     -0.06048532
 39.900000     -0.06162794
