  0.000000      0.02423536
  0.100000      0.02451621
  0.200000      0.02483750
  0.300000      0.02518122
  0.400000      0.02556078
  0.500000      0.02600795
  0.600000      0.02652488
  0.700000      0.02703932
  0.800000      0.02747242
  0.900000      0.02788419
  1.000000      0.02836614
  1.100000      0.02889410
  1.200000      0.02943463
  1.300000      0.02998265
  1.400000      0.03046809
  1.500000      0.03075596
  1.600000      0.03091516
  1.700000      0.03092700
  1.800000      0.03081652
  1.900000      0.03066468
  2.000000      0.03052325
  2.100000      0.03049883
  2.200000      0.03059853
  2.300000      0.03082967
  2.400000      0.03117413
  2.500000      0.03165614
  2.600000      0.03233124
  2.700000      0.03321919
  2.800000      0.03438492
  2.900000      0.03580923
  3.000000      0.03757058
  3.100000      0.03956404
  3.200000      0.04165529
  3.300000      0.04383255
  3.400000      0.04592442
  3.500000      0.04782828
  3.600000      0.04930416
  3.700000      0.05013010
  3.800000      0.05037341
  3.900000      0.05023747
  4.000000      0.04987621
  4.100000      0.04955573
  4.200000      0.04940904
  4.300000      0.04953672
  4.400000      0.04996828
  4.500000      0.05064520
  4.600000      0.05150359
  4.700000      0.05242940
  4.800000      0.05334556
  4.900000      0.05422445
  5.000000      0.05517377
  5.100000      0.05628979
  5.200000      0.05746782
  5.300000      0.05869894
  5.400000      0.06000010
  5.500000      0.06138194
  5.600000      0.06283813
  5.700000      0.06434158
  5.800000      0.06589974
  5.900000      0.06765183
  6.000000      0.06961742
  6.100000      0.07178815
  6.200000      0.07408337
  6.300000      0.07639001
  6.400000      0.07845497
  6.500000      0.08010538
  6.600000      0.08119430
  6.700000      0.08175579
  6.800000      0.08193599
  6.900000      0.08204349
  7.000000      0.08215595
  7.100000      0.08244380
  7.200000      0.08294522
  7.300000      0.08346458
  7.400000      0.08401196
  7.500000      0.08432737
  7.600000      0.08439244
  7.700000      0.08418297
  7.800000      0.08378222
  7.900000      0.08327503
  8.000000      0.08287713
  8.100000      0.08259993
  8.200000      0.08266080
  8.300000      0.08313075
  8.400000      0.08387733
  8.500000      0.08494276
  8.600000      0.08627943
  8.700000      0.08770208
  8.800000      0.08906718
  8.900000      0.09037690
  9.000000      0.09153517
  9.100000      0.09248869
  9.200000      0.09326109
  9.300000      0.09391035
  9.400000      0.09453726
  9.500000      0.09513543
  9.600000      0.09579593
  9.700000      0.09659414
  9.800000      0.09748729
  9.900000      0.09851865
 10.000000      0.09955308
 10.100000      0.10051599
 10.200000      0.10126023
 10.300000      0.10182113
 10.400000      0.10215350
 10.500000      0.10224922
 10.600000      0.10224961
 10.700000      0.10218643
 10.800000      0.10212637
 10.900000      0.10216819
 11.000000      0.10236384
 11.100000      0.10272822
 11.200000      0.10302509
 11.300000      0.10315635
 11.400000      0.10318855
 11.500000      0.10310550
 11.600000      0.10297720
 11.700000      0.10262919
 11.800000      0.10224096
 11.900000      0.10197382
 12.000000      0.10185551
 12.100000      0.10182822
 12.200000      0.10190430
 12.300000      0.10201388
 12.400000      0.10224020
 12.500000      0.10247444
 12.600000      0.10267942
 12.700000      0.10288232
 12.800000      0.10301817
 12.900000      0.10317971
 13.000000      0.10325070
 13.100000      0.10313823
 13.200000      0.10283226
 13.300000      0.10232141
 13.400000      0.10177359
 13.500000      0.10141112
 13.600000      0.10142921
 13.700000      0.10201188
 13.800000      0.10334178
 13.900000      0.10556534
 14.000000      0.10877326
 14.100000      0.11309037
 14.200000      0.11843388
 14.300000      0.12449841
 14.400000      0.13117609
 14.500000      0.13835108
 14.600000      0.14584274
 14.700000      0.15378106
 14.800000      0.16215520
 14.900000      0.17106723
 15.000000      0.18069160
 15.100000      0.19110234
 15.200000      0.20228656
 15.300000      0.21436116
 15.400000      0.22726361
 15.500000      0.24061591
 15.600000      0.25409067
 15.700000      0.26865947
 15.800000      0.28494340
 15.900000      0.30275439
 16.000000      0.32223751
 16.100000      0.34314043
 16.200000      0.36274864
 16.300000      0.38458491
 16.400000      0.40673913
 16.500000      0.42977111
 16.600000      0.45325883
 16.700000      0.47835214
 16.800000      0.50382349
 16.900000      0.52938898
 17.000000      0.55435552
 17.100000      0.57952747
 17.200000      0.60522847
 17.300000      0.63207357
 17.400000      0.65922672
 17.500000      0.68747108
 17.600000      0.71480469
 17.700000      0.74268298
 17.800000      0.76930739
 17.900000      0.79381495
 18.000000      0.81682336
 18.100000      0.83933580
 18.200000      0.86071755
 18.300000      0.88018400
 18.400000      0.89860835
 18.500000      0.91528165
 18.600000      0.92962722
 18.700000      0.94239572
 18.800000      0.95465874
 18.900000      0.96555800
 19.000000      0.97387565
 19.100000      0.98160963
 19.200000      0.98829092
 19.300000      0.99398618
 19.400000      0.99646411
 19.500000      0.99866765
 19.600000      1.00000000
 19.700000      0.99992390
 19.800000      0.99569928
 19.900000      0.98860914
 20.000000      0.97880760
 20.100000      0.96774455
 20.200000      0.95439890
 20.300000      0.93774408
 20.400000      0.91903898
 20.500000      0.90077068
 20.600000      0.88294624
 20.700000      0.86515884
 20.800000      0.84826133
 20.900000      0.83395844
 21.000000      0.81901716
 21.100000      0.79973947
 21.200000      0.76941550
 21.300000      0.72667757
 21.400000      0.67507490
 21.500000      0.62131065
 21.600000      0.56580387
 21.700000      0.51026898
 21.800000      0.45706051
 21.900000      0.40681129
 22.000000      0.35869125
 22.100000      0.30923290
 22.200000      0.25739010
 22.300000      0.20028611
 22.400000      0.14068835
 22.500000      0.07930455
 22.600000      0.01854289
 22.700000     -0.03951082
 22.800000     -0.09447526
 22.900000     -0.14334823
 23.000000     -0.19020552
 23.100000     -0.23546466
 23.200000     -0.28172521
 23.300000     -0.32487744
 23.400000     -0.36746562
 23.500000     -0.40738399
 23.600000     -0.44296612
 23.700000     -0.47098101
 23.800000     -0.49358272
 23.900000     -0.51541158
 24.000000     -0.53499845
 24.100000     -0.55091197
 24.200000     -0.56273798
 24.300000     -0.57615866
 24.400000     -0.58870004
 24.500000     -0.60149771
 24.600000     -0.61142626
 24.700000     -0.62068701
 24.800000     -0.62844983
 24.900000     -0.63596704
 25.000000     -0.64209970
 25.100000     -0.64882614
 25.200000     -0.65646549
 25.300000     -0.66426586
 25.400000     -0.67059741
 25.500000     -0.67436983
 25.600000     -0.67640334
 25.700000     -0.67580832
 25.800000     -0.67567358
 25.900000     -0.67519648
 26.000000     -0.67467155
 26.100000     -0.67271571
 26.200000     -0.67046636
 26.300000     -0.66608422
 26.400000     -0.66080835
 26.500000     -0.65553417
 26.600000     -0.65075517
 26.700000     -0.64579232
 26.800000     -0.64082877
 26.900000     -0.63509606
 27.000000     -0.62873453
 27.100000     -0.62189374
 27.200000     -0.61435382
 27.300000     -0.60635811
 27.400000     -0.59828464
 27.500000     -0.59016941
 27.600000     -0.58231372
 27.700000     -0.57495906
 27.800000     -0.56827088
 27.900000     -0.56233023
 28.000000     -0.55716492
 28.100000     -0.55249829
 28.200000     -0.54822272
 28.300000     -0.54419976
 28.400000     -0.54022975
 28.500000     -0.53642256
 28.600000     -0.53239541
 28.700000     -0.52854335
 28.800000     -0.52472379
 28.900000     -0.52094148
 29.000000     -0.51723789
 29.100000     -0.51363892
 29.200000     -0.50997765
 29.300000     -0.50630375
 29.400000     -0.50252342
 29.500000     -0.49849852
 29.600000     -0.49416381
 29.700000     -0.48933917
 29.800000     -0.48407404
 29.900000     -0.47832815
 30.000000     -0.47206396
 30.100000     -0.46543116
 30.200000     -0.45854867
 30.300000     -0.45180709
 30.400000     -0.44555567
 30.500000     -0.43986562
 30.600000     -0.43500788
 30.700000     -0.43134562
 30.800000     -0.42849889
 30.900000     -0.42617080
 31.000000     -0.42425326
 31.100000     -0.42209896
 31.200000     -0.41964015
 31.300000     -0.41683814
 31.400000     -0.41360419
 31.500000     -0.41008562
 31.600000     -0.40628800
 31.700000     -0.40237474
 31.800000     -0.39856878
 31.900000     -0.39497652
 32.000000     -0.39148367
 32.100000     -0.38832969
 32.200000     -0.38547617
 32.300000     -0.38266212
 32.400000     -0.37991815
 32.500000     -0.37707144
 32.600000     -0.37415113
 32.700000     -0.37133860
 32.800000     -0.36847849
 32.900000     -0.36560278
 33.000000     -0.36275005
 33.100000     -0.36000318
 33.200000     -0.35744109
 33.300000     -0.35495907
 33.400000     -0.35249884
 33.500000     -0.35001529
 33.600000     -0.34752216
 33.700000     -0.34512773
 33.800000     -0.34272327
 33.900000     -0.34032029
 34.000000     -0.33804008
 34.100000     -0.33593415
 34.200000     -0.33401298
 34.300000     -0.33206576
 34.400000     -0.32993693
 34.500000     -0.32773436
 34.600000     -0.32563619
 34.700000     -0.32325160
 34.800000     -0.32078259
 34.900000     -0.31830764
 35.000000     -0.31601480
 35.100000     -0.31362869
 35.200000     -0.31134732
 35.300000     -0.30910760
 35.400000     -0.30677937
 35.500000     -0.30445860
 35.600000     -0.30219371
 35.700000     -0.29992822
 35.800000     -0.29754731
 35.900000     -0.29533882
 36.000000     -0.29312529
 36.100000     -0.29058483
 36.200000     -0.28768238
 36.300000     -0.28433892
 36.400000     -0.28047324
 36.500000     -0.27627709
 36.600000     -0.27216395
 36.700000     -0.26776222
 36.800000     -0.26339415
 36.900000     -0.25926660
 37.000000     -0.25519748
 37.100000     -0.25119722
 37.200000     -0.24724353
 37.300000     -0.24336122
 37.400000     -0.23953885
 37.500000     -0.23585831
 37.600000     -0.23217777
 37.700000     -0.22834124
 37.800000     -0.22447586
 37.900000     -0.22054285
 38.000000     -0.21639388
 38.100000     -0.21203323
 38.200000     -0.20750860
 38.300000     -0.20282572
 38.400000     -0.19811229
 38.500000     -0.19387303
 38.600000     -0.19085816
 38.700000     -0.18783827
 38.800000     -0.18476817
 38.900000     -0.18171597
 39.000000     -0.17858476
 39.100000     -0.17538540
 39.200000     -0.17194000
 39.300000     -0.16837973
 39.400000     -0.16479097
 39.500000     -0.16110353
 39.600000     -0.15725543
 39.700000     -0.15329158
 39.800000     -0.14946130
 39.900000     -0.14541262
