  0.000000      0.02017285
  0.100000      0.02112557
  0.200000      0.02250354
  0.300000      0.02387790
  0.400000      0.02477433
  0.500000      0.02513833
  0.600000      0.02499721
  0.700000      0.02435787
  0.800000      0.02360129
  0.900000      0.02275714
  1.000000      0.02194031
  1.100000      0.02093806
  1.200000      0.02017036
  1.300000      0.02033795
  1.400000      0.02016394
  1.500000      0.01892979
  1.600000      0.01716382
  1.700000      0.01520253
  1.800000      0.01376750
  1.900000      0.01300826
  2.000000      0.01214091
  2.100000      0.01124418
  2.200000      0.01041310
  2.300000      0.00990045
  2.400000      0.00928725
  2.500000      0.00946605
  2.600000      0.01068873
  2.700000      0.01283248
  2.800000      0.01484872
  2.900000      0.01572622
  3.000000      0.01487822
  3.100000      0.01223827
  3.200000      0.00807882
  3.300000      0.00311604
  3.400000     -0.00171311
  3.500000     -0.00565867
  3.600000     -0.00821961
  3.700000     -0.00938364
  3.800000     -0.00973418
  3.900000     -0.00997058
  4.000000     -0.01073375
  4.100000     -0.01214305
  4.200000     -0.01365378
  4.300000     -0.01390776
  4.400000     -0.01312612
  4.500000     -0.01190059
  4.600000     -0.01022485
  4.700000     -0.00907760
  4.800000     -0.00928532
  4.900000     -0.01019661
  5.000000     -0.01218267
  5.100000     -0.01453091
  5.200000     -0.01709186
  5.300000     -0.02013263
  5.400000     -0.02277351
  5.500000     -0.02521991
  5.600000     -0.02760888
  5.700000     -0.02983356
  5.800000     -0.03206859
  5.900000     -0.03364274
  6.000000     -0.03485863
  6.100000     -0.03532930
  6.200000     -0.03474710
  6.300000     -0.03284901
  6.400000     -0.02953420
  6.500000     -0.02573797
  6.600000     -0.02199681
  6.700000     -0.01762354
  6.800000     -0.01281269
  6.900000     -0.00789297
  7.000000     -0.00283204
  7.100000      0.00276444
  7.200000      0.00867374
  7.300000      0.01444485
  7.400000      0.01982271
  7.500000      0.02452238
  7.600000      0.02739834
  7.700000      0.02927514
  7.800000      0.03067278
  7.900000      0.03197589
  8.000000      0.03397259
  8.100000      0.03689347
  8.200000      0.03961265
  8.300000      0.04189302
  8.400000      0.04333118
  8.500000      0.04406026
  8.600000      0.04458153
  8.700000      0.04541455
  8.800000      0.04630337
  8.900000      0.04718622
  9.000000      0.04700378
  9.100000      0.04640889
  9.200000      0.04488387
  9.300000      0.04168992
  9.400000      0.03735862
  9.500000      0.03191913
  9.600000      0.02579893
  9.700000      0.01898203
  9.800000      0.01270479
  9.900000      0.00704569
 10.000000      0.00090712
 10.100000     -0.00552551
 10.200000     -0.01273972
 10.300000     -0.02087978
 10.400000     -0.03003254
 10.500000     -0.03992204
 10.600000     -0.04954078
 10.700000     -0.05853389
 10.800000     -0.06660317
 10.900000     -0.07232838
 11.000000     -0.07650790
 11.100000     -0.07811782
 11.200000     -0.07712992
 11.300000     -0.07400860
 11.400000     -0.06939158
 11.500000     -0.06454553
 11.600000     -0.05904500
 11.700000     -0.05339737
 11.800000     -0.04789216
 11.900000     -0.04296430
 12.000000     -0.03809645
 12.100000     -0.03439494
 12.200000     -0.03167541
 12.300000     -0.03022152
 12.400000     -0.02899808
 12.500000     -0.02777355
 12.600000     -0.02689667
 12.700000     -0.02623379
 12.800000     -0.02602413
 12.900000     -0.02636567
 13.000000     -0.02725849
 13.100000     -0.02900222
 13.200000     -0.03116737
 13.300000     -0.03321092
 13.400000     -0.03504494
 13.500000     -0.03593690
 13.600000     -0.03629953
 13.700000     -0.03544906
 13.800000     -0.03456314
 13.900000     -0.03301059
 14.000000     -0.03071083
 14.100000     -0.02745479
 14.200000     -0.02432137
 14.300000     -0.02095806
 14.400000     -0.01751880
 14.500000     -0.01283455
 14.600000     -0.00744731
 14.700000     -0.00104981
 14.800000      0.00703895
 14.900000      0.01525472
 15.000000      0.02391355
 15.100000      0.03356643
 15.200000      0.04506776
 15.300000      0.05935313
 15.400000      0.07745520
 15.500000      0.09969167
 15.600000      0.12690055
 15.700000      0.15820970
 15.800000      0.19435523
 15.900000      0.23442965
 16.000000      0.27950927
 16.100000      0.32872047
 16.200000      0.38204373
 16.300000      0.43875521
 16.400000      0.49778049
 16.500000      0.55878059
 16.600000      0.61956846
 16.700000      0.67981770
 16.800000      0.73692972
 16.900000      0.79055987
 17.000000      0.84043151
 17.100000      0.88590223
 17.200000      0.92563554
 17.300000      0.95845494
 17.400000      0.98398711
 17.500000      0.99719623
 17.600000      1.00000000
 17.700000      0.99092080
 17.800000      0.97558016
 17.900000      0.95455813
 18.000000      0.92940378
 18.100000      0.89879946
 18.200000      0.86427885
 18.300000      0.82596096
 18.400000      0.78317273
 18.500000      0.73558907
 18.600000      0.68084344
 18.700000      0.62022216
 18.800000      0.55582829
 18.900000      0.48703291
 19.000000      0.41392985
 19.100000      0.33920813
 19.200000      0.26481517
 19.300000      0.19235141
 19.400000      0.12422637
 19.500000      0.06150023
 19.600000      0.00591024
 19.700000     -0.04336205
 19.800000     -0.08639862
 19.900000     -0.12474559
 20.000000     -0.15981610
 20.100000     -0.19174878
 20.200000     -0.22132554
 20.300000     -0.24711375
 20.400000     -0.26964001
 20.500000     -0.28908915
 20.600000     -0.30597948
 20.700000     -0.32031537
 20.800000     -0.33271383
 20.900000     -0.34396966
 21.000000     -0.35194490
 21.100000     -0.35753719
 21.200000     -0.35873629
 21.300000     -0.35410901
 21.400000     -0.34411234
 21.500000     -0.33193779
 21.600000     -0.31886415
 21.700000     -0.30627442
 21.800000     -0.29402486
 21.900000     -0.28255343
 22.000000     -0.27250448
 22.100000     -0.26122195
 22.200000     -0.24948769
 22.300000     -0.23700723
 22.400000     -0.22519096
 22.500000     -0.21663066
 22.600000     -0.21054567
 22.700000     -0.20724271
 22.800000     -0.20694580
 22.900000     -0.20816956
 23.000000     -0.20966059
 23.100000     -0.20968959
 23.200000     -0.20828484
 23.300000     -0.20637376
 23.400000     -0.20369941
 23.500000     -0.20100032
 23.600000     -0.19704229
 23.700000     -0.19463834
 23.800000     -0.19328088
 23.900000     -0.19129511
 24.000000     -0.18821488
 24.100000     -0.18313054
 24.200000     -0.17546130
 24.300000     -0.16637960
 24.400000     -0.15694261
 24.500000     -0.14739055
 24.600000     -0.13690207
 24.700000     -0.12573976
 24.800000     -0.11412924
 24.900000     -0.10286117
 25.000000     -0.09356701
 25.100000     -0.08717321
 25.200000     -0.08371004
 25.300000     -0.08202749
 25.400000     -0.08103247
 25.500000     -0.08163286
 25.600000     -0.08322849
 25.700000     -0.08611388
 25.800000     -0.08932003
 25.900000     -0.09292465
 26.000000     -0.09577662
 26.100000     -0.09871449
 26.200000     -0.10183794
 26.300000     -0.10562479
 26.400000     -0.11003987
 26.500000     -0.11559094
 26.600000     -0.12254746
 26.700000     -0.12924153
 26.800000     -0.13542749
 26.900000     -0.14082744
 27.000000     -0.14450363
 27.100000     -0.14665792
 27.200000     -0.14676049
 27.300000     -0.14482531
 27.400000     -0.14064602
 27.500000     -0.13501464
 27.600000     -0.12818979
 27.700000     -0.12110747
 27.800000     -0.11376425
 27.900000     -0.10572269
 28.000000     -0.09730292
 28.100000     -0.08863585
 28.200000     -0.08109546
 28.300000     -0.07614867
 28.400000     -0.07374491
 28.500000     -0.07401822
 28.600000     -0.07634810
 28.700000     -0.08090264
 28.800000     -0.08585910
 28.900000     -0.09104138
 29.000000     -0.09589506
 29.100000     -0.09912893
 29.200000     -0.10150375
 29.300000     -0.10314401
 29.400000     -0.10314979
 29.500000     -0.10290113
 29.600000     -0.10331658
 29.700000     -0.10432228
 29.800000     -0.10581384
 29.900000     -0.10840213
 30.000000     -0.11145936
 30.100000     -0.11393269
 30.200000     -0.11620862
 30.300000     -0.11797158
 30.400000     -0.11906207
 30.500000     -0.11940709
 30.600000     -0.11854972
 30.700000     -0.11628427
 30.800000     -0.11212932
 30.900000     -0.10621528
 31.000000     -0.09926899
 31.100000     -0.09193822
 31.200000     -0.08456784
 31.300000     -0.07848476
 31.400000     -0.07428638
 31.500000     -0.07106582
 31.600000     -0.06930723
 31.700000     -0.06813826
 31.800000     -0.06857064
 31.900000     -0.07031671
 32.000000     -0.07356530
 32.100000     -0.07770931
 32.200000     -0.08255644
 32.300000     -0.08720794
 32.400000     -0.09082132
 32.500000     -0.09317170
 32.600000     -0.09381610
 32.700000     -0.09351796
 32.800000     -0.09182359
 32.900000     -0.08980463
 33.000000     -0.08733342
 33.100000     -0.08483230
 33.200000     -0.08257663
 33.300000     -0.08126917
 33.400000     -0.07955825
 33.500000     -0.07677282
 33.600000     -0.07399030
 33.700000     -0.07146358
 33.800000     -0.06979060
 33.900000     -0.06859287
 34.000000     -0.06905213
 34.100000     -0.07131722
 34.200000     -0.07501717
 34.300000     -0.07923479
 34.400000     -0.08357063
 34.500000     -0.08636045
 34.600000     -0.08833354
 34.700000     -0.08943860
 34.800000     -0.08965228
 34.900000     -0.08865801
 35.000000     -0.08715380
 35.100000     -0.08475489
 35.200000     -0.08142208
 35.300000     -0.07691028
 35.400000     -0.07192026
 35.500000     -0.06654298
 35.600000     -0.06095680
 35.700000     -0.05539982
 35.800000     -0.05108802
 35.900000     -0.04824269
 36.000000     -0.04719423
 36.100000     -0.04761855
 36.200000     -0.04885078
 36.300000     -0.04963708
 36.400000     -0.04966883
 36.500000     -0.04949433
 36.600000     -0.05027180
 36.700000     -0.05263025
 36.800000     -0.05521551
 36.900000     -0.05784279
 37.000000     -0.06037209
 37.100000     -0.06245765
 37.200000     -0.06422965
 37.300000     -0.06620849
 37.400000     -0.06844117
 37.500000     -0.07136985
 37.600000     -0.07498294
 37.700000     -0.07853762
 37.800000     -0.08122790
 37.900000     -0.08270439
 38.000000     -0.08320724
 38.100000     -0.08219291
 38.200000     -0.07969916
 38.300000     -0.07627766
 38.400000     -0.07305053
 38.500000     -0.06991205
 38.600000     -0.06613416
 38.700000     -0.06193146
 38.800000     -0.05715618
 38.900000     -0.05218440
 39.000000     -0.04750585
 39.100000     -0.04334356
 39.200000     -0.03949153
 39.300000     -0.03626343
 39.400000     -0.03399306
 39.500000     -0.03242949
 39.600000     -0.03179073
 39.700000     -0.03185818
 39.800000     -0.03291240
 39.900000     -0.03458062
