  0.000000      0.01090017
  0.100000      0.01247142
  0.200000      0.01377036
  0.300000      0.01469033
  0.400000      0.01525324
  0.500000      0.01508812
  0.600000      0.01485144
  0.700000      0.01593055
  0.800000      0.01598659
  0.900000      0.01511055
  1.000000      0.01359009
  1.100000      0.00935251
  1.200000      0.00368975
  1.300000     -0.00181971
  1.400000     -0.00522048
  1.500000     -0.00834938
  1.600000     -0.01434110
  1.700000     -0.01897002
  1.800000     -0.02453506
  1.900000     -0.03183786
  2.000000     -0.03785175
  2.100000     -0.04268751
  2.200000     -0.05006220
  2.300000     -0.05829147
  2.400000     -0.06244523
  2.500000     -0.06458671
  2.600000     -0.06417702
  2.700000     -0.06399597
  2.800000     -0.06163640
  2.900000     -0.05574397
  3.000000     -0.04655875
  3.100000     -0.03200396
  3.200000     -0.01604882
  3.300000      0.00081462
  3.400000      0.02008553
  3.500000      0.04476033
  3.600000      0.07642150
  3.700000      0.11191869
  3.800000      0.15379695
  3.900000      0.19541752
  4.000000      0.24169407
  4.100000      0.29521289
  4.200000      0.35487849
  4.300000      0.41410224
  4.400000      0.47605593
  4.500000      0.54394276
  4.600000      0.60902086
  4.700000      0.67160735
  4.800000      0.73300089
  4.900000      0.78834197
  5.000000      0.84091095
  5.100000      0.88629224
  5.200000      0.92302453
  5.300000      0.95167352
  5.400000      0.97467919
  5.500000      0.99130606
  5.600000      1.00000000
  5.700000      0.99733111
  5.800000      0.98716103
  5.900000      0.97010993
  6.000000      0.94658965
  6.100000      0.91357886
  6.200000      0.87516628
  6.300000      0.83187113
  6.400000      0.78064608
  6.500000      0.72456680
  6.600000      0.66283179
  6.700000      0.59467782
  6.800000      0.52382063
  6.900000      0.45437546
  7.000000      0.38493422
  7.100000      0.31240222
  7.200000      0.23964150
  7.300000      0.16738191
  7.400000      0.09754940
  7.500000      0.03221794
  7.600000     -0.02806740
  7.700000     -0.08616621
  7.800000     -0.14124131
  7.900000     -0.18793490
  8.000000     -0.23134649
  8.100000     -0.27009967
  8.200000     -0.30490391
  8.300000     -0.33632285
  8.400000     -0.36481156
  8.500000     -0.39425070
  8.600000     -0.41860900
  8.700000     -0.43860775
  8.800000     -0.45649021
  8.900000     -0.47412018
  9.000000     -0.48624861
  9.100000     -0.48991768
  9.200000     -0.49304309
  9.300000     -0.49288058
  9.400000     -0.48872116
  9.500000     -0.47931845
  9.600000     -0.47227449
  9.700000     -0.46604109
  9.800000     -0.45911647
  9.900000     -0.45166305
 10.000000     -0.43976347
 10.100000     -0.42782877
 10.200000     -0.42201021
 10.300000     -0.41396524
 10.400000     -0.40250312
 10.500000     -0.39108756
 10.600000     -0.38012142
 10.700000     -0.37136965
 10.800000     -0.36115620
 10.900000     -0.34957142
 11.000000     -0.34126768
 11.100000     -0.33626263
 11.200000     -0.33308988
 11.300000     -0.32706538
 11.400000     -0.31734921
 11.500000     -0.30993249
 11.600000     -0.30397689
 11.700000     -0.29953757
 11.800000     -0.29411815
 11.900000     -0.28928674
 12.000000     -0.28462312
 12.100000     -0.27895170
 12.200000     -0.27282374
 12.300000     -0.26444512
 12.400000     -0.25373758
 12.500000     -0.24221506
 12.600000     -0.23260819
 12.700000     -0.22782153
 12.800000     -0.21984389
 12.900000     -0.21084906
 13.000000     -0.20235376
 13.100000     -0.19415113
 13.200000     -0.18636351
 13.300000     -0.17771923
 13.400000     -0.17122181
 13.500000     -0.16445283
 13.600000     -0.15715156
 13.700000     -0.14998679
 13.800000     -0.14347419
 13.900000     -0.13674410
 14.000000     -0.13392748
 14.100000     -0.13040259
 14.200000     -0.12297553
 14.300000     -0.11832963
 14.400000     -0.11218405
 14.500000     -0.10435618
 14.600000     -0.09734228
 14.700000     -0.09253070
 14.800000     -0.08610720
 14.900000     -0.08105150
 15.000000     -0.08003983
 15.100000     -0.08008570
 15.200000     -0.07942116
 15.300000     -0.07886155
 15.400000     -0.07577248
 15.500000     -0.07334661
 15.600000     -0.07472234
 15.700000     -0.07296318
 15.800000     -0.07017444
 15.900000     -0.06757476
 16.000000     -0.06487970
 16.100000     -0.06582570
 16.200000     -0.06632474
 16.300000     -0.06666615
 16.400000     -0.06606569
 16.500000     -0.06552507
 16.600000     -0.06624588
 16.700000     -0.06505752
 16.800000     -0.06356374
 16.900000     -0.06431259
 17.000000     -0.06696797
 17.100000     -0.07121273
 17.200000     -0.07427981
 17.300000     -0.07517935
 17.400000     -0.07433571
 17.500000     -0.07637594
 17.600000     -0.07966892
 17.700000     -0.08249004
 17.800000     -0.08365579
 17.900000     -0.08544306
 18.000000     -0.08900313
 18.100000     -0.08998385
 18.200000     -0.09248580
 18.300000     -0.09390454
 18.400000     -0.09322338
 18.500000     -0.09443049
 18.600000     -0.09447276
 18.700000     -0.09500421
 18.800000     -0.09465889
 18.900000     -0.09384159
 19.000000     -0.09518424
 19.100000     -0.09567302
 19.200000     -0.09558852
 19.300000     -0.09463145
 19.400000     -0.09266413
 19.500000     -0.08989081
 19.600000     -0.08814362
 19.700000     -0.08526727
 19.800000     -0.08178136
 19.900000     -0.07936260
 20.000000     -0.07716286
 20.100000     -0.07450887
 20.200000     -0.07035202
 20.300000     -0.06611139
 20.400000     -0.06456556
 20.500000     -0.06404967
 20.600000     -0.06249604
 20.700000     -0.06139147
 20.800000     -0.06013430
 20.900000     -0.05885226
 21.000000     -0.05621922
 21.100000     -0.05461696
 21.200000     -0.05453648
 21.300000     -0.05317111
 21.400000     -0.05137809
 21.500000     -0.04818653
 21.600000     -0.04620233
 21.700000     -0.04375837
 21.800000     -0.04119359
 21.900000     -0.04041621
 22.000000     -0.03970883
 22.100000     -0.03949357
 22.200000     -0.04327661
 22.300000     -0.04597338
 22.400000     -0.04567428
 22.500000     -0.04514144
 22.600000     -0.04606591
 22.700000     -0.04491988
 22.800000     -0.04336839
 22.900000     -0.04083805
 23.000000     -0.03899889
 23.100000     -0.03996398
 23.200000     -0.04168620
 23.300000     -0.04248591
 23.400000     -0.04270759
 23.500000     -0.04498679
 23.600000     -0.04718111
 23.700000     -0.04780902
 23.800000     -0.04869646
 23.900000     -0.04863800
 24.000000     -0.04770502
 24.100000     -0.04725504
 24.200000     -0.04407270
 24.300000     -0.04212941
 24.400000     -0.04024689
 24.500000     -0.03709697
 24.600000     -0.03522331
 24.700000     -0.03279203
 24.800000     -0.03026918
 24.900000     -0.02798765
 25.000000     -0.02533696
 25.100000     -0.02353449
 25.200000     -0.02140348
 25.300000     -0.02144549
 25.400000     -0.02183245
 25.500000     -0.02393812
 25.600000     -0.02672593
 25.700000     -0.03073182
 25.800000     -0.03411355
 25.900000     -0.03745560
 26.000000     -0.04160569
 26.100000     -0.04649578
 26.200000     -0.04806895
 26.300000     -0.04927883
 26.400000     -0.05141260
 26.500000     -0.05181210
 26.600000     -0.05212801
 26.700000     -0.05565838
 26.800000     -0.05843364
 26.900000     -0.05895831
 27.000000     -0.06754669
 27.100000     -0.06776413
 27.200000     -0.06562792
 27.300000     -0.06496103
 27.400000     -0.06098363
 27.500000     -0.05747950
 27.600000     -0.05573959
 27.700000     -0.05414670
 27.800000     -0.05327236
 27.900000     -0.05197334
 28.000000     -0.05145582
 28.100000     -0.05176449
 28.200000     -0.05507652
 28.300000     -0.05762057
 28.400000     -0.06072244
 28.500000     -0.06561436
 28.600000     -0.06992237
 28.700000     -0.07536655
 28.800000     -0.08280261
 28.900000     -0.08982028
 29.000000     -0.09466974
 29.100000     -0.09932315
 29.200000     -0.10648616
 29.300000     -0.11370518
 29.400000     -0.11870642
 29.500000     -0.12241335
 29.600000     -0.12755327
 29.700000     -0.13384419
 29.800000     -0.13687626
 29.900000     -0.13848771
 30.000000     -0.13898026
 30.100000     -0.13670919
 30.200000     -0.13488452
 30.300000     -0.13341400
 30.400000     -0.12970052
 30.500000     -0.12309504
 30.600000     -0.11949263
 30.700000     -0.11728946
 30.800000     -0.11316565
 30.900000     -0.10857086
 31.000000     -0.10550871
 31.100000     -0.10329763
 31.200000     -0.10131697
 31.300000     -0.09916613
 31.400000     -0.09718266
 31.500000     -0.09940796
 31.600000     -0.10317780
 31.700000     -0.10631640
 31.800000     -0.10884838
 31.900000     -0.11179610
 32.000000     -0.11548048
 32.100000     -0.11982849
 32.200000     -0.12249282
 32.300000     -0.12659578
 32.400000     -0.13153972
 32.500000     -0.13583371
 32.600000     -0.13929661
 32.700000     -0.14323068
 32.800000     -0.14623303
 32.900000     -0.14799704
 33.000000     -0.15029942
 33.100000     -0.15305721
 33.200000     -0.15406289
 33.300000     -0.15395295
 33.400000     -0.15362812
 33.500000     -0.15345265
 33.600000     -0.15195330
 33.700000     -0.15180106
 33.800000     -0.15278449
 33.900000     -0.14981576
 34.000000     -0.14519657
 34.100000     -0.14525947
 34.200000     -0.14315523
 34.300000     -0.13763549
 34.400000     -0.13523297
 34.500000     -0.13089477
 34.600000     -0.12329879
 34.700000     -0.12051828
 34.800000     -0.11985092
 34.900000     -0.12209460
 35.000000     -0.12577386
 35.100000     -0.12995214
 35.200000     -0.13471741
 35.300000     -0.13911812
 35.400000     -0.14364503
 35.500000     -0.14992203
 35.600000     -0.15661216
 35.700000     -0.16138496
 35.800000     -0.16700703
 35.900000     -0.17425416
 36.000000     -0.17915081
 36.100000     -0.18434982
 36.200000     -0.18966857
 36.300000     -0.19376068
 36.400000     -0.19896748
 36.500000     -0.20296352
 36.600000     -0.20486506
 36.700000     -0.20740193
 36.800000     -0.20850019
 36.900000     -0.20837943
 37.000000     -0.20702631
 37.100000     -0.20728043
 37.200000     -0.20786072
 37.300000     -0.21244368
 37.400000     -0.21039218
 37.500000     -0.20859779
 37.600000     -0.21389278
 37.700000     -0.21929111
 37.800000     -0.22460482
 37.900000     -0.23042603
 38.000000     -0.23667976
 38.100000     -0.24247371
 38.200000     -0.24723890
 38.300000     -0.25205093
 38.400000     -0.25700444
 38.500000     -0.26151708
 38.600000     -0.26607122
 38.700000     -0.27110805
 38.800000     -0.27553802
 38.900000     -0.27885617
 39.000000     -0.28203576
 39.100000     -0.28567361
 39.200000     -0.28885243
 39.300000     -0.29126723
 39.400000     -0.29305950
 39.500000     -0.29512530
 39.600000     -0.29781349
 39.700000     -0.30057087
 39.800000     -0.30270948
 39.900000     -0.30436744
