  0.000000      0.06246309
  0.100000      0.05789617
  0.200000      0.05323089
  0.300000      0.05271242
  0.400000      0.05363774
  0.500000      0.05472697
  0.600000      0.05699315
  0.700000      0.05747729
  0.800000      0.05635668
  0.900000      0.05711270
  1.000000      0.05812531
  1.100000      0.05493507
  1.200000      0.05139353
  1.300000      0.05128152
  1.400000      0.05313899
  1.500000      0.05595016
  1.600000      0.05812091
  1.700000      0.06042289
  1.800000      0.06128583
  1.900000      0.06003662
  2.000000      0.06005629
  2.100000      0.06277433
  2.200000      0.06417744
  2.300000      0.06874507
  2.400000      0.07036826
  2.500000      0.06846063
  2.600000      0.06460314
  2.700000      0.06047168
  2.800000      0.05755938
  2.900000      0.05614341
  3.000000      0.05535115
  3.100000      0.05507917
  3.200000      0.05084463
  3.300000      0.04529878
  3.400000      0.03761830
  3.500000      0.02515604
  3.600000      0.01703008
  3.700000      0.01428875
  3.800000      0.01344701
  3.900000      0.01262900
  4.000000      0.00929488
  4.100000      0.00305533
  4.200000     -0.00001902
  4.300000      0.00386223
  4.400000      0.01037396
  4.500000      0.00447205
  4.600000     -0.01479381
  4.700000     -0.02990653
  4.800000     -0.04074534
  4.900000     -0.05198352
  5.000000     -0.06183473
  5.100000     -0.06653208
  5.200000     -0.06572252
  5.300000     -0.06552960
  5.400000     -0.06554035
  5.500000     -0.06677534
  5.600000     -0.07429287
  5.700000     -0.08648156
  5.800000     -0.09768813
  5.900000     -0.10166738
  6.000000     -0.09848989
  6.100000     -0.09350179
  6.200000     -0.09010879
  6.300000     -0.08854809
  6.400000     -0.08493497
  6.500000     -0.08344994
  6.600000     -0.08729112
  6.700000     -0.09443763
  6.800000     -0.10234977
  6.900000     -0.10362003
  7.000000     -0.09462976
  7.100000     -0.08077100
  7.200000     -0.06120491
  7.300000     -0.04131688
  7.400000     -0.02935664
  7.500000     -0.02818661
  7.600000     -0.03460522
  7.700000     -0.03984531
  7.800000     -0.04125547
  7.900000     -0.03854530
  8.000000     -0.03426684
  8.100000     -0.03450650
  8.200000     -0.03839537
  8.300000     -0.03579766
  8.400000     -0.02604749
  8.500000     -0.01366673
  8.600000      0.00005187
  8.700000      0.01281362
  8.800000      0.02066754
  8.900000      0.02838603
  9.000000      0.04117693
  9.100000      0.05947937
  9.200000      0.08000922
  9.300000      0.10468350
  9.400000      0.13354980
  9.500000      0.16616255
  9.600000      0.20480885
  9.700000      0.24772605
  9.800000      0.29436302
  9.900000      0.34339574
 10.000000      0.39278756
 10.100000      0.44279123
 10.200000      0.49502301
 10.300000      0.55646239
 10.400000      0.62939594
 10.500000      0.70471012
 10.600000      0.76994480
 10.700000      0.82475503
 10.800000      0.87044361
 10.900000      0.90945515
 11.000000      0.94187188
 11.100000      0.96371403
 11.200000      0.97382774
 11.300000      0.97830639
 11.400000      0.98177694
 11.500000      0.99244402
 11.600000      1.00000000
 11.700000      0.99336444
 11.800000      0.96711213
 11.900000      0.90456567
 12.000000      0.80516699
 12.100000      0.68749442
 12.200000      0.57010428
 12.300000      0.46123814
 12.400000      0.36720464
 12.500000      0.28491478
 12.600000      0.20727687
 12.700000      0.12817300
 12.800000      0.04883401
 12.900000     -0.02178002
 13.000000     -0.08521632
 13.100000     -0.13882175
 13.200000     -0.18199926
 13.300000     -0.21866021
 13.400000     -0.25695796
 13.500000     -0.30341771
 13.600000     -0.35239984
 13.700000     -0.38891427
 13.800000     -0.39951262
 13.900000     -0.38708450
 14.000000     -0.37293251
 14.100000     -0.36630690
 14.200000     -0.36979390
 14.300000     -0.37796366
 14.400000     -0.37977075
 14.500000     -0.37809863
 14.600000     -0.37683043
 14.700000     -0.37115224
 14.800000     -0.35704328
 14.900000     -0.33254824
 15.000000     -0.30444967
 15.100000     -0.28461309
 15.200000     -0.27073889
 15.300000     -0.25903577
 15.400000     -0.25210824
 15.500000     -0.24414223
 15.600000     -0.23912243
 15.700000     -0.23291935
 15.800000     -0.22843661
 15.900000     -0.22858039
 16.000000     -0.22895287
 16.100000     -0.22788430
 16.200000     -0.22081436
 16.300000     -0.20967440
 16.400000     -0.19324016
 16.500000     -0.17128658
 16.600000     -0.14619521
 16.700000     -0.12434332
 16.800000     -0.11753589
 16.900000     -0.12175654
 17.000000     -0.13126903
 17.100000     -0.12848718
 17.200000     -0.11055471
 17.300000     -0.08675972
 17.400000     -0.05866314
 17.500000     -0.03653253
 17.600000     -0.02512505
 17.700000     -0.02039995
 17.800000     -0.02167909
 17.900000     -0.02589866
 18.000000     -0.02930347
 18.100000     -0.02921751
 18.200000     -0.02227615
 18.300000     -0.01625151
 18.400000     -0.01369844
 18.500000     -0.01391684
 18.600000     -0.01782820
 18.700000     -0.02757684
 18.800000     -0.04409944
 18.900000     -0.06379720
 19.000000     -0.07933096
 19.100000     -0.09341461
 19.200000     -0.10993888
 19.300000     -0.13126155
 19.400000     -0.16035557
 19.500000     -0.19637242
 19.600000     -0.23232273
 19.700000     -0.25699317
 19.800000     -0.27072526
 19.900000     -0.27421062
 20.000000     -0.27035729
 20.100000     -0.26543891
 20.200000     -0.26281395
 20.300000     -0.26656715
 20.400000     -0.27532430
 20.500000     -0.28803412
 20.600000     -0.29984172
 20.700000     -0.30549552
 20.800000     -0.30574642
 20.900000     -0.29876024
 21.000000     -0.28521742
 21.100000     -0.27184029
 21.200000     -0.25951981
 21.300000     -0.24376795
 21.400000     -0.22210481
 21.500000     -0.19292542
 21.600000     -0.16503016
 21.700000     -0.14366066
 21.800000     -0.13252256
 21.900000     -0.13154730
 22.000000     -0.13491369
 22.100000     -0.14129811
 22.200000     -0.14777000
 22.300000     -0.15034183
 22.400000     -0.14802221
 22.500000     -0.13938142
 22.600000     -0.12960519
 22.700000     -0.12228108
 22.800000     -0.11498400
 22.900000     -0.10911232
 23.000000     -0.10312730
 23.100000     -0.09648399
 23.200000     -0.08832813
 23.300000     -0.07215770
 23.400000     -0.05744888
 23.500000     -0.05441882
 23.600000     -0.05437021
 23.700000     -0.05711536
 23.800000     -0.05965060
 23.900000     -0.05717794
 24.000000     -0.05212951
 24.100000     -0.05343045
 24.200000     -0.05880735
 24.300000     -0.06437661
 24.400000     -0.06791791
 24.500000     -0.06952166
 24.600000     -0.07791330
 24.700000     -0.08424516
 24.800000     -0.08412267
 24.900000     -0.09068979
 25.000000     -0.09594946
 25.100000     -0.09875427
 25.200000     -0.09962771
 25.300000     -0.09879922
 25.400000     -0.09719307
 25.500000     -0.09839487
 25.600000     -0.09865807
 25.700000     -0.09830438
 25.800000     -0.10240199
 25.900000     -0.10625912
 26.000000     -0.10734340
 26.100000     -0.10771970
 26.200000     -0.09911459
 26.300000     -0.08800795
 26.400000     -0.07982644
 26.500000     -0.06565822
 26.600000     -0.05458804
 26.700000     -0.05665379
 26.800000     -0.06483052
 26.900000     -0.07082888
 27.000000     -0.07693285
 27.100000     -0.06836843
 27.200000     -0.06212632
 27.300000     -0.05884745
 27.400000     -0.05780209
 27.500000     -0.06847340
 27.600000     -0.05990176
 27.700000     -0.04350878
 27.800000     -0.04402939
 27.900000     -0.05092520
 28.000000     -0.04960992
 28.100000     -0.04417036
 28.200000     -0.03847810
 28.300000     -0.02928355
 28.400000     -0.02251477
 28.500000     -0.01423002
 28.600000     -0.01670406
 28.700000     -0.02341617
 28.800000     -0.03861809
 28.900000     -0.04781148
 29.000000     -0.04803007
 29.100000     -0.04975576
 29.200000     -0.04558367
 29.300000     -0.04352637
 29.400000     -0.04410992
 29.500000     -0.04248989
 29.600000     -0.04131901
 29.700000     -0.04346760
 29.800000     -0.04696698
 29.900000     -0.04606891
 30.000000     -0.04723340
 30.100000     -0.06308836
 30.200000     -0.08101172
 30.300000     -0.09310599
 30.400000     -0.10776327
 30.500000     -0.12467838
 30.600000     -0.13647863
 30.700000     -0.14526546
 30.800000     -0.15134894
 30.900000     -0.15472686
 31.000000     -0.15502050
 31.100000     -0.15344099
 31.200000     -0.15035801
 31.300000     -0.15130875
 31.400000     -0.15193816
 31.500000     -0.15539666
 31.600000     -0.16278599
 31.700000     -0.16788215
 31.800000     -0.17366714
 31.900000     -0.17845331
 32.000000     -0.17802217
 32.100000     -0.17419824
 32.200000     -0.16821539
 32.300000     -0.16075226
 32.400000     -0.15436248
 32.500000     -0.14775732
 32.600000     -0.14069320
 32.700000     -0.13537159
 32.800000     -0.13416909
 32.900000     -0.13414581
 33.000000     -0.13562246
 33.100000     -0.13547411
 33.200000     -0.13183523
 33.300000     -0.12669830
 33.400000     -0.12096388
 33.500000     -0.11510045
 33.600000     -0.11298254
 33.700000     -0.11491732
 33.800000     -0.11970002
 33.900000     -0.12694164
 34.000000     -0.13124341
 34.100000     -0.13516001
 34.200000     -0.14285332
 34.300000     -0.15043344
 34.400000     -0.15567818
 34.500000     -0.15803153
 34.600000     -0.15664394
 34.700000     -0.15355386
 34.800000     -0.14964536
 34.900000     -0.14551248
 35.000000     -0.14249976
 35.100000     -0.13908336
 35.200000     -0.13294384
 35.300000     -0.12722909
 35.400000     -0.12380333
 35.500000     -0.12154436
 35.600000     -0.12072055
 35.700000     -0.11728916
 35.800000     -0.11204615
 35.900000     -0.10502447
 36.000000     -0.09439273
 36.100000     -0.08243519
 36.200000     -0.07283031
 36.300000     -0.06797443
 36.400000     -0.06627984
 36.500000     -0.06593870
 36.600000     -0.06949406
 36.700000     -0.07771188
 36.800000     -0.08638486
 36.900000     -0.09587193
 37.000000     -0.10599273
 37.100000     -0.11436999
 37.200000     -0.11990746
 37.300000     -0.12440478
 37.400000     -0.12858077
 37.500000     -0.13085409
 37.600000     -0.13002508
 37.700000     -0.12814266
 37.800000     -0.12683853
 37.900000     -0.12638013
 38.000000     -0.12486188
 38.100000     -0.12540300
 38.200000     -0.12774930
 38.300000     -0.12836893
 38.400000     -0.12783278
 38.500000     -0.12727265
 38.600000     -0.12601222
 38.700000     -0.12483772
 38.800000     -0.12407241
 38.900000     -0.12484652
 39.000000     -0.12643694
 39.100000     -0.12760921
 39.200000     -0.12684703
 39.300000     -0.12533550
 39.400000     -0.12427256
 39.500000     -0.12135815
 39.600000     -0.11798972
 39.700000     -0.11364759
 39.800000     -0.10912318
 39.900000     -0.10587427
