  0.000000      0.00447506
  0.100000      0.00505763
  0.200000      0.00565973
  0.300000      0.00593589
  0.400000      0.00631352
  0.500000      0.00674182
  0.600000      0.00711117
  0.700000      0.00737101
  0.800000      0.00771798
  0.900000      0.00813595
  1.000000      0.00819188
  1.100000      0.00826074
  1.200000      0.00858651
  1.300000      0.00881478
  1.400000      0.00847243
  1.500000      0.00778534
  1.600000      0.00709156
  1.700000      0.00689241
  1.800000      0.00686950
  1.900000      0.00656710
  2.000000      0.00631653
  2.100000      0.00578895
  2.200000      0.00512988
  2.300000      0.00461128
  2.400000      0.00402220
  2.500000      0.00341816
  2.600000      0.00310903
  2.700000      0.00306181
  2.800000      0.00322674
  2.900000      0.00337005
  3.000000      0.00346124
  3.100000      0.00303550
  3.200000      0.00279319
  3.300000      0.00294016
  3.400000      0.00238379
  3.500000      0.00027635
  3.600000     -0.00105317
  3.700000      0.00075392
  3.800000      0.00065485
  3.900000      0.00060828
  4.000000      0.00472234
  4.100000      0.00352420
  4.200000      0.00222876
  4.300000      0.00181924
  4.400000      0.00319969
  4.500000      0.00282647
  4.600000      0.00261651
  4.700000      0.00394339
  4.800000      0.00447709
  4.900000      0.00611601
  5.000000      0.00704718
  5.100000      0.00642760
  5.200000      0.00555122
  5.300000      0.00664952
  5.400000      0.00611705
  5.500000      0.00663072
  5.600000      0.00742108
  5.700000      0.00683629
  5.800000      0.00722457
  5.900000      0.00661161
  6.000000      0.00669458
  6.100000      0.00558345
  6.200000      0.00592814
  6.300000      0.00594608
  6.400000      0.00695569
  6.500000      0.00745656
  6.600000      0.00640183
  6.700000      0.00675657
  6.800000      0.00694396
  6.900000      0.00678308
  7.000000      0.00680766
  7.100000      0.00684329
  7.200000      0.00614273
  7.300000      0.00519244
  7.400000      0.00479573
  7.500000      0.00533099
  7.600000      0.00500505
  7.700000      0.00492344
  7.800000      0.00477160
  7.900000      0.00524555
  8.000000      0.00615757
  8.100000      0.00590092
  8.200000      0.00510765
  8.300000      0.00507501
  8.400000      0.00576297
  8.500000      0.00599475
  8.600000      0.00454149
  8.700000      0.00449708
  8.800000      0.00497484
  8.900000      0.00462880
  9.000000      0.00502789
  9.100000      0.00541436
  9.200000      0.00579067
  9.300000      0.00625746
  9.400000      0.00606607
  9.500000      0.00587803
  9.600000      0.00612827
  9.700000      0.00647414
  9.800000      0.00664571
  9.900000      0.00680214
 10.000000      0.00686918
 10.100000      0.00711281
 10.200000      0.00678574
 10.300000      0.00621550
 10.400000      0.00588241
 10.500000      0.00599254
 10.600000      0.00598150
 10.700000      0.00598181
 10.800000      0.00639914
 10.900000      0.00675760
 11.000000      0.00711259
 11.100000      0.00768025
 11.200000      0.00838048
 11.300000      0.00885756
 11.400000      0.00930363
 11.500000      0.00924110
 11.600000      0.00950353
 11.700000      0.00974562
 11.800000      0.00951603
 11.900000      0.00940360
 12.000000      0.00929820
 12.100000      0.00906064
 12.200000      0.00869767
 12.300000      0.00830932
 12.400000      0.00849304
 12.500000      0.00917454
 12.600000      0.01019889
 12.700000      0.01091910
 12.800000      0.01182768
 12.900000      0.01287329
 13.000000      0.01378309
 13.100000      0.01475529
 13.200000      0.01495196
 13.300000      0.01485788
 13.400000      0.01465813
 13.500000      0.01499123
 13.600000      0.01503137
 13.700000      0.01448274
 13.800000      0.01366892
 13.900000      0.01415344
 14.000000      0.01460479
 14.100000      0.01496811
 14.200000      0.01550334
 14.300000      0.01519590
 14.400000      0.01527608
 14.500000      0.01651895
 14.600000      0.01682444
 14.700000      0.01715408
 14.800000      0.01799770
 14.900000      0.01824508
 15.000000      0.01858325
 15.100000      0.01862100
 15.200000      0.01811331
 15.300000      0.01731358
 15.400000      0.01726398
 15.500000      0.01699296
 15.600000      0.01646546
 15.700000      0.01641556
 15.800000      0.01694179
 15.900000      0.01780573
 16.000000      0.01866063
 16.100000      0.02025638
 16.200000      0.02195001
 16.300000      0.02477322
 16.400000      0.02837453
 16.500000      0.03315268
 16.600000      0.03999449
 16.700000      0.04871936
 16.800000      0.05995519
 16.900000      0.07508833
 17.000000      0.09312728
 17.100000      0.11433576
 17.200000      0.13891755
 17.300000      0.16753574
 17.400000      0.20052642
 17.500000      0.23817755
 17.600000      0.27928617
 17.700000      0.32390901
 17.800000      0.37156280
 17.900000      0.42183699
 18.000000      0.47444071
 18.100000      0.52758562
 18.200000      0.58086739
 18.300000      0.63447571
 18.400000      0.68755196
 18.500000      0.73860323
 18.600000      0.78769560
 18.700000      0.83371534
 18.800000      0.87556766
 18.900000      0.91264641
 19.000000      0.94513846
 19.100000      0.97129590
 19.200000      0.98927646
 19.300000      0.99945087
 19.400000      1.00000000
 19.500000      0.99018597
 19.600000      0.97229970
 19.700000      0.94423894
 19.800000      0.90548040
 19.900000      0.85584274
 20.000000      0.79499806
 20.100000      0.72588088
 20.200000      0.64837792
 20.300000      0.56455690
 20.400000      0.47628237
 20.500000      0.38510432
 20.600000      0.29169613
 20.700000      0.19936831
 20.800000      0.10926301
 20.900000      0.02236903
 21.000000     -0.06052529
 21.100000     -0.13899985
 21.200000     -0.21228716
 21.300000     -0.27939086
 21.400000     -0.34106060
 21.500000     -0.39762750
 21.600000     -0.44804163
 21.700000     -0.49227144
 21.800000     -0.53011448
 21.900000     -0.56252031
 22.000000     -0.58807026
 22.100000     -0.60729901
 22.200000     -0.62219760
 22.300000     -0.63186183
 22.400000     -0.63622226
 22.500000     -0.63695325
 22.600000     -0.63433745
 22.700000     -0.62949244
 22.800000     -0.62031983
 22.900000     -0.60771196
 23.000000     -0.59247402
 23.100000     -0.57626705
 23.200000     -0.55873376
 23.300000     -0.53996631
 23.400000     -0.52015237
 23.500000     -0.50082047
 23.600000     -0.48164168
 23.700000     -0.46232571
 23.800000     -0.44242520
 23.900000     -0.42236958
 24.000000     -0.40174379
 24.100000     -0.38140225
 24.200000     -0.36211114
 24.300000     -0.34344943
 24.400000     -0.32694563
 24.500000     -0.31203278
 24.600000     -0.29836199
 24.700000     -0.28541008
 24.800000     -0.27233635
 24.900000     -0.26068407
 25.000000     -0.24979442
 25.100000     -0.24024324
 25.200000     -0.23060737
 25.300000     -0.22074264
 25.400000     -0.21125597
 25.500000     -0.20272197
 25.600000     -0.19542147
 25.700000     -0.18897069
 25.800000     -0.18247262
 25.900000     -0.17630868
 26.000000     -0.17036455
 26.100000     -0.16502858
 26.200000     -0.16051468
 26.300000     -0.15568410
 26.400000     -0.15095999
 26.500000     -0.14711970
 26.600000     -0.14370464
 26.700000     -0.14020686
 26.800000     -0.13614122
 26.900000     -0.13227343
 27.000000     -0.12899937
 27.100000     -0.12578064
 27.200000     -0.12273972
 27.300000     -0.11990304
 27.400000     -0.11678347
 27.500000     -0.11329744
 27.600000     -0.11001604
 27.700000     -0.10704496
 27.800000     -0.10393686
 27.900000     -0.10101807
 28.000000     -0.09862362
 28.100000     -0.09643830
 28.200000     -0.09423162
 28.300000     -0.09235685
 28.400000     -0.09110266
 28.500000     -0.08987699
 28.600000     -0.08804023
 28.700000     -0.08574418
 28.800000     -0.08383764
 28.900000     -0.08195912
 29.000000     -0.08068420
 29.100000     -0.07929650
 29.200000     -0.07834593
 29.300000     -0.07737860
 29.400000     -0.07612735
 29.500000     -0.07474912
 29.600000     -0.07352073
 29.700000     -0.07240626
 29.800000     -0.07135415
 29.900000     -0.06971154
 30.000000     -0.06791989
 30.100000     -0.06630789
 30.200000     -0.06511064
 30.300000     -0.06380819
 30.400000     -0.06232034
 30.500000     -0.06093156
 30.600000     -0.06002593
 30.700000     -0.05901205
 30.800000     -0.05725487
 30.900000     -0.05535194
 31.000000     -0.05347352
 31.100000     -0.05205945
 31.200000     -0.05109692
 31.300000     -0.05055031
 31.400000     -0.05014778
 31.500000     -0.04992342
 31.600000     -0.04928136
 31.700000     -0.04794106
 31.800000     -0.04663828
 31.900000     -0.04554718
 32.000000     -0.04478767
 32.100000     -0.04352840
 32.200000     -0.04222396
 32.300000     -0.04104405
 32.400000     -0.03984465
 32.500000     -0.03885169
 32.600000     -0.03753499
 32.700000     -0.03641773
 32.800000     -0.03516656
 32.900000     -0.03397093
 33.000000     -0.03285093
 33.100000     -0.03234476
 33.200000     -0.03133837
 33.300000     -0.02996632
 33.400000     -0.02881813
 33.500000     -0.02787925
 33.600000     -0.02672447
 33.700000     -0.02634001
 33.800000     -0.02589557
 33.900000     -0.02553944
 34.000000     -0.02500170
 34.100000     -0.02420766
 34.200000     -0.02320265
 34.300000     -0.02247268
 34.400000     -0.02162032
 34.500000     -0.02043053
 34.600000     -0.01953176
 34.700000     -0.01873267
 34.800000     -0.01806476
 34.900000     -0.01732729
 35.000000     -0.01661220
 35.100000     -0.01613563
 35.200000     -0.01570303
 35.300000     -0.01565198
 35.400000     -0.01555095
 35.500000     -0.01559525
 35.600000     -0.01522222
 35.700000     -0.01470390
 35.800000     -0.01458515
 35.900000     -0.01412346
 36.000000     -0.01382651
 36.100000     -0.01390366
 36.200000     -0.01417337
 36.300000     -0.01470994
 36.400000     -0.01475508
 36.500000     -0.01483888
 36.600000     -0.01497554
 36.700000     -0.01588270
 36.800000     -0.01679220
 36.900000     -0.01742495
 37.000000     -0.01754299
 37.100000     -0.01724799
 37.200000     -0.01715961
 37.300000     -0.01732063
 37.400000     -0.01782073
 37.500000     -0.01770413
 37.600000     -0.01751103
 37.700000     -0.01718848
 37.800000     -0.01663429
 37.900000     -0.01565547
 38.000000     -0.01456095
 38.100000     -0.01314090
 38.200000     -0.01123428
 38.300000     -0.00930432
 38.400000     -0.00689360
 38.500000     -0.00452069
 38.600000     -0.00227808
 38.700000      0.00001851
 38.800000      0.00219506
 38.900000      0.00404604
 39.000000      0.00596839
 39.100000      0.00804409
 39.200000      0.01047622
 39.300000      0.01268555
 39.400000      0.01501645
 39.500000      0.01724515
 39.600000      0.01908298
 39.700000      0.02043507
 39.800000      0.02189123
 39.900000      0.02345610
