  0.000000     -0.00952938
  0.100000     -0.00948759
  0.200000     -0.00946975
  0.300000     -0.00949286
  0.400000     -0.00956821
  0.500000     -0.00966699
  0.600000     -0.00979108
  0.700000     -0.00999856
  0.800000     -0.01019529
  0.900000     -0.01045461
  1.000000     -0.01080595
  1.100000     -0.01128220
  1.200000     -0.01183999
  1.300000     -0.01246765
  1.400000     -0.01308055
  1.500000     -0.01363366
  1.600000     -0.01401580
  1.700000     -0.01421441
  1.800000     -0.01425891
  1.900000     -0.01428904
  2.000000     -0.01432194
  2.100000     -0.01418102
  2.200000     -0.01383130
  2.300000     -0.01324126
  2.400000     -0.01251733
  2.500000     -0.01158442
  2.600000     -0.01036160
  2.700000     -0.00909112
  2.800000     -0.00785142
  2.900000     -0.00668981
  3.000000     -0.00547794
  3.100000     -0.00437032
  3.200000     -0.00351266
  3.300000     -0.00291369
  3.400000     -0.00249151
  3.500000     -0.00234636
  3.600000     -0.00241243
  3.700000     -0.00248538
  3.800000     -0.00253048
  3.900000     -0.00256013
  4.000000     -0.00259927
  4.100000     -0.00272208
  4.200000     -0.00293750
  4.300000     -0.00331308
  4.400000     -0.00370774
  4.500000     -0.00403148
  4.600000     -0.00420831
  4.700000     -0.00426835
  4.800000     -0.00444578
  4.900000     -0.00479730
  5.000000     -0.00495188
  5.100000     -0.00484668
  5.200000     -0.00481490
  5.300000     -0.00494384
  5.400000     -0.00505314
  5.500000     -0.00520843
  5.600000     -0.00537501
  5.700000     -0.00563177
  5.800000     -0.00605842
  5.900000     -0.00654268
  6.000000     -0.00698269
  6.100000     -0.00716573
  6.200000     -0.00743314
  6.300000     -0.00765532
  6.400000     -0.00766290
  6.500000     -0.00755331
  6.600000     -0.00751220
  6.700000     -0.00739667
  6.800000     -0.00707005
  6.900000     -0.00630916
  7.000000     -0.00513851
  7.100000     -0.00407684
  7.200000     -0.00288914
  7.300000     -0.00183254
  7.400000     -0.00104245
  7.500000     -0.00101729
  7.600000     -0.00131987
  7.700000     -0.00170320
  7.800000     -0.00204551
  7.900000     -0.00228020
  8.000000     -0.00206209
  8.100000     -0.00124185
  8.200000      0.00006335
  8.300000      0.00198117
  8.400000      0.00419704
  8.500000      0.00651323
  8.600000      0.00888185
  8.700000      0.01073140
  8.800000      0.01225856
  8.900000      0.01373499
  9.000000      0.01460419
  9.100000      0.01475964
  9.200000      0.01446752
  9.300000      0.01327317
  9.400000      0.01144371
  9.500000      0.00971653
  9.600000      0.00805371
  9.700000      0.00705680
  9.800000      0.00673912
  9.900000      0.00702595
 10.000000      0.00769501
 10.100000      0.00880030
 10.200000      0.01019988
 10.300000      0.01150712
 10.400000      0.01279252
 10.500000      0.01417780
 10.600000      0.01553157
 10.700000      0.01718541
 10.800000      0.01886888
 10.900000      0.02041063
 11.000000      0.02154747
 11.100000      0.02243248
 11.200000      0.02303569
 11.300000      0.02356137
 11.400000      0.02393314
 11.500000      0.02471177
 11.600000      0.02596607
 11.700000      0.02842914
 11.800000      0.03116728
 11.900000      0.03493055
 12.000000      0.04002120
 12.100000      0.04541404
 12.200000      0.05067796
 12.300000      0.05557137
 12.400000      0.06071916
 12.500000      0.06382507
 12.600000      0.06562643
 12.700000      0.06755858
 12.800000      0.06989917
 12.900000      0.07444557
 13.000000      0.07960557
 13.100000      0.08614547
 13.200000      0.09269879
 13.300000      0.09912979
 13.400000      0.10746500
 13.500000      0.11660818
 13.600000      0.12567126
 13.700000      0.13596745
 13.800000      0.14714818
 13.900000      0.15904958
 14.000000      0.17331148
 14.100000      0.19693419
 14.200000      0.21153705
 14.300000      0.22923605
 14.400000      0.24509255
 14.500000      0.26629485
 14.600000      0.28925404
 14.700000      0.31644961
 14.800000      0.34838970
 14.900000      0.37785772
 15.000000      0.41381817
 15.100000      0.44945211
 15.200000      0.48528850
 15.300000      0.52069355
 15.400000      0.55656553
 15.500000      0.59938180
 15.600000      0.64529508
 15.700000      0.69254276
 15.800000      0.73821076
 15.900000      0.78244391
 16.000000      0.82574785
 16.100000      0.86808326
 16.200000      0.90543465
 16.300000      0.93784750
 16.400000      0.96500047
 16.500000      0.98597980
 16.600000      0.99715437
 16.700000      1.00000000
 16.800000      0.99417848
 16.900000      0.97584158
 17.000000      0.95023546
 17.100000      0.92086343
 17.200000      0.88805674
 17.300000      0.84842202
 17.400000      0.80358131
 17.500000      0.75081438
 17.600000      0.69739795
 17.700000      0.64259152
 17.800000      0.58780131
 17.900000      0.52506605
 18.000000      0.45578976
 18.100000      0.38185467
 18.200000      0.30594931
 18.300000      0.22853628
 18.400000      0.14933506
 18.500000      0.07299020
 18.600000     -0.00182867
 18.700000     -0.07119100
 18.800000     -0.13270614
 18.900000     -0.18933642
 19.000000     -0.24114333
 19.100000     -0.29045464
 19.200000     -0.33372573
 19.300000     -0.37158356
 19.400000     -0.40335260
 19.500000     -0.42762829
 19.600000     -0.44881770
 19.700000     -0.46666428
 19.800000     -0.48548703
 19.900000     -0.50130141
 20.000000     -0.51035917
 20.100000     -0.51611047
 20.200000     -0.51978964
 20.300000     -0.51988550
 20.400000     -0.51827266
 20.500000     -0.51696257
 20.600000     -0.51235540
 20.700000     -0.50099258
 20.800000     -0.48608180
 20.900000     -0.47216538
 21.000000     -0.46021795
 21.100000     -0.44841691
 21.200000     -0.43739076
 21.300000     -0.42709996
 21.400000     -0.41785593
 21.500000     -0.40773477
 21.600000     -0.39795018
 21.700000     -0.38845492
 21.800000     -0.37785286
 21.900000     -0.36752375
 22.000000     -0.35716594
 22.100000     -0.34798748
 22.200000     -0.33771052
 22.300000     -0.32717009
 22.400000     -0.31787368
 22.500000     -0.30944264
 22.600000     -0.30292798
 22.700000     -0.29726457
 22.800000     -0.29231122
 22.900000     -0.28837743
 23.000000     -0.28516593
 23.100000     -0.28173773
 23.200000     -0.27846939
 23.300000     -0.27449779
 23.400000     -0.27056108
 23.500000     -0.26698949
 23.600000     -0.26426652
 23.700000     -0.26277479
 23.800000     -0.26247246
 23.900000     -0.26230315
 24.000000     -0.26181705
 24.100000     -0.26043423
 24.200000     -0.25758730
 24.300000     -0.25327411
 24.400000     -0.24828747
 24.500000     -0.24301246
 24.600000     -0.23765818
 24.700000     -0.23261101
 24.800000     -0.22846859
 24.900000     -0.22513792
 25.000000     -0.22211639
 25.100000     -0.21984810
 25.200000     -0.21695065
 25.300000     -0.21491967
 25.400000     -0.21342158
 25.500000     -0.21200847
 25.600000     -0.21145102
 25.700000     -0.21093566
 25.800000     -0.21070852
 25.900000     -0.21061444
 26.000000     -0.20981475
 26.100000     -0.20779133
 26.200000     -0.20425141
 26.300000     -0.19921697
 26.400000     -0.19334654
 26.500000     -0.18731782
 26.600000     -0.18138936
 26.700000     -0.17706102
 26.800000     -0.17333722
 26.900000     -0.17165293
 27.000000     -0.17051531
 27.100000     -0.17032923
 27.200000     -0.16996154
 27.300000     -0.16987465
 27.400000     -0.16964651
 27.500000     -0.16886086
 27.600000     -0.16809097
 27.700000     -0.16694775
 27.800000     -0.16596890
 27.900000     -0.16440003
 28.000000     -0.16213662
 28.100000     -0.15913830
 28.200000     -0.15546426
 28.300000     -0.15179701
 28.400000     -0.14783120
 28.500000     -0.14455725
 28.600000     -0.14211525
 28.700000     -0.14017447
 28.800000     -0.13836214
 28.900000     -0.13706505
 29.000000     -0.13587944
 29.100000     -0.13490371
 29.200000     -0.13320472
 29.300000     -0.13131133
 29.400000     -0.12864266
 29.500000     -0.12587397
 29.600000     -0.12306052
 29.700000     -0.12006442
 29.800000     -0.11679757
 29.900000     -0.11359809
 30.000000     -0.11025403
 30.100000     -0.10672503
 30.200000     -0.10335966
 30.300000     -0.10089764
 30.400000     -0.09845584
 30.500000     -0.09601039
 30.600000     -0.09323811
 30.700000     -0.09025586
 30.800000     -0.08725708
 30.900000     -0.08405604
 31.000000     -0.08070977
 31.100000     -0.07700926
 31.200000     -0.07374285
 31.300000     -0.07081185
 31.400000     -0.06872507
 31.500000     -0.06687742
 31.600000     -0.06609072
 31.700000     -0.06575527
 31.800000     -0.06627625
 31.900000     -0.06712452
 32.000000     -0.06830643
 32.100000     -0.06996099
 32.200000     -0.07153373
 32.300000     -0.07283054
 32.400000     -0.07343713
 32.500000     -0.07348754
 32.600000     -0.07324912
 32.700000     -0.07258182
 32.800000     -0.07209475
 32.900000     -0.07118020
 33.000000     -0.07054360
 33.100000     -0.06980199
 33.200000     -0.06912373
 33.300000     -0.06762208
 33.400000     -0.06538794
 33.500000     -0.06234969
 33.600000     -0.05855721
 33.700000     -0.05396125
 33.800000     -0.04899684
 33.900000     -0.04395434
 34.000000     -0.03918802
 34.100000     -0.03520354
 34.200000     -0.03251206
 34.300000     -0.03113639
 34.400000     -0.03076988
 34.500000     -0.03125728
 34.600000     -0.03236431
 34.700000     -0.03371506
 34.800000     -0.03520487
 34.900000     -0.03664268
 35.000000     -0.03777748
 35.100000     -0.03849586
 35.200000     -0.03883148
 35.300000     -0.03877614
 35.400000     -0.03841361
 35.500000     -0.03804697
 35.600000     -0.03780853
 35.700000     -0.03780052
 35.800000     -0.03797696
 35.900000     -0.03811738
 36.000000     -0.03818429
 36.100000     -0.03784396
 36.200000     -0.03738479
 36.300000     -0.03699614
 36.400000     -0.03654679
 36.500000     -0.03594736
 36.600000     -0.03521570
 36.700000     -0.03477156
 36.800000     -0.03466799
 36.900000     -0.03483270
 37.000000     -0.03601017
 37.100000     -0.03706182
 37.200000     -0.03851072
 37.300000     -0.04005125
 37.400000     -0.04160256
 37.500000     -0.04317136
 37.600000     -0.04459046
 37.700000     -0.04599378
 37.800000     -0.04735711
 37.900000     -0.04853097
 38.000000     -0.04962924
 38.100000     -0.05067192
 38.200000     -0.05118266
 38.300000     -0.05157643
 38.400000     -0.05133200
 38.500000     -0.05106517
 38.600000     -0.05054939
 38.700000     -0.04953179
 38.800000     -0.04817893
 38.900000     -0.04635127
 39.000000     -0.04423807
 39.100000     -0.04219576
 39.200000     -0.04019927
 39.300000     -0.03858978
 39.400000     -0.03730064
 39.500000     -0.03627068
 39.600000     -0.03586898
 39.700000     -0.03551444
 39.800000     -0.03562149
 39.900000     -0.03584301
