  0.000000      0.15618726
  0.100000      0.15658781
  0.200000      0.15833377
  0.300000      0.16073659
  0.400000      0.16308625
  0.500000      0.16494215
  0.600000      0.16469452
  0.700000      0.16379144
  0.800000      0.16314970
  0.900000      0.16134789
  1.000000      0.15825661
  1.100000      0.15303169
  1.200000      0.14916514
  1.300000      0.14781583
  1.400000      0.14543701
  1.500000      0.14035567
  1.600000      0.13224965
  1.700000      0.12477053
  1.800000      0.11848798
  1.900000      0.11051569
  2.000000      0.10464280
  2.100000      0.09802111
  2.200000      0.09344997
  2.300000      0.08979157
  2.400000      0.08609514
  2.500000      0.08163395
  2.600000      0.07480835
  2.700000      0.07083538
  2.800000      0.06543004
  2.900000      0.06050513
  3.000000      0.05298622
  3.100000      0.04484951
  3.200000      0.03683206
  3.300000      0.03037262
  3.400000      0.02604498
  3.500000      0.02319542
  3.600000      0.01790967
  3.700000      0.01160230
  3.800000      0.01048437
  3.900000      0.00926241
  4.000000      0.00787677
  4.100000      0.01160618
  4.200000      0.01870729
  4.300000      0.02421692
  4.400000      0.02937627
  4.500000      0.03745350
  4.600000      0.04585863
  4.700000      0.05486015
  4.800000      0.05808268
  4.900000      0.08552919
  5.000000      0.10958690
  5.100000      0.13581546
  5.200000      0.16939505
  5.300000      0.20731603
  5.400000      0.25009896
  5.500000      0.30139626
  5.600000      0.35888200
  5.700000      0.41729348
  5.800000      0.47721385
  5.900000      0.54162145
  6.000000      0.60449354
  6.100000      0.66637518
  6.200000      0.72508161
  6.300000      0.77862597
  6.400000      0.82537401
  6.500000      0.86373942
  6.600000      0.90173585
  6.700000      0.93478938
  6.800000      0.96236657
  6.900000      0.98318257
  7.000000      0.99690497
  7.100000      1.00000000
  7.200000      0.98864129
  7.300000      0.97279089
  7.400000      0.95553388
  7.500000      0.93799721
  7.600000      0.91476074
  7.700000      0.88808438
  7.800000      0.85261583
  7.900000      0.80055178
  8.000000      0.74765528
  8.100000      0.68534264
  8.200000      0.61746059
  8.300000      0.54142709
  8.400000      0.46132718
  8.500000      0.38482437
  8.600000      0.30741295
  8.700000      0.22873555
  8.800000      0.15630229
  8.900000      0.09601013
  9.000000      0.03805429
  9.100000     -0.01410170
  9.200000     -0.05760829
  9.300000     -0.09713728
  9.400000     -0.13437179
  9.500000     -0.16400498
  9.600000     -0.19636202
  9.700000     -0.22324451
  9.800000     -0.24421023
  9.900000     -0.25563877
 10.000000     -0.26861898
 10.100000     -0.27442841
 10.200000     -0.27175793
 10.300000     -0.26936421
 10.400000     -0.26774823
 10.500000     -0.27527892
 10.600000     -0.28538337
 10.700000     -0.28899017
 10.800000     -0.29019399
 10.900000     -0.29214306
 11.000000     -0.30047347
 11.100000     -0.29900799
 11.200000     -0.29895077
 11.300000     -0.29835033
 11.400000     -0.29482809
 11.500000     -0.28788111
 11.600000     -0.26384508
 11.700000     -0.26158933
 11.800000     -0.26194126
 11.900000     -0.25880375
 12.000000     -0.25419032
 12.100000     -0.25072619
 12.200000     -0.24748721
 12.300000     -0.24951717
 12.400000     -0.25520623
 12.500000     -0.26072244
 12.600000     -0.26899417
 12.700000     -0.27018122
 12.800000     -0.26699324
 12.900000     -0.25833948
 13.000000     -0.24759027
 13.100000     -0.23793522
 13.200000     -0.22571356
 13.300000     -0.22074767
 13.400000     -0.21328112
 13.500000     -0.20764994
 13.600000     -0.19667242
 13.700000     -0.18808768
 13.800000     -0.17987764
 13.900000     -0.17534093
 14.000000     -0.16894994
 14.100000     -0.16423933
 14.200000     -0.16433110
 14.300000     -0.16781584
 14.400000     -0.16793530
 14.500000     -0.16862629
 14.600000     -0.17020499
 14.700000     -0.16897735
 14.800000     -0.16556043
 14.900000     -0.15829709
 15.000000     -0.15548857
 15.100000     -0.15376483
 15.200000     -0.15031437
 15.300000     -0.15299069
 15.400000     -0.16077744
 15.500000     -0.16942318
 15.600000     -0.17565346
 15.700000     -0.18369274
 15.800000     -0.18500940
 15.900000     -0.18569135
 16.000000     -0.19076466
 16.100000     -0.19707491
 16.200000     -0.20297019
 16.300000     -0.20690519
 16.400000     -0.20988295
 16.500000     -0.21327848
 16.600000     -0.21416890
 16.700000     -0.21592447
 16.800000     -0.21482466
 16.900000     -0.20904581
 17.000000     -0.19780046
 17.100000     -0.18893256
 17.200000     -0.17562562
 17.300000     -0.15770930
 17.400000     -0.14445659
 17.500000     -0.13037710
 17.600000     -0.11843224
 17.700000     -0.11239944
 17.800000     -0.10467507
 17.900000     -0.09730917
 18.000000     -0.09070494
 18.100000     -0.07867921
 18.200000     -0.07241295
 18.300000     -0.07343347
 18.400000     -0.07785321
 18.500000     -0.08241939
 18.600000     -0.08459994
 18.700000     -0.08507197
 18.800000     -0.08434626
 18.900000     -0.08204386
 19.000000     -0.08136609
 19.100000     -0.08050466
 19.200000     -0.08377470
 19.300000     -0.08638190
 19.400000     -0.09079910
 19.500000     -0.09663080
 19.600000     -0.09626932
 19.700000     -0.09493421
 19.800000     -0.09467698
 19.900000     -0.09152936
 20.000000     -0.08568907
 20.100000     -0.07714648
 20.200000     -0.07325620
 20.300000     -0.07031393
 20.400000     -0.06822743
 20.500000     -0.06562576
 20.600000     -0.06527298
 20.700000     -0.06536885
 20.800000     -0.06612178
 20.900000     -0.06511499
 21.000000     -0.06617278
 21.100000     -0.06452847
 21.200000     -0.06090582
 21.300000     -0.05522335
 21.400000     -0.05183022
 21.500000     -0.04626948
 21.600000     -0.04144344
 21.700000     -0.03771612
 21.800000     -0.03140751
 21.900000     -0.02596056
 22.000000     -0.02431935
 22.100000     -0.01735386
 22.200000     -0.01287160
 22.300000     -0.01413633
 22.400000     -0.01346834
 22.500000     -0.01408962
 22.600000     -0.01589410
 22.700000     -0.01943105
 22.800000     -0.02257338
 22.900000     -0.02487427
 23.000000     -0.02465941
 23.100000     -0.03012693
 23.200000     -0.03457910
 23.300000     -0.03618048
 23.400000     -0.03738064
 23.500000     -0.04121252
 23.600000     -0.04216964
 23.700000     -0.04250393
 23.800000     -0.04162276
 23.900000     -0.04209724
 24.000000     -0.04133447
 24.100000     -0.04391961
 24.200000     -0.04505912
 24.300000     -0.04503330
 24.400000     -0.04427454
 24.500000     -0.04192946
 24.600000     -0.04171904
 24.700000     -0.04459485
 24.800000     -0.04636813
 24.900000     -0.05075746
 25.000000     -0.05233336
 25.100000     -0.05384102
 25.200000     -0.05426471
 25.300000     -0.05354407
 25.400000     -0.05378342
 25.500000     -0.05176904
 25.600000     -0.04794003
 25.700000     -0.04544667
 25.800000     -0.04325559
 25.900000     -0.04155235
 26.000000     -0.03993649
 26.100000     -0.03774590
 26.200000     -0.03458985
 26.300000     -0.03714401
 26.400000     -0.03923634
 26.500000     -0.03840643
 26.600000     -0.03660714
 26.700000     -0.03243521
 26.800000     -0.02868879
 26.900000     -0.02415101
 27.000000     -0.01889168
 27.100000     -0.01302072
 27.200000     -0.00882920
 27.300000     -0.00767632
 27.400000     -0.00772938
 27.500000     -0.00467606
 27.600000     -0.00298607
 27.700000     -0.00213291
 27.800000     -0.00079583
 27.900000      0.00156386
 28.000000      0.00295542
 28.100000      0.00520255
 28.200000      0.00906848
 28.300000      0.01308927
 28.400000      0.01573498
 28.500000      0.01566177
 28.600000      0.01698157
 28.700000      0.01877103
 28.800000      0.02076739
 28.900000      0.02458761
 29.000000      0.02658213
 29.100000      0.02499793
 29.200000      0.02349377
 29.300000      0.02168087
 29.400000      0.02031745
 29.500000      0.01901651
 29.600000      0.01844864
 29.700000      0.01991132
 29.800000      0.01584441
 29.900000      0.01172493
 30.000000      0.00965091
 30.100000      0.00792868
 30.200000      0.00758909
 30.300000      0.00517848
 30.400000      0.00376425
 30.500000      0.00231512
 30.600000      0.00048989
 30.700000     -0.00107119
 30.800000     -0.00413882
 30.900000     -0.00704456
 31.000000     -0.00968920
 31.100000     -0.01051023
 31.200000     -0.00971054
 31.300000     -0.01263338
 31.400000     -0.01485429
 31.500000     -0.01537217
 31.600000     -0.01774860
 31.700000     -0.01653470
 31.800000     -0.01482836
 31.900000     -0.01572143
 32.000000     -0.01559372
 32.100000     -0.01485003
 32.200000     -0.01473860
 32.300000     -0.01540368
 32.400000     -0.01534158
 32.500000     -0.01549013
 32.600000     -0.01463701
 32.700000     -0.01343009
 32.800000     -0.01402070
 32.900000     -0.01475208
 33.000000     -0.01539896
 33.100000     -0.01653894
 33.200000     -0.01551920
 33.300000     -0.01297142
 33.400000     -0.01196753
 33.500000     -0.01148624
 33.600000     -0.01155722
 33.700000     -0.01135301
 33.800000     -0.01043719
 33.900000     -0.00904969
 34.000000     -0.01002463
 34.100000     -0.01007674
 34.200000     -0.00814936
 34.300000     -0.00539456
 34.400000     -0.00313164
 34.500000     -0.00044572
 34.600000      0.00355852
 34.700000      0.00710730
 34.800000      0.00939742
 34.900000      0.01162415
 35.000000      0.01561081
 35.100000      0.01815093
 35.200000      0.01934916
 35.300000      0.02028728
 35.400000      0.02177729
 35.500000      0.02286684
 35.600000      0.02326712
 35.700000      0.02273109
 35.800000      0.02216733
 35.900000      0.02249041
 36.000000      0.02255800
 36.100000      0.02391296
 36.200000      0.02448445
 36.300000      0.02518617
 36.400000      0.02630673
 36.500000      0.02655210
 36.600000      0.02589461
 36.700000      0.02440802
 36.800000      0.02448359
 36.900000      0.02568800
 37.000000      0.02682001
 37.100000      0.02624459
 37.200000      0.02703798
 37.300000      0.02890751
 37.400000      0.02853794
 37.500000      0.02710294
 37.600000      0.02563024
 37.700000      0.02485565
 37.800000      0.02339282
 37.900000      0.02094709
 38.000000      0.01776034
 38.100000      0.01438978
 38.200000      0.01143160
 38.300000      0.00921527
 38.400000      0.00706153
 38.500000      0.00564266
 38.600000      0.00445683
 38.700000      0.00249636
 38.800000     -0.00053509
 38.900000     -0.00190701
 39.000000     -0.00271597
 39.100000     -0.00189713
 39.200000     -0.00186066
 39.300000     -0.00187937
 39.400000     -0.00199506
 39.500000     -0.00244020
 39.600000     -0.00221065
 39.700000     -0.00078203
 39.800000     -0.00008843
 39.900000      0.00059600
