  0.000000      0.05097028
  0.100000      0.05258710
  0.200000      0.05426603
  0.300000      0.05599369
  0.400000      0.05757919
  0.500000      0.05897012
  0.600000      0.06017827
  0.700000      0.06103717
  0.800000      0.06171814
  0.900000      0.06219568
  1.000000      0.06250332
  1.100000      0.06258865
  1.200000      0.06247709
  1.300000      0.06206012
  1.400000      0.06143503
  1.500000      0.06068115
  1.600000      0.05983560
  1.700000      0.05899485
  1.800000      0.05817030
  1.900000      0.05743988
  2.000000      0.05659485
  2.100000      0.05578496
  2.200000      0.05494847
  2.300000      0.05415723
  2.400000      0.05331021
  2.500000      0.05238149
  2.600000      0.05130337
  2.700000      0.05008305
  2.800000      0.04886057
  2.900000      0.04769184
  3.000000      0.04645309
  3.100000      0.04507697
  3.200000      0.04370470
  3.300000      0.04224967
  3.400000      0.04069267
  3.500000      0.03909308
  3.600000      0.03751383
  3.700000      0.03603332
  3.800000      0.03465289
  3.900000      0.03339939
  4.000000      0.03233472
  4.100000      0.03144612
  4.200000      0.03071189
  4.300000      0.03009484
  4.400000      0.02959750
  4.500000      0.02908370
  4.600000      0.02860769
  4.700000      0.02825755
  4.800000      0.02798175
  4.900000      0.02776929
  5.000000      0.02756206
  5.100000      0.02746262
  5.200000      0.02748502
  5.300000      0.02762294
  5.400000      0.02780022
  5.500000      0.02800564
  5.600000      0.02812430
  5.700000      0.02810863
  5.800000      0.02794887
  5.900000      0.02764238
  6.000000      0.02719301
  6.100000      0.02650557
  6.200000      0.02569401
  6.300000      0.02471798
  6.400000      0.02367958
  6.500000      0.02259943
  6.600000      0.02144819
  6.700000      0.02029691
  6.800000      0.01915807
  6.900000      0.01806691
  7.000000      0.01705522
  7.100000      0.01614466
  7.200000      0.01535551
  7.300000      0.01468111
  7.400000      0.01401219
  7.500000      0.01360204
  7.600000      0.01330205
  7.700000      0.01310884
  7.800000      0.01302161
  7.900000      0.01303532
  8.000000      0.01306140
  8.100000      0.01304819
  8.200000      0.01289408
  8.300000      0.01254829
  8.400000      0.01202364
  8.500000      0.01137109
  8.600000      0.01061936
  8.700000      0.00986823
  8.800000      0.00920840
  8.900000      0.00872611
  9.000000      0.00835914
  9.100000      0.00807163
  9.200000      0.00784777
  9.300000      0.00759747
  9.400000      0.00731547
  9.500000      0.00705784
  9.600000      0.00685262
  9.700000      0.00678371
  9.800000      0.00678201
  9.900000      0.00682176
 10.000000      0.00687129
 10.100000      0.00706176
 10.200000      0.00739275
 10.300000      0.00787362
 10.400000      0.00859730
 10.500000      0.00956937
 10.600000      0.01066594
 10.700000      0.01186460
 10.800000      0.01296338
 10.900000      0.01394249
 11.000000      0.01473959
 11.100000      0.01534562
 11.200000      0.01553425
 11.300000      0.01538805
 11.400000      0.01480635
 11.500000      0.01381524
 11.600000      0.01266782
 11.700000      0.01142450
 11.800000      0.01010960
 11.900000      0.00864595
 12.000000      0.00708762
 12.100000      0.00539064
 12.200000      0.00369459
 12.300000      0.00200513
 12.400000      0.00039309
 12.500000     -0.00111666
 12.600000     -0.00262389
 12.700000     -0.00420393
 12.800000     -0.00596144
 12.900000     -0.00777356
 13.000000     -0.00977865
 13.100000     -0.01182784
 13.200000     -0.01407293
 13.300000     -0.01637278
 13.400000     -0.01869986
 13.500000     -0.02104461
 13.600000     -0.02320856
 13.700000     -0.02506656
 13.800000     -0.02663002
 13.900000     -0.02786991
 14.000000     -0.02876932
 14.100000     -0.02948482
 14.200000     -0.02986486
 14.300000     -0.03029706
 14.400000     -0.03075409
 14.500000     -0.03106372
 14.600000     -0.03139050
 14.700000     -0.03183606
 14.800000     -0.03233757
 14.900000     -0.03300961
 15.000000     -0.03406588
 15.100000     -0.03551419
 15.200000     -0.03715147
 15.300000     -0.03896404
 15.400000     -0.04084284
 15.500000     -0.04289803
 15.600000     -0.04495699
 15.700000     -0.04693417
 15.800000     -0.04866652
 15.900000     -0.05030208
 16.000000     -0.05186995
 16.100000     -0.05325068
 16.200000     -0.05438825
 16.300000     -0.05522405
 16.400000     -0.05586257
 16.500000     -0.05648046
 16.600000     -0.05687208
 16.700000     -0.05715915
 16.800000     -0.05722019
 16.900000     -0.05708092
 17.000000     -0.05650048
 17.100000     -0.05571100
 17.200000     -0.05499467
 17.300000     -0.05433481
 17.400000     -0.05353568
 17.500000     -0.05280305
 17.600000     -0.05207697
 17.700000     -0.05127510
 17.800000     -0.05068991
 17.900000     -0.05032975
 18.000000     -0.04985859
 18.100000     -0.04917858
 18.200000     -0.04843131
 18.300000     -0.04771390
 18.400000     -0.04718033
 18.500000     -0.04684726
 18.600000     -0.04669564
 18.700000     -0.04684494
 18.800000     -0.04728710
 18.900000     -0.04812738
 19.000000     -0.04934676
 19.100000     -0.05083571
 19.200000     -0.05222857
 19.300000     -0.05347623
 19.400000     -0.05471292
 19.500000     -0.05573391
 19.600000     -0.05636631
 19.700000     -0.05680851
 19.800000     -0.05731146
 19.900000     -0.05790286
 20.000000     -0.05842600
 20.100000     -0.05909884
 20.200000     -0.06008868
 20.300000     -0.06137608
 20.400000     -0.06286851
 20.500000     -0.06419340
 20.600000     -0.06531763
 20.700000     -0.06635430
 20.800000     -0.06717950
 20.900000     -0.06785925
 21.000000     -0.06842772
 21.100000     -0.06883799
 21.200000     -0.06892892
 21.300000     -0.06862151
 21.400000     -0.06803178
 21.500000     -0.06731025
 21.600000     -0.06665458
 21.700000     -0.06601979
 21.800000     -0.06558846
 21.900000     -0.06552983
 22.000000     -0.06595525
 22.100000     -0.06651417
 22.200000     -0.06696247
 22.300000     -0.06715675
 22.400000     -0.06722875
 22.500000     -0.06729329
 22.600000     -0.06741549
 22.700000     -0.06782300
 22.800000     -0.06824401
 22.900000     -0.06891814
 23.000000     -0.06972078
 23.100000     -0.07033803
 23.200000     -0.07028061
 23.300000     -0.06966140
 23.400000     -0.06879387
 23.500000     -0.06790916
 23.600000     -0.06720204
 23.700000     -0.06716993
 23.800000     -0.06723184
 23.900000     -0.06724097
 24.000000     -0.06712353
 24.100000     -0.06696018
 24.200000     -0.06660877
 24.300000     -0.06589108
 24.400000     -0.06493614
 24.500000     -0.06396373
 24.600000     -0.06330031
 24.700000     -0.06283007
 24.800000     -0.06231729
 24.900000     -0.06153430
 25.000000     -0.06025614
 25.100000     -0.05869334
 25.200000     -0.05681542
 25.300000     -0.05504342
 25.400000     -0.05382048
 25.500000     -0.05319286
 25.600000     -0.05303116
 25.700000     -0.05310769
 25.800000     -0.05343217
 25.900000     -0.05372827
 26.000000     -0.05399621
 26.100000     -0.05410209
 26.200000     -0.05381902
 26.300000     -0.05342691
 26.400000     -0.05275482
 26.500000     -0.05165207
 26.600000     -0.05033526
 26.700000     -0.04881125
 26.800000     -0.04689502
 26.900000     -0.04501521
 27.000000     -0.04281591
 27.100000     -0.04048117
 27.200000     -0.03789701
 27.300000     -0.03479360
 27.400000     -0.03129651
 27.500000     -0.02738357
 27.600000     -0.02356366
 27.700000     -0.02006304
 27.800000     -0.01696578
 27.900000     -0.01437142
 28.000000     -0.01227140
 28.100000     -0.01033610
 28.200000     -0.00822887
 28.300000     -0.00627307
 28.400000     -0.00460927
 28.500000     -0.00270880
 28.600000     -0.00078697
 28.700000      0.00098956
 28.800000      0.00238490
 28.900000      0.00365606
 29.000000      0.00507526
 29.100000      0.00681191
 29.200000      0.00887522
 29.300000      0.01105278
 29.400000      0.01317692
 29.500000      0.01514755
 29.600000      0.01664760
 29.700000      0.01765477
 29.800000      0.01848731
 29.900000      0.01917697
 30.000000      0.01943265
 30.100000      0.01955577
 30.200000      0.01975356
 30.300000      0.01947255
 30.400000      0.01904579
 30.500000      0.01832799
 30.600000      0.01750387
 30.700000      0.01670434
 30.800000      0.01585118
 30.900000      0.01523427
 31.000000      0.01446176
 31.100000      0.01371747
 31.200000      0.01317753
 31.300000      0.01273099
 31.400000      0.01250779
 31.500000      0.01232933
 31.600000      0.01185841
 31.700000      0.01118136
 31.800000      0.01042255
 31.900000      0.00945295
 32.000000      0.00846011
 32.100000      0.00723466
 32.200000      0.00581881
 32.300000      0.00453007
 32.400000      0.00352044
 32.500000      0.00232866
 32.600000      0.00111607
 32.700000     -0.00031786
 32.800000     -0.00153149
 32.900000     -0.00251637
 33.000000     -0.00337180
 33.100000     -0.00430005
 33.200000     -0.00564133
 33.300000     -0.00704072
 33.400000     -0.00829296
 33.500000     -0.00953494
 33.600000     -0.01057061
 33.700000     -0.01159769
 33.800000     -0.01308563
 33.900000     -0.01490129
 34.000000     -0.01692695
 34.100000     -0.01904033
 34.200000     -0.02102677
 34.300000     -0.02316780
 34.400000     -0.02530944
 34.500000     -0.02730623
 34.600000     -0.02909136
 34.700000     -0.03050453
 34.800000     -0.03163109
 34.900000     -0.03278769
 35.000000     -0.03323085
 35.100000     -0.03293421
 35.200000     -0.03203826
 35.300000     -0.03038676
 35.400000     -0.02842281
 35.500000     -0.02558791
 35.600000     -0.02171466
 35.700000     -0.01682458
 35.800000     -0.01084339
 35.900000     -0.00317519
 36.000000      0.00606455
 36.100000      0.01708715
 36.200000      0.03003750
 36.300000      0.04502909
 36.400000      0.06244326
 36.500000      0.08240881
 36.600000      0.10486803
 36.700000      0.13021240
 36.800000      0.15814422
 36.900000      0.18848689
 37.000000      0.22105519
 37.100000      0.25600359
 37.200000      0.29343743
 37.300000      0.33303136
 37.400000      0.37413175
 37.500000      0.41664463
 37.600000      0.46150895
 37.700000      0.50745688
 37.800000      0.55191296
 37.900000      0.59529129
 38.000000      0.63745043
 38.100000      0.67807727
 38.200000      0.71660982
 38.300000      0.75290928
 38.400000      0.78669824
 38.500000      0.81797095
 38.600000      0.84698259
 38.700000      0.87434278
 38.800000      0.90020060
 38.900000      0.92497329
 39.000000      0.94877635
 39.100000      0.97045301
 39.200000      0.98757273
 39.300000      0.99799591
 39.400000      1.00000000
 39.500000      0.98792901
 39.600000      0.96763076
 39.700000      0.94030597
 39.800000      0.91675135
 39.900000      0.89782677
