  0.000000     -0.01272645
  0.100000     -0.01202626
  0.200000     -0.01138460
  0.300000     -0.01059743
  0.400000     -0.00977922
  0.500000     -0.00891860
  0.600000     -0.00794286
  0.700000     -0.00688507
  0.800000     -0.00582526
  0.900000     -0.00486940
  1.000000     -0.00389342
  1.100000     -0.00295754
  1.200000     -0.00211700
  1.300000     -0.00152668
  1.400000     -0.00107920
  1.500000     -0.00055764
  1.600000     -0.00016820
  1.700000      0.00012878
  1.800000      0.00031092
  1.900000      0.00032160
  2.000000      0.00016746
  2.100000     -0.00045165
  2.200000     -0.00121301
  2.300000     -0.00221015
  2.400000     -0.00334123
  2.500000     -0.00455434
  2.600000     -0.00580544
  2.700000     -0.00716844
  2.800000     -0.00835571
  2.900000     -0.00945773
  3.000000     -0.01033794
  3.100000     -0.01108029
  3.200000     -0.01156107
  3.300000     -0.01180562
  3.400000     -0.01180293
  3.500000     -0.01161871
  3.600000     -0.01127384
  3.700000     -0.01090093
  3.800000     -0.01059223
  3.900000     -0.01029040
  4.000000     -0.00992128
  4.100000     -0.00958157
  4.200000     -0.00931168
  4.300000     -0.00922613
  4.400000     -0.00925495
  4.500000     -0.00940495
  4.600000     -0.00960070
  4.700000     -0.00968417
  4.800000     -0.00954173
  4.900000     -0.00942099
  5.000000     -0.00924774
  5.100000     -0.00894250
  5.200000     -0.00856388
  5.300000     -0.00830858
  5.400000     -0.00799320
  5.500000     -0.00756337
  5.600000     -0.00724748
  5.700000     -0.00689282
  5.800000     -0.00653659
  5.900000     -0.00631819
  6.000000     -0.00630238
  6.100000     -0.00615506
  6.200000     -0.00579184
  6.300000     -0.00511442
  6.400000     -0.00427677
  6.500000     -0.00326947
  6.600000     -0.00204234
  6.700000     -0.00073467
  6.800000      0.00059937
  6.900000      0.00198020
  7.000000      0.00342907
  7.100000      0.00471828
  7.200000      0.00589833
  7.300000      0.00702939
  7.400000      0.00813256
  7.500000      0.00892050
  7.600000      0.00958273
  7.700000      0.01013723
  7.800000      0.01072432
  7.900000      0.01114799
  8.000000      0.01125419
  8.100000      0.01083813
  8.200000      0.00964928
  8.300000      0.00816553
  8.400000      0.00660209
  8.500000      0.00478484
  8.600000      0.00304948
  8.700000      0.00103805
  8.800000     -0.00161199
  8.900000     -0.00400089
  9.000000     -0.00642374
  9.100000     -0.00873321
  9.200000     -0.01091457
  9.300000     -0.01261594
  9.400000     -0.01381304
  9.500000     -0.01458683
  9.600000     -0.01464204
  9.700000     -0.01410313
  9.800000     -0.01339514
  9.900000     -0.01246169
 10.000000     -0.01104501
 10.100000     -0.00950786
 10.200000     -0.00790769
 10.300000     -0.00596789
 10.400000     -0.00382093
 10.500000     -0.00148461
 10.600000      0.00110097
 10.700000      0.00363735
 10.800000      0.00618151
 10.900000      0.00856565
 11.000000      0.01106909
 11.100000      0.01364245
 11.200000      0.01614531
 11.300000      0.01875874
 11.400000      0.02152718
 11.500000      0.02424904
 11.600000      0.02699698
 11.700000      0.02935947
 11.800000      0.03167289
 11.900000      0.03360016
 12.000000      0.03519542
 12.100000      0.03619050
 12.200000      0.03693017
 12.300000      0.03756184
 12.400000      0.03811890
 12.500000      0.03835997
 12.600000      0.03902047
 12.700000      0.03965279
 12.800000      0.04016933
 12.900000      0.04068435
 13.000000      0.04148379
 13.100000      0.04236647
 13.200000      0.04274714
 13.300000      0.04273229
 13.400000      0.04271512
 13.500000      0.04237942
 13.600000      0.04209180
 13.700000      0.04194248
 13.800000      0.04153100
 13.900000      0.04068087
 14.000000      0.03967965
 14.100000      0.03921285
 14.200000      0.03876553
 14.300000      0.03843240
 14.400000      0.03811594
 14.500000      0.03782336
 14.600000      0.03748401
 14.700000      0.03663276
 14.800000      0.03535444
 14.900000      0.03388454
 15.000000      0.03217887
 15.100000      0.03045293
 15.200000      0.02863822
 15.300000      0.02716183
 15.400000      0.02581402
 15.500000      0.02410401
 15.600000      0.02205900
 15.700000      0.01971556
 15.800000      0.01716075
 15.900000      0.01483233
 16.000000      0.01218416
 16.100000      0.00964669
 16.200000      0.00733814
 16.300000      0.00481292
 16.400000      0.00261399
 16.500000      0.00037853
 16.600000     -0.00149479
 16.700000     -0.00349421
 16.800000     -0.00565456
 16.900000     -0.00713640
 17.000000     -0.00836310
 17.100000     -0.00878624
 17.200000     -0.00865643
 17.300000     -0.00775446
 17.400000     -0.00649014
 17.500000     -0.00518705
 17.600000     -0.00447165
 17.700000     -0.00458629
 17.800000     -0.00529767
 17.900000     -0.00641810
 18.000000     -0.00667543
 18.100000     -0.00625449
 18.200000     -0.00530206
 18.300000     -0.00335419
 18.400000     -0.00160223
 18.500000     -0.00048220
 18.600000     -0.00002626
 18.700000     -0.00025038
 18.800000     -0.00119120
 18.900000     -0.00247483
 19.000000     -0.00361732
 19.100000     -0.00483273
 19.200000     -0.00561280
 19.300000     -0.00605092
 19.400000     -0.01040119
 19.500000     -0.01395598
 19.600000     -0.01754936
 19.700000     -0.02138318
 19.800000     -0.02501541
 19.900000     -0.02906317
 20.000000     -0.03280472
 20.100000     -0.03604681
 20.200000     -0.03867490
 20.300000     -0.04093654
 20.400000     -0.04394978
 20.500000     -0.04598706
 20.600000     -0.04573539
 20.700000     -0.04587038
 20.800000     -0.04563885
 20.900000     -0.04586061
 21.000000     -0.04636406
 21.100000     -0.04822702
 21.200000     -0.04853722
 21.300000     -0.04790349
 21.400000     -0.04673477
 21.500000     -0.04400005
 21.600000     -0.04176973
 21.700000     -0.04047646
 21.800000     -0.04023054
 21.900000     -0.04143882
 22.000000     -0.04298585
 22.100000     -0.04320984
 22.200000     -0.04212138
 22.300000     -0.04053283
 22.400000     -0.03833469
 22.500000     -0.03574428
 22.600000     -0.03214458
 22.700000     -0.02871642
 22.800000     -0.02578150
 22.900000     -0.02302257
 23.000000     -0.02263400
 23.100000     -0.02371108
 23.200000     -0.02450767
 23.300000     -0.02694150
 23.400000     -0.02970004
 23.500000     -0.03372623
 23.600000     -0.03835852
 23.700000     -0.04336568
 23.800000     -0.04905493
 23.900000     -0.05508756
 24.000000     -0.06265702
 24.100000     -0.07252117
 24.200000     -0.08305203
 24.300000     -0.09531006
 24.400000     -0.10844075
 24.500000     -0.12077264
 24.600000     -0.13333848
 24.700000     -0.14516768
 24.800000     -0.15643636
 24.900000     -0.16383697
 25.000000     -0.17360999
 25.100000     -0.18441108
 25.200000     -0.19519285
 25.300000     -0.20592565
 25.400000     -0.21512519
 25.500000     -0.22434848
 25.600000     -0.22970519
 25.700000     -0.23209953
 25.800000     -0.23241589
 25.900000     -0.23129640
 26.000000     -0.22945684
 26.100000     -0.22628537
 26.200000     -0.21912848
 26.300000     -0.20559766
 26.400000     -0.18927653
 26.500000     -0.17040296
 26.600000     -0.14280145
 26.700000     -0.10800207
 26.800000     -0.06701610
 26.900000     -0.01817781
 27.000000      0.03557963
 27.100000      0.09360684
 27.200000      0.15710120
 27.300000      0.22616804
 27.400000      0.29733139
 27.500000      0.37274367
 27.600000      0.45280677
 27.700000      0.53221159
 27.800000      0.60859634
 27.900000      0.68199666
 28.000000      0.75207919
 28.100000      0.81569852
 28.200000      0.87335615
 28.300000      0.92043162
 28.400000      0.95459107
 28.500000      0.97796491
 28.600000      0.99268297
 28.700000      1.00000000
 28.800000      0.99862370
 28.900000      0.98785519
 29.000000      0.96903256
 29.100000      0.94165639
 29.200000      0.90464238
 29.300000      0.86050548
 29.400000      0.80518481
 29.500000      0.73804486
 29.600000      0.66127978
 29.700000      0.57317501
 29.800000      0.47666429
 29.900000      0.37490970
 30.000000      0.26794249
 30.100000      0.16092856
 30.200000      0.05731523
 30.300000     -0.04225183
 30.400000     -0.13380137
 30.500000     -0.21636196
 30.600000     -0.28768371
 30.700000     -0.34837142
 30.800000     -0.39687957
 30.900000     -0.43587378
 31.000000     -0.47002874
 31.100000     -0.49689035
 31.200000     -0.51592055
 31.300000     -0.52787923
 31.400000     -0.53443614
 31.500000     -0.53564674
 31.600000     -0.53266352
 31.700000     -0.52676167
 31.800000     -0.52075634
 31.900000     -0.51380001
 32.000000     -0.50496984
 32.100000     -0.49505711
 32.200000     -0.48405269
 32.300000     -0.47095667
 32.400000     -0.45554144
 32.500000     -0.43796351
 32.600000     -0.41801489
 32.700000     -0.39641857
 32.800000     -0.37416536
 32.900000     -0.35226926
 33.000000     -0.32993470
 33.100000     -0.30861370
 33.200000     -0.28839208
 33.300000     -0.26931446
 33.400000     -0.25148508
 33.500000     -0.23294930
 33.600000     -0.21481281
 33.700000     -0.19780749
 33.800000     -0.18369863
 33.900000     -0.17188295
 34.000000     -0.16205530
 34.100000     -0.15316388
 34.200000     -0.14582027
 34.300000     -0.13946320
 34.400000     -0.13391986
 34.500000     -0.12881276
 34.600000     -0.12318115
 34.700000     -0.11829934
 34.800000     -0.11430540
 34.900000     -0.11078719
 35.000000     -0.10673851
 35.100000     -0.10326841
 35.200000     -0.10058817
 35.300000     -0.09874681
 35.400000     -0.09716043
 35.500000     -0.09562823
 35.600000     -0.09420011
 35.700000     -0.09244487
 35.800000     -0.09091991
 35.900000     -0.08971996
 36.000000     -0.08886750
 36.100000     -0.08806403
 36.200000     -0.08750779
 36.300000     -0.08706348
 36.400000     -0.08683570
 36.500000     -0.08707483
 36.600000     -0.08785723
 36.700000     -0.08861186
 36.800000     -0.08942256
 36.900000     -0.09064401
 37.000000     -0.09187962
 37.100000     -0.09304768
 37.200000     -0.09419920
 37.300000     -0.09506027
 37.400000     -0.09596043
 37.500000     -0.09658845
 37.600000     -0.09698602
 37.700000     -0.09716429
 37.800000     -0.09711215
 37.900000     -0.09670242
 38.000000     -0.09667398
 38.100000     -0.09648100
 38.200000     -0.09640142
 38.300000     -0.09587878
 38.400000     -0.09476564
 38.500000     -0.09346105
 38.600000     -0.09191407
 38.700000     -0.09033771
 38.800000     -0.08872868
 38.900000     -0.08725536
 39.000000     -0.08566227
 39.100000     -0.08410906
 39.200000     -0.08264413
 39.300000     -0.08120789
 39.400000     -0.07976586
 39.500000     -0.07844172
 39.600000     -0.07735124
 39.700000     -0.07635714
 39.800000     -0.07543993
 39.900000     -0.07464585
