  0.000000      0.03734431
  0.100000      0.03634259
  0.200000      0.03529221
  0.300000      0.03513041
  0.400000      0.03608773
  0.500000      0.03692766
  0.600000      0.03826822
  0.700000      0.03842593
  0.800000      0.03916500
  0.900000      0.03947251
  1.000000      0.03974076
  1.100000      0.04024437
  1.200000      0.04109065
  1.300000      0.04232202
  1.400000      0.04378831
  1.500000      0.04561689
  1.600000      0.04796244
  1.700000      0.05124324
  1.800000      0.05621127
  1.900000      0.06273281
  2.000000      0.06893559
  2.100000      0.07380671
  2.200000      0.07739531
  2.300000      0.07918538
  2.400000      0.07999309
  2.500000      0.08037499
  2.600000      0.08072079
  2.700000      0.08083196
  2.800000      0.08087321
  2.900000      0.08065419
  3.000000      0.08036661
  3.100000      0.08058758
  3.200000      0.08114790
  3.300000      0.08155219
  3.400000      0.08168993
  3.500000      0.08196924
  3.600000      0.08326275
  3.700000      0.08525169
  3.800000      0.08731289
  3.900000      0.08904683
  4.000000      0.09061859
  4.100000      0.09240624
  4.200000      0.09439479
  4.300000      0.09674851
  4.400000      0.09914365
  4.500000      0.10090651
  4.600000      0.10155244
  4.700000      0.10078799
  4.800000      0.09879419
  4.900000      0.09584487
  5.000000      0.09166572
  5.100000      0.08770302
  5.200000      0.08309962
  5.300000      0.07443886
  5.400000      0.06565072
  5.500000      0.05828863
  5.600000      0.05141548
  5.700000      0.04559136
  5.800000      0.04063718
  5.900000      0.03521411
  6.000000      0.02845601
  6.100000      0.02093535
  6.200000      0.01404807
  6.300000      0.00945719
  6.400000      0.00748572
  6.500000      0.00845971
  6.600000      0.01224801
  6.700000      0.01752690
  6.800000      0.02716521
  6.900000      0.03513950
  7.000000      0.04365642
  7.100000      0.04942697
  7.200000      0.05381296
  7.300000      0.05863635
  7.400000      0.06229299
  7.500000      0.06543384
  7.600000      0.06254564
  7.700000      0.06331538
  7.800000      0.06639294
  7.900000      0.07392452
  8.000000      0.08026612
  8.100000      0.08437958
  8.200000      0.08773871
  8.300000      0.08834471
  8.400000      0.08666329
  8.500000      0.08645717
  8.600000      0.08703001
  8.700000      0.09203422
  8.800000      0.10052046
  8.900000      0.10650676
  9.000000      0.11008559
  9.100000      0.10963784
  9.200000      0.10256421
  9.300000      0.08978266
  9.400000      0.07955086
  9.500000      0.07049272
  9.600000      0.06238930
  9.700000      0.05132323
  9.800000      0.03825671
  9.900000      0.01940052
 10.000000      0.00280733
 10.100000     -0.00262254
 10.200000     -0.00029457
 10.300000      0.00502762
 10.400000      0.00724809
 10.500000      0.00555931
 10.600000      0.00370183
 10.700000      0.01016047
 10.800000      0.02304847
 10.900000      0.03627719
 11.000000      0.05035159
 11.100000      0.07113524
 11.200000      0.08692445
 11.300000      0.10177758
 11.400000      0.11739829
 11.500000      0.12644541
 11.600000      0.13969550
 11.700000      0.16703390
 11.800000      0.20573142
 11.900000      0.24861165
 12.000000      0.29879119
 12.100000      0.35721605
 12.200000      0.43195783
 12.300000      0.51497687
 12.400000      0.59728262
 12.500000      0.66069157
 12.600000      0.71450916
 12.700000      0.75670574
 12.800000      0.78831903
 12.900000      0.82377955
 13.000000      0.86912728
 13.100000      0.91712801
 13.200000      0.96014037
 13.300000      0.99069329
 13.400000      1.00000000
 13.500000      0.99452555
 13.600000      0.97847678
 13.700000      0.96694414
 13.800000      0.96430471
 13.900000      0.96788465
 14.000000      0.96644344
 14.100000      0.95447814
 14.200000      0.93601692
 14.300000      0.91988120
 14.400000      0.89504511
 14.500000      0.85355584
 14.600000      0.79756962
 14.700000      0.73711434
 14.800000      0.67923004
 14.900000      0.62961585
 15.000000      0.58075349
 15.100000      0.52781300
 15.200000      0.46707556
 15.300000      0.39999432
 15.400000      0.33787336
 15.500000      0.28892547
 15.600000      0.23928516
 15.700000      0.18778264
 15.800000      0.14048584
 15.900000      0.09903417
 16.000000      0.06039340
 16.100000      0.02385675
 16.200000     -0.00487809
 16.300000     -0.02407318
 16.400000     -0.04240625
 16.500000     -0.05975828
 16.600000     -0.07269163
 16.700000     -0.08107015
 16.800000     -0.08362303
 16.900000     -0.08977208
 17.000000     -0.10257589
 17.100000     -0.11706109
 17.200000     -0.13113763
 17.300000     -0.14521944
 17.400000     -0.15419568
 17.500000     -0.16094445
 17.600000     -0.16339505
 17.700000     -0.16517299
 17.800000     -0.17384531
 17.900000     -0.17722461
 18.000000     -0.17174401
 18.100000     -0.16454474
 18.200000     -0.16201004
 18.300000     -0.17179823
 18.400000     -0.18836214
 18.500000     -0.20218321
 18.600000     -0.20226543
 18.700000     -0.19617891
 18.800000     -0.20043154
 18.900000     -0.20963650
 19.000000     -0.21718687
 19.100000     -0.22363944
 19.200000     -0.22574069
 19.300000     -0.22991304
 19.400000     -0.22897097
 19.500000     -0.23245535
 19.600000     -0.24839885
 19.700000     -0.26599461
 19.800000     -0.27403975
 19.900000     -0.27474512
 20.000000     -0.27769962
 20.100000     -0.28671306
 20.200000     -0.28979542
 20.300000     -0.29591207
 20.400000     -0.30113198
 20.500000     -0.30397390
 20.600000     -0.30422471
 20.700000     -0.30356846
 20.800000     -0.29586016
 20.900000     -0.28672724
 21.000000     -0.28774560
 21.100000     -0.28615795
 21.200000     -0.28069433
 21.300000     -0.26993897
 21.400000     -0.26281776
 21.500000     -0.25022676
 21.600000     -0.23535850
 21.700000     -0.22773537
 21.800000     -0.23230578
 21.900000     -0.23390264
 22.000000     -0.22363674
 22.100000     -0.20666465
 22.200000     -0.19283655
 22.300000     -0.19234326
 22.400000     -0.19776289
 22.500000     -0.19478522
 22.600000     -0.17894388
 22.700000     -0.16373071
 22.800000     -0.15275199
 22.900000     -0.14741698
 23.000000     -0.14245449
 23.100000     -0.14020475
 23.200000     -0.14044150
 23.300000     -0.14171804
 23.400000     -0.14626802
 23.500000     -0.15791594
 23.600000     -0.16925530
 23.700000     -0.17334758
 23.800000     -0.18018619
 23.900000     -0.19378515
 24.000000     -0.20559510
 24.100000     -0.21130345
 24.200000     -0.21516969
 24.300000     -0.21850256
 24.400000     -0.21982521
 24.500000     -0.22035456
 24.600000     -0.21905632
 24.700000     -0.21550272
 24.800000     -0.21145959
 24.900000     -0.20924270
 25.000000     -0.20639123
 25.100000     -0.20538577
 25.200000     -0.20424264
 25.300000     -0.20696140
 25.400000     -0.21290170
 25.500000     -0.22081883
 25.600000     -0.22981214
 25.700000     -0.23887575
 25.800000     -0.24632178
 25.900000     -0.25316780
 26.000000     -0.25493167
 26.100000     -0.25559986
 26.200000     -0.25624319
 26.300000     -0.25408582
 26.400000     -0.24965295
 26.500000     -0.24239399
 26.600000     -0.23228430
 26.700000     -0.22250017
 26.800000     -0.21146814
 26.900000     -0.20228099
 27.000000     -0.19213488
 27.100000     -0.18317347
 27.200000     -0.17646990
 27.300000     -0.17164256
 27.400000     -0.16967433
 27.500000     -0.16903456
 27.600000     -0.16952499
 27.700000     -0.17021307
 27.800000     -0.17117497
 27.900000     -0.17478394
 28.000000     -0.18020836
 28.100000     -0.18802588
 28.200000     -0.19698172
 28.300000     -0.20520525
 28.400000     -0.21121508
 28.500000     -0.21517205
 28.600000     -0.21742082
 28.700000     -0.21774076
 28.800000     -0.21705389
 28.900000     -0.21630728
 29.000000     -0.21596045
 29.100000     -0.21539951
 29.200000     -0.21350654
 29.300000     -0.21097457
 29.400000     -0.20854274
 29.500000     -0.20482096
 29.600000     -0.19980874
 29.700000     -0.19510965
 29.800000     -0.19030244
 29.900000     -0.18580002
 30.000000     -0.18213180
 30.100000     -0.17959947
 30.200000     -0.17722900
 30.300000     -0.17610299
 30.400000     -0.17580606
 30.500000     -0.17665910
 30.600000     -0.17758998
 30.700000     -0.17974892
 30.800000     -0.18226413
 30.900000     -0.18491229
 31.000000     -0.18717665
 31.100000     -0.18918376
 31.200000     -0.19088368
 31.300000     -0.19191398
 31.400000     -0.19275098
 31.500000     -0.19372537
 31.600000     -0.19557857
 31.700000     -0.19924895
 31.800000     -0.20443459
 31.900000     -0.21081974
 32.000000     -0.21786623
 32.100000     -0.22481989
 32.200000     -0.23054760
 32.300000     -0.23496033
 32.400000     -0.23866310
 32.500000     -0.24198023
 32.600000     -0.24439887
 32.700000     -0.24529913
 32.800000     -0.24520277
 32.900000     -0.24401833
 33.000000     -0.24201960
 33.100000     -0.23957729
 33.200000     -0.23581198
 33.300000     -0.23069888
 33.400000     -0.22490980
 33.500000     -0.21854290
 33.600000     -0.21357438
 33.700000     -0.20930659
 33.800000     -0.20600116
 33.900000     -0.20303222
 34.000000     -0.19997617
 34.100000     -0.19548938
 34.200000     -0.19246535
 34.300000     -0.19091378
 34.400000     -0.18956423
 34.500000     -0.18941507
 34.600000     -0.18961759
 34.700000     -0.18925316
 34.800000     -0.18697651
 34.900000     -0.18354473
 35.000000     -0.17866827
 35.100000     -0.17308741
 35.200000     -0.16642277
 35.300000     -0.15929202
 35.400000     -0.15229679
 35.500000     -0.14647247
 35.600000     -0.14233791
 35.700000     -0.13867476
 35.800000     -0.13466501
 35.900000     -0.13041958
 36.000000     -0.12713255
 36.100000     -0.12454547
 36.200000     -0.12228528
 36.300000     -0.12068420
 36.400000     -0.11960845
 36.500000     -0.11907166
 36.600000     -0.11906478
 36.700000     -0.11933551
 36.800000     -0.11949383
 36.900000     -0.11889197
 37.000000     -0.11779553
 37.100000     -0.11639393
 37.200000     -0.11396826
 37.300000     -0.11110974
 37.400000     -0.10770624
 37.500000     -0.10482048
 37.600000     -0.10233491
 37.700000     -0.10138627
 37.800000     -0.10233094
 37.900000     -0.10452999
 38.000000     -0.10760127
 38.100000     -0.10977604
 38.200000     -0.11135119
 38.300000     -0.11360355
 38.400000     -0.11686113
 38.500000     -0.12144815
 38.600000     -0.12685165
 38.700000     -0.13245549
 38.800000     -0.13877490
 38.900000     -0.14564047
 39.000000     -0.15261192
 39.100000     -0.15906871
 39.200000     -0.16542254
 39.300000     -0.17194652
 39.400000     -0.17839148
 39.500000     -0.18369364
 39.600000     -0.18862248
 39.700000     -0.19268284
 39.800000     -0.19620831
 39.900000     -0.19939768
