  0.000000      0.00413128
  0.100000      0.00404440
  0.200000      0.00393118
  0.300000      0.00380460
  0.400000      0.00360442
  0.500000      0.00345623
  0.600000      0.00321079
  0.700000      0.00291355
  0.800000      0.00244286
  0.900000      0.00182584
  1.000000      0.00114393
  1.100000      0.00042513
  1.200000     -0.00027909
  1.300000     -0.00098561
  1.400000     -0.00170683
  1.500000     -0.00231740
  1.600000     -0.00299412
  1.700000     -0.00355942
  1.800000     -0.00407130
  1.900000     -0.00455935
  2.000000     -0.00493417
  2.100000     -0.00502013
  2.200000     -0.00525665
  2.300000     -0.00550820
  2.400000     -0.00549327
  2.500000     -0.00538327
  2.600000     -0.00516721
  2.700000     -0.00485468
  2.800000     -0.00435273
  2.900000     -0.00373650
  3.000000     -0.00304032
  3.100000     -0.00255516
  3.200000     -0.00209059
  3.300000     -0.00186258
  3.400000     -0.00169611
  3.500000     -0.00152300
  3.600000     -0.00123546
  3.700000     -0.00126435
  3.800000     -0.00136602
  3.900000     -0.00145009
  4.000000     -0.00169909
  4.100000     -0.00184614
  4.200000     -0.00212994
  4.300000     -0.00248689
  4.400000     -0.00271935
  4.500000     -0.00302511
  4.600000     -0.00333440
  4.700000     -0.00363672
  4.800000     -0.00435730
  4.900000     -0.00546889
  5.000000     -0.00675478
  5.100000     -0.00810368
  5.200000     -0.00982815
  5.300000     -0.01191713
  5.400000     -0.01382486
  5.500000     -0.01551221
  5.600000     -0.01749788
  5.700000     -0.01973121
  5.800000     -0.02190303
  5.900000     -0.02399470
  6.000000     -0.02605692
  6.100000     -0.02799549
  6.200000     -0.03017982
  6.300000     -0.03252134
  6.400000     -0.03496765
  6.500000     -0.03706534
  6.600000     -0.03889936
  6.700000     -0.04048894
  6.800000     -0.04175865
  6.900000     -0.04253688
  7.000000     -0.04259888
  7.100000     -0.04176759
  7.200000     -0.04013743
  7.300000     -0.03786561
  7.400000     -0.03453075
  7.500000     -0.02989555
  7.600000     -0.02400341
  7.700000     -0.01668465
  7.800000     -0.00783644
  7.900000      0.00295807
  8.000000      0.01598349
  8.100000      0.03135898
  8.200000      0.04875970
  8.300000      0.06850318
  8.400000      0.09087280
  8.500000      0.11574054
  8.600000      0.14324416
  8.700000      0.17297433
  8.800000      0.20512095
  8.900000      0.23951878
  9.000000      0.27609753
  9.100000      0.31486873
  9.200000      0.35557559
  9.300000      0.39804370
  9.400000      0.44176120
  9.500000      0.48628567
  9.600000      0.53121633
  9.700000      0.57604520
  9.800000      0.62084587
  9.900000      0.66537827
 10.000000      0.70921130
 10.100000      0.75157795
 10.200000      0.79250288
 10.300000      0.83070365
 10.400000      0.86626203
 10.500000      0.89815170
 10.600000      0.92696269
 10.700000      0.95205969
 10.800000      0.97205233
 10.900000      0.98625854
 11.000000      0.99535473
 11.100000      1.00000000
 11.200000      0.99873024
 11.300000      0.99163929
 11.400000      0.97877518
 11.500000      0.96082522
 11.600000      0.93763924
 11.700000      0.91019113
 11.800000      0.87883584
 11.900000      0.84322098
 12.000000      0.80353907
 12.100000      0.75987283
 12.200000      0.71237503
 12.300000      0.66135384
 12.400000      0.60698854
 12.500000      0.54961497
 12.600000      0.48991436
 12.700000      0.42848306
 12.800000      0.36568911
 12.900000      0.30167399
 13.000000      0.23744138
 13.100000      0.17365541
 13.200000      0.11117595
 13.300000      0.05025509
 13.400000     -0.00918002
 13.500000     -0.06653048
 13.600000     -0.12198561
 13.700000     -0.17517963
 13.800000     -0.22568390
 13.900000     -0.27392118
 14.000000     -0.31945905
 14.100000     -0.36217039
 14.200000     -0.40172059
 14.300000     -0.43976661
 14.400000     -0.47468415
 14.500000     -0.50624887
 14.600000     -0.53501457
 14.700000     -0.56130891
 14.800000     -0.58468946
 14.900000     -0.60554751
 15.000000     -0.62403107
 15.100000     -0.63957015
 15.200000     -0.65212323
 15.300000     -0.66209974
 15.400000     -0.66964927
 15.500000     -0.67400023
 15.600000     -0.67548706
 15.700000     -0.67483838
 15.800000     -0.67223554
 15.900000     -0.66773902
 16.000000     -0.66182186
 16.100000     -0.65434477
 16.200000     -0.64506201
 16.300000     -0.63432648
 16.400000     -0.62234595
 16.500000     -0.60915826
 16.600000     -0.59470766
 16.700000     -0.57875092
 16.800000     -0.56169477
 16.900000     -0.54395536
 17.000000     -0.52515890
 17.100000     -0.50579221
 17.200000     -0.48658248
 17.300000     -0.46744289
 17.400000     -0.44845017
 17.500000     -0.42967089
 17.600000     -0.41120970
 17.700000     -0.39287412
 17.800000     -0.37493382
 17.900000     -0.35781383
 18.000000     -0.34117290
 18.100000     -0.32525281
 18.200000     -0.31037688
 18.300000     -0.29532615
 18.400000     -0.28087494
 18.500000     -0.26727145
 18.600000     -0.25433360
 18.700000     -0.24215658
 18.800000     -0.23082671
 18.900000     -0.22011822
 19.000000     -0.21038919
 19.100000     -0.20122120
 19.200000     -0.19311702
 19.300000     -0.18601518
 19.400000     -0.17946348
 19.500000     -0.17374916
 19.600000     -0.16857813
 19.700000     -0.16391903
 19.800000     -0.15964174
 19.900000     -0.15549228
 20.000000     -0.15145652
 20.100000     -0.14780663
 20.200000     -0.14430591
 20.300000     -0.14095311
 20.400000     -0.13794830
 20.500000     -0.13561164
 20.600000     -0.13381641
 20.700000     -0.13237070
 20.800000     -0.13121413
 20.900000     -0.12995086
 21.000000     -0.12896066
 21.100000     -0.12795663
 21.200000     -0.12701607
 21.300000     -0.12627414
 21.400000     -0.12537188
 21.500000     -0.12426467
 21.600000     -0.12304410
 21.700000     -0.12182939
 21.800000     -0.12048710
 21.900000     -0.11891455
 22.000000     -0.11712191
 22.100000     -0.11506845
 22.200000     -0.11304986
 22.300000     -0.11063414
 22.400000     -0.10830343
 22.500000     -0.10614169
 22.600000     -0.10410160
 22.700000     -0.10206276
 22.800000     -0.10015936
 22.900000     -0.09850277
 23.000000     -0.09682942
 23.100000     -0.09560275
 23.200000     -0.09485593
 23.300000     -0.09419841
 23.400000     -0.09344294
 23.500000     -0.09272669
 23.600000     -0.09175201
 23.700000     -0.09042539
 23.800000     -0.08873563
 23.900000     -0.08673000
 24.000000     -0.08443323
 24.100000     -0.08199572
 24.200000     -0.07972522
 24.300000     -0.07698763
 24.400000     -0.07375450
 24.500000     -0.07015980
 24.600000     -0.06640167
 24.700000     -0.06255182
 24.800000     -0.05891269
 24.900000     -0.05515445
 25.000000     -0.05138634
 25.100000     -0.04778371
 25.200000     -0.04480817
 25.300000     -0.04208145
 25.400000     -0.03964841
 25.500000     -0.03768737
 25.600000     -0.03593464
 25.700000     -0.03402673
 25.800000     -0.03212815
 25.900000     -0.03007053
 26.000000     -0.02763673
 26.100000     -0.02513638
 26.200000     -0.02250725
 26.300000     -0.02001535
 26.400000     -0.01768712
 26.500000     -0.01509118
 26.600000     -0.01305328
 26.700000     -0.01157118
 26.800000     -0.01063615
 26.900000     -0.01006620
 27.000000     -0.00990680
 27.100000     -0.01012552
 27.200000     -0.01062097
 27.300000     -0.01116398
 27.400000     -0.01161538
 27.500000     -0.01190504
 27.600000     -0.01212292
 27.700000     -0.01206738
 27.800000     -0.01220505
 27.900000     -0.01237082
 28.000000     -0.01242354
 28.100000     -0.01257932
 28.200000     -0.01261959
 28.300000     -0.01292353
 28.400000     -0.01324146
 28.500000     -0.01313012
 28.600000     -0.01281605
 28.700000     -0.01210401
 28.800000     -0.01129498
 28.900000     -0.01040863
 29.000000     -0.00928273
 29.100000     -0.00801862
 29.200000     -0.00704762
 29.300000     -0.00621535
 29.400000     -0.00550019
 29.500000     -0.00471953
 29.600000     -0.00394962
 29.700000     -0.00323312
 29.800000     -0.00269181
 29.900000     -0.00253055
 30.000000     -0.00210221
 30.100000     -0.00154605
 30.200000     -0.00071485
 30.300000      0.00000297
 30.400000      0.00086270
 30.500000      0.00171918
 30.600000      0.00294090
 30.700000      0.00416878
 30.800000      0.00548706
 30.900000      0.00630578
 31.000000      0.00726360
 31.100000      0.00814659
 31.200000      0.00913683
 31.300000      0.01001205
 31.400000      0.01057333
 31.500000      0.01083058
 31.600000      0.01128125
 31.700000      0.01166812
 31.800000      0.01195775
 31.900000      0.01245949
 32.000000      0.01331555
 32.100000      0.01444626
 32.200000      0.01548642
 32.300000      0.01699658
 32.400000      0.01846749
 32.500000      0.01974466
 32.600000      0.02090544
 32.700000      0.02173439
 32.800000      0.02249067
 32.900000      0.02275835
 33.000000      0.02256485
 33.100000      0.02246552
 33.200000      0.02221136
 33.300000      0.02177450
 33.400000      0.02195042
 33.500000      0.02230572
 33.600000      0.02273327
 33.700000      0.02327368
 33.800000      0.02388515
 33.900000      0.02445340
 34.000000      0.02500912
 34.100000      0.02577247
 34.200000      0.02684970
 34.300000      0.02767975
 34.400000      0.02820523
 34.500000      0.02873132
 34.600000      0.02901419
 34.700000      0.02881846
 34.800000      0.02816765
 34.900000      0.02757162
 35.000000      0.02661543
 35.100000      0.02552396
 35.200000      0.02428527
 35.300000      0.02309546
 35.400000      0.02187755
 35.500000      0.02094748
 35.600000      0.02005863
 35.700000      0.01938632
 35.800000      0.01863445
 35.900000      0.01801012
 36.000000      0.01764728
 36.100000      0.01732434
 36.200000      0.01721368
 36.300000      0.01720808
 36.400000      0.01732285
 36.500000      0.01741037
 36.600000      0.01732776
 36.700000      0.01707392
 36.800000      0.01686600
 36.900000      0.01671528
 37.000000      0.01659636
 37.100000      0.01666714
 37.200000      0.01691258
 37.300000      0.01718812
 37.400000      0.01745614
 37.500000      0.01778476
 37.600000      0.01805668
 37.700000      0.01850337
 37.800000      0.01920646
 37.900000      0.01988538
 38.000000      0.02054561
 38.100000      0.02120430
 38.200000      0.02181943
 38.300000      0.02259038
 38.400000      0.02344001
 38.500000      0.02418457
 38.600000      0.02483221
 38.700000      0.02539579
 38.800000      0.02612485
 38.900000      0.02671574
 39.000000      0.02726757
 39.100000      0.02790442
 39.200000      0.02847919
 39.300000      0.02885659
 39.400000      0.02905708
 39.500000      0.02899785
 39.600000      0.02895970
 39.700000      0.02891616
 39.800000      0.02880631
 39.900000      0.02857157
