  0.000000     -0.03283886
  0.100000     -0.03244675
  0.200000     -0.03209131
  0.300000     -0.03174310
  0.400000     -0.03144700
  0.500000     -0.03143665
  0.600000     -0.03164118
  0.700000     -0.03182896
  0.800000     -0.03206015
  0.900000     -0.03223364
  1.000000     -0.03200065
  1.100000     -0.03192247
  1.200000     -0.03139370
  1.300000     -0.03089638
  1.400000     -0.03072883
  1.500000     -0.03081214
  1.600000     -0.03113764
  1.700000     -0.03082152
  1.800000     -0.03081999
  1.900000     -0.03110826
  2.000000     -0.03033594
  2.100000     -0.02983492
  2.200000     -0.03021761
  2.300000     -0.03026988
  2.400000     -0.03009346
  2.500000     -0.03054943
  2.600000     -0.03011242
  2.700000     -0.02984115
  2.800000     -0.03014980
  2.900000     -0.02999742
  3.000000     -0.03122469
  3.100000     -0.03127891
  3.200000     -0.03094824
  3.300000     -0.03201883
  3.400000     -0.03190160
  3.500000     -0.03220896
  3.600000     -0.03210073
  3.700000     -0.03241724
  3.800000     -0.03292439
  3.900000     -0.03326035
  4.000000     -0.03326594
  4.100000     -0.03316278
  4.200000     -0.03395997
  4.300000     -0.03379386
  4.400000     -0.03344124
  4.500000     -0.03376817
  4.600000     -0.03258298
  4.700000     -0.03282185
  4.800000     -0.03309356
  4.900000     -0.03343534
  5.000000     -0.03477600
  5.100000     -0.03634543
  5.200000     -0.03740889
  5.300000     -0.03752037
  5.400000     -0.03777658
  5.500000     -0.03846994
  5.600000     -0.03883370
  5.700000     -0.03930164
  5.800000     -0.03971660
  5.900000     -0.04027852
  6.000000     -0.04047281
  6.100000     -0.04103508
  6.200000     -0.04227061
  6.300000     -0.04303749
  6.400000     -0.04354808
  6.500000     -0.04385403
  6.600000     -0.04402738
  6.700000     -0.04453994
  6.800000     -0.04543536
  6.900000     -0.04632681
  7.000000     -0.04720103
  7.100000     -0.04850687
  7.200000     -0.04945854
  7.300000     -0.05073770
  7.400000     -0.05292865
  7.500000     -0.05464809
  7.600000     -0.05501959
  7.700000     -0.05559525
  7.800000     -0.05570288
  7.900000     -0.05453521
  8.000000     -0.05323420
  8.100000     -0.05204982
  8.200000     -0.05138477
  8.300000     -0.05042507
  8.400000     -0.04990940
  8.500000     -0.05067019
  8.600000     -0.05072482
  8.700000     -0.05117423
  8.800000     -0.05202175
  8.900000     -0.05253142
  9.000000     -0.05323556
  9.100000     -0.05330569
  9.200000     -0.05285742
  9.300000     -0.05245239
  9.400000     -0.05171338
  9.500000     -0.05046749
  9.600000     -0.04910222
  9.700000     -0.04820000
  9.800000     -0.04686634
  9.900000     -0.04616405
 10.000000     -0.04534536
 10.100000     -0.04261626
 10.200000     -0.04111444
 10.300000     -0.03945100
 10.400000     -0.03646861
 10.500000     -0.03476780
 10.600000     -0.03324250
 10.700000     -0.03133975
 10.800000     -0.02993622
 10.900000     -0.02953579
 11.000000     -0.02921706
 11.100000     -0.02924006
 11.200000     -0.02872458
 11.300000     -0.02904729
 11.400000     -0.03003304
 11.500000     -0.02862578
 11.600000     -0.02635599
 11.700000     -0.02333780
 11.800000     -0.01978218
 11.900000     -0.01615389
 12.000000     -0.01142994
 12.100000     -0.00606115
 12.200000     -0.00119654
 12.300000      0.00479901
 12.400000      0.01211000
 12.500000      0.02024536
 12.600000      0.03152730
 12.700000      0.04604383
 12.800000      0.06212888
 12.900000      0.08110001
 13.000000      0.10140057
 13.100000      0.12306451
 13.200000      0.14718998
 13.300000      0.17372556
 13.400000      0.20171558
 13.500000      0.23194511
 13.600000      0.26450377
 13.700000      0.29797535
 13.800000      0.33393329
 13.900000      0.37008779
 14.000000      0.40813966
 14.100000      0.44897792
 14.200000      0.48892460
 14.300000      0.52816810
 14.400000      0.56839825
 14.500000      0.60977445
 14.600000      0.64954223
 14.700000      0.68825649
 14.800000      0.72671744
 14.900000      0.76572273
 15.000000      0.80140709
 15.100000      0.83122337
 15.200000      0.85980701
 15.300000      0.88618966
 15.400000      0.91015716
 15.500000      0.93135979
 15.600000      0.95085742
 15.700000      0.96651303
 15.800000      0.97874270
 15.900000      0.98650226
 16.000000      0.99251299
 16.100000      0.99634469
 16.200000      0.99963196
 16.300000      1.00000000
 16.400000      0.99410618
 16.500000      0.98398949
 16.600000      0.97140195
 16.700000      0.95423900
 16.800000      0.93619918
 16.900000      0.91602892
 17.000000      0.89094894
 17.100000      0.86437414
 17.200000      0.83601622
 17.300000      0.80659540
 17.400000      0.77751722
 17.500000      0.74649570
 17.600000      0.71553923
 17.700000      0.68529278
 17.800000      0.65432041
 17.900000      0.62176890
 18.000000      0.58615006
 18.100000      0.54836605
 18.200000      0.50982431
 18.300000      0.47051847
 18.400000      0.43099199
 18.500000      0.39062362
 18.600000      0.35111118
 18.700000      0.31465885
 18.800000      0.28086021
 18.900000      0.24927912
 19.000000      0.21991270
 19.100000      0.19373370
 19.200000      0.17153616
 19.300000      0.15125050
 19.400000      0.13129805
 19.500000      0.11191490
 19.600000      0.09395069
 19.700000      0.07663307
 19.800000      0.05833696
 19.900000      0.04403182
 20.000000      0.02933265
 20.100000      0.01678800
 20.200000      0.00728696
 20.300000     -0.00160670
 20.400000     -0.01134948
 20.500000     -0.01981255
 20.600000     -0.02838420
 20.700000     -0.03906262
 20.800000     -0.04918055
 20.900000     -0.06051201
 21.000000     -0.07247161
 21.100000     -0.08314848
 21.200000     -0.09210647
 21.300000     -0.10189863
 21.400000     -0.10933374
 21.500000     -0.11667098
 21.600000     -0.12407012
 21.700000     -0.13111973
 21.800000     -0.13674957
 21.900000     -0.14072289
 22.000000     -0.14541042
 22.100000     -0.14976737
 22.200000     -0.15370688
 22.300000     -0.15794410
 22.400000     -0.16180574
 22.500000     -0.16615535
 22.600000     -0.17013902
 22.700000     -0.17312089
 22.800000     -0.17604559
 22.900000     -0.17965176
 23.000000     -0.18298034
 23.100000     -0.18643868
 23.200000     -0.19065060
 23.300000     -0.19425450
 23.400000     -0.19560777
 23.500000     -0.19620092
 23.600000     -0.19654716
 23.700000     -0.19588431
 23.800000     -0.19404991
 23.900000     -0.19148444
 24.000000     -0.18876080
 24.100000     -0.18566351
 24.200000     -0.18231597
 24.300000     -0.17919127
 24.400000     -0.17656500
 24.500000     -0.17439595
 24.600000     -0.17338943
 24.700000     -0.17301347
 24.800000     -0.17290173
 24.900000     -0.17347393
 25.000000     -0.17432883
 25.100000     -0.17565638
 25.200000     -0.17765681
 25.300000     -0.17969295
 25.400000     -0.18131668
 25.500000     -0.18236150
 25.600000     -0.18227243
 25.700000     -0.18377438
 25.800000     -0.18658569
 25.900000     -0.18830943
 26.000000     -0.19040080
 26.100000     -0.19158695
 26.200000     -0.19173333
 26.300000     -0.19263264
 26.400000     -0.19343442
 26.500000     -0.19460698
 26.600000     -0.19606198
 26.700000     -0.19697637
 26.800000     -0.19903951
 26.900000     -0.20259372
 27.000000     -0.20630591
 27.100000     -0.21069942
 27.200000     -0.21485801
 27.300000     -0.21783106
 27.400000     -0.22080288
 27.500000     -0.22265500
 27.600000     -0.22361980
 27.700000     -0.22440630
 27.800000     -0.22414887
 27.900000     -0.22327699
 28.000000     -0.22208046
 28.100000     -0.22051552
 28.200000     -0.21911158
 28.300000     -0.21759879
 28.400000     -0.21678368
 28.500000     -0.21708406
 28.600000     -0.21679706
 28.700000     -0.21672344
 28.800000     -0.21694855
 28.900000     -0.21619340
 29.000000     -0.21498573
 29.100000     -0.21422169
 29.200000     -0.21344188
 29.300000     -0.21333753
 29.400000     -0.21316416
 29.500000     -0.21280390
 29.600000     -0.21230664
 29.700000     -0.21230754
 29.800000     -0.21279869
 29.900000     -0.21344314
 30.000000     -0.21374461
 30.100000     -0.21304196
 30.200000     -0.21201223
 30.300000     -0.21087964
 30.400000     -0.21034434
 30.500000     -0.20992962
 30.600000     -0.20998628
 30.700000     -0.20957688
 30.800000     -0.20910312
 30.900000     -0.20992640
 31.000000     -0.21025345
 31.100000     -0.21009398
 31.200000     -0.21106104
 31.300000     -0.21227638
 31.400000     -0.21252996
 31.500000     -0.21389989
 31.600000     -0.21630386
 31.700000     -0.21808292
 31.800000     -0.21910982
 31.900000     -0.22004162
 32.000000     -0.22080492
 32.100000     -0.22162465
 32.200000     -0.22238952
 32.300000     -0.22333221
 32.400000     -0.22503689
 32.500000     -0.22617787
 32.600000     -0.22640414
 32.700000     -0.22763916
 32.800000     -0.22920304
 32.900000     -0.22952553
 33.000000     -0.23007596
 33.100000     -0.23059760
 33.200000     -0.23108770
 33.300000     -0.23255133
 33.400000     -0.23342507
 33.500000     -0.23395648
 33.600000     -0.23487056
 33.700000     -0.23530448
 33.800000     -0.23596254
 33.900000     -0.23680937
 34.000000     -0.23679648
 34.100000     -0.23721050
 34.200000     -0.23830415
 34.300000     -0.23925088
 34.400000     -0.24001387
 34.500000     -0.24074753
 34.600000     -0.24183825
 34.700000     -0.24301903
 34.800000     -0.24341000
 34.900000     -0.24375621
 35.000000     -0.24380415
 35.100000     -0.24296478
 35.200000     -0.24155541
 35.300000     -0.24073470
 35.400000     -0.24040377
 35.500000     -0.23963107
 35.600000     -0.23916483
 35.700000     -0.23955722
 35.800000     -0.23957814
 35.900000     -0.23939525
 36.000000     -0.23991222
 36.100000     -0.24103805
 36.200000     -0.24268632
 36.300000     -0.24413603
 36.400000     -0.24529985
 36.500000     -0.24643088
 36.600000     -0.24747377
 36.700000     -0.24866995
 36.800000     -0.24896828
 36.900000     -0.24925281
 37.000000     -0.25017141
 37.100000     -0.25006687
 37.200000     -0.24963806
 37.300000     -0.24959766
 37.400000     -0.24940185
 37.500000     -0.24918097
 37.600000     -0.24880417
 37.700000     -0.24790012
 37.800000     -0.24765477
 37.900000     -0.24818927
 38.000000     -0.24737109
 38.100000     -0.24636720
 38.200000     -0.24658128
 38.300000     -0.24755383
 38.400000     -0.24837441
 38.500000     -0.24905606
 38.600000     -0.24984063
 38.700000     -0.25098757
 38.800000     -0.25233080
 38.900000     -0.25353338
 39.000000     -0.25472201
 39.100000     -0.25602764
 39.200000     -0.25701337
 39.300000     -0.25768886
 39.400000     -0.25853137
 39.500000     -0.25949839
 39.600000     -0.26013634
 39.700000     -0.26067275
 39.800000     -0.26126713
 39.900000     -0.26177080
