  0.000000     -0.00600684
  0.100000     -0.00573380
  0.200000     -0.00578200
  0.300000     -0.00590787
  0.400000     -0.00585564
  0.500000     -0.00678799
  0.600000     -0.00667840
  0.700000     -0.00671753
  0.800000     -0.00659710
  0.900000     -0.00671254
  1.000000     -0.00650072
  1.100000     -0.00634930
  1.200000     -0.00623365
  1.300000     -0.00542419
  1.400000     -0.00548543
  1.500000     -0.00502723
  1.600000     -0.00479202
  1.700000     -0.00480745
  1.800000     -0.00488481
  1.900000     -0.00495917
  2.000000     -0.00576474
  2.100000     -0.00529181
  2.200000     -0.00479985
  2.300000     -0.00473416
  2.400000     -0.00443212
  2.500000     -0.00446142
  2.600000     -0.00540765
  2.700000     -0.00539699
  2.800000     -0.00495869
  2.900000     -0.00544530
  3.000000     -0.00585118
  3.100000     -0.00588992
  3.200000     -0.00588676
  3.300000     -0.00610095
  3.400000     -0.00673235
  3.500000     -0.00724886
  3.600000     -0.00783685
  3.700000     -0.00821608
  3.800000     -0.00875560
  3.900000     -0.00891991
  4.000000     -0.00879481
  4.100000     -0.00990754
  4.200000     -0.01162582
  4.300000     -0.01308219
  4.400000     -0.01443191
  4.500000     -0.01544246
  4.600000     -0.01659513
  4.700000     -0.01827964
  4.800000     -0.01876761
  4.900000     -0.01983821
  5.000000     -0.02088734
  5.100000     -0.02200853
  5.200000     -0.02283493
  5.300000     -0.02414594
  5.400000     -0.02491269
  5.500000     -0.02552479
  5.600000     -0.02603466
  5.700000     -0.02645562
  5.800000     -0.02677703
  5.900000     -0.02713501
  6.000000     -0.02692972
  6.100000     -0.02674428
  6.200000     -0.02633827
  6.300000     -0.02626233
  6.400000     -0.02673951
  6.500000     -0.02648965
  6.600000     -0.02595823
  6.700000     -0.02530119
  6.800000     -0.02483226
  6.900000     -0.02433066
  7.000000     -0.02381204
  7.100000     -0.02328229
  7.200000     -0.02275815
  7.300000     -0.02230134
  7.400000     -0.02172380
  7.500000     -0.02133363
  7.600000     -0.02124326
  7.700000     -0.02150146
  7.800000     -0.02145001
  7.900000     -0.02149473
  8.000000     -0.02164237
  8.100000     -0.02190344
  8.200000     -0.02228520
  8.300000     -0.02279387
  8.400000     -0.02344196
  8.500000     -0.02423919
  8.600000     -0.02487559
  8.700000     -0.02594715
  8.800000     -0.02715582
  8.900000     -0.02849739
  9.000000     -0.02997145
  9.100000     -0.03158201
  9.200000     -0.03332574
  9.300000     -0.03519883
  9.400000     -0.03720060
  9.500000     -0.03932836
  9.600000     -0.04158249
  9.700000     -0.04396052
  9.800000     -0.04645616
  9.900000     -0.04906975
 10.000000     -0.05179126
 10.100000     -0.05461332
 10.200000     -0.05752753
 10.300000     -0.06052079
 10.400000     -0.06357343
 10.500000     -0.06667209
 10.600000     -0.06978867
 10.700000     -0.07290494
 10.800000     -0.07599482
 10.900000     -0.07902947
 11.000000     -0.08197803
 11.100000     -0.08480843
 11.200000     -0.08748692
 11.300000     -0.08997346
 11.400000     -0.09222667
 11.500000     -0.09420531
 11.600000     -0.09586735
 11.700000     -0.09716990
 11.800000     -0.09806137
 11.900000     -0.09849748
 12.000000     -0.09842779
 12.100000     -0.09779846
 12.200000     -0.09655898
 12.300000     -0.09465945
 12.400000     -0.09205457
 12.500000     -0.08869821
 12.600000     -0.08454438
 12.700000     -0.07955392
 12.800000     -0.07367972
 12.900000     -0.06688940
 13.000000     -0.05914310
 13.100000     -0.05041780
 13.200000     -0.04069051
 13.300000     -0.02994464
 13.400000     -0.01815538
 13.500000     -0.00531802
 13.600000      0.00857441
 13.700000      0.02352499
 13.800000      0.03953197
 13.900000      0.05659514
 14.000000      0.07470435
 14.100000      0.09383800
 14.200000      0.11398212
 14.300000      0.13511663
 14.400000      0.15721357
 14.500000      0.18024112
 14.600000      0.20416323
 14.700000      0.22893907
 14.800000      0.25451980
 14.900000      0.28085622
 15.000000      0.30789569
 15.100000      0.33557825
 15.200000      0.36383527
 15.300000      0.39260048
 15.400000      0.42179403
 15.500000      0.45134102
 15.600000      0.48116022
 15.700000      0.51116409
 15.800000      0.54125825
 15.900000      0.57135343
 16.000000      0.60134740
 16.100000      0.63114023
 16.200000      0.66063000
 16.300000      0.68970707
 16.400000      0.71825792
 16.500000      0.74616401
 16.600000      0.77330720
 16.700000      0.79956689
 16.800000      0.82480828
 16.900000      0.84890502
 17.000000      0.87171917
 17.100000      0.89311717
 17.200000      0.91295657
 17.300000      0.93110929
 17.400000      0.94744021
 17.500000      0.96180622
 17.600000      0.97407250
 17.700000      0.98413730
 17.800000      0.99187942
 17.900000      0.99717955
 18.000000      0.99991777
 18.100000      1.00000000
 18.200000      0.99734621
 18.300000      0.99192330
 18.400000      0.98369102
 18.500000      0.97262618
 18.600000      0.95871278
 18.700000      0.94195311
 18.800000      0.92236190
 18.900000      0.89999413
 19.000000      0.87490544
 19.100000      0.84716005
 19.200000      0.81686265
 19.300000      0.78412329
 19.400000      0.74906308
 19.500000      0.71182878
 19.600000      0.67257730
 19.700000      0.63148217
 19.800000      0.58871728
 19.900000      0.54448182
 20.000000      0.49897325
 20.100000      0.45239867
 20.200000      0.40496888
 20.300000      0.35689190
 20.400000      0.30838183
 20.500000      0.25965216
 20.600000      0.21090757
 20.700000      0.16234713
 20.800000      0.11416928
 20.900000      0.06656134
 21.000000      0.01969505
 21.100000     -0.02626236
 21.200000     -0.07115375
 21.300000     -0.11483148
 21.400000     -0.15716633
 21.500000     -0.19804251
 21.600000     -0.23734827
 21.700000     -0.27499496
 21.800000     -0.31090789
 21.900000     -0.34501874
 22.000000     -0.37727422
 22.100000     -0.40762639
 22.200000     -0.43604273
 22.300000     -0.46250754
 22.400000     -0.48701527
 22.500000     -0.50956793
 22.600000     -0.53017265
 22.700000     -0.54885113
 22.800000     -0.56561627
 22.900000     -0.58050627
 23.000000     -0.59355502
 23.100000     -0.60479926
 23.200000     -0.61429096
 23.300000     -0.62208587
 23.400000     -0.62823424
 23.500000     -0.63279630
 23.600000     -0.63583700
 23.700000     -0.63742010
 23.800000     -0.63761241
 23.900000     -0.63647945
 24.000000     -0.63408895
 24.100000     -0.63050991
 24.200000     -0.62580908
 24.300000     -0.62004869
 24.400000     -0.61328945
 24.500000     -0.60559918
 24.600000     -0.59703309
 24.700000     -0.58765447
 24.800000     -0.57751923
 24.900000     -0.56668504
 25.000000     -0.55520624
 25.100000     -0.54314329
 25.200000     -0.53055411
 25.300000     -0.51749480
 25.400000     -0.50402503
 25.500000     -0.49020191
 25.600000     -0.47607135
 25.700000     -0.46169083
 25.800000     -0.44711163
 25.900000     -0.43238526
 26.000000     -0.41756201
 26.100000     -0.40268334
 26.200000     -0.38779550
 26.300000     -0.37294127
 26.400000     -0.35816564
 26.500000     -0.34350836
 26.600000     -0.32900670
 26.700000     -0.31469865
 26.800000     -0.30062098
 26.900000     -0.28680056
 27.000000     -0.27326849
 27.100000     -0.26005509
 27.200000     -0.24718882
 27.300000     -0.23468630
 27.400000     -0.22256779
 27.500000     -0.21085612
 27.600000     -0.19956654
 27.700000     -0.18871265
 27.800000     -0.17830497
 27.900000     -0.16835857
 28.000000     -0.15889205
 28.100000     -0.14991671
 28.200000     -0.14143843
 28.300000     -0.13346036
 28.400000     -0.12598330
 28.500000     -0.11901102
 28.600000     -0.11253669
 28.700000     -0.10655936
 28.800000     -0.10106623
 28.900000     -0.09616930
 29.000000     -0.09159861
 29.100000     -0.08746946
 29.200000     -0.08376722
 29.300000     -0.08047203
 29.400000     -0.07756526
 29.500000     -0.07502707
 29.600000     -0.07283702
 29.700000     -0.07097216
 29.800000     -0.06941471
 29.900000     -0.06814782
 30.000000     -0.06714845
 30.100000     -0.06639885
 30.200000     -0.06588125
 30.300000     -0.06557174
 30.400000     -0.06545085
 30.500000     -0.06550182
 30.600000     -0.06570696
 30.700000     -0.06604573
 30.800000     -0.06649783
 30.900000     -0.06704708
 31.000000     -0.06767576
 31.100000     -0.06837050
 31.200000     -0.06911244
 31.300000     -0.06988620
 31.400000     -0.07067841
 31.500000     -0.07147554
 31.600000     -0.07226528
 31.700000     -0.07303313
 31.800000     -0.07376787
 31.900000     -0.07445701
 32.000000     -0.07529030
 32.100000     -0.07598893
 32.200000     -0.07650174
 32.300000     -0.07693181
 32.400000     -0.07727715
 32.500000     -0.07754188
 32.600000     -0.07771593
 32.700000     -0.07780047
 32.800000     -0.07780247
 32.900000     -0.07771750
 33.000000     -0.07755440
 33.100000     -0.07732654
 33.200000     -0.07690378
 33.300000     -0.07632972
 33.400000     -0.07601318
 33.500000     -0.07571737
 33.600000     -0.07537817
 33.700000     -0.07442467
 33.800000     -0.07386260
 33.900000     -0.07346120
 34.000000     -0.07299388
 34.100000     -0.07298355
 34.200000     -0.07268799
 34.300000     -0.07242019
 34.400000     -0.07220095
 34.500000     -0.07197928
 34.600000     -0.07133128
 34.700000     -0.07016852
 34.800000     -0.06991697
 34.900000     -0.06968655
 35.000000     -0.06942283
 35.100000     -0.06945757
 35.200000     -0.06916410
 35.300000     -0.06879838
 35.400000     -0.06842974
 35.500000     -0.06753252
 35.600000     -0.06652450
 35.700000     -0.06519224
 35.800000     -0.06396919
 35.900000     -0.06293701
 36.000000     -0.06194007
 36.100000     -0.06093792
 36.200000     -0.06028692
 36.300000     -0.05920972
 36.400000     -0.05767951
 36.500000     -0.05559607
 36.600000     -0.05435942
 36.700000     -0.05305337
 36.800000     -0.05056379
 36.900000     -0.04867127
 37.000000     -0.04680533
 37.100000     -0.04624352
 37.200000     -0.04518614
 37.300000     -0.04407208
 37.400000     -0.04296643
 37.500000     -0.04187879
 37.600000     -0.04067761
 37.700000     -0.03916598
 37.800000     -0.03809621
 37.900000     -0.03732251
 38.000000     -0.03638039
 38.100000     -0.03546096
 38.200000     -0.03382263
 38.300000     -0.03310176
 38.400000     -0.03279006
 38.500000     -0.03259076
 38.600000     -0.03264527
 38.700000     -0.03329336
 38.800000     -0.03313024
 38.900000     -0.03306870
 39.000000     -0.03314681
 39.100000     -0.03300494
 39.200000     -0.03310310
 39.300000     -0.03332520
 39.400000     -0.03369767
 39.500000     -0.03394979
 39.600000     -0.03299709
 39.700000     -0.03341724
 39.800000     -0.03379244
 39.900000     -0.03416373
