  0.000000     -0.01577047
  0.100000     -0.01552931
  0.200000     -0.01528503
  0.300000     -0.01505098
  0.400000     -0.01459277
  0.500000     -0.01433246
  0.600000     -0.01405511
  0.700000     -0.01376702
  0.800000     -0.01342647
  0.900000     -0.01312694
  1.000000     -0.01291289
  1.100000     -0.01262081
  1.200000     -0.01226062
  1.300000     -0.01214676
  1.400000     -0.01196332
  1.500000     -0.01200225
  1.600000     -0.01183530
  1.700000     -0.01155498
  1.800000     -0.01136864
  1.900000     -0.01136095
  2.000000     -0.01131417
  2.100000     -0.01121032
  2.200000     -0.01118803
  2.300000     -0.01098497
  2.400000     -0.01094913
  2.500000     -0.01101454
  2.600000     -0.01052579
  2.700000     -0.01024460
  2.800000     -0.01002133
  2.900000     -0.00997960
  3.000000     -0.01017862
  3.100000     -0.01005030
  3.200000     -0.01004135
  3.300000     -0.01002371
  3.400000     -0.01005678
  3.500000     -0.01044047
  3.600000     -0.01065015
  3.700000     -0.01082908
  3.800000     -0.01105829
  3.900000     -0.01131537
  4.000000     -0.01178384
  4.100000     -0.01210637
  4.200000     -0.01201430
  4.300000     -0.01225311
  4.400000     -0.01261551
  4.500000     -0.01293577
  4.600000     -0.01347420
  4.700000     -0.01379114
  4.800000     -0.01417139
  4.900000     -0.01507690
  5.000000     -0.01559052
  5.100000     -0.01617608
  5.200000     -0.01699034
  5.300000     -0.01785724
  5.400000     -0.01822130
  5.500000     -0.01868162
  5.600000     -0.01958466
  5.700000     -0.02023642
  5.800000     -0.02104605
  5.900000     -0.02177740
  6.000000     -0.02278644
  6.100000     -0.02377720
  6.200000     -0.02447419
  6.300000     -0.02539958
  6.400000     -0.02633512
  6.500000     -0.02732993
  6.600000     -0.02822415
  6.700000     -0.02905962
  6.800000     -0.03000209
  6.900000     -0.03089777
  7.000000     -0.03183787
  7.100000     -0.03285830
  7.200000     -0.03400571
  7.300000     -0.03495208
  7.400000     -0.03579813
  7.500000     -0.03674514
  7.600000     -0.03776045
  7.700000     -0.03876750
  7.800000     -0.03985768
  7.900000     -0.04098530
  8.000000     -0.04215038
  8.100000     -0.04326563
  8.200000     -0.04439406
  8.300000     -0.04575226
  8.400000     -0.04710830
  8.500000     -0.04857401
  8.600000     -0.04999479
  8.700000     -0.05149415
  8.800000     -0.05300415
  8.900000     -0.05454603
  9.000000     -0.05616429
  9.100000     -0.05781893
  9.200000     -0.05949259
  9.300000     -0.06120544
  9.400000     -0.06294932
  9.500000     -0.06480564
  9.600000     -0.06660469
  9.700000     -0.06854330
  9.800000     -0.07054411
  9.900000     -0.07240143
 10.000000     -0.07426400
 10.100000     -0.07612368
 10.200000     -0.07803733
 10.300000     -0.07987410
 10.400000     -0.08165349
 10.500000     -0.08337887
 10.600000     -0.08511956
 10.700000     -0.08669220
 10.800000     -0.08816006
 10.900000     -0.08950406
 11.000000     -0.09057604
 11.100000     -0.09150235
 11.200000     -0.09235248
 11.300000     -0.09299554
 11.400000     -0.09340855
 11.500000     -0.09356664
 11.600000     -0.09344482
 11.700000     -0.09301749
 11.800000     -0.09228637
 11.900000     -0.09118745
 12.000000     -0.08968039
 12.100000     -0.08776956
 12.200000     -0.08540210
 12.300000     -0.08256125
 12.400000     -0.07922300
 12.500000     -0.07541979
 12.600000     -0.07097392
 12.700000     -0.06593609
 12.800000     -0.06027991
 12.900000     -0.05397643
 13.000000     -0.04699763
 13.100000     -0.03931913
 13.200000     -0.03091948
 13.300000     -0.02177210
 13.400000     -0.01185490
 13.500000     -0.00114439
 13.600000      0.01043556
 13.700000      0.02285672
 13.800000      0.03603772
 13.900000      0.05006418
 14.000000      0.06494333
 14.100000      0.08068315
 14.200000      0.09728383
 14.300000      0.11474473
 14.400000      0.13306403
 14.500000      0.15223430
 14.600000      0.17224519
 14.700000      0.19308023
 14.800000      0.21472482
 14.900000      0.23715613
 15.000000      0.26034807
 15.100000      0.28426929
 15.200000      0.30888817
 15.300000      0.33416475
 15.400000      0.36005503
 15.500000      0.38650858
 15.600000      0.41347106
 15.700000      0.44088291
 15.800000      0.46867833
 15.900000      0.49678728
 16.000000      0.52513434
 16.100000      0.55363765
 16.200000      0.58221061
 16.300000      0.61075913
 16.400000      0.63918567
 16.500000      0.66738681
 16.600000      0.69525245
 16.700000      0.72266999
 16.800000      0.74952146
 16.900000      0.77568296
 17.000000      0.80102903
 17.100000      0.82543283
 17.200000      0.84876509
 17.300000      0.87089332
 17.400000      0.89168640
 17.500000      0.91101649
 17.600000      0.92875652
 17.700000      0.94478220
 17.800000      0.95898049
 17.900000      0.97123189
 18.000000      0.98143570
 18.100000      0.98950029
 18.200000      0.99533942
 18.300000      0.99886530
 18.400000      1.00000000
 18.500000      0.99866007
 18.600000      0.99480318
 18.700000      0.98842560
 18.800000      0.97951818
 18.900000      0.96806715
 19.000000      0.95408123
 19.100000      0.93757928
 19.200000      0.91859253
 19.300000      0.89716066
 19.400000      0.87333726
 19.500000      0.84719684
 19.600000      0.81882971
 19.700000      0.78833212
 19.800000      0.75581689
 19.900000      0.72140304
 20.000000      0.68521491
 20.100000      0.64739198
 20.200000      0.60808180
 20.300000      0.56743979
 20.400000      0.52562366
 20.500000      0.48279223
 20.600000      0.43911129
 20.700000      0.39474300
 20.800000      0.34984761
 20.900000      0.30458157
 21.000000      0.25909858
 21.100000      0.21355165
 21.200000      0.16809325
 21.300000      0.12287363
 21.400000      0.07804847
 21.500000      0.03377370
 21.600000     -0.00979920
 21.700000     -0.05252643
 21.800000     -0.09428354
 21.900000     -0.13496543
 22.000000     -0.17448305
 22.100000     -0.21275777
 22.200000     -0.24971399
 22.300000     -0.28527843
 22.400000     -0.31937973
 22.500000     -0.35194907
 22.600000     -0.38293345
 22.700000     -0.41228084
 22.800000     -0.43995728
 22.900000     -0.46593223
 23.000000     -0.49018527
 23.100000     -0.51270545
 23.200000     -0.53349299
 23.300000     -0.55255009
 23.400000     -0.56988415
 23.500000     -0.58550592
 23.600000     -0.59943626
 23.700000     -0.61171389
 23.800000     -0.62237586
 23.900000     -0.63148066
 24.000000     -0.63901810
 24.100000     -0.64506007
 24.200000     -0.64965698
 24.300000     -0.65286405
 24.400000     -0.65473771
 24.500000     -0.65528548
 24.600000     -0.65465267
 24.700000     -0.65287817
 24.800000     -0.65001201
 24.900000     -0.64611844
 25.000000     -0.64126096
 25.100000     -0.63550387
 25.200000     -0.62890973
 25.300000     -0.62154123
 25.400000     -0.61346024
 25.500000     -0.60472702
 25.600000     -0.59540359
 25.700000     -0.58554694
 25.800000     -0.57521237
 25.900000     -0.56445246
 26.000000     -0.55331883
 26.100000     -0.54186273
 26.200000     -0.53013002
 26.300000     -0.51816558
 26.400000     -0.50601364
 26.500000     -0.49371550
 26.600000     -0.48130857
 26.700000     -0.46883028
 26.800000     -0.45631512
 26.900000     -0.44379604
 27.000000     -0.43130306
 27.100000     -0.41886446
 27.200000     -0.40637341
 27.300000     -0.39410953
 27.400000     -0.38197424
 27.500000     -0.36998535
 27.600000     -0.35815921
 27.700000     -0.34651360
 27.800000     -0.33506056
 27.900000     -0.32381345
 28.000000     -0.31278112
 28.100000     -0.30197107
 28.200000     -0.29138970
 28.300000     -0.28104275
 28.400000     -0.27093677
 28.500000     -0.26107887
 28.600000     -0.25147773
 28.700000     -0.24213105
 28.800000     -0.23304984
 28.900000     -0.22422431
 29.000000     -0.21565801
 29.100000     -0.20735130
 29.200000     -0.19930743
 29.300000     -0.19152921
 29.400000     -0.18401930
 29.500000     -0.17677799
 29.600000     -0.16980627
 29.700000     -0.16310399
 29.800000     -0.15667027
 29.900000     -0.15050332
 30.000000     -0.14460186
 30.100000     -0.13896782
 30.200000     -0.13359703
 30.300000     -0.12848717
 30.400000     -0.12363423
 30.500000     -0.11903634
 30.600000     -0.11468919
 30.700000     -0.11043280
 30.800000     -0.10654305
 30.900000     -0.10292024
 31.000000     -0.09953173
 31.100000     -0.09637002
 31.200000     -0.09342542
 31.300000     -0.09069575
 31.400000     -0.08817420
 31.500000     -0.08585692
 31.600000     -0.08373465
 31.700000     -0.08179691
 31.800000     -0.08003744
 31.900000     -0.07844768
 32.000000     -0.07701922
 32.100000     -0.07574296
 32.200000     -0.07461849
 32.300000     -0.07363293
 32.400000     -0.07278139
 32.500000     -0.07204480
 32.600000     -0.07156792
 32.700000     -0.07102893
 32.800000     -0.07057366
 32.900000     -0.07019368
 33.000000     -0.06987595
 33.100000     -0.06961398
 33.200000     -0.06939379
 33.300000     -0.06919229
 33.400000     -0.06902882
 33.500000     -0.06883874
 33.600000     -0.06870236
 33.700000     -0.06863729
 33.800000     -0.06900184
 33.900000     -0.06891691
 34.000000     -0.06879786
 34.100000     -0.06854474
 34.200000     -0.06842026
 34.300000     -0.06826038
 34.400000     -0.06807490
 34.500000     -0.06784569
 34.600000     -0.06759577
 34.700000     -0.06731290
 34.800000     -0.06699502
 34.900000     -0.06664566
 35.000000     -0.06627647
 35.100000     -0.06578366
 35.200000     -0.06536573
 35.300000     -0.06492043
 35.400000     -0.06445316
 35.500000     -0.06395807
 35.600000     -0.06342919
 35.700000     -0.06273222
 35.800000     -0.06240473
 35.900000     -0.06175502
 36.000000     -0.06114924
 36.100000     -0.06051391
 36.200000     -0.05997201
 36.300000     -0.05935581
 36.400000     -0.05868210
 36.500000     -0.05794635
 36.600000     -0.05679918
 36.700000     -0.05565603
 36.800000     -0.05447231
 36.900000     -0.05350180
 37.000000     -0.05246936
 37.100000     -0.05136126
 37.200000     -0.05001250
 37.300000     -0.04862822
 37.400000     -0.04747594
 37.500000     -0.04593683
 37.600000     -0.04424450
 37.700000     -0.04280071
 37.800000     -0.04088554
 37.900000     -0.03918302
 38.000000     -0.03810912
 38.100000     -0.03655058
 38.200000     -0.03480022
 38.300000     -0.03293786
 38.400000     -0.03146343
 38.500000     -0.02985084
 38.600000     -0.02864404
 38.700000     -0.02721017
 38.800000     -0.02595034
 38.900000     -0.02457477
 39.000000     -0.02350107
 39.100000     -0.02236509
 39.200000     -0.02139132
 39.300000     -0.02029240
 39.400000     -0.01905499
 39.500000     -0.01746772
 39.600000     -0.01631083
 39.700000     -0.01528748
 39.800000     -0.01428834
 39.900000     -0.01388223
