  0.000000      0.01357214
  0.100000      0.01344587
  0.200000      0.01412025
  0.300000      0.01478566
  0.400000      0.01506172
  0.500000      0.01516857
  0.600000      0.01588799
  0.700000      0.01652189
  0.800000      0.01737734
  0.900000      0.01844567
  1.000000      0.01957504
  1.100000      0.02046748
  1.200000      0.02169558
  1.300000      0.02292543
  1.400000      0.02409369
  1.500000      0.02524599
  1.600000      0.02641190
  1.700000      0.02767995
  1.800000      0.02857692
  1.900000      0.02937378
  2.000000      0.03007416
  2.100000      0.03052486
  2.200000      0.03039669
  2.300000      0.03025677
  2.400000      0.02969145
  2.500000      0.02891024
  2.600000      0.02802683
  2.700000      0.02679876
  2.800000      0.02505931
  2.900000      0.02372755
  3.000000      0.02224663
  3.100000      0.02148309
  3.200000      0.02023154
  3.300000      0.01892950
  3.400000      0.01745009
  3.500000      0.01653339
  3.600000      0.01512821
  3.700000      0.01357434
  3.800000      0.01212525
  3.900000      0.01061934
  4.000000      0.00907486
  4.100000      0.00803659
  4.200000      0.00694027
  4.300000      0.00649119
  4.400000      0.00562542
  4.500000      0.00437803
  4.600000      0.00382824
  4.700000      0.00353970
  4.800000      0.00402659
  4.900000      0.00405530
  5.000000      0.00402580
  5.100000      0.00337655
  5.200000      0.00221001
  5.300000      0.00106930
  5.400000      0.00023225
  5.500000     -0.00053722
  5.600000     -0.00124958
  5.700000     -0.00244529
  5.800000     -0.00326875
  5.900000     -0.00404372
  6.000000     -0.00481080
  6.100000     -0.00538628
  6.200000     -0.00605506
  6.300000     -0.00630864
  6.400000     -0.00589752
  6.500000     -0.00605278
  6.600000     -0.00553296
  6.700000     -0.00440127
  6.800000     -0.00293702
  6.900000     -0.00226314
  7.000000     -0.00194022
  7.100000     -0.00136927
  7.200000     -0.00052250
  7.300000     -0.00018568
  7.400000     -0.00120854
  7.500000     -0.00207260
  7.600000     -0.00216052
  7.700000     -0.00230267
  7.800000     -0.00243339
  7.900000     -0.00193201
  8.000000     -0.00050427
  8.100000      0.00280659
  8.200000      0.00666110
  8.300000      0.00988834
  8.400000      0.01313323
  8.500000      0.01713377
  8.600000      0.02096973
  8.700000      0.02546727
  8.800000      0.02857029
  8.900000      0.03105757
  9.000000      0.03231878
  9.100000      0.03453969
  9.200000      0.03708478
  9.300000      0.04007624
  9.400000      0.04314935
  9.500000      0.04602690
  9.600000      0.04917482
  9.700000      0.05030286
  9.800000      0.04961701
  9.900000      0.04916778
 10.000000      0.04968466
 10.100000      0.05148260
 10.200000      0.05218847
 10.300000      0.05207425
 10.400000      0.05142300
 10.500000      0.05014855
 10.600000      0.04864357
 10.700000      0.04886187
 10.800000      0.04865314
 10.900000      0.04966238
 11.000000      0.05008476
 11.100000      0.04927262
 11.200000      0.04777148
 11.300000      0.04574251
 11.400000      0.04540574
 11.500000      0.04515944
 11.600000      0.04481769
 11.700000      0.04294383
 11.800000      0.04050723
 11.900000      0.03609235
 12.000000      0.03307541
 12.100000      0.03149758
 12.200000      0.03016996
 12.300000      0.03015153
 12.400000      0.02949160
 12.500000      0.03107248
 12.600000      0.03440260
 12.700000      0.03818222
 12.800000      0.03927890
 12.900000      0.03939662
 13.000000      0.03901205
 13.100000      0.03874551
 13.200000      0.03916036
 13.300000      0.03956940
 13.400000      0.03837759
 13.500000      0.03754517
 13.600000      0.03576972
 13.700000      0.03383702
 13.800000      0.03222430
 13.900000      0.03059421
 14.000000      0.02888101
 14.100000      0.02792534
 14.200000      0.02572416
 14.300000      0.02242037
 14.400000      0.01984874
 14.500000      0.01980503
 14.600000      0.02048668
 14.700000      0.02285815
 14.800000      0.02674530
 14.900000      0.03047378
 15.000000      0.03434702
 15.100000      0.03626679
 15.200000      0.03980196
 15.300000      0.04493737
 15.400000      0.05097951
 15.500000      0.05910953
 15.600000      0.06896170
 15.700000      0.07876624
 15.800000      0.08862932
 15.900000      0.10004235
 16.000000      0.11307276
 16.100000      0.12892913
 16.200000      0.14735756
 16.300000      0.16412173
 16.400000      0.18118274
 16.500000      0.19989355
 16.600000      0.22052856
 16.700000      0.23814182
 16.800000      0.25746190
 16.900000      0.27861421
 17.000000      0.30228375
 17.100000      0.32654006
 17.200000      0.35163954
 17.300000      0.37731344
 17.400000      0.40376431
 17.500000      0.43424578
 17.600000      0.46735826
 17.700000      0.49567558
 17.800000      0.52535373
 17.900000      0.55948836
 18.000000      0.59130338
 18.100000      0.62335295
 18.200000      0.65914398
 18.300000      0.69393781
 18.400000      0.72299031
 18.500000      0.75064189
 18.600000      0.77648334
 18.700000      0.80380206
 18.800000      0.83137719
 18.900000      0.85675777
 19.000000      0.87946014
 19.100000      0.90218137
 19.200000      0.92090023
 19.300000      0.93663037
 19.400000      0.95067627
 19.500000      0.96261648
 19.600000      0.97367949
 19.700000      0.98336462
 19.800000      0.99190804
 19.900000      0.99804928
 20.000000      1.00000000
 20.100000      0.99913425
 20.200000      0.99879457
 20.300000      0.99218321
 20.400000      0.98309375
 20.500000      0.97875883
 20.600000      0.97441174
 20.700000      0.96616275
 20.800000      0.94948221
 20.900000      0.92424477
 21.000000      0.89620773
 21.100000      0.86873990
 21.200000      0.84198811
 21.300000      0.80830260
 21.400000      0.76338694
 21.500000      0.71233098
 21.600000      0.65834384
 21.700000      0.60451781
 21.800000      0.54610402
 21.900000      0.48634883
 22.000000      0.42410721
 22.100000      0.36265500
 22.200000      0.30532487
 22.300000      0.24611567
 22.400000      0.18382202
 22.500000      0.11892190
 22.600000      0.05747069
 22.700000      0.00096795
 22.800000     -0.05191952
 22.900000     -0.10330200
 23.000000     -0.15070727
 23.100000     -0.19046620
 23.200000     -0.22919585
 23.300000     -0.26653969
 23.400000     -0.30368419
 23.500000     -0.33848759
 23.600000     -0.37276520
 23.700000     -0.40407642
 23.800000     -0.42606344
 23.900000     -0.44053904
 24.000000     -0.45347203
 24.100000     -0.46925912
 24.200000     -0.48271178
 24.300000     -0.49298090
 24.400000     -0.50016874
 24.500000     -0.50425748
 24.600000     -0.50512290
 24.700000     -0.50531915
 24.800000     -0.50382216
 24.900000     -0.49900861
 25.000000     -0.49397415
 25.100000     -0.48610527
 25.200000     -0.48048386
 25.300000     -0.47555223
 25.400000     -0.46928271
 25.500000     -0.46300517
 25.600000     -0.45910365
 25.700000     -0.45747281
 25.800000     -0.45634590
 25.900000     -0.45388710
 26.000000     -0.45191069
 26.100000     -0.45074639
 26.200000     -0.45338887
 26.300000     -0.45557871
 26.400000     -0.45580672
 26.500000     -0.45517533
 26.600000     -0.45537943
 26.700000     -0.45568174
 26.800000     -0.45620269
 26.900000     -0.45354567
 27.000000     -0.45119156
 27.100000     -0.44957817
 27.200000     -0.45002819
 27.300000     -0.45187270
 27.400000     -0.45465906
 27.500000     -0.45723025
 27.600000     -0.46126068
 27.700000     -0.46643659
 27.800000     -0.47159522
 27.900000     -0.47777211
 28.000000     -0.48352724
 28.100000     -0.48751718
 28.200000     -0.49017849
 28.300000     -0.49170610
 28.400000     -0.49126893
 28.500000     -0.49202432
 28.600000     -0.49340335
 28.700000     -0.49377002
 28.800000     -0.49410663
 28.900000     -0.49497105
 29.000000     -0.49613116
 29.100000     -0.49632916
 29.200000     -0.49592795
 29.300000     -0.49698641
 29.400000     -0.49671363
 29.500000     -0.49668659
 29.600000     -0.49636908
 29.700000     -0.49576395
 29.800000     -0.49541200
 29.900000     -0.49405054
 30.000000     -0.49280778
 30.100000     -0.48893994
 30.200000     -0.48317353
 30.300000     -0.47739995
 30.400000     -0.47187819
 30.500000     -0.46490882
 30.600000     -0.45546286
 30.700000     -0.44509677
 30.800000     -0.43500706
 30.900000     -0.42497086
 31.000000     -0.41468040
 31.100000     -0.40476980
 31.200000     -0.39506432
 31.300000     -0.38526754
 31.400000     -0.37663991
 31.500000     -0.36991792
 31.600000     -0.36369951
 31.700000     -0.35842667
 31.800000     -0.35334564
 31.900000     -0.34832638
 32.000000     -0.34261433
 32.100000     -0.33647050
 32.200000     -0.33017091
 32.300000     -0.32338931
 32.400000     -0.31680732
 32.500000     -0.30969071
 32.600000     -0.30147806
 32.700000     -0.29305503
 32.800000     -0.28451593
 32.900000     -0.27611756
 33.000000     -0.26752802
 33.100000     -0.25968788
 33.200000     -0.25230834
 33.300000     -0.24545031
 33.400000     -0.23882395
 33.500000     -0.23341941
 33.600000     -0.22834433
 33.700000     -0.22378147
 33.800000     -0.21930703
 33.900000     -0.21506067
 34.000000     -0.21084464
 34.100000     -0.20663985
 34.200000     -0.20214349
 34.300000     -0.19720320
 34.400000     -0.19188997
 34.500000     -0.18589201
 34.600000     -0.17979648
 34.700000     -0.17332935
 34.800000     -0.16667465
 34.900000     -0.16003941
 35.000000     -0.15335878
 35.100000     -0.14750555
 35.200000     -0.14147587
 35.300000     -0.13526579
 35.400000     -0.12923597
 35.500000     -0.12351503
 35.600000     -0.11801049
 35.700000     -0.11241737
 35.800000     -0.10738183
 35.900000     -0.10295484
 36.000000     -0.09852715
 36.100000     -0.09485095
 36.200000     -0.09193759
 36.300000     -0.08905479
 36.400000     -0.08703120
 36.500000     -0.08506578
 36.600000     -0.08357497
 36.700000     -0.08201147
 36.800000     -0.08086124
 36.900000     -0.07998907
 37.000000     -0.07943670
 37.100000     -0.07888822
 37.200000     -0.07876472
 37.300000     -0.07850224
 37.400000     -0.07827411
 37.500000     -0.07824786
 37.600000     -0.07810408
 37.700000     -0.07785729
 37.800000     -0.07828576
 37.900000     -0.07863803
 38.000000     -0.07913672
 38.100000     -0.08038615
 38.200000     -0.08205896
 38.300000     -0.08277345
 38.400000     -0.08374869
 38.500000     -0.08501402
 38.600000     -0.08585719
 38.700000     -0.08652028
 38.800000     -0.08708570
 38.900000     -0.08738657
 39.000000     -0.08750256
 39.100000     -0.08747033
 39.200000     -0.08714351
 39.300000     -0.08711569
 39.400000     -0.08713598
 39.500000     -0.08671432
 39.600000     -0.08596953
 39.700000     -0.08521738
 39.800000     -0.08389752
 39.900000     -0.08170809
