  0.000000     -0.03714299
  0.100000     -0.03684698
  0.200000     -0.03651499
  0.300000     -0.03618874
  0.400000     -0.03602350
  0.500000     -0.03566631
  0.600000     -0.03539130
  0.700000     -0.03533940
  0.800000     -0.03497338
  0.900000     -0.03459812
  1.000000     -0.03439396
  1.100000     -0.03414768
  1.200000     -0.03390002
  1.300000     -0.03381528
  1.400000     -0.03364257
  1.500000     -0.03340135
  1.600000     -0.03347680
  1.700000     -0.03320584
  1.800000     -0.03294115
  1.900000     -0.03267531
  2.000000     -0.03249962
  2.100000     -0.03260135
  2.200000     -0.03228680
  2.300000     -0.03225753
  2.400000     -0.03230596
  2.500000     -0.03190046
  2.600000     -0.03190589
  2.700000     -0.03177397
  2.800000     -0.03144631
  2.900000     -0.03124318
  3.000000     -0.03137384
  3.100000     -0.03160158
  3.200000     -0.03171759
  3.300000     -0.03184712
  3.400000     -0.03195615
  3.500000     -0.03200476
  3.600000     -0.03201447
  3.700000     -0.03197172
  3.800000     -0.03192984
  3.900000     -0.03188869
  4.000000     -0.03173277
  4.100000     -0.03137743
  4.200000     -0.03107742
  4.300000     -0.03113302
  4.400000     -0.03120226
  4.500000     -0.03097391
  4.600000     -0.03090903
  4.700000     -0.03109995
  4.800000     -0.03111953
  4.900000     -0.03102140
  5.000000     -0.03073303
  5.100000     -0.03076955
  5.200000     -0.03083268
  5.300000     -0.03062468
  5.400000     -0.03042939
  5.500000     -0.03022734
  5.600000     -0.03010190
  5.700000     -0.03000672
  5.800000     -0.03009623
  5.900000     -0.03017501
  6.000000     -0.02997689
  6.100000     -0.02978671
  6.200000     -0.02941162
  6.300000     -0.02940849
  6.400000     -0.02945655
  6.500000     -0.02953779
  6.600000     -0.02926188
  6.700000     -0.02904778
  6.800000     -0.02957632
  6.900000     -0.02989506
  7.000000     -0.03031007
  7.100000     -0.03072645
  7.200000     -0.03121949
  7.300000     -0.03183954
  7.400000     -0.03253915
  7.500000     -0.03334554
  7.600000     -0.03422567
  7.700000     -0.03544514
  7.800000     -0.03640486
  7.900000     -0.03740744
  8.000000     -0.03848351
  8.100000     -0.03960102
  8.200000     -0.04093212
  8.300000     -0.04227184
  8.400000     -0.04385253
  8.500000     -0.04524100
  8.600000     -0.04667316
  8.700000     -0.04824265
  8.800000     -0.04980681
  8.900000     -0.05141997
  9.000000     -0.05317925
  9.100000     -0.05491698
  9.200000     -0.05670390
  9.300000     -0.05854106
  9.400000     -0.06045295
  9.500000     -0.06237397
  9.600000     -0.06430818
  9.700000     -0.06627236
  9.800000     -0.06831841
  9.900000     -0.07046774
 10.000000     -0.07264071
 10.100000     -0.07465173
 10.200000     -0.07665500
 10.300000     -0.07864105
 10.400000     -0.08095456
 10.500000     -0.08288470
 10.600000     -0.08483440
 10.700000     -0.08675769
 10.800000     -0.08904373
 10.900000     -0.09074178
 11.000000     -0.09234040
 11.100000     -0.09382661
 11.200000     -0.09517602
 11.300000     -0.09638595
 11.400000     -0.09739954
 11.500000     -0.09854342
 11.600000     -0.09924112
 11.700000     -0.09973117
 11.800000     -0.09999397
 11.900000     -0.10000839
 12.000000     -0.09975558
 12.100000     -0.09921469
 12.200000     -0.09836343
 12.300000     -0.09718000
 12.400000     -0.09564416
 12.500000     -0.09373202
 12.600000     -0.09141915
 12.700000     -0.08868405
 12.800000     -0.08550475
 12.900000     -0.08185667
 13.000000     -0.07771328
 13.100000     -0.07304491
 13.200000     -0.06783579
 13.300000     -0.06206336
 13.400000     -0.05570462
 13.500000     -0.04873473
 13.600000     -0.04113281
 13.700000     -0.03287870
 13.800000     -0.02395367
 13.900000     -0.01433710
 14.000000     -0.00400836
 14.100000      0.00704845
 14.200000      0.01884842
 14.300000      0.03140204
 14.400000      0.04472441
 14.500000      0.05883434
 14.600000      0.07372968
 14.700000      0.08942114
 14.800000      0.10590804
 14.900000      0.12319193
 15.000000      0.14127251
 15.100000      0.16014311
 15.200000      0.17979449
 15.300000      0.20021325
 15.400000      0.22138467
 15.500000      0.24328651
 15.600000      0.26589262
 15.700000      0.28917482
 15.800000      0.31309320
 15.900000      0.33761288
 16.000000      0.36268432
 16.100000      0.38825697
 16.200000      0.41427662
 16.300000      0.44068181
 16.400000      0.46740639
 16.500000      0.49437980
 16.600000      0.52152530
 16.700000      0.54876275
 16.800000      0.57600867
 16.900000      0.60317077
 17.000000      0.63015830
 17.100000      0.65687639
 17.200000      0.68322558
 17.300000      0.70910649
 17.400000      0.73442019
 17.500000      0.75906803
 17.600000      0.78294980
 17.700000      0.80597462
 17.800000      0.82804075
 17.900000      0.84907212
 18.000000      0.86898103
 18.100000      0.88768870
 18.200000      0.90512622
 18.300000      0.92123104
 18.400000      0.93594172
 18.500000      0.94921080
 18.600000      0.96099524
 18.700000      0.97125917
 18.800000      0.97997387
 18.900000      0.98712788
 19.000000      0.99270794
 19.100000      0.99670869
 19.200000      0.99913408
 19.300000      1.00000000
 19.400000      0.99932297
 19.500000      0.99709840
 19.600000      0.99335215
 19.700000      0.98812530
 19.800000      0.98148065
 19.900000      0.97346169
 20.000000      0.96410770
 20.100000      0.95346152
 20.200000      0.94156119
 20.300000      0.92845408
 20.400000      0.91419336
 20.500000      0.89883228
 20.600000      0.88241773
 20.700000      0.86500218
 20.800000      0.84663381
 20.900000      0.82735786
 21.000000      0.80722497
 21.100000      0.78627420
 21.200000      0.76455097
 21.300000      0.74210714
 21.400000      0.71898215
 21.500000      0.69521143
 21.600000      0.67083784
 21.700000      0.64590386
 21.800000      0.62044731
 21.900000      0.59449246
 22.000000      0.56808160
 22.100000      0.54125111
 22.200000      0.51403404
 22.300000      0.48646279
 22.400000      0.45788421
 22.500000      0.42974032
 22.600000      0.40135570
 22.700000      0.37277921
 22.800000      0.34404014
 22.900000      0.31518877
 23.000000      0.28626082
 23.100000      0.25730289
 23.200000      0.22835427
 23.300000      0.19945946
 23.400000      0.17066301
 23.500000      0.14201491
 23.600000      0.11355766
 23.700000      0.08533289
 23.800000      0.05739073
 23.900000      0.02977404
 24.000000      0.00252934
 24.100000     -0.02430324
 24.200000     -0.05067524
 24.300000     -0.07655107
 24.400000     -0.10189099
 24.500000     -0.12665321
 24.600000     -0.15081115
 24.700000     -0.17432610
 24.800000     -0.19717325
 24.900000     -0.21932640
 25.000000     -0.24075864
 25.100000     -0.26145446
 25.200000     -0.28139462
 25.300000     -0.30056503
 25.400000     -0.31895142
 25.500000     -0.33654619
 25.600000     -0.35334511
 25.700000     -0.36934210
 25.800000     -0.38454249
 25.900000     -0.39894050
 26.000000     -0.41254598
 26.100000     -0.42536667
 26.200000     -0.43740779
 26.300000     -0.44868105
 26.400000     -0.45920074
 26.500000     -0.46897880
 26.600000     -0.47803064
 26.700000     -0.48637288
 26.800000     -0.49402347
 26.900000     -0.50099847
 27.000000     -0.50731737
 27.100000     -0.51300096
 27.200000     -0.51806336
 27.300000     -0.52252819
 27.400000     -0.52641319
 27.500000     -0.52973942
 27.600000     -0.53252788
 27.700000     -0.53480109
 27.800000     -0.53658237
 27.900000     -0.53789046
 28.000000     -0.53874731
 28.100000     -0.53917879
 28.200000     -0.53920416
 28.300000     -0.53884220
 28.400000     -0.53811419
 28.500000     -0.53704026
 28.600000     -0.53564059
 28.700000     -0.53393250
 28.800000     -0.53193751
 28.900000     -0.52967185
 29.000000     -0.52715105
 29.100000     -0.52439682
 29.200000     -0.52142124
 29.300000     -0.51824365
 29.400000     -0.51487704
 29.500000     -0.51132666
 29.600000     -0.50761167
 29.700000     -0.50374911
 29.800000     -0.49974894
 29.900000     -0.49561818
 30.000000     -0.49137073
 30.100000     -0.48701213
 30.200000     -0.48254690
 30.300000     -0.47797783
 30.400000     -0.47331248
 30.500000     -0.46856148
 30.600000     -0.46372190
 30.700000     -0.45879608
 30.800000     -0.45379126
 30.900000     -0.44872466
 31.000000     -0.44359239
 31.100000     -0.43837383
 31.200000     -0.43311807
 31.300000     -0.42780653
 31.400000     -0.42243975
 31.500000     -0.41701993
 31.600000     -0.41156037
 31.700000     -0.40604293
 31.800000     -0.40052250
 31.900000     -0.39497068
 32.000000     -0.38940273
 32.100000     -0.38381912
 32.200000     -0.37823844
 32.300000     -0.37267755
 32.400000     -0.36712164
 32.500000     -0.36155701
 32.600000     -0.35608337
 32.700000     -0.35057039
 32.800000     -0.34514685
 32.900000     -0.33978622
 33.000000     -0.33444186
 33.100000     -0.32909992
 33.200000     -0.32382213
 33.300000     -0.31860595
 33.400000     -0.31346693
 33.500000     -0.30845438
 33.600000     -0.30351444
 33.700000     -0.29859391
 33.800000     -0.29324111
 33.900000     -0.28805544
 34.000000     -0.28328040
 34.100000     -0.27856295
 34.200000     -0.27389751
 34.300000     -0.26927491
 34.400000     -0.26475280
 34.500000     -0.26028795
 34.600000     -0.25579289
 34.700000     -0.25132301
 34.800000     -0.24632130
 34.900000     -0.24188263
 35.000000     -0.23748567
 35.100000     -0.23314907
 35.200000     -0.22885355
 35.300000     -0.22457228
 35.400000     -0.22031205
 35.500000     -0.21599129
 35.600000     -0.21167444
 35.700000     -0.20736935
 35.800000     -0.20307498
 35.900000     -0.19880428
 36.000000     -0.19451600
 36.100000     -0.19025749
 36.200000     -0.18605706
 36.300000     -0.18191387
 36.400000     -0.17767714
 36.500000     -0.17350494
 36.600000     -0.16933974
 36.700000     -0.16531891
 36.800000     -0.16145349
 36.900000     -0.15745735
 37.000000     -0.15348396
 37.100000     -0.14952002
 37.200000     -0.14548345
 37.300000     -0.14148452
 37.400000     -0.13760277
 37.500000     -0.13384510
 37.600000     -0.13010444
 37.700000     -0.12616890
 37.800000     -0.12202704
 37.900000     -0.11833655
 38.000000     -0.11474661
 38.100000     -0.11174189
 38.200000     -0.10870306
 38.300000     -0.10552193
 38.400000     -0.10219027
 38.500000     -0.09888542
 38.600000     -0.09632666
 38.700000     -0.09332563
 38.800000     -0.09115097
 38.900000     -0.08821176
 39.000000     -0.08561286
 39.100000     -0.08306738
 39.200000     -0.08027278
 39.300000     -0.07833016
 39.400000     -0.07579424
 39.500000     -0.07346163
 39.600000     -0.07115727
 39.700000     -0.06897130
 39.800000     -0.06668521
 39.900000     -0.06442063
