  0.000000      0.04087499
  0.100000      0.04223118
  0.200000      0.04244569
  0.300000      0.04202846
  0.400000      0.04198132
  0.500000      0.04280395
  0.600000      0.04461271
  0.700000      0.04719103
  0.800000      0.04970423
  0.900000      0.05101576
  1.000000      0.05288256
  1.100000      0.05572905
  1.200000      0.05678124
  1.300000      0.05801031
  1.400000      0.05795479
  1.500000      0.05875755
  1.600000      0.06109927
  1.700000      0.06402505
  1.800000      0.06754994
  1.900000      0.06963797
  2.000000      0.07155318
  2.100000      0.07447064
  2.200000      0.07524464
  2.300000      0.07519242
  2.400000      0.07954290
  2.500000      0.08466813
  2.600000      0.08741516
  2.700000      0.08829270
  2.800000      0.08765802
  2.900000      0.08596957
  3.000000      0.08374160
  3.100000      0.08151583
  3.200000      0.07832517
  3.300000      0.07596624
  3.400000      0.07800137
  3.500000      0.08154070
  3.600000      0.08470925
  3.700000      0.08806127
  3.800000      0.08827586
  3.900000      0.08795792
  4.000000      0.08465731
  4.100000      0.08022272
  4.200000      0.07380653
  4.300000      0.06890126
  4.400000      0.06387659
  4.500000      0.05845268
  4.600000      0.05584979
  4.700000      0.05116704
  4.800000      0.04640355
  4.900000      0.04384956
  5.000000      0.03837330
  5.100000      0.03514787
  5.200000      0.02668798
  5.300000      0.02339399
  5.400000      0.01858380
  5.500000      0.01645395
  5.600000      0.01453718
  5.700000      0.01603684
  5.800000      0.01903863
  5.900000      0.01981361
  6.000000      0.01628280
  6.100000      0.01387813
  6.200000      0.01551070
  6.300000      0.01160373
  6.400000      0.00775537
  6.500000      0.00164279
  6.600000      0.00238712
  6.700000      0.00296386
  6.800000     -0.00028229
  6.900000     -0.00649106
  7.000000     -0.01556749
  7.100000     -0.02406495
  7.200000     -0.03198777
  7.300000     -0.03925951
  7.400000     -0.04070280
  7.500000     -0.04049389
  7.600000     -0.03793857
  7.700000     -0.03435555
  7.800000     -0.02920058
  7.900000     -0.02433180
  8.000000     -0.01688933
  8.100000     -0.00557075
  8.200000      0.00522752
  8.300000      0.01857043
  8.400000      0.03149722
  8.500000      0.04146750
  8.600000      0.05231706
  8.700000      0.07730571
  8.800000      0.10988173
  8.900000      0.13998453
  9.000000      0.18183239
  9.100000      0.23012070
  9.200000      0.28343961
  9.300000      0.34749059
  9.400000      0.41673879
  9.500000      0.48673919
  9.600000      0.55511626
  9.700000      0.62550977
  9.800000      0.69728388
  9.900000      0.76980879
 10.000000      0.82609905
 10.100000      0.86976773
 10.200000      0.90526212
 10.300000      0.93388351
 10.400000      0.96245601
 10.500000      0.98239231
 10.600000      0.99758151
 10.700000      1.00000000
 10.800000      0.99547927
 10.900000      0.97420966
 11.000000      0.95074620
 11.100000      0.92189402
 11.200000      0.88610628
 11.300000      0.84943254
 11.400000      0.80318784
 11.500000      0.74009523
 11.600000      0.66839311
 11.700000      0.59058312
 11.800000      0.50309857
 11.900000      0.41287968
 12.000000      0.32800427
 12.100000      0.24862465
 12.200000      0.16847712
 12.300000      0.09821373
 12.400000      0.03319436
 12.500000     -0.03413547
 12.600000     -0.09519217
 12.700000     -0.14640540
 12.800000     -0.18808240
 12.900000     -0.21622733
 13.000000     -0.23484841
 13.100000     -0.24809546
 13.200000     -0.25687593
 13.300000     -0.26730097
 13.400000     -0.27558343
 13.500000     -0.28073089
 13.600000     -0.27589356
 13.700000     -0.26136917
 13.800000     -0.24668665
 13.900000     -0.24036079
 14.000000     -0.24690151
 14.100000     -0.25025722
 14.200000     -0.23054021
 14.300000     -0.20169296
 14.400000     -0.17994985
 14.500000     -0.17326404
 14.600000     -0.17622536
 14.700000     -0.18583565
 14.800000     -0.19043729
 14.900000     -0.19678086
 15.000000     -0.20595182
 15.100000     -0.21873195
 15.200000     -0.21588844
 15.300000     -0.21429354
 15.400000     -0.21477034
 15.500000     -0.22251416
 15.600000     -0.22876413
 15.700000     -0.23777930
 15.800000     -0.24254922
 15.900000     -0.24187580
 16.000000     -0.24938424
 16.100000     -0.26058931
 16.200000     -0.26702990
 16.300000     -0.26200222
 16.400000     -0.25320935
 16.500000     -0.25316501
 16.600000     -0.25839756
 16.700000     -0.25525918
 16.800000     -0.24599149
 16.900000     -0.24309569
 17.000000     -0.25143253
 17.100000     -0.26256250
 17.200000     -0.26794659
 17.300000     -0.26690863
 17.400000     -0.27217648
 17.500000     -0.27838398
 17.600000     -0.28644747
 17.700000     -0.28849947
 17.800000     -0.29273150
 17.900000     -0.29220754
 18.000000     -0.28372977
 18.100000     -0.27313060
 18.200000     -0.26049933
 18.300000     -0.25149384
 18.400000     -0.23828392
 18.500000     -0.22269667
 18.600000     -0.21903617
 18.700000     -0.22152842
 18.800000     -0.22701442
 18.900000     -0.22122412
 19.000000     -0.20892266
 19.100000     -0.19622355
 19.200000     -0.17874915
 19.300000     -0.16954874
 19.400000     -0.16428508
 19.500000     -0.16204705
 19.600000     -0.16112578
 19.700000     -0.15570488
 19.800000     -0.15447112
 19.900000     -0.14715099
 20.000000     -0.14516909
 20.100000     -0.14002011
 20.200000     -0.13048444
 20.300000     -0.12829629
 20.400000     -0.12064887
 20.500000     -0.11806485
 20.600000     -0.10665484
 20.700000     -0.09892605
 20.800000     -0.09007268
 20.900000     -0.08318155
 21.000000     -0.08554799
 21.100000     -0.08372748
 21.200000     -0.08315002
 21.300000     -0.08535347
 21.400000     -0.09071096
 21.500000     -0.09299038
 21.600000     -0.09177537
 21.700000     -0.09418205
 21.800000     -0.09659854
 21.900000     -0.09718065
 22.000000     -0.09567609
 22.100000     -0.09202393
 22.200000     -0.08792067
 22.300000     -0.08623903
 22.400000     -0.08692733
 22.500000     -0.08612558
 22.600000     -0.08377620
 22.700000     -0.08573830
 22.800000     -0.09081741
 22.900000     -0.09591150
 23.000000     -0.10242275
 23.100000     -0.10710049
 23.200000     -0.11069360
 23.300000     -0.11465085
 23.400000     -0.12048131
 23.500000     -0.12206508
 23.600000     -0.12162424
 23.700000     -0.11966455
 23.800000     -0.11877518
 23.900000     -0.11828845
 24.000000     -0.11778658
 24.100000     -0.11898165
 24.200000     -0.12082157
 24.300000     -0.12202221
 24.400000     -0.12064173
 24.500000     -0.12135871
 24.600000     -0.12019147
 24.700000     -0.11759956
 24.800000     -0.11986906
 24.900000     -0.12433596
 25.000000     -0.12622582
 25.100000     -0.13013753
 25.200000     -0.13353900
 25.300000     -0.13340104
 25.400000     -0.13108352
 25.500000     -0.12894337
 25.600000     -0.12983040
 25.700000     -0.12631715
 25.800000     -0.12229828
 25.900000     -0.11731591
 26.000000     -0.11251401
 26.100000     -0.10838149
 26.200000     -0.10172511
 26.300000     -0.09322852
 26.400000     -0.08342841
 26.500000     -0.07887626
 26.600000     -0.07243536
 26.700000     -0.06422127
 26.800000     -0.06192941
 26.900000     -0.06149349
 27.000000     -0.05881382
 27.100000     -0.05685798
 27.200000     -0.05964259
 27.300000     -0.05554750
 27.400000     -0.04961793
 27.500000     -0.04772330
 27.600000     -0.04670473
 27.700000     -0.04290672
 27.800000     -0.04119696
 27.900000     -0.04621823
 28.000000     -0.04920981
 28.100000     -0.04545017
 28.200000     -0.04605480
 28.300000     -0.05081757
 28.400000     -0.05142713
 28.500000     -0.04906444
 28.600000     -0.04968898
 28.700000     -0.05047578
 28.800000     -0.04860852
 28.900000     -0.05017637
 29.000000     -0.05288866
 29.100000     -0.04975217
 29.200000     -0.04605263
 29.300000     -0.04486778
 29.400000     -0.04347364
 29.500000     -0.04108495
 29.600000     -0.03858168
 29.700000     -0.03701953
 29.800000     -0.03458781
 29.900000     -0.03320673
 30.000000     -0.03353604
 30.100000     -0.03526739
 30.200000     -0.03705554
 30.300000     -0.03887615
 30.400000     -0.04087377
 30.500000     -0.04055382
 30.600000     -0.04068792
 30.700000     -0.04095308
 30.800000     -0.04047696
 30.900000     -0.04117032
 31.000000     -0.04387447
 31.100000     -0.05077575
 31.200000     -0.05595806
 31.300000     -0.05788148
 31.400000     -0.06246475
 31.500000     -0.06750256
 31.600000     -0.06818689
 31.700000     -0.06977826
 31.800000     -0.07411664
 31.900000     -0.07394722
 32.000000     -0.07134391
 32.100000     -0.07230434
 32.200000     -0.07311825
 32.300000     -0.07083975
 32.400000     -0.06799527
 32.500000     -0.07037785
 32.600000     -0.07419139
 32.700000     -0.07531102
 32.800000     -0.07168773
 32.900000     -0.07058455
 33.000000     -0.07133746
 33.100000     -0.06612961
 33.200000     -0.06200689
 33.300000     -0.05852240
 33.400000     -0.05364316
 33.500000     -0.04755188
 33.600000     -0.04294385
 33.700000     -0.03815892
 33.800000     -0.03139735
 33.900000     -0.02510712
 34.000000     -0.02181723
 34.100000     -0.01750454
 34.200000     -0.01158823
 34.300000     -0.01091078
 34.400000     -0.01250924
 34.500000     -0.01301650
 34.600000     -0.01402595
 34.700000     -0.01341325
 34.800000     -0.01234748
 34.900000     -0.01303698
 35.000000     -0.01399162
 35.100000     -0.01654830
 35.200000     -0.01851111
 35.300000     -0.01778673
 35.400000     -0.01688915
 35.500000     -0.01621906
 35.600000     -0.01802316
 35.700000     -0.01965726
 35.800000     -0.02024377
 35.900000     -0.02029445
 36.000000     -0.02145829
 36.100000     -0.02239767
 36.200000     -0.02293776
 36.300000     -0.02383284
 36.400000     -0.02407439
 36.500000     -0.02365815
 36.600000     -0.02406616
 36.700000     -0.02548643
 36.800000     -0.02601037
 36.900000     -0.02430896
 37.000000     -0.02206543
 37.100000     -0.02113001
 37.200000     -0.02128664
 37.300000     -0.02190305
 37.400000     -0.02254554
 37.500000     -0.02188034
 37.600000     -0.02150980
 37.700000     -0.02169514
 37.800000     -0.02135901
 37.900000     -0.01940721
 38.000000     -0.01796718
 38.100000     -0.01669293
 38.200000     -0.01538891
 38.300000     -0.01480506
 38.400000     -0.01383503
 38.500000     -0.01480863
 38.600000     -0.01718786
 38.700000     -0.01951268
 38.800000     -0.02121340
 38.900000     -0.02191508
 39.000000     -0.02288050
 39.100000     -0.02344330
 39.200000     -0.02468112
 39.300000     -0.02556473
 39.400000     -0.02678443
 39.500000     -0.02707617
 39.600000     -0.02719630
 39.700000     -0.02912822
 39.800000     -0.03088156
 39.900000     -0.03001716
