  0.000000      0.15497115
  0.100000      0.15408080
  0.200000      0.15617188
  0.300000      0.16024779
  0.400000      0.15887651
  0.500000      0.15840790
  0.600000      0.16110672
  0.700000      0.16045536
  0.800000      0.16899846
  0.900000      0.15729521
  1.000000      0.15660071
  1.100000      0.17376808
  1.200000      0.17508271
  1.300000      0.16972125
  1.400000      0.17690267
  1.500000      0.18250766
  1.600000      0.18240528
  1.700000      0.18461826
  1.800000      0.17896870
  1.900000      0.17526537
  2.000000      0.17778343
  2.100000      0.17684813
  2.200000      0.17191647
  2.300000      0.16454715
  2.400000      0.16446977
  2.500000      0.15874845
  2.600000      0.16049668
  2.700000      0.16282944
  2.800000      0.14809196
  2.900000      0.13724306
  3.000000      0.14631133
  3.100000      0.14923174
  3.200000      0.13263418
  3.300000      0.12579454
  3.400000      0.12438461
  3.500000      0.13262880
  3.600000      0.12496520
  3.700000      0.12568566
  3.800000      0.11955458
  3.900000      0.11970748
  4.000000      0.12634947
  4.100000      0.12585481
  4.200000      0.13126091
  4.300000      0.13366428
  4.400000      0.12227450
  4.500000      0.12265595
  4.600000      0.12098408
  4.700000      0.13202254
  4.800000      0.12527399
  4.900000      0.11391964
  5.000000      0.11567885
  5.100000      0.11892008
  5.200000      0.12006237
  5.300000      0.11561473
  5.400000      0.10680279
  5.500000      0.10902178
  5.600000      0.10479250
  5.700000      0.10165259
  5.800000      0.10384399
  5.900000      0.10285953
  6.000000      0.09871642
  6.100000      0.09956434
  6.200000      0.11182893
  6.300000      0.10658236
  6.400000      0.10599076
  6.500000      0.10712087
  6.600000      0.10664748
  6.700000      0.10223639
  6.800000      0.11198912
  6.900000      0.11772248
  7.000000      0.12233670
  7.100000      0.11861724
  7.200000      0.12274894
  7.300000      0.12533314
  7.400000      0.12565812
  7.500000      0.11746575
  7.600000      0.12913831
  7.700000      0.13918551
  7.800000      0.14723004
  7.900000      0.18094890
  8.000000      0.19797899
  8.100000      0.23668859
  8.200000      0.27193465
  8.300000      0.30671016
  8.400000      0.34124310
  8.500000      0.38346175
  8.600000      0.44215137
  8.700000      0.50277369
  8.800000      0.55636330
  8.900000      0.61605956
  9.000000      0.67926803
  9.100000      0.73461927
  9.200000      0.77941243
  9.300000      0.83353016
  9.400000      0.87742903
  9.500000      0.92366883
  9.600000      0.95086818
  9.700000      0.96943627
  9.800000      0.98555314
  9.900000      0.99816868
 10.000000      1.00000000
 10.100000      0.98539127
 10.200000      0.96188805
 10.300000      0.94195100
 10.400000      0.91446374
 10.500000      0.86680430
 10.600000      0.81428334
 10.700000      0.80632358
 10.800000      0.76168109
 10.900000      0.70268098
 11.000000      0.64132557
 11.100000      0.57542030
 11.200000      0.50511736
 11.300000      0.42133318
 11.400000      0.34099910
 11.500000      0.25882057
 11.600000      0.17519447
 11.700000      0.08640804
 11.800000      0.00650775
 11.900000     -0.06455139
 12.000000     -0.12698126
 12.100000     -0.18272745
 12.200000     -0.22681179
 12.300000     -0.27179058
 12.400000     -0.31653283
 12.500000     -0.35377291
 12.600000     -0.37732209
 12.700000     -0.39198530
 12.800000     -0.40818812
 12.900000     -0.41847151
 13.000000     -0.40932328
 13.100000     -0.41425053
 13.200000     -0.41202855
 13.300000     -0.40159160
 13.400000     -0.38951835
 13.500000     -0.37979559
 13.600000     -0.36878171
 13.700000     -0.35363384
 13.800000     -0.34081815
 13.900000     -0.32722755
 14.000000     -0.31920232
 14.100000     -0.31333828
 14.200000     -0.30289368
 14.300000     -0.29120845
 14.400000     -0.29095627
 14.500000     -0.28462010
 14.600000     -0.27232430
 14.700000     -0.26282472
 14.800000     -0.25202200
 14.900000     -0.24204960
 15.000000     -0.23413956
 15.100000     -0.22065548
 15.200000     -0.20445796
 15.300000     -0.18710249
 15.400000     -0.17112555
 15.500000     -0.16036406
 15.600000     -0.15363902
 15.700000     -0.13570880
 15.800000     -0.12784806
 15.900000     -0.12586985
 16.000000     -0.11094187
 16.100000     -0.10159954
 16.200000     -0.10068755
 16.300000     -0.09789356
 16.400000     -0.09209923
 16.500000     -0.09982451
 16.600000     -0.09675947
 16.700000     -0.10246235
 16.800000     -0.09849064
 16.900000     -0.10611519
 17.000000     -0.10843945
 17.100000     -0.11559672
 17.200000     -0.12326774
 17.300000     -0.12579507
 17.400000     -0.13138002
 17.500000     -0.13888883
 17.600000     -0.14669388
 17.700000     -0.15432511
 17.800000     -0.17721440
 17.900000     -0.20751374
 18.000000     -0.17416299
 18.100000     -0.16641642
 18.200000     -0.18158099
 18.300000     -0.18093881
 18.400000     -0.18721362
 18.500000     -0.18731862
 18.600000     -0.19020566
 18.700000     -0.19544151
 18.800000     -0.19774755
 18.900000     -0.19230250
 19.000000     -0.19546758
 19.100000     -0.19305429
 19.200000     -0.18821811
 19.300000     -0.18618519
 19.400000     -0.18268189
 19.500000     -0.17346218
 19.600000     -0.16978827
 19.700000     -0.16605280
 19.800000     -0.16328022
 19.900000     -0.16163661
 20.000000     -0.15296021
 20.100000     -0.14966634
 20.200000     -0.15151952
 20.300000     -0.14267260
 20.400000     -0.15069341
 20.500000     -0.15147411
 20.600000     -0.14601845
 20.700000     -0.14724217
 20.800000     -0.14646660
 20.900000     -0.14674061
 21.000000     -0.13997062
 21.100000     -0.14728416
 21.200000     -0.14456278
 21.300000     -0.14627938
 21.400000     -0.15046328
 21.500000     -0.14679582
 21.600000     -0.14318059
 21.700000     -0.14206780
 21.800000     -0.13733545
 21.900000     -0.13824163
 22.000000     -0.12818034
 22.100000     -0.12469272
 22.200000     -0.12241686
 22.300000     -0.11479975
 22.400000     -0.11969683
 22.500000     -0.11680857
 22.600000     -0.10995395
 22.700000     -0.09285546
 22.800000     -0.09263815
 22.900000     -0.09281684
 23.000000     -0.08321602
 23.100000     -0.06963410
 23.200000     -0.07246481
 23.300000     -0.07326248
 23.400000     -0.07481460
 23.500000     -0.07046905
 23.600000     -0.06378680
 23.700000     -0.06248979
 23.800000     -0.06379977
 23.900000     -0.05828894
 24.000000     -0.06480022
 24.100000     -0.06730601
 24.200000     -0.07309699
 24.300000     -0.07581775
 24.400000     -0.07669138
 24.500000     -0.08328268
 24.600000     -0.08254894
 24.700000     -0.08727076
 24.800000     -0.09150372
 24.900000     -0.09751629
 25.000000     -0.09830140
 25.100000     -0.10623325
 25.200000     -0.13145627
 25.300000     -0.09868655
 25.400000     -0.08597705
 25.500000     -0.08142839
 25.600000     -0.07609688
 25.700000     -0.07877789
 25.800000     -0.07200725
 25.900000     -0.06581856
 26.000000     -0.06316761
 26.100000     -0.05852314
 26.200000     -0.05117404
 26.300000     -0.04623598
 26.400000     -0.03549667
 26.500000     -0.03433987
 26.600000     -0.02678008
 26.700000     -0.01517770
 26.800000     -0.00464772
 26.900000     -0.00361725
 27.000000     -0.00317349
 27.100000     -0.00256646
 27.200000      0.00091863
 27.300000      0.00685668
 27.400000      0.00332720
 27.500000      0.00330238
 27.600000      0.01365833
 27.700000      0.00454474
 27.800000      0.00577321
 27.900000      0.01144091
 28.000000      0.01261080
 28.100000      0.00909273
 28.200000      0.00955269
 28.300000      0.00784180
 28.400000      0.00454380
 28.500000      0.00764272
 28.600000      0.00406210
 28.700000      0.00432254
 28.800000     -0.00026359
 28.900000      0.00241105
 29.000000      0.00110250
 29.100000      0.00215559
 29.200000      0.00076800
 29.300000      0.00025057
 29.400000     -0.00537156
 29.500000     -0.01282722
 29.600000     -0.01763715
 29.700000     -0.01699903
 29.800000     -0.02145506
 29.900000     -0.02690477
 30.000000     -0.02435010
 30.100000     -0.02829142
 30.200000     -0.03303103
 30.300000     -0.03652141
 30.400000     -0.03629856
 30.500000     -0.02494041
 30.600000     -0.02825630
 30.700000     -0.03389518
 30.800000     -0.03256330
 30.900000     -0.02807133
 31.000000     -0.03063364
 31.100000     -0.02919839
 31.200000     -0.02772217
 31.300000     -0.01630353
 31.400000     -0.01190752
 31.500000     -0.01562597
 31.600000     -0.00608597
 31.700000     -0.00802130
 31.800000     -0.00867247
 31.900000      0.00514359
 32.000000      0.00765342
 32.100000      0.00554990
 32.200000      0.00544261
 32.300000      0.00465671
 32.400000      0.00802166
 32.500000      0.01612533
 32.600000      0.01497232
 32.700000      0.00119393
 32.800000      0.00662744
 32.900000      0.02332873
 33.000000      0.00864365
 33.100000      0.02175498
 33.200000      0.02676444
 33.300000      0.00871198
 33.400000      0.01440368
 33.500000      0.01478430
 33.600000      0.01699627
 33.700000      0.01179179
 33.800000      0.00511495
 33.900000      0.01015845
 34.000000      0.00793983
 34.100000      0.00555095
 34.200000      0.00636754
 34.300000      0.01566158
 34.400000      0.00022413
 34.500000      0.00018533
 34.600000      0.00696247
 34.700000     -0.00531200
 34.800000     -0.00555795
 34.900000      0.00130555
 35.000000     -0.00293007
 35.100000     -0.00433735
 35.200000     -0.00767965
 35.300000     -0.01161399
 35.400000     -0.00464230
 35.500000     -0.01090934
 35.600000     -0.00684063
 35.700000     -0.00148852
 35.800000     -0.00071087
 35.900000      0.00564889
 36.000000      0.00516091
 36.100000      0.00329488
 36.200000      0.00372647
 36.300000      0.00488912
 36.400000      0.00697909
 36.500000      0.00856843
 36.600000      0.01006114
 36.700000      0.00400412
 36.800000      0.00218407
 36.900000      0.00702602
 37.000000      0.00504980
 37.100000      0.00152163
 37.200000     -0.00265996
 37.300000     -0.00138376
 37.400000      0.00048231
 37.500000     -0.00529933
 37.600000     -0.00495388
 37.700000     -0.00827540
 37.800000     -0.00983372
 37.900000     -0.01104499
 38.000000     -0.00838989
 38.100000     -0.00418716
 38.200000     -0.00645522
 38.300000     -0.00819450
 38.400000     -0.00774993
 38.500000     -0.00398259
 38.600000     -0.00024309
 38.700000     -0.00056544
 38.800000     -0.00265868
 38.900000     -0.00558259
 39.000000     -0.00183882
 39.100000      0.00265506
 39.200000      0.00195231
 39.300000      0.00512248
 39.400000      0.00685868
 39.500000      0.00551603
 39.600000      0.00198955
 39.700000     -0.00093333
 39.800000     -0.00006699
 39.900000      0.00355770
