  0.000000      0.00133992
  0.100000      0.00121908
  0.200000      0.00110943
  0.300000      0.00102242
  0.400000      0.00095352
  0.500000      0.00090104
  0.600000      0.00086346
  0.700000      0.00083840
  0.800000      0.00082212
  0.900000      0.00081967
  1.000000      0.00081151
  1.100000      0.00080056
  1.200000      0.00079103
  1.300000      0.00078754
  1.400000      0.00078413
  1.500000      0.00076932
  1.600000      0.00073713
  1.700000      0.00068490
  1.800000      0.00061362
  1.900000      0.00052263
  2.000000      0.00041495
  2.100000      0.00029457
  2.200000      0.00017687
  2.300000      0.00006121
  2.400000     -0.00004727
  2.500000     -0.00015189
  2.600000     -0.00027594
  2.700000     -0.00039406
  2.800000     -0.00050177
  2.900000     -0.00059577
  3.000000     -0.00067628
  3.100000     -0.00074387
  3.200000     -0.00079907
  3.300000     -0.00083980
  3.400000     -0.00086791
  3.500000     -0.00088725
  3.600000     -0.00089784
  3.700000     -0.00090613
  3.800000     -0.00091543
  3.900000     -0.00093938
  4.000000     -0.00097909
  4.100000     -0.00102302
  4.200000     -0.00107189
  4.300000     -0.00112569
  4.400000     -0.00119933
  4.500000     -0.00127525
  4.600000     -0.00134982
  4.700000     -0.00141944
  4.800000     -0.00149199
  4.900000     -0.00156408
  5.000000     -0.00165002
  5.100000     -0.00175051
  5.200000     -0.00186171
  5.300000     -0.00198849
  5.400000     -0.00215290
  5.500000     -0.00234206
  5.600000     -0.00255909
  5.700000     -0.00279218
  5.800000     -0.00302746
  5.900000     -0.00326434
  6.000000     -0.00350871
  6.100000     -0.00376477
  6.200000     -0.00404184
  6.300000     -0.00433903
  6.400000     -0.00466432
  6.500000     -0.00501830
  6.600000     -0.00540496
  6.700000     -0.00582889
  6.800000     -0.00628593
  6.900000     -0.00677781
  7.000000     -0.00729335
  7.100000     -0.00782238
  7.200000     -0.00835999
  7.300000     -0.00890809
  7.400000     -0.00946844
  7.500000     -0.01003074
  7.600000     -0.01056947
  7.700000     -0.01107242
  7.800000     -0.01153667
  7.900000     -0.01197105
  8.000000     -0.01237910
  8.100000     -0.01276816
  8.200000     -0.01314501
  8.300000     -0.01349860
  8.400000     -0.01384167
  8.500000     -0.01416795
  8.600000     -0.01447718
  8.700000     -0.01476127
  8.800000     -0.01502385
  8.900000     -0.01525732
  9.000000     -0.01545015
  9.100000     -0.01561101
  9.200000     -0.01574187
  9.300000     -0.01584214
  9.400000     -0.01590704
  9.500000     -0.01592970
  9.600000     -0.01589248
  9.700000     -0.01578921
  9.800000     -0.01562166
  9.900000     -0.01537366
 10.000000     -0.01504517
 10.100000     -0.01462838
 10.200000     -0.01410681
 10.300000     -0.01347872
 10.400000     -0.01273139
 10.500000     -0.01184950
 10.600000     -0.01079454
 10.700000     -0.00953103
 10.800000     -0.00803058
 10.900000     -0.00625872
 11.000000     -0.00418421
 11.100000     -0.00176551
 11.200000      0.00103180
 11.300000      0.00426011
 11.400000      0.00795638
 11.500000      0.01211334
 11.600000      0.01681827
 11.700000      0.02213947
 11.800000      0.02818948
 11.900000      0.03505973
 12.000000      0.04286448
 12.100000      0.05168406
 12.200000      0.06158303
 12.300000      0.07264292
 12.400000      0.08490341
 12.500000      0.09844029
 12.600000      0.11330143
 12.700000      0.12953781
 12.800000      0.14718341
 12.900000      0.16623026
 13.000000      0.18666329
 13.100000      0.20847388
 13.200000      0.23163336
 13.300000      0.25611028
 13.400000      0.28185369
 13.500000      0.30875985
 13.600000      0.33674126
 13.700000      0.36569106
 13.800000      0.39545246
 13.900000      0.42588608
 14.000000      0.45684634
 14.100000      0.48810905
 14.200000      0.51948983
 14.300000      0.55083062
 14.400000      0.58197734
 14.500000      0.61277230
 14.600000      0.64307227
 14.700000      0.67276843
 14.800000      0.70175235
 14.900000      0.72991493
 15.000000      0.75706268
 15.100000      0.78311463
 15.200000      0.80803220
 15.300000      0.83177696
 15.400000      0.85427719
 15.500000      0.87546615
 15.600000      0.89525252
 15.700000      0.91358222
 15.800000      0.93031209
 15.900000      0.94536385
 16.000000      0.95868039
 16.100000      0.97015019
 16.200000      0.97978355
 16.300000      0.98754362
 16.400000      0.99344538
 16.500000      0.99744088
 16.600000      0.99962172
 16.700000      1.00000000
 16.800000      0.99852725
 16.900000      0.99524688
 17.000000      0.99022900
 17.100000      0.98358829
 17.200000      0.97538040
 17.300000      0.96563561
 17.400000      0.95443306
 17.500000      0.94181058
 17.600000      0.92782170
 17.700000      0.91248794
 17.800000      0.89582265
 17.900000      0.87778101
 18.000000      0.85833268
 18.100000      0.83727391
 18.200000      0.81445223
 18.300000      0.78993241
 18.400000      0.76380794
 18.500000      0.73616178
 18.600000      0.70703433
 18.700000      0.67645605
 18.800000      0.64446319
 18.900000      0.61107885
 19.000000      0.57640297
 19.100000      0.54053512
 19.200000      0.50355987
 19.300000      0.46561314
 19.400000      0.42688404
 19.500000      0.38754973
 19.600000      0.34773187
 19.700000      0.30748381
 19.800000      0.26688236
 19.900000      0.22603901
 20.000000      0.18505462
 20.100000      0.14400528
 20.200000      0.10306746
 20.300000      0.06237073
 20.400000      0.02200851
 20.500000     -0.01791789
 20.600000     -0.05736701
 20.700000     -0.09625869
 20.800000     -0.13448759
 20.900000     -0.17192354
 21.000000     -0.20854093
 21.100000     -0.24426206
 21.200000     -0.27903918
 21.300000     -0.31286296
 21.400000     -0.34573377
 21.500000     -0.37763434
 21.600000     -0.40853162
 21.700000     -0.43837700
 21.800000     -0.46709359
 21.900000     -0.49462963
 22.000000     -0.52095854
 22.100000     -0.54611363
 22.200000     -0.57006867
 22.300000     -0.59277972
 22.400000     -0.61422402
 22.500000     -0.63440361
 22.600000     -0.65329904
 22.700000     -0.67090263
 22.800000     -0.68727203
 22.900000     -0.70241002
 23.000000     -0.71635034
 23.100000     -0.72905327
 23.200000     -0.74049114
 23.300000     -0.75071909
 23.400000     -0.75969954
 23.500000     -0.76753355
 23.600000     -0.77420762
 23.700000     -0.77974650
 23.800000     -0.78415790
 23.900000     -0.78747458
 24.000000     -0.78971153
 24.100000     -0.79086680
 24.200000     -0.79102367
 24.300000     -0.79023203
 24.400000     -0.78853324
 24.500000     -0.78595558
 24.600000     -0.78253607
 24.700000     -0.77834030
 24.800000     -0.77337556
 24.900000     -0.76774762
 25.000000     -0.76147622
 25.100000     -0.75457925
 25.200000     -0.74708955
 25.300000     -0.73905031
 25.400000     -0.73050679
 25.500000     -0.72149689
 25.600000     -0.71206723
 25.700000     -0.70225037
 25.800000     -0.69210284
 25.900000     -0.68166486
 26.000000     -0.67097201
 26.100000     -0.66006088
 26.200000     -0.64894874
 26.300000     -0.63766829
 26.400000     -0.62623093
 26.500000     -0.61465154
 26.600000     -0.60296313
 26.700000     -0.59119232
 26.800000     -0.57937339
 26.900000     -0.56753617
 27.000000     -0.55571468
 27.100000     -0.54391624
 27.200000     -0.53216914
 27.300000     -0.52050597
 27.400000     -0.50895624
 27.500000     -0.49753861
 27.600000     -0.48626998
 27.700000     -0.47516404
 27.800000     -0.46423556
 27.900000     -0.45349655
 28.000000     -0.44294421
 28.100000     -0.43257361
 28.200000     -0.42238060
 28.300000     -0.41236617
 28.400000     -0.40253836
 28.500000     -0.39288658
 28.600000     -0.38341912
 28.700000     -0.37413420
 28.800000     -0.36505637
 28.900000     -0.35617275
 29.000000     -0.34750616
 29.100000     -0.33903511
 29.200000     -0.33074782
 29.300000     -0.32264795
 29.400000     -0.31471995
 29.500000     -0.30696737
 29.600000     -0.29936806
 29.700000     -0.29192929
 29.800000     -0.28464840
 29.900000     -0.27751208
 30.000000     -0.27053662
 30.100000     -0.26372289
 30.200000     -0.25705983
 30.300000     -0.25054638
 30.400000     -0.24419526
 30.500000     -0.23802077
 30.600000     -0.23201867
 30.700000     -0.22622281
 30.800000     -0.22060218
 30.900000     -0.21516648
 31.000000     -0.20989993
 31.100000     -0.20481000
 31.200000     -0.19989345
 31.300000     -0.19514450
 31.400000     -0.19056475
 31.500000     -0.18613379
 31.600000     -0.18184637
 31.700000     -0.17768784
 31.800000     -0.17365255
 31.900000     -0.16972102
 32.000000     -0.16587319
 32.100000     -0.16210786
 32.200000     -0.15841495
 32.300000     -0.15478385
 32.400000     -0.15122246
 32.500000     -0.14773144
 32.600000     -0.14430378
 32.700000     -0.14095110
 32.800000     -0.13767209
 32.900000     -0.13446945
 33.000000     -0.13136527
 33.100000     -0.12835072
 33.200000     -0.12542851
 33.300000     -0.12259240
 33.400000     -0.11982902
 33.500000     -0.11709967
 33.600000     -0.11441804
 33.700000     -0.11177539
 33.800000     -0.10917790
 33.900000     -0.10663155
 34.000000     -0.10412380
 34.100000     -0.10166147
 34.200000     -0.09923234
 34.300000     -0.09683620
 34.400000     -0.09448262
 34.500000     -0.09217692
 34.600000     -0.08991839
 34.700000     -0.08770821
 34.800000     -0.08555518
 34.900000     -0.08346444
 35.000000     -0.08144150
 35.100000     -0.07948585
 35.200000     -0.07759020
 35.300000     -0.07574829
 35.400000     -0.07395096
 35.500000     -0.07219039
 35.600000     -0.07045866
 35.700000     -0.06874770
 35.800000     -0.06705529
 35.900000     -0.06536436
 36.000000     -0.06368506
 36.100000     -0.06199602
 36.200000     -0.06031890
 36.300000     -0.05864624
 36.400000     -0.05699838
 36.500000     -0.05539805
 36.600000     -0.05382984
 36.700000     -0.05228897
 36.800000     -0.05075820
 36.900000     -0.04923962
 37.000000     -0.04771070
 37.100000     -0.04617849
 37.200000     -0.04463829
 37.300000     -0.04310658
 37.400000     -0.04158775
 37.500000     -0.04008971
 37.600000     -0.03860829
 37.700000     -0.03713524
 37.800000     -0.03567298
 37.900000     -0.03421289
 38.000000     -0.03275763
 38.100000     -0.03130961
 38.200000     -0.02986767
 38.300000     -0.02845915
 38.400000     -0.02717237
 38.500000     -0.02590498
 38.600000     -0.02465084
 38.700000     -0.02341248
 38.800000     -0.02218123
 38.900000     -0.02095970
 39.000000     -0.01974259
 39.100000     -0.01851943
 39.200000     -0.01729516
 39.300000     -0.01607239
 39.400000     -0.01483323
 39.500000     -0.01358068
 39.600000     -0.01231357
 39.700000     -0.01102762
 39.800000     -0.00972794
 39.900000     -0.00841568
