  0.000000      0.00957261
  0.100000      0.01036979
  0.200000      0.01028412
  0.300000      0.01009932
  0.400000      0.01018823
  0.500000      0.00985969
  0.600000      0.00903859
  0.700000      0.00845765
  0.800000      0.00904742
  0.900000      0.00908331
  1.000000      0.00798804
  1.100000      0.00709768
  1.200000      0.00656282
  1.300000      0.00558275
  1.400000      0.00384006
  1.500000      0.00285425
  1.600000      0.00145751
  1.700000     -0.00094947
  1.800000     -0.00196953
  1.900000     -0.00273294
  2.000000     -0.00389222
  2.100000     -0.00510679
  2.200000     -0.00553653
  2.300000     -0.00614160
  2.400000     -0.00686000
  2.500000     -0.00827311
  2.600000     -0.00924989
  2.700000     -0.01067597
  2.800000     -0.01087680
  2.900000     -0.01109538
  3.000000     -0.01158904
  3.100000     -0.01126336
  3.200000     -0.01081648
  3.300000     -0.01150799
  3.400000     -0.01211005
  3.500000     -0.01214136
  3.600000     -0.01174123
  3.700000     -0.01162135
  3.800000     -0.01243016
  3.900000     -0.01172704
  4.000000     -0.01011720
  4.100000     -0.00870854
  4.200000     -0.00734617
  4.300000     -0.00638076
  4.400000     -0.00556145
  4.500000     -0.00519218
  4.600000     -0.00491740
  4.700000     -0.00483303
  4.800000     -0.00412324
  4.900000     -0.00364892
  5.000000     -0.00379128
  5.100000     -0.00351373
  5.200000     -0.00310082
  5.300000     -0.00339101
  5.400000     -0.00329455
  5.500000     -0.00312604
  5.600000     -0.00344151
  5.700000     -0.00357945
  5.800000     -0.00293116
  5.900000     -0.00183929
  6.000000     -0.00101468
  6.100000     -0.00042858
  6.200000     -0.00052931
  6.300000     -0.00046729
  6.400000      0.00038794
  6.500000      0.00074970
  6.600000      0.00108959
  6.700000      0.00169687
  6.800000      0.00171999
  6.900000      0.00149416
  7.000000      0.00214265
  7.100000      0.00313471
  7.200000      0.00386722
  7.300000      0.00475569
  7.400000      0.00664088
  7.500000      0.00787673
  7.600000      0.00819513
  7.700000      0.00831870
  7.800000      0.00842419
  7.900000      0.00933352
  8.000000      0.00889464
  8.100000      0.00813384
  8.200000      0.00839456
  8.300000      0.00900590
  8.400000      0.00885461
  8.500000      0.00831327
  8.600000      0.00839268
  8.700000      0.00830262
  8.800000      0.00731153
  8.900000      0.00658699
  9.000000      0.00621727
  9.100000      0.00652452
  9.200000      0.00737567
  9.300000      0.00713644
  9.400000      0.00749619
  9.500000      0.00798705
  9.600000      0.00747026
  9.700000      0.00647761
  9.800000      0.00578527
  9.900000      0.00571972
 10.000000      0.00605134
 10.100000      0.00649532
 10.200000      0.00764218
 10.300000      0.00909166
 10.400000      0.01017866
 10.500000      0.01122437
 10.600000      0.01346663
 10.700000      0.01566147
 10.800000      0.01699886
 10.900000      0.01881590
 11.000000      0.02154624
 11.100000      0.02430061
 11.200000      0.02679450
 11.300000      0.02956703
 11.400000      0.03256514
 11.500000      0.03437515
 11.600000      0.03604379
 11.700000      0.03865127
 11.800000      0.04029015
 11.900000      0.04188406
 12.000000      0.04363695
 12.100000      0.04536705
 12.200000      0.04815942
 12.300000      0.05078341
 12.400000      0.05436028
 12.500000      0.05958848
 12.600000      0.06575844
 12.700000      0.07391038
 12.800000      0.08524301
 12.900000      0.09829302
 13.000000      0.11325196
 13.100000      0.12994225
 13.200000      0.14885694
 13.300000      0.17110445
 13.400000      0.19618595
 13.500000      0.22411285
 13.600000      0.25494832
 13.700000      0.28847169
 13.800000      0.32328246
 13.900000      0.35878471
 14.000000      0.39584945
 14.100000      0.43449411
 14.200000      0.47288346
 14.300000      0.51177005
 14.400000      0.55091322
 14.500000      0.58895277
 14.600000      0.62570613
 14.700000      0.66227744
 14.800000      0.69738940
 14.900000      0.72973442
 15.000000      0.76040459
 15.100000      0.78967602
 15.200000      0.81608515
 15.300000      0.84064241
 15.400000      0.86415438
 15.500000      0.88462228
 15.600000      0.90287658
 15.700000      0.92037416
 15.800000      0.93591887
 15.900000      0.94884002
 16.000000      0.96047053
 16.100000      0.97079265
 16.200000      0.97918257
 16.300000      0.98613106
 16.400000      0.99111893
 16.500000      0.99548586
 16.600000      0.99883562
 16.700000      1.00000000
 16.800000      0.99914270
 16.900000      0.99591901
 17.000000      0.99166987
 17.100000      0.98518051
 17.200000      0.97624485
 17.300000      0.96490374
 17.400000      0.94960884
 17.500000      0.93134289
 17.600000      0.91078171
 17.700000      0.88662688
 17.800000      0.85897992
 17.900000      0.82862398
 18.000000      0.79534224
 18.100000      0.75906509
 18.200000      0.71871116
 18.300000      0.67461093
 18.400000      0.62758168
 18.500000      0.57697869
 18.600000      0.52350003
 18.700000      0.46897032
 18.800000      0.41244736
 18.900000      0.35424080
 19.000000      0.29505293
 19.100000      0.23539551
 19.200000      0.17633536
 19.300000      0.11757880
 19.400000      0.05908334
 19.500000      0.00174389
 19.600000     -0.05503163
 19.700000     -0.11139517
 19.800000     -0.16626966
 19.900000     -0.21939358
 20.000000     -0.27066602
 20.100000     -0.32052727
 20.200000     -0.36917738
 20.300000     -0.41632539
 20.400000     -0.46132015
 20.500000     -0.50359749
 20.600000     -0.54484446
 20.700000     -0.58360817
 20.800000     -0.61963226
 20.900000     -0.65349727
 21.000000     -0.68489402
 21.100000     -0.71398592
 21.200000     -0.74053568
 21.300000     -0.76528401
 21.400000     -0.78715866
 21.500000     -0.80663859
 21.600000     -0.82448887
 21.700000     -0.83975098
 21.800000     -0.85231050
 21.900000     -0.86268940
 22.000000     -0.87114926
 22.100000     -0.87729258
 22.200000     -0.88171878
 22.300000     -0.88426342
 22.400000     -0.88488089
 22.500000     -0.88363650
 22.600000     -0.88093964
 22.700000     -0.87697527
 22.800000     -0.87152676
 22.900000     -0.86492166
 23.000000     -0.85653451
 23.100000     -0.84731959
 23.200000     -0.83688412
 23.300000     -0.82512638
 23.400000     -0.81212481
 23.500000     -0.79935326
 23.600000     -0.78563911
 23.700000     -0.77057867
 23.800000     -0.75537587
 23.900000     -0.73993834
 24.000000     -0.72389137
 24.100000     -0.70684588
 24.200000     -0.68840657
 24.300000     -0.67032451
 24.400000     -0.65287855
 24.500000     -0.63533958
 24.600000     -0.61706237
 24.700000     -0.59918570
 24.800000     -0.58208491
 24.900000     -0.56542797
 25.000000     -0.54883487
 25.100000     -0.53211459
 25.200000     -0.51510572
 25.300000     -0.49719190
 25.400000     -0.48005954
 25.500000     -0.46420765
 25.600000     -0.44790999
 25.700000     -0.43201087
 25.800000     -0.41670522
 25.900000     -0.40172088
 26.000000     -0.38682554
 26.100000     -0.37244827
 26.200000     -0.35871635
 26.300000     -0.34536677
 26.400000     -0.33232743
 26.500000     -0.31969881
 26.600000     -0.30715926
 26.700000     -0.29484190
 26.800000     -0.28277792
 26.900000     -0.27195248
 27.000000     -0.26048916
 27.100000     -0.24737721
 27.200000     -0.23492763
 27.300000     -0.22404669
 27.400000     -0.21281947
 27.500000     -0.20139546
 27.600000     -0.19050489
 27.700000     -0.17994847
 27.800000     -0.16950148
 27.900000     -0.15856593
 28.000000     -0.14800367
 28.100000     -0.13924024
 28.200000     -0.13145832
 28.300000     -0.12295136
 28.400000     -0.11541184
 28.500000     -0.10781343
 28.600000     -0.10048243
 28.700000     -0.09415403
 28.800000     -0.08723643
 28.900000     -0.08048632
 29.000000     -0.07490064
 29.100000     -0.06888170
 29.200000     -0.06305986
 29.300000     -0.05789684
 29.400000     -0.05230786
 29.500000     -0.04631695
 29.600000     -0.04027872
 29.700000     -0.03529483
 29.800000     -0.03080826
 29.900000     -0.02595552
 30.000000     -0.02128918
 30.100000     -0.01714706
 30.200000     -0.01371507
 30.300000     -0.01106027
 30.400000     -0.00792407
 30.500000     -0.00527660
 30.600000     -0.00295688
 30.700000     -0.00147979
 30.800000      0.00008282
 30.900000      0.00142923
 31.000000      0.00216274
 31.100000      0.00262648
 31.200000      0.00277830
 31.300000      0.00231253
 31.400000      0.00218437
 31.500000      0.00208728
 31.600000      0.00042394
 31.700000     -0.00205980
 31.800000     -0.00367461
 31.900000     -0.00501310
 32.000000     -0.00772868
 32.100000     -0.01042597
 32.200000     -0.01210220
 32.300000     -0.01454046
 32.400000     -0.01800363
 32.500000     -0.02102928
 32.600000     -0.02392946
 32.700000     -0.02744459
 32.800000     -0.03154036
 32.900000     -0.03611968
 33.000000     -0.04010875
 33.100000     -0.04456120
 33.200000     -0.05015725
 33.300000     -0.05532633
 33.400000     -0.06011443
 33.500000     -0.06515832
 33.600000     -0.07034533
 33.700000     -0.07537861
 33.800000     -0.08043280
 33.900000     -0.08542852
 34.000000     -0.08926951
 34.100000     -0.09256597
 34.200000     -0.09563721
 34.300000     -0.09883656
 34.400000     -0.10115632
 34.500000     -0.10406751
 34.600000     -0.10718586
 34.700000     -0.11026671
 34.800000     -0.11224758
 34.900000     -0.11430258
 35.000000     -0.11626696
 35.100000     -0.11763805
 35.200000     -0.11896182
 35.300000     -0.11996659
 35.400000     -0.12013577
 35.500000     -0.12057633
 35.600000     -0.12142890
 35.700000     -0.12209557
 35.800000     -0.12321475
 35.900000     -0.12395395
 36.000000     -0.12332454
 36.100000     -0.12327660
 36.200000     -0.12282320
 36.300000     -0.12168231
 36.400000     -0.12071010
 36.500000     -0.11932675
 36.600000     -0.11772397
 36.700000     -0.11665661
 36.800000     -0.11531059
 36.900000     -0.11415206
 37.000000     -0.11267632
 37.100000     -0.11052276
 37.200000     -0.10825642
 37.300000     -0.10571128
 37.400000     -0.10292141
 37.500000     -0.10055374
 37.600000     -0.09745112
 37.700000     -0.09392938
 37.800000     -0.09082118
 37.900000     -0.08773597
 38.000000     -0.08394807
 38.100000     -0.08009837
 38.200000     -0.07675915
 38.300000     -0.07375339
 38.400000     -0.07128287
 38.500000     -0.06903079
 38.600000     -0.06693094
 38.700000     -0.06477899
 38.800000     -0.06169734
 38.900000     -0.05847552
 39.000000     -0.05578143
 39.100000     -0.05287276
 39.200000     -0.04946814
 39.300000     -0.04629632
 39.400000     -0.04308161
 39.500000     -0.03927796
 39.600000     -0.03566246
 39.700000     -0.03209690
 39.800000     -0.02837135
 39.900000     -0.02496143
