  0.000000     -0.04783339
  0.100000     -0.04230487
  0.200000     -0.03638596
  0.300000     -0.03049075
  0.400000     -0.02408474
  0.500000     -0.01638083
  0.600000     -0.00877946
  0.700000     -0.00200783
  0.800000      0.00419168
  0.900000      0.01022794
  1.000000      0.01560550
  1.100000      0.02061355
  1.200000      0.02590318
  1.300000      0.03123048
  1.400000      0.03592698
  1.500000      0.03989057
  1.600000      0.04269064
  1.700000      0.04447772
  1.800000      0.04560517
  1.900000      0.04707730
  2.000000      0.04891933
  2.100000      0.05041668
  2.200000      0.05173200
  2.300000      0.05263517
  2.400000      0.05350573
  2.500000      0.05481576
  2.600000      0.05640334
  2.700000      0.05743511
  2.800000      0.05841121
  2.900000      0.06054426
  3.000000      0.06257805
  3.100000      0.06355110
  3.200000      0.06417662
  3.300000      0.06431716
  3.400000      0.06459152
  3.500000      0.06569164
  3.600000      0.06651822
  3.700000      0.06632006
  3.800000      0.06504475
  3.900000      0.06212750
  4.000000      0.05853224
  4.100000      0.05527007
  4.200000      0.05150688
  4.300000      0.04749867
  4.400000      0.04228982
  4.500000      0.03683239
  4.600000      0.03180107
  4.700000      0.02619280
  4.800000      0.02111120
  4.900000      0.01613564
  5.000000      0.01148038
  5.100000      0.00859006
  5.200000      0.00676676
  5.300000      0.00575060
  5.400000      0.00342531
  5.500000      0.00199174
  5.600000     -0.00021658
  5.700000     -0.00233950
  5.800000     -0.00353386
  5.900000     -0.00460566
  6.000000     -0.00616307
  6.100000     -0.00854658
  6.200000     -0.01017577
  6.300000     -0.01235911
  6.400000     -0.01497962
  6.500000     -0.01723591
  6.600000     -0.01946448
  6.700000     -0.02060787
  6.800000     -0.02112723
  6.900000     -0.02185347
  7.000000     -0.02155525
  7.100000     -0.02174298
  7.200000     -0.02172351
  7.300000     -0.02268807
  7.400000     -0.02487686
  7.500000     -0.02745493
  7.600000     -0.02844011
  7.700000     -0.02733958
  7.800000     -0.02737358
  7.900000     -0.02899483
  8.000000     -0.03109584
  8.100000     -0.03350648
  8.200000     -0.03760946
  8.300000     -0.04279803
  8.400000     -0.04943452
  8.500000     -0.05719966
  8.600000     -0.06392524
  8.700000     -0.07048168
  8.800000     -0.07678332
  8.900000     -0.08304450
  9.000000     -0.08846418
  9.100000     -0.09408411
  9.200000     -0.09973433
  9.300000     -0.10410675
  9.400000     -0.10681201
  9.500000     -0.10911757
  9.600000     -0.11206618
  9.700000     -0.11479568
  9.800000     -0.11762365
  9.900000     -0.12099953
 10.000000     -0.12496816
 10.100000     -0.13124045
 10.200000     -0.13802793
 10.300000     -0.14580759
 10.400000     -0.15532899
 10.500000     -0.16239664
 10.600000     -0.16853866
 10.700000     -0.17443310
 10.800000     -0.18085473
 10.900000     -0.18662359
 11.000000     -0.19220369
 11.100000     -0.19726723
 11.200000     -0.20254795
 11.300000     -0.20421464
 11.400000     -0.20623815
 11.500000     -0.20978938
 11.600000     -0.21352286
 11.700000     -0.21726555
 11.800000     -0.22317780
 11.900000     -0.22906023
 12.000000     -0.23621759
 12.100000     -0.24504299
 12.200000     -0.25510989
 12.300000     -0.26575405
 12.400000     -0.27585841
 12.500000     -0.28715144
 12.600000     -0.29922013
 12.700000     -0.31137582
 12.800000     -0.32221413
 12.900000     -0.33502341
 13.000000     -0.34685887
 13.100000     -0.35778507
 13.200000     -0.36808539
 13.300000     -0.37734458
 13.400000     -0.38685568
 13.500000     -0.39615183
 13.600000     -0.39917476
 13.700000     -0.40147447
 13.800000     -0.40049529
 13.900000     -0.39420533
 14.000000     -0.38387913
 14.100000     -0.37056609
 14.200000     -0.35081198
 14.300000     -0.32617145
 14.400000     -0.29540955
 14.500000     -0.25781958
 14.600000     -0.21383127
 14.700000     -0.16282071
 14.800000     -0.10179207
 14.900000     -0.03373897
 15.000000      0.03974167
 15.100000      0.12064356
 15.200000      0.20376740
 15.300000      0.28831934
 15.400000      0.37253433
 15.500000      0.45245652
 15.600000      0.53100622
 15.700000      0.60524060
 15.800000      0.67499910
 15.900000      0.73712169
 16.000000      0.79403810
 16.100000      0.84163449
 16.200000      0.88474155
 16.300000      0.91715115
 16.400000      0.94322265
 16.500000      0.96178130
 16.600000      0.97540380
 16.700000      0.98500392
 16.800000      0.99274149
 16.900000      1.00000000
 17.000000      0.99867456
 17.100000      0.99216661
 17.200000      0.98463997
 17.300000      0.97156233
 17.400000      0.95160672
 17.500000      0.92208137
 17.600000      0.88575955
 17.700000      0.84345615
 17.800000      0.79540316
 17.900000      0.74128028
 18.000000      0.68273776
 18.100000      0.62350859
 18.200000      0.56358951
 18.300000      0.49653651
 18.400000      0.42866824
 18.500000      0.36312447
 18.600000      0.29683544
 18.700000      0.23444466
 18.800000      0.17459943
 18.900000      0.11709077
 19.000000      0.06383571
 19.100000      0.01602887
 19.200000     -0.02838598
 19.300000     -0.06695479
 19.400000     -0.09874133
 19.500000     -0.12869258
 19.600000     -0.15206325
 19.700000     -0.17129213
 19.800000     -0.18507837
 19.900000     -0.19405944
 20.000000     -0.20008944
 20.100000     -0.20393156
 20.200000     -0.20905431
 20.300000     -0.21190533
 20.400000     -0.21772879
 20.500000     -0.22166527
 20.600000     -0.22013514
 20.700000     -0.22033723
 20.800000     -0.22005050
 20.900000     -0.21621497
 21.000000     -0.21333128
 21.100000     -0.20881277
 21.200000     -0.20424593
 21.300000     -0.19804026
 21.400000     -0.19068588
 21.500000     -0.18161506
 21.600000     -0.17475398
 21.700000     -0.16848089
 21.800000     -0.15973294
 21.900000     -0.15105929
 22.000000     -0.14413762
 22.100000     -0.13770058
 22.200000     -0.12990229
 22.300000     -0.12167274
 22.400000     -0.11645638
 22.500000     -0.10746279
 22.600000     -0.09467826
 22.700000     -0.08174069
 22.800000     -0.07232988
 22.900000     -0.06591518
 23.000000     -0.06025355
 23.100000     -0.05532180
 23.200000     -0.05022042
 23.300000     -0.04486928
 23.400000     -0.04239777
 23.500000     -0.03956762
 23.600000     -0.03906398
 23.700000     -0.03589441
 23.800000     -0.03243658
 23.900000     -0.03096929
 24.000000     -0.02922110
 24.100000     -0.03021696
 24.200000     -0.03230033
 24.300000     -0.03169750
 24.400000     -0.03376814
 24.500000     -0.03692047
 24.600000     -0.03900460
 24.700000     -0.04173861
 24.800000     -0.04455100
 24.900000     -0.04610767
 25.000000     -0.04771905
 25.100000     -0.05213537
 25.200000     -0.05659614
 25.300000     -0.06188723
 25.400000     -0.06570748
 25.500000     -0.06893929
 25.600000     -0.07170731
 25.700000     -0.07402673
 25.800000     -0.07352293
 25.900000     -0.07392450
 26.000000     -0.07254215
 26.100000     -0.06783326
 26.200000     -0.06672467
 26.300000     -0.06364594
 26.400000     -0.05940509
 26.500000     -0.05561205
 26.600000     -0.05149961
 26.700000     -0.04901290
 26.800000     -0.04842695
 26.900000     -0.04674867
 27.000000     -0.04493570
 27.100000     -0.04176122
 27.200000     -0.03957005
 27.300000     -0.03797756
 27.400000     -0.03722107
 27.500000     -0.03668994
 27.600000     -0.03629986
 27.700000     -0.03586411
 27.800000     -0.03659592
 27.900000     -0.03819997
 28.000000     -0.03729396
 28.100000     -0.03678535
 28.200000     -0.03554985
 28.300000     -0.03535758
 28.400000     -0.03655920
 28.500000     -0.03823321
 28.600000     -0.03915406
 28.700000     -0.04225641
 28.800000     -0.04357173
 28.900000     -0.04404834
 29.000000     -0.04490428
 29.100000     -0.04637642
 29.200000     -0.04908188
 29.300000     -0.05187415
 29.400000     -0.05599204
 29.500000     -0.06080600
 29.600000     -0.06651705
 29.700000     -0.07276516
 29.800000     -0.07882338
 29.900000     -0.08319554
 30.000000     -0.08669037
 30.100000     -0.09123402
 30.200000     -0.09739610
 30.300000     -0.10248461
 30.400000     -0.10768658
 30.500000     -0.11296292
 30.600000     -0.11648563
 30.700000     -0.12048723
 30.800000     -0.12289284
 30.900000     -0.12271214
 31.000000     -0.12064650
 31.100000     -0.11777733
 31.200000     -0.11425587
 31.300000     -0.10971818
 31.400000     -0.10474117
 31.500000     -0.09983105
 31.600000     -0.09718406
 31.700000     -0.09426974
 31.800000     -0.09054489
 31.900000     -0.08733324
 32.000000     -0.08455024
 32.100000     -0.08232075
 32.200000     -0.07940210
 32.300000     -0.07569419
 32.400000     -0.07283228
 32.500000     -0.07092096
 32.600000     -0.06820734
 32.700000     -0.06530716
 32.800000     -0.06214561
 32.900000     -0.05908731
 33.000000     -0.05576509
 33.100000     -0.05384842
 33.200000     -0.05218909
 33.300000     -0.04880509
 33.400000     -0.04572533
 33.500000     -0.04218559
 33.600000     -0.03960023
 33.700000     -0.03653880
 33.800000     -0.03321384
 33.900000     -0.03013719
 34.000000     -0.02778603
 34.100000     -0.02618472
 34.200000     -0.02607340
 34.300000     -0.02824684
 34.400000     -0.03103541
 34.500000     -0.03369798
 34.600000     -0.03684985
 34.700000     -0.04100838
 34.800000     -0.04622656
 34.900000     -0.05113349
 35.000000     -0.05486859
 35.100000     -0.05872863
 35.200000     -0.06273424
 35.300000     -0.06704859
 35.400000     -0.07215105
 35.500000     -0.07690949
 35.600000     -0.08019493
 35.700000     -0.08261576
 35.800000     -0.08521421
 35.900000     -0.08666324
 36.000000     -0.08680107
 36.100000     -0.08676385
 36.200000     -0.08522986
 36.300000     -0.08260832
 36.400000     -0.07980059
 36.500000     -0.07779441
 36.600000     -0.07541998
 36.700000     -0.07216657
 36.800000     -0.06929481
 36.900000     -0.06652562
 37.000000     -0.06300942
 37.100000     -0.05881112
 37.200000     -0.05451799
 37.300000     -0.05069375
 37.400000     -0.04690994
 37.500000     -0.04308933
 37.600000     -0.03888139
 37.700000     -0.03528358
 37.800000     -0.03380411
 37.900000     -0.03311877
 38.000000     -0.03214370
 38.100000     -0.03021700
 38.200000     -0.02722862
 38.300000     -0.02379305
 38.400000     -0.01979382
 38.500000     -0.01608950
 38.600000     -0.01342423
 38.700000     -0.01257796
 38.800000     -0.01249901
 38.900000     -0.01313255
 39.000000     -0.01311099
 39.100000     -0.01264933
 39.200000     -0.01137068
 39.300000     -0.00912830
 39.400000     -0.00641926
 39.500000     -0.00358776
 39.600000     -0.00011035
 39.700000      0.00407022
 39.800000      0.00783181
 39.900000      0.01097279
