  0.000000      0.00481229
  0.100000      0.00575706
  0.200000      0.00694826
  0.300000      0.00845490
  0.400000      0.00992925
  0.500000      0.01112576
  0.600000      0.01134461
  0.700000      0.01133358
  0.800000      0.01065810
  0.900000      0.01008773
  1.000000      0.00986009
  1.100000      0.00973805
  1.200000      0.00949526
  1.300000      0.00934248
  1.400000      0.00914911
  1.500000      0.00932586
  1.600000      0.00885965
  1.700000      0.00829576
  1.800000      0.00834504
  1.900000      0.00771397
  2.000000      0.00740457
  2.100000      0.00839331
  2.200000      0.00909943
  2.300000      0.00994054
  2.400000      0.01089541
  2.500000      0.01143996
  2.600000      0.01309339
  2.700000      0.01451895
  2.800000      0.01528653
  2.900000      0.01697310
  3.000000      0.01829501
  3.100000      0.01820257
  3.200000      0.01829543
  3.300000      0.01806748
  3.400000      0.01870702
  3.500000      0.01821535
  3.600000      0.01711334
  3.700000      0.01812951
  3.800000      0.01750187
  3.900000      0.01700241
  4.000000      0.01859848
  4.100000      0.01886911
  4.200000      0.01857244
  4.300000      0.01772810
  4.400000      0.01717944
  4.500000      0.01901462
  4.600000      0.01884408
  4.700000      0.01705654
  4.800000      0.01737395
  4.900000      0.01692033
  5.000000      0.01657761
  5.100000      0.01780488
  5.200000      0.01724866
  5.300000      0.01545026
  5.400000      0.01539956
  5.500000      0.01437246
  5.600000      0.01433172
  5.700000      0.01421262
  5.800000      0.01249374
  5.900000      0.01177904
  6.000000      0.01111709
  6.100000      0.01061382
  6.200000      0.00933538
  6.300000      0.00735401
  6.400000      0.00849936
  6.500000      0.00946422
  6.600000      0.00933337
  6.700000      0.00893682
  6.800000      0.00979188
  6.900000      0.01025143
  7.000000      0.01030719
  7.100000      0.01061735
  7.200000      0.01027888
  7.300000      0.00986377
  7.400000      0.00907892
  7.500000      0.00895798
  7.600000      0.01051680
  7.700000      0.01314061
  7.800000      0.01411600
  7.900000      0.01612372
  8.000000      0.01784648
  8.100000      0.01819205
  8.200000      0.01676306
  8.300000      0.01421077
  8.400000      0.01158942
  8.500000      0.01021498
  8.600000      0.00803177
  8.700000      0.00540048
  8.800000      0.00270101
  8.900000     -0.00025705
  9.000000     -0.00101814
  9.100000     -0.00175113
  9.200000     -0.00135308
  9.300000      0.00003833
  9.400000      0.00163106
  9.500000      0.00248086
  9.600000      0.00239416
  9.700000      0.00181360
  9.800000      0.00156273
  9.900000      0.00023991
 10.000000     -0.00202085
 10.100000     -0.00198784
 10.200000     -0.00099561
 10.300000     -0.00057650
 10.400000     -0.00109758
 10.500000     -0.00200631
 10.600000     -0.00193193
 10.700000     -0.00190909
 10.800000     -0.00287045
 10.900000     -0.00403347
 11.000000     -0.00526913
 11.100000     -0.00695492
 11.200000     -0.00799784
 11.300000     -0.01200493
 11.400000     -0.01677548
 11.500000     -0.02010479
 11.600000     -0.02276094
 11.700000     -0.02566868
 11.800000     -0.02692613
 11.900000     -0.02751486
 12.000000     -0.02730963
 12.100000     -0.02569591
 12.200000     -0.02216107
 12.300000     -0.01779077
 12.400000     -0.01154618
 12.500000     -0.00593902
 12.600000     -0.00138634
 12.700000      0.00363377
 12.800000      0.00800117
 12.900000      0.00971426
 13.000000      0.01065479
 13.100000      0.00999880
 13.200000      0.00820013
 13.300000      0.00438824
 13.400000     -0.00125677
 13.500000     -0.00722476
 13.600000     -0.01163401
 13.700000     -0.01479089
 13.800000     -0.01617703
 13.900000     -0.01610914
 14.000000     -0.01238331
 14.100000     -0.00540088
 14.200000      0.00325962
 14.300000      0.01644355
 14.400000      0.03533427
 14.500000      0.05784052
 14.600000      0.08663993
 14.700000      0.12147309
 14.800000      0.16181049
 14.900000      0.20852994
 15.000000      0.26002511
 15.100000      0.31703512
 15.200000      0.37932445
 15.300000      0.44423766
 15.400000      0.51253219
 15.500000      0.58016285
 15.600000      0.64561674
 15.700000      0.70874437
 15.800000      0.76631983
 15.900000      0.81716822
 16.000000      0.86206715
 16.100000      0.89851894
 16.200000      0.93027301
 16.300000      0.95644425
 16.400000      0.97692884
 16.500000      0.99182758
 16.600000      1.00000000
 16.700000      0.99961455
 16.800000      0.99150063
 16.900000      0.97388425
 17.000000      0.94802889
 17.100000      0.91043073
 17.200000      0.86281892
 17.300000      0.80743035
 17.400000      0.74394339
 17.500000      0.67440922
 17.600000      0.59741736
 17.700000      0.51603182
 17.800000      0.43035836
 17.900000      0.34052323
 18.000000      0.25075289
 18.100000      0.16224804
 18.200000      0.07651535
 18.300000     -0.00554285
 18.400000     -0.08532148
 18.500000     -0.16130493
 18.600000     -0.23096680
 18.700000     -0.29278553
 18.800000     -0.34949379
 18.900000     -0.39871953
 19.000000     -0.44230059
 19.100000     -0.47991174
 19.200000     -0.51195278
 19.300000     -0.53828607
 19.400000     -0.55833894
 19.500000     -0.57353137
 19.600000     -0.58409617
 19.700000     -0.59133395
 19.800000     -0.59580993
 19.900000     -0.59509533
 20.000000     -0.59171477
 20.100000     -0.58582508
 20.200000     -0.57806755
 20.300000     -0.56885963
 20.400000     -0.55850997
 20.500000     -0.54781880
 20.600000     -0.53617838
 20.700000     -0.52430222
 20.800000     -0.51435611
 20.900000     -0.50233790
 21.000000     -0.48836126
 21.100000     -0.47328951
 21.200000     -0.45539746
 21.300000     -0.43629592
 21.400000     -0.41738003
 21.500000     -0.39927606
 21.600000     -0.38342696
 21.700000     -0.36889705
 21.800000     -0.35423432
 21.900000     -0.34057199
 22.000000     -0.32680073
 22.100000     -0.31207050
 22.200000     -0.29716654
 22.300000     -0.28167387
 22.400000     -0.26620166
 22.500000     -0.25037137
 22.600000     -0.23555553
 22.700000     -0.22081305
 22.800000     -0.20702931
 22.900000     -0.19283384
 23.000000     -0.18030125
 23.100000     -0.16713393
 23.200000     -0.15388443
 23.300000     -0.14152269
 23.400000     -0.12955650
 23.500000     -0.11997923
 23.600000     -0.11123610
 23.700000     -0.10329553
 23.800000     -0.09579841
 23.900000     -0.09016054
 24.000000     -0.08528554
 24.100000     -0.08053647
 24.200000     -0.07690103
 24.300000     -0.07514416
 24.400000     -0.07420292
 24.500000     -0.07229789
 24.600000     -0.07197693
 24.700000     -0.07269308
 24.800000     -0.07254141
 24.900000     -0.07364527
 25.000000     -0.07525053
 25.100000     -0.07470335
 25.200000     -0.07459351
 25.300000     -0.07695346
 25.400000     -0.07889858
 25.500000     -0.08036013
 25.600000     -0.08095962
 25.700000     -0.08110705
 25.800000     -0.08218824
 25.900000     -0.08170659
 26.000000     -0.08108420
 26.100000     -0.08064490
 26.200000     -0.08063566
 26.300000     -0.07896826
 26.400000     -0.07788113
 26.500000     -0.07724098
 26.600000     -0.07549075
 26.700000     -0.07253441
 26.800000     -0.06904449
 26.900000     -0.06624718
 27.000000     -0.06205246
 27.100000     -0.05786424
 27.200000     -0.05664337
 27.300000     -0.05620679
 27.400000     -0.05710357
 27.500000     -0.05881556
 27.600000     -0.06059627
 27.700000     -0.06270133
 27.800000     -0.06478399
 27.900000     -0.06934770
 28.000000     -0.07236919
 28.100000     -0.07455000
 28.200000     -0.07746174
 28.300000     -0.07974981
 28.400000     -0.07972906
 28.500000     -0.07807673
 28.600000     -0.07607975
 28.700000     -0.07376488
 28.800000     -0.07205182
 28.900000     -0.06991135
 29.000000     -0.06827585
 29.100000     -0.06726477
 29.200000     -0.06539032
 29.300000     -0.06421003
 29.400000     -0.06361029
 29.500000     -0.06422977
 29.600000     -0.06517104
 29.700000     -0.06578648
 29.800000     -0.06688233
 29.900000     -0.06712561
 30.000000     -0.06634599
 30.100000     -0.06522663
 30.200000     -0.06283254
 30.300000     -0.06088711
 30.400000     -0.05912984
 30.500000     -0.05780049
 30.600000     -0.05665545
 30.700000     -0.05543547
 30.800000     -0.05377468
 30.900000     -0.05163306
 31.000000     -0.04869569
 31.100000     -0.04481289
 31.200000     -0.04032726
 31.300000     -0.03765721
 31.400000     -0.03699021
 31.500000     -0.03469898
 31.600000     -0.03241838
 31.700000     -0.03062629
 31.800000     -0.02688138
 31.900000     -0.02377220
 32.000000     -0.02175579
 32.100000     -0.02073397
 32.200000     -0.01903697
 32.300000     -0.01755543
 32.400000     -0.01453505
 32.500000     -0.01146870
 32.600000     -0.00977108
 32.700000     -0.00766339
 32.800000     -0.00653830
 32.900000     -0.00653492
 33.000000     -0.00742676
 33.100000     -0.00890284
 33.200000     -0.01028849
 33.300000     -0.01121675
 33.400000     -0.01224364
 33.500000     -0.01309190
 33.600000     -0.01401771
 33.700000     -0.01488106
 33.800000     -0.01526682
 33.900000     -0.01586937
 34.000000     -0.01698784
 34.100000     -0.01715016
 34.200000     -0.01595273
 34.300000     -0.01478886
 34.400000     -0.01435227
 34.500000     -0.01414070
 34.600000     -0.01335679
 34.700000     -0.01250701
 34.800000     -0.01141766
 34.900000     -0.00914262
 35.000000     -0.00731313
 35.100000     -0.00598776
 35.200000     -0.00384030
 35.300000     -0.00134679
 35.400000      0.00088749
 35.500000      0.00258118
 35.600000      0.00461782
 35.700000      0.00619209
 35.800000      0.00722874
 35.900000      0.00753963
 36.000000      0.00787509
 36.100000      0.00794468
 36.200000      0.00789609
 36.300000      0.00780387
 36.400000      0.00764492
 36.500000      0.00684503
 36.600000      0.00533706
 36.700000      0.00351656
 36.800000      0.00226873
 36.900000      0.00040689
 37.000000     -0.00140338
 37.100000     -0.00213616
 37.200000     -0.00286636
 37.300000     -0.00465589
 37.400000     -0.00527002
 37.500000     -0.00499172
 37.600000     -0.00521223
 37.700000     -0.00533854
 37.800000     -0.00498319
 37.900000     -0.00476948
 38.000000     -0.00355225
 38.100000     -0.00245255
 38.200000     -0.00167470
 38.300000     -0.00036036
 38.400000      0.00086249
 38.500000      0.00198063
 38.600000      0.00335987
 38.700000      0.00524997
 38.800000      0.00685873
 38.900000      0.00785411
 39.000000      0.00828797
 39.100000      0.00841448
 39.200000      0.00937696
 39.300000      0.01066445
 39.400000      0.01173805
 39.500000      0.01302796
 39.600000      0.01431922
 39.700000      0.01549695
 39.800000      0.01614653
 39.900000      0.01619355
