  0.000000     -0.01311691
  0.100000     -0.01301271
  0.200000     -0.01339334
  0.300000     -0.01341670
  0.400000     -0.01331831
  0.500000     -0.01377286
  0.600000     -0.01369523
  0.700000     -0.01373209
  0.800000     -0.01381033
  0.900000     -0.01418146
  1.000000     -0.01450056
  1.100000     -0.01452124
  1.200000     -0.01474915
  1.300000     -0.01482138
  1.400000     -0.01533607
  1.500000     -0.01562283
  1.600000     -0.01564524
  1.700000     -0.01554862
  1.800000     -0.01525151
  1.900000     -0.01551087
  2.000000     -0.01573713
  2.100000     -0.01583217
  2.200000     -0.01596498
  2.300000     -0.01668766
  2.400000     -0.01642049
  2.500000     -0.01621364
  2.600000     -0.01607422
  2.700000     -0.01657449
  2.800000     -0.01612242
  2.900000     -0.01628783
  3.000000     -0.01616717
  3.100000     -0.01609756
  3.200000     -0.01580010
  3.300000     -0.01556349
  3.400000     -0.01564778
  3.500000     -0.01561579
  3.600000     -0.01521139
  3.700000     -0.01491956
  3.800000     -0.01467371
  3.900000     -0.01441011
  4.000000     -0.01415790
  4.100000     -0.01413519
  4.200000     -0.01402726
  4.300000     -0.01414453
  4.400000     -0.01421196
  4.500000     -0.01423497
  4.600000     -0.01410066
  4.700000     -0.01395802
  4.800000     -0.01374127
  4.900000     -0.01353994
  5.000000     -0.01356639
  5.100000     -0.01359942
  5.200000     -0.01357365
  5.300000     -0.01362385
  5.400000     -0.01337471
  5.500000     -0.01294359
  5.600000     -0.01281210
  5.700000     -0.01273773
  5.800000     -0.01311200
  5.900000     -0.01359131
  6.000000     -0.01425037
  6.100000     -0.01541999
  6.200000     -0.01565264
  6.300000     -0.01646511
  6.400000     -0.01689653
  6.500000     -0.01787322
  6.600000     -0.01907047
  6.700000     -0.02026219
  6.800000     -0.02148927
  6.900000     -0.02288391
  7.000000     -0.02436974
  7.100000     -0.02610773
  7.200000     -0.02788785
  7.300000     -0.02965981
  7.400000     -0.03137596
  7.500000     -0.03324675
  7.600000     -0.03516770
  7.700000     -0.03722278
  7.800000     -0.03921585
  7.900000     -0.04151432
  8.000000     -0.04364808
  8.100000     -0.04543307
  8.200000     -0.04740552
  8.300000     -0.04935055
  8.400000     -0.05125913
  8.500000     -0.05312883
  8.600000     -0.05495449
  8.700000     -0.05719949
  8.800000     -0.05900637
  8.900000     -0.06068920
  9.000000     -0.06232992
  9.100000     -0.06407856
  9.200000     -0.06560694
  9.300000     -0.06708657
  9.400000     -0.06851868
  9.500000     -0.06990533
  9.600000     -0.07124833
  9.700000     -0.07255107
  9.800000     -0.07381334
  9.900000     -0.07503627
 10.000000     -0.07621774
 10.100000     -0.07735667
 10.200000     -0.07844972
 10.300000     -0.07957579
 10.400000     -0.08056457
 10.500000     -0.08147522
 10.600000     -0.08231440
 10.700000     -0.08315935
 10.800000     -0.08381161
 10.900000     -0.08436094
 11.000000     -0.08479484
 11.100000     -0.08509964
 11.200000     -0.08526052
 11.300000     -0.08526146
 11.400000     -0.08508529
 11.500000     -0.08471145
 11.600000     -0.08412302
 11.700000     -0.08329709
 11.800000     -0.08221268
 11.900000     -0.08082489
 12.000000     -0.07913468
 12.100000     -0.07712577
 12.200000     -0.07477577
 12.300000     -0.07207439
 12.400000     -0.06890378
 12.500000     -0.06528870
 12.600000     -0.06120286
 12.700000     -0.05661843
 12.800000     -0.05151003
 12.900000     -0.04584654
 13.000000     -0.03960320
 13.100000     -0.03275302
 13.200000     -0.02527093
 13.300000     -0.01713321
 13.400000     -0.00832260
 13.500000      0.00118013
 13.600000      0.01138957
 13.700000      0.02232887
 13.800000      0.03400519
 13.900000      0.04645250
 14.000000      0.05967381
 14.100000      0.07365522
 14.200000      0.08839912
 14.300000      0.10390416
 14.400000      0.12016917
 14.500000      0.13719049
 14.600000      0.15495831
 14.700000      0.17346414
 14.800000      0.19269573
 14.900000      0.21263869
 15.000000      0.23327161
 15.100000      0.25457304
 15.200000      0.27651893
 15.300000      0.29908331
 15.400000      0.32222977
 15.500000      0.34592427
 15.600000      0.37012503
 15.700000      0.39478952
 15.800000      0.41987012
 15.900000      0.44531529
 16.000000      0.47106949
 16.100000      0.49707539
 16.200000      0.52326731
 16.300000      0.54957941
 16.400000      0.57594174
 16.500000      0.60228090
 16.600000      0.62851840
 16.700000      0.65457420
 16.800000      0.68036485
 16.900000      0.70580459
 17.000000      0.73080300
 17.100000      0.75526934
 17.200000      0.77911160
 17.300000      0.80223484
 17.400000      0.82454363
 17.500000      0.84594466
 17.600000      0.86634625
 17.700000      0.88564700
 17.800000      0.90375233
 17.900000      0.92057137
 18.000000      0.93601310
 18.100000      0.94998831
 18.200000      0.96240854
 18.300000      0.97318643
 18.400000      0.98224663
 18.500000      0.98952264
 18.600000      0.99495163
 18.700000      0.99846356
 18.800000      1.00000000
 18.900000      0.99947605
 19.000000      0.99685937
 19.100000      0.99215049
 19.200000      0.98533293
 19.300000      0.97640310
 19.400000      0.96535045
 19.500000      0.95217799
 19.600000      0.93690149
 19.700000      0.91954721
 19.800000      0.90014376
 19.900000      0.87874844
 20.000000      0.85541148
 20.100000      0.83019613
 20.200000      0.80317268
 20.300000      0.77442588
 20.400000      0.74403620
 20.500000      0.71209973
 20.600000      0.67872509
 20.700000      0.64401204
 20.800000      0.60807488
 20.900000      0.57103272
 21.000000      0.53301108
 21.100000      0.49413578
 21.200000      0.45453692
 21.300000      0.41434132
 21.400000      0.37368617
 21.500000      0.33270511
 21.600000      0.29153241
 21.700000      0.25029823
 21.800000      0.20913141
 21.900000      0.16815955
 22.000000      0.12750646
 22.100000      0.08729015
 22.200000      0.04762669
 22.300000      0.00862652
 22.400000     -0.02960557
 22.500000     -0.06696433
 22.600000     -0.10335755
 22.700000     -0.13869908
 22.800000     -0.17291482
 22.900000     -0.20593014
 23.000000     -0.23767612
 23.100000     -0.26809145
 23.200000     -0.29712834
 23.300000     -0.32474441
 23.400000     -0.35090967
 23.500000     -0.37559746
 23.600000     -0.39878722
 23.700000     -0.42046061
 23.800000     -0.44062428
 23.900000     -0.45926892
 24.000000     -0.47640127
 24.100000     -0.49204036
 24.200000     -0.50620858
 24.300000     -0.51893224
 24.400000     -0.53024095
 24.500000     -0.54015987
 24.600000     -0.54873203
 24.700000     -0.55599488
 24.800000     -0.56198945
 24.900000     -0.56675694
 25.000000     -0.57035168
 25.100000     -0.57282305
 25.200000     -0.57422088
 25.300000     -0.57459614
 25.400000     -0.57400078
 25.500000     -0.57248838
 25.600000     -0.57011423
 25.700000     -0.56693207
 25.800000     -0.56299834
 25.900000     -0.55836729
 26.000000     -0.55308484
 26.100000     -0.54720608
 26.200000     -0.54078268
 26.300000     -0.53386995
 26.400000     -0.52651665
 26.500000     -0.51876741
 26.600000     -0.51066984
 26.700000     -0.50227256
 26.800000     -0.49361975
 26.900000     -0.48475408
 27.000000     -0.47571487
 27.100000     -0.46654365
 27.200000     -0.45727923
 27.300000     -0.44795626
 27.400000     -0.43860965
 27.500000     -0.42927053
 27.600000     -0.41997085
 27.700000     -0.41073906
 27.800000     -0.40160113
 27.900000     -0.39258089
 28.000000     -0.38369899
 28.100000     -0.37497448
 28.200000     -0.36642491
 28.300000     -0.35806477
 28.400000     -0.34990584
 28.500000     -0.34195684
 28.600000     -0.33422456
 28.700000     -0.32635594
 28.800000     -0.31895450
 28.900000     -0.31193620
 29.000000     -0.30515093
 29.100000     -0.29860671
 29.200000     -0.29229951
 29.300000     -0.28623103
 29.400000     -0.28039670
 29.500000     -0.27480191
 29.600000     -0.26944154
 29.700000     -0.26431640
 29.800000     -0.25942171
 29.900000     -0.25475307
 30.000000     -0.25030769
 30.100000     -0.24608319
 30.200000     -0.24207513
 30.300000     -0.23827755
 30.400000     -0.23468524
 30.500000     -0.23129653
 30.600000     -0.22810120
 30.700000     -0.22509569
 30.800000     -0.22227408
 30.900000     -0.21962935
 31.000000     -0.21715591
 31.100000     -0.21484477
 31.200000     -0.21269020
 31.300000     -0.21068863
 31.400000     -0.20882940
 31.500000     -0.20710617
 31.600000     -0.20550959
 31.700000     -0.20401929
 31.800000     -0.20264834
 31.900000     -0.20141225
 32.000000     -0.20027879
 32.100000     -0.19923798
 32.200000     -0.19828130
 32.300000     -0.19740767
 32.400000     -0.19655513
 32.500000     -0.19583214
 32.600000     -0.19517488
 32.700000     -0.19457933
 32.800000     -0.19403916
 32.900000     -0.19355039
 33.000000     -0.19311387
 33.100000     -0.19272305
 33.200000     -0.19236944
 33.300000     -0.19204753
 33.400000     -0.19175475
 33.500000     -0.19148798
 33.600000     -0.19124398
 33.700000     -0.19102098
 33.800000     -0.19082196
 33.900000     -0.19063217
 34.000000     -0.19044560
 34.100000     -0.19027676
 34.200000     -0.18965388
 34.300000     -0.18916332
 34.400000     -0.18910301
 34.500000     -0.18906992
 34.600000     -0.18906429
 34.700000     -0.18904649
 34.800000     -0.18905919
 34.900000     -0.18910329
 35.000000     -0.18919183
 35.100000     -0.18929235
 35.200000     -0.18948087
 35.300000     -0.18974900
 35.400000     -0.19008688
 35.500000     -0.19049843
 35.600000     -0.19096911
 35.700000     -0.19161070
 35.800000     -0.19256131
 35.900000     -0.19325227
 36.000000     -0.19401354
 36.100000     -0.19476619
 36.200000     -0.19558176
 36.300000     -0.19648761
 36.400000     -0.19744543
 36.500000     -0.19846792
 36.600000     -0.19958528
 36.700000     -0.20072662
 36.800000     -0.20188758
 36.900000     -0.20298415
 37.000000     -0.20409947
 37.100000     -0.20523971
 37.200000     -0.20640945
 37.300000     -0.20764406
 37.400000     -0.20884141
 37.500000     -0.21005235
 37.600000     -0.21125306
 37.700000     -0.21246748
 37.800000     -0.21370040
 37.900000     -0.21495887
 38.000000     -0.21624824
 38.100000     -0.21751483
 38.200000     -0.21878078
 38.300000     -0.22005021
 38.400000     -0.22128058
 38.500000     -0.22248088
 38.600000     -0.22370842
 38.700000     -0.22495638
 38.800000     -0.22613739
 38.900000     -0.22732518
 39.000000     -0.22850345
 39.100000     -0.22967728
 39.200000     -0.23074142
 39.300000     -0.23182226
 39.400000     -0.23294047
 39.500000     -0.23407157
 39.600000     -0.23518389
 39.700000     -0.23572522
 39.800000     -0.23660612
 39.900000     -0.23768546
