  0.000000     -0.12488970
  0.100000     -0.12706105
  0.200000     -0.12901164
  0.300000     -0.13115251
  0.400000     -0.13345429
  0.500000     -0.13562472
  0.600000     -0.13767484
  0.700000     -0.13917618
  0.800000     -0.14053058
  0.900000     -0.14198543
  1.000000     -0.14294778
  1.100000     -0.14326628
  1.200000     -0.14349319
  1.300000     -0.14343759
  1.400000     -0.14334768
  1.500000     -0.14332188
  1.600000     -0.14346973
  1.700000     -0.14372393
  1.800000     -0.14399915
  1.900000     -0.14429038
  2.000000     -0.14456378
  2.100000     -0.14498752
  2.200000     -0.14539908
  2.300000     -0.14584478
  2.400000     -0.14637893
  2.500000     -0.14689509
  2.600000     -0.14735800
  2.700000     -0.14760563
  2.800000     -0.14735307
  2.900000     -0.14680852
  3.000000     -0.14614964
  3.100000     -0.14633926
  3.200000     -0.14666404
  3.300000     -0.14681131
  3.400000     -0.14685514
  3.500000     -0.14698051
  3.600000     -0.14686619
  3.700000     -0.14636894
  3.800000     -0.14592367
  3.900000     -0.14569891
  4.000000     -0.14533318
  4.100000     -0.14468342
  4.200000     -0.14403505
  4.300000     -0.14301259
  4.400000     -0.14156003
  4.500000     -0.13964873
  4.600000     -0.13772600
  4.700000     -0.13639419
  4.800000     -0.13505729
  4.900000     -0.13358862
  5.000000     -0.13199733
  5.100000     -0.12980999
  5.200000     -0.12706441
  5.300000     -0.12345919
  5.400000     -0.11957567
  5.500000     -0.11567372
  5.600000     -0.11236863
  5.700000     -0.11002109
  5.800000     -0.10871838
  5.900000     -0.10818028
  6.000000     -0.10857108
  6.100000     -0.10953489
  6.200000     -0.11082581
  6.300000     -0.11192566
  6.400000     -0.11367460
  6.500000     -0.12417175
  6.600000     -0.13318529
  6.700000     -0.14107384
  6.800000     -0.14838243
  6.900000     -0.15528512
  7.000000     -0.16143571
  7.100000     -0.16585824
  7.200000     -0.16818794
  7.300000     -0.16884227
  7.400000     -0.16832794
  7.500000     -0.16710450
  7.600000     -0.16510750
  7.700000     -0.16272886
  7.800000     -0.15991760
  7.900000     -0.15534433
  8.000000     -0.14884083
  8.100000     -0.14117879
  8.200000     -0.13256746
  8.300000     -0.12353893
  8.400000     -0.11493419
  8.500000     -0.10698879
  8.600000     -0.09947761
  8.700000     -0.09281035
  8.800000     -0.08678076
  8.900000     -0.08114758
  9.000000     -0.07654126
  9.100000     -0.07346262
  9.200000     -0.07243602
  9.300000     -0.07342192
  9.400000     -0.07550743
  9.500000     -0.07819654
  9.600000     -0.08057675
  9.700000     -0.08274815
  9.800000     -0.08579499
  9.900000     -0.08931247
 10.000000     -0.09285402
 10.100000     -0.09531650
 10.200000     -0.09612997
 10.300000     -0.09565807
 10.400000     -0.09464965
 10.500000     -0.09408922
 10.600000     -0.09369927
 10.700000     -0.09550250
 10.800000     -0.09815042
 10.900000     -0.10190521
 11.000000     -0.10614083
 11.100000     -0.11044388
 11.200000     -0.11386251
 11.300000     -0.11639234
 11.400000     -0.11840803
 11.500000     -0.12038380
 11.600000     -0.12279341
 11.700000     -0.12497764
 11.800000     -0.12728009
 11.900000     -0.12984784
 12.000000     -0.13221102
 12.100000     -0.13401991
 12.200000     -0.13571225
 12.300000     -0.13703184
 12.400000     -0.13775110
 12.500000     -0.13664880
 12.600000     -0.13181715
 12.700000     -0.12218888
 12.800000     -0.10745418
 12.900000     -0.08834872
 13.000000     -0.06611921
 13.100000     -0.03959996
 13.200000     -0.01125912
 13.300000      0.01739573
 13.400000      0.04790416
 13.500000      0.08437517
 13.600000      0.12919713
 13.700000      0.18378366
 13.800000      0.24753057
 13.900000      0.31802813
 14.000000      0.39108008
 14.100000      0.46107826
 14.200000      0.52514000
 14.300000      0.58241211
 14.400000      0.63455833
 14.500000      0.68196134
 14.600000      0.72541552
 14.700000      0.76534262
 14.800000      0.80269988
 14.900000      0.83730547
 15.000000      0.86651060
 15.100000      0.89055424
 15.200000      0.90934755
 15.300000      0.92407848
 15.400000      0.93602310
 15.500000      0.94787108
 15.600000      0.95959867
 15.700000      0.97202607
 15.800000      0.98512402
 15.900000      0.99572106
 16.000000      1.00000000
 16.100000      0.99485660
 16.200000      0.97992642
 16.300000      0.95950692
 16.400000      0.93825413
 16.500000      0.91849406
 16.600000      0.90234746
 16.700000      0.88756778
 16.800000      0.87062064
 16.900000      0.85033480
 17.000000      0.82645156
 17.100000      0.79855090
 17.200000      0.76681995
 17.300000      0.73128570
 17.400000      0.69236904
 17.500000      0.65029884
 17.600000      0.60765883
 17.700000      0.56529678
 17.800000      0.52425006
 17.900000      0.48262371
 18.000000      0.43834758
 18.100000      0.39100795
 18.200000      0.34452672
 18.300000      0.30296862
 18.400000      0.26917981
 18.500000      0.24339862
 18.600000      0.22177633
 18.700000      0.19866445
 18.800000      0.17022970
 18.900000      0.13714705
 19.000000      0.10247907
 19.100000      0.06734303
 19.200000      0.03265483
 19.300000      0.00026930
 19.400000     -0.02674729
 19.500000     -0.04771294
 19.600000     -0.06408069
 19.700000     -0.07696489
 19.800000     -0.08820420
 19.900000     -0.10024957
 20.000000     -0.11505715
 20.100000     -0.13135797
 20.200000     -0.14565683
 20.300000     -0.15642655
 20.400000     -0.16460507
 20.500000     -0.17110171
 20.600000     -0.17767178
 20.700000     -0.18496854
 20.800000     -0.19096973
 20.900000     -0.19272648
 21.000000     -0.19035569
 21.100000     -0.18428180
 21.200000     -0.17443757
 21.300000     -0.16290103
 21.400000     -0.15096145
 21.500000     -0.13810241
 21.600000     -0.12487903
 21.700000     -0.11427107
 21.800000     -0.10701845
 21.900000     -0.10184041
 22.000000     -0.09959466
 22.100000     -0.10185566
 22.200000     -0.10765685
 22.300000     -0.11572654
 22.400000     -0.12296549
 22.500000     -0.12775928
 22.600000     -0.13062226
 22.700000     -0.13233034
 22.800000     -0.13408871
 22.900000     -0.13791514
 23.000000     -0.14382599
 23.100000     -0.15175159
 23.200000     -0.16459522
 23.300000     -0.18034859
 23.400000     -0.19378859
 23.500000     -0.20269859
 23.600000     -0.20841850
 23.700000     -0.21215278
 23.800000     -0.21552985
 23.900000     -0.21943098
 24.000000     -0.22371478
 24.100000     -0.22900542
 24.200000     -0.23203711
 24.300000     -0.23064574
 24.400000     -0.22797205
 24.500000     -0.22814688
 24.600000     -0.23283912
 24.700000     -0.24001925
 24.800000     -0.24654842
 24.900000     -0.25370208
 25.000000     -0.26525364
 25.100000     -0.27864779
 25.200000     -0.28781786
 25.300000     -0.29371108
 25.400000     -0.29893885
 25.500000     -0.30245540
 25.600000     -0.30464783
 25.700000     -0.30581312
 25.800000     -0.30682974
 25.900000     -0.30935420
 26.000000     -0.31363183
 26.100000     -0.32053209
 26.200000     -0.32863930
 26.300000     -0.33580032
 26.400000     -0.34061728
 26.500000     -0.34172731
 26.600000     -0.33908617
 26.700000     -0.33423883
 26.800000     -0.32934624
 26.900000     -0.32439774
 27.000000     -0.31913499
 27.100000     -0.31252977
 27.200000     -0.30558779
 27.300000     -0.29911137
 27.400000     -0.29344966
 27.500000     -0.28880402
 27.600000     -0.28550778
 27.700000     -0.28385489
 27.800000     -0.28360552
 27.900000     -0.28384000
 28.000000     -0.28293323
 28.100000     -0.28032782
 28.200000     -0.27488798
 28.300000     -0.26627467
 28.400000     -0.25616967
 28.500000     -0.24565129
 28.600000     -0.23626193
 28.700000     -0.22870336
 28.800000     -0.22257750
 28.900000     -0.21709732
 29.000000     -0.21154168
 29.100000     -0.20586112
 29.200000     -0.20071725
 29.300000     -0.19680270
 29.400000     -0.19356799
 29.500000     -0.19038392
 29.600000     -0.18676714
 29.700000     -0.18357241
 29.800000     -0.18068295
 29.900000     -0.17800958
 30.000000     -0.17621010
 30.100000     -0.17542715
 30.200000     -0.17658315
 30.300000     -0.17846033
 30.400000     -0.17964721
 30.500000     -0.18020760
 30.600000     -0.18187511
 30.700000     -0.18409519
 30.800000     -0.18617231
 30.900000     -0.18784015
 31.000000     -0.18908314
 31.100000     -0.18944644
 31.200000     -0.18871267
 31.300000     -0.18973216
 31.400000     -0.19063822
 31.500000     -0.19107456
 31.600000     -0.19052741
 31.700000     -0.18887544
 31.800000     -0.18630821
 31.900000     -0.18298454
 32.000000     -0.17943854
 32.100000     -0.17584982
 32.200000     -0.17195083
 32.300000     -0.16769363
 32.400000     -0.16354968
 32.500000     -0.15949508
 32.600000     -0.15527030
 32.700000     -0.15226077
 32.800000     -0.14926250
 32.900000     -0.14654662
 33.000000     -0.14408339
 33.100000     -0.14224591
 33.200000     -0.14228976
 33.300000     -0.14369670
 33.400000     -0.14619312
 33.500000     -0.14993213
 33.600000     -0.15377515
 33.700000     -0.15812996
 33.800000     -0.16248659
 33.900000     -0.16672184
 34.000000     -0.17071688
 34.100000     -0.17383296
 34.200000     -0.17651004
 34.300000     -0.17848991
 34.400000     -0.17955525
 34.500000     -0.17991964
 34.600000     -0.17954067
 34.700000     -0.17870034
 34.800000     -0.17782503
 34.900000     -0.17682558
 35.000000     -0.17598356
 35.100000     -0.17534096
 35.200000     -0.17534773
 35.300000     -0.17557839
 35.400000     -0.17598723
 35.500000     -0.17706830
 35.600000     -0.17875840
 35.700000     -0.18145672
 35.800000     -0.18477916
 35.900000     -0.18834534
 36.000000     -0.19196164
 36.100000     -0.19564296
 36.200000     -0.19985061
 36.300000     -0.20414373
 36.400000     -0.20863195
 36.500000     -0.21351208
 36.600000     -0.21838512
 36.700000     -0.22346007
 36.800000     -0.22872363
 36.900000     -0.23406595
 37.000000     -0.23919425
 37.100000     -0.24375300
 37.200000     -0.24748971
 37.300000     -0.25052513
 37.400000     -0.25252622
 37.500000     -0.25334883
 37.600000     -0.25285557
 37.700000     -0.25095667
 37.800000     -0.24765833
 37.900000     -0.24328650
 38.000000     -0.23782145
 38.100000     -0.23185358
 38.200000     -0.22551620
 38.300000     -0.21870258
 38.400000     -0.21203673
 38.500000     -0.20573630
 38.600000     -0.19928698
 38.700000     -0.19286313
 38.800000     -0.18678767
 38.900000     -0.18086838
 39.000000     -0.17484597
 39.100000     -0.16886285
 39.200000     -0.16289732
 39.300000     -0.15676775
 39.400000     -0.15084765
 39.500000     -0.14486362
 39.600000     -0.13906341
 39.700000     -0.13329861
 39.800000     -0.12797707
 39.900000     -0.12329127
