  0.000000      0.00145986
  0.100000      0.00135978
  0.200000      0.00126510
  0.300000      0.00115337
  0.400000      0.00106762
  0.500000      0.00099666
  0.600000      0.00092416
  0.700000      0.00085089
  0.800000      0.00078716
  0.900000      0.00072108
  1.000000      0.00064842
  1.100000      0.00056052
  1.200000      0.00047600
  1.300000      0.00041852
  1.400000      0.00037754
  1.500000      0.00034685
  1.600000      0.00030610
  1.700000      0.00027050
  1.800000      0.00025971
  1.900000      0.00024476
  2.000000      0.00020644
  2.100000      0.00019168
  2.200000      0.00021316
  2.300000      0.00025779
  2.400000      0.00032817
  2.500000      0.00040609
  2.600000      0.00050132
  2.700000      0.00057792
  2.800000      0.00062744
  2.900000      0.00069908
  3.000000      0.00076805
  3.100000      0.00087334
  3.200000      0.00101152
  3.300000      0.00117995
  3.400000      0.00131044
  3.500000      0.00141510
  3.600000      0.00149231
  3.700000      0.00145643
  3.800000      0.00133613
  3.900000      0.00123921
  4.000000      0.00115588
  4.100000      0.00108503
  4.200000      0.00097790
  4.300000      0.00088951
  4.400000      0.00094594
  4.500000      0.00098432
  4.600000      0.00094441
  4.700000      0.00086633
  4.800000      0.00073820
  4.900000      0.00066807
  5.000000      0.00055957
  5.100000      0.00046462
  5.200000      0.00038096
  5.300000      0.00029374
  5.400000      0.00020547
  5.500000      0.00015778
  5.600000      0.00014696
  5.700000      0.00020841
  5.800000      0.00020118
  5.900000      0.00014717
  6.000000      0.00012680
  6.100000     -0.00003814
  6.200000     -0.00028336
  6.300000     -0.00063869
  6.400000     -0.00104189
  6.500000     -0.00142080
  6.600000     -0.00185053
  6.700000     -0.00234714
  6.800000     -0.00301074
  6.900000     -0.00376525
  7.000000     -0.00459596
  7.100000     -0.00537085
  7.200000     -0.00606536
  7.300000     -0.00683682
  7.400000     -0.00766516
  7.500000     -0.00849783
  7.600000     -0.00946393
  7.700000     -0.01051650
  7.800000     -0.01181056
  7.900000     -0.01307570
  8.000000     -0.01431555
  8.100000     -0.01566923
  8.200000     -0.01691019
  8.300000     -0.01801701
  8.400000     -0.01867279
  8.500000     -0.01901161
  8.600000     -0.01930266
  8.700000     -0.01954498
  8.800000     -0.01964675
  8.900000     -0.01961423
  9.000000     -0.01941846
  9.100000     -0.01860903
  9.200000     -0.01763215
  9.300000     -0.01630010
  9.400000     -0.01447831
  9.500000     -0.01195139
  9.600000     -0.00834270
  9.700000     -0.00345542
  9.800000      0.00315605
  9.900000      0.01218884
 10.000000      0.02436151
 10.100000      0.04053446
 10.200000      0.06154865
 10.300000      0.08785404
 10.400000      0.12033498
 10.500000      0.15965436
 10.600000      0.20609849
 10.700000      0.25926595
 10.800000      0.31874148
 10.900000      0.38316916
 11.000000      0.45100475
 11.100000      0.52072517
 11.200000      0.59050766
 11.300000      0.65855329
 11.400000      0.72303994
 11.500000      0.78254719
 11.600000      0.83617784
 11.700000      0.88316386
 11.800000      0.92265597
 11.900000      0.95431834
 12.000000      0.97779110
 12.100000      0.99299778
 12.200000      1.00000000
 12.300000      0.99821626
 12.400000      0.98747436
 12.500000      0.96781256
 12.600000      0.93818300
 12.700000      0.89981375
 12.800000      0.85101326
 12.900000      0.79259726
 13.000000      0.72520121
 13.100000      0.64995148
 13.200000      0.56816908
 13.300000      0.48122782
 13.400000      0.39034479
 13.500000      0.29696558
 13.600000      0.20282149
 13.700000      0.10934541
 13.800000      0.01780125
 13.900000     -0.07054106
 14.000000     -0.15507786
 14.100000     -0.23518555
 14.200000     -0.31041169
 14.300000     -0.37970430
 14.400000     -0.44260217
 14.500000     -0.49873625
 14.600000     -0.54797429
 14.700000     -0.59034187
 14.800000     -0.62573919
 14.900000     -0.65431530
 15.000000     -0.67643662
 15.100000     -0.69206733
 15.200000     -0.70188697
 15.300000     -0.70646557
 15.400000     -0.70593941
 15.500000     -0.70103669
 15.600000     -0.69188068
 15.700000     -0.67884191
 15.800000     -0.66273228
 15.900000     -0.64395564
 16.000000     -0.62315390
 16.100000     -0.60110838
 16.200000     -0.57802815
 16.300000     -0.55416051
 16.400000     -0.52998357
 16.500000     -0.50572562
 16.600000     -0.48153971
 16.700000     -0.45764127
 16.800000     -0.43400887
 16.900000     -0.41065505
 17.000000     -0.38770704
 17.100000     -0.36526037
 17.200000     -0.34365812
 17.300000     -0.32302034
 17.400000     -0.30327703
 17.500000     -0.28465390
 17.600000     -0.26708765
 17.700000     -0.25055800
 17.800000     -0.23509171
 17.900000     -0.22049028
 18.000000     -0.20668516
 18.100000     -0.19367203
 18.200000     -0.18128581
 18.300000     -0.16938296
 18.400000     -0.15815308
 18.500000     -0.14754145
 18.600000     -0.13749900
 18.700000     -0.12813239
 18.800000     -0.11930702
 18.900000     -0.11118058
 19.000000     -0.10371463
 19.100000     -0.09675202
 19.200000     -0.09035628
 19.300000     -0.08450490
 19.400000     -0.07914331
 19.500000     -0.07434009
 19.600000     -0.07009886
 19.700000     -0.06659030
 19.800000     -0.06359302
 19.900000     -0.06101606
 20.000000     -0.05883159
 20.100000     -0.05682062
 20.200000     -0.05501837
 20.300000     -0.05346963
 20.400000     -0.05209270
 20.500000     -0.05099434
 20.600000     -0.05007069
 20.700000     -0.04946310
 20.800000     -0.04915603
 20.900000     -0.04908611
 21.000000     -0.04916035
 21.100000     -0.04932060
 21.200000     -0.04952144
 21.300000     -0.04974287
 21.400000     -0.04986487
 21.500000     -0.04978189
 21.600000     -0.04958952
 21.700000     -0.04937498
 21.800000     -0.04919886
 21.900000     -0.04910108
 22.000000     -0.04895316
 22.100000     -0.04886379
 22.200000     -0.04861870
 22.300000     -0.04829775
 22.400000     -0.04779364
 22.500000     -0.04708890
 22.600000     -0.04614231
 22.700000     -0.04501417
 22.800000     -0.04363731
 22.900000     -0.04217179
 23.000000     -0.04065509
 23.100000     -0.03909038
 23.200000     -0.03749970
 23.300000     -0.03568207
 23.400000     -0.03379193
 23.500000     -0.03201303
 23.600000     -0.03040816
 23.700000     -0.02903416
 23.800000     -0.02772017
 23.900000     -0.02638063
 24.000000     -0.02489584
 24.100000     -0.02328362
 24.200000     -0.02165698
 24.300000     -0.02001180
 24.400000     -0.01836168
 24.500000     -0.01676628
 24.600000     -0.01529804
 24.700000     -0.01394596
 24.800000     -0.01276284
 24.900000     -0.01174089
 25.000000     -0.01096047
 25.100000     -0.01044110
 25.200000     -0.01022510
 25.300000     -0.01031142
 25.400000     -0.01069035
 25.500000     -0.01114727
 25.600000     -0.01164805
 25.700000     -0.01202137
 25.800000     -0.01229477
 25.900000     -0.01245623
 26.000000     -0.01249125
 26.100000     -0.01243579
 26.200000     -0.01220885
 26.300000     -0.01194855
 26.400000     -0.01152829
 26.500000     -0.01102336
 26.600000     -0.01047309
 26.700000     -0.00974265
 26.800000     -0.00901709
 26.900000     -0.00822502
 27.000000     -0.00744850
 27.100000     -0.00663353
 27.200000     -0.00572898
 27.300000     -0.00478118
 27.400000     -0.00362178
 27.500000     -0.00265108
 27.600000     -0.00164450
 27.700000     -0.00065516
 27.800000      0.00034934
 27.900000      0.00136155
 28.000000      0.00232401
 28.100000      0.00320525
 28.200000      0.00397864
 28.300000      0.00451129
 28.400000      0.00475461
 28.500000      0.00492109
 28.600000      0.00507955
 28.700000      0.00524516
 28.800000      0.00547849
 28.900000      0.00567745
 29.000000      0.00584805
 29.100000      0.00588093
 29.200000      0.00581779
 29.300000      0.00572057
 29.400000      0.00564908
 29.500000      0.00563581
 29.600000      0.00567835
 29.700000      0.00584890
 29.800000      0.00612021
 29.900000      0.00665435
 30.000000      0.00731394
 30.100000      0.00798716
 30.200000      0.00856950
 30.300000      0.00909489
 30.400000      0.00962259
 30.500000      0.01020207
 30.600000      0.01085873
 30.700000      0.01153421
 30.800000      0.01220622
 30.900000      0.01286398
 31.000000      0.01352086
 31.100000      0.01423273
 31.200000      0.01490786
 31.300000      0.01558995
 31.400000      0.01629148
 31.500000      0.01702414
 31.600000      0.01776844
 31.700000      0.01850369
 31.800000      0.01908012
 31.900000      0.01957439
 32.000000      0.02000070
 32.100000      0.02034704
 32.200000      0.02065993
 32.300000      0.02090260
 32.400000      0.02116542
 32.500000      0.02141689
 32.600000      0.02162203
 32.700000      0.02181692
 32.800000      0.02197308
 32.900000      0.02215687
 33.000000      0.02238567
 33.100000      0.02265001
 33.200000      0.02291844
 33.300000      0.02319771
 33.400000      0.02347315
 33.500000      0.02375545
 33.600000      0.02400572
 33.700000      0.02422061
 33.800000      0.02440753
 33.900000      0.02455837
 34.000000      0.02468434
 34.100000      0.02486475
 34.200000      0.02511787
 34.300000      0.02539352
 34.400000      0.02563753
 34.500000      0.02582610
 34.600000      0.02595340
 34.700000      0.02607044
 34.800000      0.02623366
 34.900000      0.02640725
 35.000000      0.02662306
 35.100000      0.02689274
 35.200000      0.02721252
 35.300000      0.02755138
 35.400000      0.02787894
 35.500000      0.02819517
 35.600000      0.02851079
 35.700000      0.02886518
 35.800000      0.02923796
 35.900000      0.02962961
 36.000000      0.03006454
 36.100000      0.03054380
 36.200000      0.03102361
 36.300000      0.03146137
 36.400000      0.03187034
 36.500000      0.03227516
 36.600000      0.03269062
 36.700000      0.03309855
 36.800000      0.03349026
 36.900000      0.03385448
 37.000000      0.03417506
 37.100000      0.03443149
 37.200000      0.03460270
 37.300000      0.03469297
 37.400000      0.03471236
 37.500000      0.03466856
 37.600000      0.03456004
 37.700000      0.03442360
 37.800000      0.03426099
 37.900000      0.03410681
 38.000000      0.03401760
 38.100000      0.03404249
 38.200000      0.03404129
 38.300000      0.03402760
 38.400000      0.03403252
 38.500000      0.03405655
 38.600000      0.03409928
 38.700000      0.03418014
 38.800000      0.03428047
 38.900000      0.03438742
 39.000000      0.03449761
 39.100000      0.03458263
 39.200000      0.03463142
 39.300000      0.03464823
 39.400000      0.03465889
 39.500000      0.03468211
 39.600000      0.03470698
 39.700000      0.03473548
 39.800000      0.03477653
 39.900000      0.03481695
