  0.000000      0.00067045
  0.100000      0.00028872
  0.200000      0.00045045
  0.300000      0.00097490
  0.400000      0.00120100
  0.500000      0.00165700
  0.600000      0.00196076
  0.700000      0.00215622
  0.800000      0.00215296
  0.900000      0.00250370
  1.000000      0.00276708
  1.100000      0.00396033
  1.200000      0.00610707
  1.300000      0.00801357
  1.400000      0.00881372
  1.500000      0.00874418
  1.600000      0.00935625
  1.700000      0.00977057
  1.800000      0.01017792
  1.900000      0.01094026
  2.000000      0.01163003
  2.100000      0.01218664
  2.200000      0.01190606
  2.300000      0.01197447
  2.400000      0.01265357
  2.500000      0.01308407
  2.600000      0.01347116
  2.700000      0.01411667
  2.800000      0.01555559
  2.900000      0.01750760
  3.000000      0.01838738
  3.100000      0.01888599
  3.200000      0.01899785
  3.300000      0.01817350
  3.400000      0.01750671
  3.500000      0.01757206
  3.600000      0.01696831
  3.700000      0.01680502
  3.800000      0.01545766
  3.900000      0.01530201
  4.000000      0.01494540
  4.100000      0.01343546
  4.200000      0.01302352
  4.300000      0.01247916
  4.400000      0.01209361
  4.500000      0.01186472
  4.600000      0.01161754
  4.700000      0.01067739
  4.800000      0.00931227
  4.900000      0.00764016
  5.000000      0.00655819
  5.100000      0.00486418
  5.200000      0.00369572
  5.300000      0.00227778
  5.400000      0.00053311
  5.500000      0.00075497
  5.600000      0.00057361
  5.700000     -0.00079970
  5.800000      0.00012325
  5.900000      0.00153624
  6.000000      0.00243491
  6.100000      0.00278433
  6.200000      0.00357799
  6.300000      0.00389617
  6.400000      0.00449713
  6.500000      0.00502669
  6.600000      0.00577713
  6.700000      0.00556408
  6.800000      0.00424711
  6.900000      0.00229854
  7.000000      0.00035682
  7.100000     -0.00045494
  7.200000     -0.00022493
  7.300000     -0.00014980
  7.400000      0.00158100
  7.500000      0.00407605
  7.600000      0.00532472
  7.700000      0.00658727
  7.800000      0.00866560
  7.900000      0.01095484
  8.000000      0.01227783
  8.100000      0.01192317
  8.200000      0.01042718
  8.300000      0.00878510
  8.400000      0.00651535
  8.500000      0.00377464
  8.600000     -0.00062300
  8.700000     -0.00563574
  8.800000     -0.01061879
  8.900000     -0.01465808
  9.000000     -0.01701753
  9.100000     -0.01871561
  9.200000     -0.01811877
  9.300000     -0.01703092
  9.400000     -0.01684474
  9.500000     -0.01531670
  9.600000     -0.01229526
  9.700000     -0.00763529
  9.800000     -0.00321562
  9.900000      0.00231265
 10.000000      0.00755236
 10.100000      0.01357097
 10.200000      0.01965675
 10.300000      0.02592440
 10.400000      0.03372106
 10.500000      0.04074603
 10.600000      0.04541496
 10.700000      0.04904877
 10.800000      0.04923288
 10.900000      0.04908277
 11.000000      0.04875660
 11.100000      0.04791339
 11.200000      0.04644140
 11.300000      0.04458689
 11.400000      0.04222394
 11.500000      0.03841141
 11.600000      0.03505555
 11.700000      0.03196915
 11.800000      0.02835180
 11.900000      0.02197122
 12.000000      0.01433929
 12.100000      0.00749597
 12.200000     -0.00201103
 12.300000     -0.01426401
 12.400000     -0.02682644
 12.500000     -0.04002631
 12.600000     -0.05409285
 12.700000     -0.06757191
 12.800000     -0.08205081
 12.900000     -0.09729379
 13.000000     -0.11075956
 13.100000     -0.12378566
 13.200000     -0.13461300
 13.300000     -0.14364923
 13.400000     -0.15027738
 13.500000     -0.15669231
 13.600000     -0.16143532
 13.700000     -0.15936315
 13.800000     -0.15129784
 13.900000     -0.13736814
 14.000000     -0.11461034
 14.100000     -0.08330922
 14.200000     -0.04230708
 14.300000      0.01047934
 14.400000      0.07258662
 14.500000      0.14349404
 14.600000      0.22364298
 14.700000      0.31165069
 14.800000      0.40527344
 14.900000      0.50235156
 15.000000      0.59954499
 15.100000      0.69208060
 15.200000      0.77757615
 15.300000      0.85297119
 15.400000      0.91437552
 15.500000      0.96057503
 15.600000      0.99029610
 15.700000      1.00000000
 15.800000      0.98786935
 15.900000      0.95548192
 16.000000      0.90138136
 16.100000      0.82588935
 16.200000      0.73427410
 16.300000      0.62725108
 16.400000      0.50560974
 16.500000      0.37633028
 16.600000      0.24115605
 16.700000      0.10281287
 16.800000     -0.03178515
 16.900000     -0.15525083
 17.000000     -0.26512891
 17.100000     -0.35671216
 17.200000     -0.42462063
 17.300000     -0.47131997
 17.400000     -0.50183705
 17.500000     -0.51664606
 17.600000     -0.51639803
 17.700000     -0.50437891
 17.800000     -0.48391696
 17.900000     -0.45622903
 18.000000     -0.42359552
 18.100000     -0.38919260
 18.200000     -0.35597128
 18.300000     -0.32185288
 18.400000     -0.29011988
 18.500000     -0.26354563
 18.600000     -0.24189506
 18.700000     -0.22350985
 18.800000     -0.20810203
 18.900000     -0.19465229
 19.000000     -0.18341896
 19.100000     -0.17370433
 19.200000     -0.16627829
 19.300000     -0.16046377
 19.400000     -0.15492504
 19.500000     -0.15196510
 19.600000     -0.14905713
 19.700000     -0.14545150
 19.800000     -0.14021736
 19.900000     -0.13319250
 20.000000     -0.12742290
 20.100000     -0.12246801
 20.200000     -0.11932191
 20.300000     -0.11731378
 20.400000     -0.11434033
 20.500000     -0.11113412
 20.600000     -0.10739547
 20.700000     -0.10279532
 20.800000     -0.09772446
 20.900000     -0.09370248
 21.000000     -0.09139158
 21.100000     -0.09166948
 21.200000     -0.09333805
 21.300000     -0.09651366
 21.400000     -0.10071124
 21.500000     -0.10483366
 21.600000     -0.10831902
 21.700000     -0.11147691
 21.800000     -0.11440571
 21.900000     -0.11613603
 22.000000     -0.11747916
 22.100000     -0.11800861
 22.200000     -0.11900312
 22.300000     -0.12085819
 22.400000     -0.12251956
 22.500000     -0.12353126
 22.600000     -0.12300490
 22.700000     -0.12228790
 22.800000     -0.12043294
 22.900000     -0.11814469
 23.000000     -0.11643447
 23.100000     -0.11515259
 23.200000     -0.11476637
 23.300000     -0.11457274
 23.400000     -0.11364392
 23.500000     -0.11155431
 23.600000     -0.11084874
 23.700000     -0.10963956
 23.800000     -0.10673807
 23.900000     -0.10557878
 24.000000     -0.10437245
 24.100000     -0.10375012
 24.200000     -0.10303707
 24.300000     -0.10204646
 24.400000     -0.09983824
 24.500000     -0.09783090
 24.600000     -0.09544839
 24.700000     -0.09251259
 24.800000     -0.08973149
 24.900000     -0.08749501
 25.000000     -0.08185817
 25.100000     -0.07519733
 25.200000     -0.06826021
 25.300000     -0.06093275
 25.400000     -0.05302538
 25.500000     -0.04632265
 25.600000     -0.03937420
 25.700000     -0.03119178
 25.800000     -0.02324335
 25.900000     -0.01684290
 26.000000     -0.00939725
 26.100000     -0.00260154
 26.200000      0.00196849
 26.300000      0.00540106
 26.400000      0.00786683
 26.500000      0.00769445
 26.600000      0.00529104
 26.700000      0.00279707
 26.800000     -0.00106946
 26.900000     -0.00701315
 27.000000     -0.01265657
 27.100000     -0.01766760
 27.200000     -0.02294286
 27.300000     -0.02771816
 27.400000     -0.03091932
 27.500000     -0.03374131
 27.600000     -0.03586348
 27.700000     -0.03727928
 27.800000     -0.03678010
 27.900000     -0.03453571
 28.000000     -0.03218948
 28.100000     -0.02884632
 28.200000     -0.02534924
 28.300000     -0.02192123
 28.400000     -0.01823700
 28.500000     -0.01431317
 28.600000     -0.01032002
 28.700000     -0.00693091
 28.800000     -0.00328602
 28.900000      0.00060338
 29.000000      0.00506743
 29.100000      0.00919234
 29.200000      0.01063221
 29.300000      0.01027007
 29.400000      0.01036799
 29.500000      0.01009710
 29.600000      0.00875981
 29.700000      0.00593024
 29.800000      0.00253393
 29.900000     -0.00071550
 30.000000     -0.00254166
 30.100000     -0.00449848
 30.200000     -0.00652714
 30.300000     -0.00808446
 30.400000     -0.00900477
 30.500000     -0.00976521
 30.600000     -0.01020459
 30.700000     -0.01086113
 30.800000     -0.01194594
 30.900000     -0.01297625
 31.000000     -0.01351292
 31.100000     -0.01505869
 31.200000     -0.01526376
 31.300000     -0.01576209
 31.400000     -0.01671185
 31.500000     -0.01683803
 31.600000     -0.01764928
 31.700000     -0.01829166
 31.800000     -0.01764874
 31.900000     -0.01723801
 32.000000     -0.01744728
 32.100000     -0.01688928
 32.200000     -0.01616176
 32.300000     -0.01484971
 32.400000     -0.01400124
 32.500000     -0.01292863
 32.600000     -0.01150312
 32.700000     -0.00926529
 32.800000     -0.00795149
 32.900000     -0.00715966
 33.000000     -0.00612803
 33.100000     -0.00527636
 33.200000     -0.00530582
 33.300000     -0.00621375
 33.400000     -0.00740865
 33.500000     -0.00902277
 33.600000     -0.00995959
 33.700000     -0.01058996
 33.800000     -0.01050222
 33.900000     -0.00946250
 34.000000     -0.00799675
 34.100000     -0.00629169
 34.200000     -0.00510593
 34.300000     -0.00335375
 34.400000     -0.00193115
 34.500000     -0.00082911
 34.600000      0.00009191
 34.700000      0.00032040
 34.800000     -0.00033981
 34.900000     -0.00132693
 35.000000     -0.00222116
 35.100000     -0.00364296
 35.200000     -0.00490440
 35.300000     -0.00641688
 35.400000     -0.00892498
 35.500000     -0.01108048
 35.600000     -0.01284947
 35.700000     -0.01439687
 35.800000     -0.01486684
 35.900000     -0.01445938
 36.000000     -0.01338745
 36.100000     -0.01265295
 36.200000     -0.01117311
 36.300000     -0.00975131
 36.400000     -0.00828924
 36.500000     -0.00539667
 36.600000     -0.00266824
 36.700000      0.00068475
 36.800000      0.00373677
 36.900000      0.00696304
 37.000000      0.00980077
 37.100000      0.01273609
 37.200000      0.01489294
 37.300000      0.01607791
 37.400000      0.01776853
 37.500000      0.01949697
 37.600000      0.01994303
 37.700000      0.02006936
 37.800000      0.02087492
 37.900000      0.02143046
 38.000000      0.02187314
 38.100000      0.02287541
 38.200000      0.02382417
 38.300000      0.02430513
 38.400000      0.02420590
 38.500000      0.02407730
 38.600000      0.02397443
 38.700000      0.02364657
 38.800000      0.02312593
 38.900000      0.02228349
 39.000000      0.02068467
 39.100000      0.01806999
 39.200000      0.01556793
 39.300000      0.01286597
 39.400000      0.00973907
 39.500000      0.00729609
 39.600000      0.00547790
 39.700000      0.00314122
 39.800000      0.00130944
 39.900000     -0.00010175
