  0.000000     -0.02203934
  0.100000     -0.02164126
  0.200000     -0.02108513
  0.300000     -0.02025001
  0.400000     -0.01893383
  0.500000     -0.01774128
  0.600000     -0.01699396
  0.700000     -0.01724328
  0.800000     -0.01736167
  0.900000     -0.01705201
  1.000000     -0.01728205
  1.100000     -0.01781791
  1.200000     -0.01802310
  1.300000     -0.01761641
  1.400000     -0.01704812
  1.500000     -0.01663713
  1.600000     -0.01631377
  1.700000     -0.01615039
  1.800000     -0.01659786
  1.900000     -0.01740344
  2.000000     -0.01838043
  2.100000     -0.01868046
  2.200000     -0.01925836
  2.300000     -0.01995252
  2.400000     -0.02100708
  2.500000     -0.02198005
  2.600000     -0.02285141
  2.700000     -0.02426960
  2.800000     -0.02528244
  2.900000     -0.02500791
  3.000000     -0.02440830
  3.100000     -0.02379727
  3.200000     -0.02327140
  3.300000     -0.02210967
  3.400000     -0.01996054
  3.500000     -0.01658971
  3.600000     -0.01400054
  3.700000     -0.01337922
  3.800000     -0.01318577
  3.900000     -0.01197261
  4.000000     -0.01061709
  4.100000     -0.00915975
  4.200000     -0.00796850
  4.300000     -0.00664365
  4.400000     -0.00635904
  4.500000     -0.00583707
  4.600000     -0.00446862
  4.700000     -0.00240314
  4.800000     -0.00073685
  4.900000      0.00035141
  5.000000      0.00043907
  5.100000     -0.00031806
  5.200000     -0.00100535
  5.300000     -0.00180041
  5.400000     -0.00312786
  5.500000     -0.00485322
  5.600000     -0.00698790
  5.700000     -0.01043463
  5.800000     -0.01371215
  5.900000     -0.01522944
  6.000000     -0.01499751
  6.100000     -0.01485172
  6.200000     -0.01597999
  6.300000     -0.01757153
  6.400000     -0.01907933
  6.500000     -0.02075060
  6.600000     -0.02130784
  6.700000     -0.02122992
  6.800000     -0.02147211
  6.900000     -0.02225149
  7.000000     -0.02289687
  7.100000     -0.02315021
  7.200000     -0.02061191
  7.300000     -0.01874875
  7.400000     -0.02029331
  7.500000     -0.02174172
  7.600000     -0.02189228
  7.700000     -0.02040861
  7.800000     -0.02068080
  7.900000     -0.02267176
  8.000000     -0.02080300
  8.100000     -0.01964794
  8.200000     -0.02007895
  8.300000     -0.01822981
  8.400000     -0.01811055
  8.500000     -0.01909173
  8.600000     -0.01849370
  8.700000     -0.02002170
  8.800000     -0.01950294
  8.900000     -0.01661376
  9.000000     -0.01598529
  9.100000     -0.01741693
  9.200000     -0.01724371
  9.300000     -0.01505247
  9.400000     -0.01430607
  9.500000     -0.01421702
  9.600000     -0.01432300
  9.700000     -0.01418305
  9.800000     -0.01628855
  9.900000     -0.01733306
 10.000000     -0.01623363
 10.100000     -0.01715080
 10.200000     -0.02004057
 10.300000     -0.02088887
 10.400000     -0.02126893
 10.500000     -0.02339214
 10.600000     -0.02431573
 10.700000     -0.02506443
 10.800000     -0.02477071
 10.900000     -0.02741191
 11.000000     -0.02808609
 11.100000     -0.02338522
 11.200000     -0.02090309
 11.300000     -0.01892165
 11.400000     -0.01636290
 11.500000     -0.01417845
 11.600000     -0.01268453
 11.700000     -0.01070230
 11.800000     -0.00658650
 11.900000     -0.00383982
 12.000000     -0.00193689
 12.100000      0.00064938
 12.200000      0.00157119
 12.300000      0.00382902
 12.400000      0.00796245
 12.500000      0.01277311
 12.600000      0.01324928
 12.700000      0.01516395
 12.800000      0.01631691
 12.900000      0.01655586
 13.000000      0.01834477
 13.100000      0.02334301
 13.200000      0.02494117
 13.300000      0.02395328
 13.400000      0.02647375
 13.500000      0.02703571
 13.600000      0.02766005
 13.700000      0.02731382
 13.800000      0.02707806
 13.900000      0.02583508
 14.000000      0.02321570
 14.100000      0.02093076
 14.200000      0.02074083
 14.300000      0.01887381
 14.400000      0.01715392
 14.500000      0.01820482
 14.600000      0.01699424
 14.700000      0.01586961
 14.800000      0.01800912
 14.900000      0.02181558
 15.000000      0.02351268
 15.100000      0.02634741
 15.200000      0.02925930
 15.300000      0.03229209
 15.400000      0.03273347
 15.500000      0.03439577
 15.600000      0.03442630
 15.700000      0.02981537
 15.800000      0.02577113
 15.900000      0.02142139
 16.000000      0.01428695
 16.100000      0.00617410
 16.200000     -0.00244578
 16.300000     -0.01165543
 16.400000     -0.02039360
 16.500000     -0.02791063
 16.600000     -0.03289310
 16.700000     -0.03525965
 16.800000     -0.04037965
 16.900000     -0.04453774
 17.000000     -0.04340014
 17.100000     -0.04877941
 17.200000     -0.05175076
 17.300000     -0.05153613
 17.400000     -0.05369592
 17.500000     -0.05834053
 17.600000     -0.05847736
 17.700000     -0.05807604
 17.800000     -0.06036372
 17.900000     -0.06003378
 18.000000     -0.05868801
 18.100000     -0.05806884
 18.200000     -0.05865230
 18.300000     -0.05530539
 18.400000     -0.05281366
 18.500000     -0.05183694
 18.600000     -0.04848450
 18.700000     -0.04600682
 18.800000     -0.04704697
 18.900000     -0.04694680
 19.000000     -0.04095137
 19.100000     -0.03678891
 19.200000     -0.03564666
 19.300000     -0.03092840
 19.400000     -0.03007476
 19.500000     -0.03021211
 19.600000     -0.02770045
 19.700000     -0.02648105
 19.800000     -0.02847391
 19.900000     -0.03077846
 20.000000     -0.02970993
 20.100000     -0.03020003
 20.200000     -0.03022130
 20.300000     -0.02866475
 20.400000     -0.02551010
 20.500000     -0.02636162
 20.600000     -0.02395047
 20.700000     -0.02048865
 20.800000     -0.01644052
 20.900000     -0.01318659
 21.000000     -0.00961055
 21.100000     -0.00743411
 21.200000     -0.00738156
 21.300000     -0.00779538
 21.400000     -0.00373831
 21.500000      0.00061215
 21.600000      0.00115824
 21.700000      0.00293620
 21.800000      0.00541421
 21.900000      0.00429202
 22.000000      0.00520676
 22.100000      0.00923179
 22.200000      0.01133025
 22.300000      0.01259419
 22.400000      0.01582643
 22.500000      0.01518374
 22.600000      0.01370705
 22.700000      0.00879310
 22.800000      0.00758646
 22.900000      0.00631683
 23.000000      0.00069653
 23.100000      0.00047042
 23.200000      0.00029143
 23.300000      0.00043218
 23.400000      0.00118461
 23.500000      0.00012627
 23.600000     -0.00077853
 23.700000     -0.00124786
 23.800000     -0.00205529
 23.900000     -0.00147804
 24.000000     -0.00068468
 24.100000      0.00054584
 24.200000     -0.00060172
 24.300000     -0.00528541
 24.400000     -0.00588322
 24.500000     -0.00454509
 24.600000     -0.00327199
 24.700000     -0.00558174
 24.800000     -0.00262029
 24.900000     -0.00261371
 25.000000     -0.00304821
 25.100000     -0.00150881
 25.200000     -0.00206094
 25.300000     -0.00348254
 25.400000     -0.00206871
 25.500000     -0.00020474
 25.600000      0.00022807
 25.700000      0.00052109
 25.800000      0.00026576
 25.900000     -0.00142582
 26.000000      0.00371769
 26.100000      0.00810140
 26.200000      0.00980219
 26.300000      0.00982318
 26.400000      0.00852584
 26.500000      0.00692015
 26.600000      0.00495758
 26.700000      0.00495829
 26.800000      0.00296640
 26.900000      0.00484681
 27.000000      0.00424064
 27.100000      0.00366959
 27.200000      0.00547355
 27.300000      0.00852360
 27.400000      0.01354654
 27.500000      0.01901249
 27.600000      0.02492200
 27.700000      0.03158260
 27.800000      0.03596085
 27.900000      0.04297944
 28.000000      0.04677324
 28.100000      0.04574302
 28.200000      0.04237835
 28.300000      0.04360236
 28.400000      0.04491783
 28.500000      0.04433298
 28.600000      0.04468984
 28.700000      0.04133239
 28.800000      0.04149117
 28.900000      0.04068768
 29.000000      0.03560336
 29.100000      0.03183765
 29.200000      0.03057718
 29.300000      0.02519156
 29.400000      0.02442042
 29.500000      0.01982879
 29.600000      0.01683038
 29.700000      0.01481673
 29.800000      0.01179333
 29.900000      0.01282238
 30.000000      0.01869225
 30.100000      0.01890226
 30.200000      0.02040432
 30.300000      0.02140507
 30.400000      0.02346901
 30.500000      0.03064306
 30.600000      0.03960165
 30.700000      0.04856788
 30.800000      0.05548389
 30.900000      0.06005995
 31.000000      0.06185248
 31.100000      0.06526654
 31.200000      0.06860931
 31.300000      0.07233089
 31.400000      0.07430398
 31.500000      0.07788847
 31.600000      0.07883888
 31.700000      0.08011081
 31.800000      0.08060064
 31.900000      0.07913551
 32.000000      0.07857344
 32.100000      0.07863846
 32.200000      0.08212161
 32.300000      0.08665821
 32.400000      0.09049038
 32.500000      0.09459644
 32.600000      0.09884548
 32.700000      0.10090199
 32.800000      0.10176481
 32.900000      0.10134756
 33.000000      0.10104653
 33.100000      0.10086860
 33.200000      0.10214551
 33.300000      0.10034482
 33.400000      0.09744732
 33.500000      0.09675670
 33.600000      0.09276159
 33.700000      0.08786295
 33.800000      0.08461466
 33.900000      0.08147157
 34.000000      0.07900872
 34.100000      0.07208590
 34.200000      0.06670522
 34.300000      0.05694985
 34.400000      0.04472275
 34.500000      0.03270007
 34.600000      0.01988819
 34.700000      0.01013717
 34.800000      0.00049284
 34.900000     -0.01014064
 35.000000     -0.02089608
 35.100000     -0.03034184
 35.200000     -0.04084844
 35.300000     -0.04602405
 35.400000     -0.04917807
 35.500000     -0.04971531
 35.600000     -0.04959323
 35.700000     -0.05453691
 35.800000     -0.06352898
 35.900000     -0.07136285
 36.000000     -0.07684913
 36.100000     -0.07832629
 36.200000     -0.07429643
 36.300000     -0.06353775
 36.400000     -0.05426263
 36.500000     -0.04328359
 36.600000     -0.02736642
 36.700000     -0.00023986
 36.800000      0.03841008
 36.900000      0.08938151
 37.000000      0.15357673
 37.100000      0.23179709
 37.200000      0.31867391
 37.300000      0.40610610
 37.400000      0.49312943
 37.500000      0.58208221
 37.600000      0.66785337
 37.700000      0.74972746
 37.800000      0.82104324
 37.900000      0.88308299
 38.000000      0.93213388
 38.100000      0.96426421
 38.200000      0.98476943
 38.300000      0.99867755
 38.400000      1.00000000
 38.500000      0.97646099
 38.600000      0.93774105
 38.700000      0.88922415
 38.800000      0.83214714
 38.900000      0.76947108
 39.000000      0.70077868
 39.100000      0.62946609
 39.200000      0.55436026
 39.300000      0.48225270
 39.400000      0.41171497
 39.500000      0.34347693
 39.600000      0.28029036
 39.700000      0.23144816
 39.800000      0.19037054
 39.900000      0.16158513
