  0.000000     -0.19514386
  0.100000     -0.19683620
  0.200000     -0.19842373
  0.300000     -0.19982035
  0.400000     -0.20190056
  0.500000     -0.20421234
  0.600000     -0.20669918
  0.700000     -0.20958950
  0.800000     -0.21294775
  0.900000     -0.21655991
  1.000000     -0.22057459
  1.100000     -0.22381393
  1.200000     -0.22683967
  1.300000     -0.23011358
  1.400000     -0.23262628
  1.500000     -0.23463941
  1.600000     -0.23524608
  1.700000     -0.23440196
  1.800000     -0.23166357
  1.900000     -0.22614316
  2.000000     -0.21888144
  2.100000     -0.20874606
  2.200000     -0.19514208
  2.300000     -0.17822360
  2.400000     -0.15802838
  2.500000     -0.13448563
  2.600000     -0.10640610
  2.700000     -0.07341105
  2.800000     -0.03662460
  2.900000      0.00473622
  3.000000      0.05109985
  3.100000      0.10240080
  3.200000      0.15748392
  3.300000      0.21608887
  3.400000      0.27793236
  3.500000      0.34276608
  3.600000      0.40920162
  3.700000      0.47709179
  3.800000      0.54487263
  3.900000      0.61120568
  4.000000      0.67580619
  4.100000      0.73749314
  4.200000      0.79363671
  4.300000      0.84405856
  4.400000      0.88765411
  4.500000      0.92512303
  4.600000      0.95570621
  4.700000      0.97784388
  4.800000      0.99278162
  4.900000      1.00000000
  5.000000      0.99909017
  5.100000      0.98952258
  5.200000      0.97311642
  5.300000      0.95131102
  5.400000      0.92340493
  5.500000      0.89212096
  5.600000      0.85670834
  5.700000      0.81419896
  5.800000      0.76720825
  5.900000      0.71535501
  6.000000      0.65948261
  6.100000      0.59892297
  6.200000      0.53490989
  6.300000      0.46661415
  6.400000      0.39851463
  6.500000      0.32965197
  6.600000      0.26323416
  6.700000      0.19916288
  6.800000      0.13770100
  6.900000      0.07967529
  7.000000      0.02549141
  7.100000     -0.02481087
  7.200000     -0.07115495
  7.300000     -0.11294171
  7.400000     -0.15145835
  7.500000     -0.18651238
  7.600000     -0.21577782
  7.700000     -0.24071134
  7.800000     -0.26292453
  7.900000     -0.28250080
  8.000000     -0.29976531
  8.100000     -0.31447719
  8.200000     -0.32679430
  8.300000     -0.33673273
  8.400000     -0.34552921
  8.500000     -0.35238560
  8.600000     -0.35612853
  8.700000     -0.35619526
  8.800000     -0.35605772
  8.900000     -0.35589609
  9.000000     -0.35334287
  9.100000     -0.35087137
  9.200000     -0.34796610
  9.300000     -0.34323009
  9.400000     -0.33866779
  9.500000     -0.33318146
  9.600000     -0.32791924
  9.700000     -0.32057397
  9.800000     -0.31177757
  9.900000     -0.30430251
 10.000000     -0.29702280
 10.100000     -0.28811954
 10.200000     -0.27892581
 10.300000     -0.27147905
 10.400000     -0.26405264
 10.500000     -0.25539246
 10.600000     -0.24804564
 10.700000     -0.24088344
 10.800000     -0.23515322
 10.900000     -0.22948444
 11.000000     -0.22378166
 11.100000     -0.21769212
 11.200000     -0.21163310
 11.300000     -0.20629005
 11.400000     -0.20174852
 11.500000     -0.19898742
 11.600000     -0.19625250
 11.700000     -0.19318458
 11.800000     -0.18936544
 11.900000     -0.18527747
 12.000000     -0.18100698
 12.100000     -0.17611901
 12.200000     -0.16996588
 12.300000     -0.16415940
 12.400000     -0.15996286
 12.500000     -0.15656283
 12.600000     -0.15329787
 12.700000     -0.14874155
 12.800000     -0.14358521
 12.900000     -0.13842234
 13.000000     -0.13313812
 13.100000     -0.12926482
 13.200000     -0.12593040
 13.300000     -0.12213027
 13.400000     -0.11720266
 13.500000     -0.11189460
 13.600000     -0.10716291
 13.700000     -0.10362567
 13.800000     -0.09962004
 13.900000     -0.09629381
 14.000000     -0.09332086
 14.100000     -0.09084947
 14.200000     -0.08894804
 14.300000     -0.08711975
 14.400000     -0.08660402
 14.500000     -0.08406231
 14.600000     -0.08060034
 14.700000     -0.07705064
 14.800000     -0.07411895
 14.900000     -0.07228567
 15.000000     -0.07048770
 15.100000     -0.06923339
 15.200000     -0.06697663
 15.300000     -0.06360385
 15.400000     -0.06227972
 15.500000     -0.06057665
 15.600000     -0.05899776
 15.700000     -0.05884061
 15.800000     -0.05838840
 15.900000     -0.05716898
 16.000000     -0.05550257
 16.100000     -0.05414550
 16.200000     -0.05307533
 16.300000     -0.05210776
 16.400000     -0.05206941
 16.500000     -0.05137543
 16.600000     -0.05115906
 16.700000     -0.05084995
 16.800000     -0.05034073
 16.900000     -0.04998209
 17.000000     -0.04930637
 17.100000     -0.04835324
 17.200000     -0.04828982
 17.300000     -0.04887198
 17.400000     -0.05029272
 17.500000     -0.05146242
 17.600000     -0.05250516
 17.700000     -0.05379392
 17.800000     -0.05596843
 17.900000     -0.05763000
 18.000000     -0.05866671
 18.100000     -0.05965307
 18.200000     -0.06094349
 18.300000     -0.06181019
 18.400000     -0.06280856
 18.500000     -0.06412964
 18.600000     -0.06595249
 18.700000     -0.06759102
 18.800000     -0.06895810
 18.900000     -0.07004357
 19.000000     -0.07023130
 19.100000     -0.07065346
 19.200000     -0.07247758
 19.300000     -0.07406327
 19.400000     -0.07509981
 19.500000     -0.07599359
 19.600000     -0.07665561
 19.700000     -0.07701761
 19.800000     -0.07658464
 19.900000     -0.07564472
 20.000000     -0.07433369
 20.100000     -0.07264763
 20.200000     -0.07133241
 20.300000     -0.06958753
 20.400000     -0.06826099
 20.500000     -0.06821258
 20.600000     -0.06650785
 20.700000     -0.06518200
 20.800000     -0.06407980
 20.900000     -0.06292330
 21.000000     -0.06165612
 21.100000     -0.06001695
 21.200000     -0.05756087
 21.300000     -0.05506727
 21.400000     -0.05227655
 21.500000     -0.04929644
 21.600000     -0.04611205
 21.700000     -0.04351555
 21.800000     -0.04091403
 21.900000     -0.03814114
 22.000000     -0.03624320
 22.100000     -0.03614115
 22.200000     -0.03509268
 22.300000     -0.03453047
 22.400000     -0.03446691
 22.500000     -0.03443753
 22.600000     -0.03452579
 22.700000     -0.03399869
 22.800000     -0.03419335
 22.900000     -0.03475473
 23.000000     -0.03456582
 23.100000     -0.03507158
 23.200000     -0.03475366
 23.300000     -0.03501752
 23.400000     -0.03464562
 23.500000     -0.03382555
 23.600000     -0.03246296
 23.700000     -0.03181700
 23.800000     -0.03233749
 23.900000     -0.03215917
 24.000000     -0.03171265
 24.100000     -0.03023015
 24.200000     -0.03014523
 24.300000     -0.03051980
 24.400000     -0.02976976
 24.500000     -0.02866411
 24.600000     -0.02762541
 24.700000     -0.02665447
 24.800000     -0.02636971
 24.900000     -0.02520850
 25.000000     -0.02480714
 25.100000     -0.02411284
 25.200000     -0.02350152
 25.300000     -0.02321656
 25.400000     -0.02244463
 25.500000     -0.02179116
 25.600000     -0.02065065
 25.700000     -0.01971043
 25.800000     -0.01874462
 25.900000     -0.01886987
 26.000000     -0.01895337
 26.100000     -0.01844505
 26.200000     -0.01762499
 26.300000     -0.01736583
 26.400000     -0.01796038
 26.500000     -0.01797359
 26.600000     -0.01808862
 26.700000     -0.01816740
 26.800000     -0.01849934
 26.900000     -0.01869853
 27.000000     -0.01856992
 27.100000     -0.01788896
 27.200000     -0.01764239
 27.300000     -0.01793105
 27.400000     -0.01821457
 27.500000     -0.01815441
 27.600000     -0.01791358
 27.700000     -0.01736870
 27.800000     -0.01587938
 27.900000     -0.01477175
 28.000000     -0.01449214
 28.100000     -0.01453765
 28.200000     -0.01316438
 28.300000     -0.01285726
 28.400000     -0.01287957
 28.500000     -0.01294138
 28.600000     -0.01325667
 28.700000     -0.01298802
 28.800000     -0.01248030
 28.900000     -0.01256267
 29.000000     -0.01328846
 29.100000     -0.01312808
 29.200000     -0.01353989
 29.300000     -0.01434115
 29.400000     -0.01446568
 29.500000     -0.01374126
 29.600000     -0.01410177
 29.700000     -0.01570938
 29.800000     -0.01702209
 29.900000     -0.01735590
 30.000000     -0.01793884
 30.100000     -0.01967729
 30.200000     -0.02201070
 30.300000     -0.02254833
 30.400000     -0.02296231
 30.500000     -0.02309832
 30.600000     -0.02292606
 30.700000     -0.02279625
 30.800000     -0.02217028
 30.900000     -0.02088624
 31.000000     -0.01831768
 31.100000     -0.01622841
 31.200000     -0.01398148
 31.300000     -0.01263421
 31.400000     -0.01148885
 31.500000     -0.01073785
 31.600000     -0.01006481
 31.700000     -0.00803328
 31.800000     -0.00602646
 31.900000     -0.00523454
 32.000000     -0.00521987
 32.100000     -0.00515630
 32.200000     -0.00503879
 32.300000     -0.00535347
 32.400000     -0.00560571
 32.500000     -0.00549119
 32.600000     -0.00610978
 32.700000     -0.00698407
 32.800000     -0.00737960
 32.900000     -0.00771716
 33.000000     -0.00818066
 33.100000     -0.00829580
 33.200000     -0.00811595
 33.300000     -0.00791946
 33.400000     -0.00765016
 33.500000     -0.00749423
 33.600000     -0.00721029
 33.700000     -0.00696970
 33.800000     -0.00659382
 33.900000     -0.00605726
 34.000000     -0.00609354
 34.100000     -0.00539410
 34.200000     -0.00369590
 34.300000     -0.00219804
 34.400000     -0.00098929
 34.500000      0.00119841
 34.600000      0.00401574
 34.700000      0.00670901
 34.800000      0.00981820
 34.900000      0.01380190
 35.000000      0.01749880
 35.100000      0.02121215
 35.200000      0.02511160
 35.300000      0.02951064
 35.400000      0.03392380
 35.500000      0.03827770
 35.600000      0.04249149
 35.700000      0.04661911
 35.800000      0.05084408
 35.900000      0.05561333
 36.000000      0.06019241
 36.100000      0.06425280
 36.200000      0.06862110
 36.300000      0.07256790
 36.400000      0.07600482
 36.500000      0.07906209
 36.600000      0.08231107
 36.700000      0.08556740
 36.800000      0.08872502
 36.900000      0.09141586
 37.000000      0.09322067
 37.100000      0.09481695
 37.200000      0.09606919
 37.300000      0.09640278
 37.400000      0.09693626
 37.500000      0.09762060
 37.600000      0.09930795
 37.700000      0.10082850
 37.800000      0.10239334
 37.900000      0.10336470
 38.000000      0.10449561
 38.100000      0.10549738
 38.200000      0.10633196
 38.300000      0.10729854
 38.400000      0.10851505
 38.500000      0.10997352
 38.600000      0.11152468
 38.700000      0.11323014
 38.800000      0.11521502
 38.900000      0.11703051
 39.000000      0.11916182
 39.100000      0.12152413
 39.200000      0.12429101
 39.300000      0.12743593
 39.400000      0.13058885
 39.500000      0.13420638
 39.600000      0.13794298
 39.700000      0.14170904
 39.800000      0.14546353
 39.900000      0.14907022
