  0.000000      0.00311256
  0.100000      0.00327920
  0.200000      0.00349112
  0.300000      0.00381044
  0.400000      0.00389358
  0.500000      0.00392232
  0.600000      0.00397174
  0.700000      0.00389160
  0.800000      0.00321800
  0.900000      0.00244796
  1.000000      0.00173978
  1.100000      0.00122772
  1.200000      0.00073493
  1.300000      0.00019421
  1.400000     -0.00029744
  1.500000     -0.00060781
  1.600000     -0.00083967
  1.700000     -0.00124457
  1.800000     -0.00169475
  1.900000     -0.00208773
  2.000000     -0.00236070
  2.100000     -0.00228088
  2.200000     -0.00200070
  2.300000     -0.00172618
  2.400000     -0.00171956
  2.500000     -0.00181727
  2.600000     -0.00187131
  2.700000     -0.00166347
  2.800000     -0.00111887
  2.900000      0.00006874
  3.000000      0.00153893
  3.100000      0.00317002
  3.200000      0.00460060
  3.300000      0.00590494
  3.400000      0.00714546
  3.500000      0.00830872
  3.600000      0.00948930
  3.700000      0.01034365
  3.800000      0.01080029
  3.900000      0.01056367
  4.000000      0.01017116
  4.100000      0.00985714
  4.200000      0.00925328
  4.300000      0.00820191
  4.400000      0.00693064
  4.500000      0.00560398
  4.600000      0.00423505
  4.700000      0.00263079
  4.800000      0.00088390
  4.900000     -0.00072942
  5.000000     -0.00225445
  5.100000     -0.00364506
  5.200000     -0.00548814
  5.300000     -0.00758171
  5.400000     -0.00900654
  5.500000     -0.00977354
  5.600000     -0.00974336
  5.700000     -0.00911470
  5.800000     -0.00885774
  5.900000     -0.00856750
  6.000000     -0.00819669
  6.100000     -0.00770957
  6.200000     -0.00715349
  6.300000     -0.00659341
  6.400000     -0.00577176
  6.500000     -0.00466750
  6.600000     -0.00333629
  6.700000     -0.00220799
  6.800000     -0.00189782
  6.900000     -0.00167835
  7.000000     -0.00155853
  7.100000     -0.00239233
  7.200000     -0.00325605
  7.300000     -0.00403556
  7.400000     -0.00411615
  7.500000     -0.00442372
  7.600000     -0.00444769
  7.700000     -0.00378070
  7.800000     -0.00282133
  7.900000     -0.00184353
  8.000000     -0.00027986
  8.100000      0.00147426
  8.200000      0.00343289
  8.300000      0.00602304
  8.400000      0.00869990
  8.500000      0.01131755
  8.600000      0.01448708
  8.700000      0.01781216
  8.800000      0.02033861
  8.900000      0.02283387
  9.000000      0.02495916
  9.100000      0.02666041
  9.200000      0.02824346
  9.300000      0.02971486
  9.400000      0.03070790
  9.500000      0.03187924
  9.600000      0.03314542
  9.700000      0.03440084
  9.800000      0.03502853
  9.900000      0.03529879
 10.000000      0.03526737
 10.100000      0.03513562
 10.200000      0.03482060
 10.300000      0.03446131
 10.400000      0.03393156
 10.500000      0.03313744
 10.600000      0.03190841
 10.700000      0.03033001
 10.800000      0.02869737
 10.900000      0.02720759
 11.000000      0.02543846
 11.100000      0.02316174
 11.200000      0.02021734
 11.300000      0.01705845
 11.400000      0.01463657
 11.500000      0.01217227
 11.600000      0.00984405
 11.700000      0.00860467
 11.800000      0.00842059
 11.900000      0.00879539
 12.000000      0.00921824
 12.100000      0.01021657
 12.200000      0.01160686
 12.300000      0.01247725
 12.400000      0.01325537
 12.500000      0.01427114
 12.600000      0.01507137
 12.700000      0.01584711
 12.800000      0.01673531
 12.900000      0.01756079
 13.000000      0.01831828
 13.100000      0.01927019
 13.200000      0.02008579
 13.300000      0.02076138
 13.400000      0.02148835
 13.500000      0.02175851
 13.600000      0.02125784
 13.700000      0.02016630
 13.800000      0.01962253
 13.900000      0.01889646
 14.000000      0.01789301
 14.100000      0.01688198
 14.200000      0.01567080
 14.300000      0.01410168
 14.400000      0.01335613
 14.500000      0.01305732
 14.600000      0.01213838
 14.700000      0.01012462
 14.800000      0.00769606
 14.900000      0.00538126
 15.000000      0.00377917
 15.100000      0.00301898
 15.200000      0.00261125
 15.300000      0.00269895
 15.400000      0.00363533
 15.500000      0.00497134
 15.600000      0.00692085
 15.700000      0.00931787
 15.800000      0.01132881
 15.900000      0.01247314
 16.000000      0.01359563
 16.100000      0.01463525
 16.200000      0.01547422
 16.300000      0.01627682
 16.400000      0.01777221
 16.500000      0.01898680
 16.600000      0.01928818
 16.700000      0.02022012
 16.800000      0.02208168
 16.900000      0.02339000
 17.000000      0.02430882
 17.100000      0.02498490
 17.200000      0.02488823
 17.300000      0.02440025
 17.400000      0.02465246
 17.500000      0.02575642
 17.600000      0.02645523
 17.700000      0.02684035
 17.800000      0.02636590
 17.900000      0.02516213
 18.000000      0.02320966
 18.100000      0.02165958
 18.200000      0.02033614
 18.300000      0.01839085
 18.400000      0.01549464
 18.500000      0.01205482
 18.600000      0.00834508
 18.700000      0.00464392
 18.800000      0.00159487
 18.900000     -0.00125696
 19.000000     -0.00336306
 19.100000     -0.00504304
 19.200000     -0.00661032
 19.300000     -0.00849679
 19.400000     -0.01011295
 19.500000     -0.01134978
 19.600000     -0.01270681
 19.700000     -0.01411202
 19.800000     -0.01709094
 19.900000     -0.02215183
 20.000000     -0.02812033
 20.100000     -0.03404393
 20.200000     -0.04097081
 20.300000     -0.04819133
 20.400000     -0.05540776
 20.500000     -0.06339897
 20.600000     -0.07067562
 20.700000     -0.07765818
 20.800000     -0.08490831
 20.900000     -0.09079748
 21.000000     -0.09599159
 21.100000     -0.09907996
 21.200000     -0.10096695
 21.300000     -0.10178917
 21.400000     -0.09989350
 21.500000     -0.09747435
 21.600000     -0.09344123
 21.700000     -0.08903050
 21.800000     -0.08417688
 21.900000     -0.07886902
 22.000000     -0.07371015
 22.100000     -0.06887783
 22.200000     -0.06538582
 22.300000     -0.06371092
 22.400000     -0.06341609
 22.500000     -0.06386926
 22.600000     -0.06458089
 22.700000     -0.06556395
 22.800000     -0.06775024
 22.900000     -0.07041444
 23.000000     -0.07318339
 23.100000     -0.07562355
 23.200000     -0.07826721
 23.300000     -0.08152531
 23.400000     -0.08454357
 23.500000     -0.08723148
 23.600000     -0.08942397
 23.700000     -0.09055538
 23.800000     -0.08989143
 23.900000     -0.08814137
 24.000000     -0.08591612
 24.100000     -0.08301684
 24.200000     -0.07933907
 24.300000     -0.07464023
 24.400000     -0.06980841
 24.500000     -0.06441017
 24.600000     -0.05952079
 24.700000     -0.05436216
 24.800000     -0.04909603
 24.900000     -0.04328216
 25.000000     -0.03760491
 25.100000     -0.03311836
 25.200000     -0.02914634
 25.300000     -0.02522179
 25.400000     -0.02264431
 25.500000     -0.02081892
 25.600000     -0.01877171
 25.700000     -0.01759317
 25.800000     -0.01678421
 25.900000     -0.01527379
 26.000000     -0.01275805
 26.100000     -0.00990540
 26.200000     -0.00756183
 26.300000     -0.00578641
 26.400000     -0.00587954
 26.500000     -0.00763091
 26.600000     -0.00929840
 26.700000     -0.00990671
 26.800000     -0.00928844
 26.900000     -0.00779673
 27.000000     -0.00668255
 27.100000     -0.00562762
 27.200000     -0.00505808
 27.300000     -0.00500404
 27.400000     -0.00562931
 27.500000     -0.00684360
 27.600000     -0.00853369
 27.700000     -0.01013395
 27.800000     -0.01138141
 27.900000     -0.01003522
 28.000000     -0.00633450
 28.100000     -0.00111817
 28.200000      0.00471500
 28.300000      0.01135173
 28.400000      0.01741063
 28.500000      0.02230108
 28.600000      0.02577053
 28.700000      0.02792273
 28.800000      0.02877583
 28.900000      0.02722362
 29.000000      0.02279892
 29.100000      0.01411494
 29.200000      0.00163081
 29.300000     -0.01511313
 29.400000     -0.03302004
 29.500000     -0.04910989
 29.600000     -0.06449911
 29.700000     -0.08144161
 29.800000     -0.09990597
 29.900000     -0.12071759
 30.000000     -0.13937682
 30.100000     -0.15458013
 30.200000     -0.16689615
 30.300000     -0.17938960
 30.400000     -0.19244427
 30.500000     -0.20370183
 30.600000     -0.21133807
 30.700000     -0.21500604
 30.800000     -0.21881576
 30.900000     -0.22526427
 31.000000     -0.23416568
 31.100000     -0.24564520
 31.200000     -0.25629936
 31.300000     -0.26685801
 31.400000     -0.27771801
 31.500000     -0.28873236
 31.600000     -0.29876241
 31.700000     -0.30549456
 31.800000     -0.30971710
 31.900000     -0.30988378
 32.000000     -0.30605688
 32.100000     -0.29938649
 32.200000     -0.29002615
 32.300000     -0.27775538
 32.400000     -0.26007641
 32.500000     -0.23707824
 32.600000     -0.20693546
 32.700000     -0.16678879
 32.800000     -0.11595929
 32.900000     -0.05793288
 33.000000      0.00378031
 33.100000      0.06908185
 33.200000      0.13719496
 33.300000      0.20787725
 33.400000      0.28352225
 33.500000      0.36265565
 33.600000      0.44232795
 33.700000      0.52132677
 33.800000      0.59813787
 33.900000      0.67110623
 34.000000      0.73790765
 34.100000      0.79643877
 34.200000      0.84751154
 34.300000      0.89188272
 34.400000      0.92864114
 34.500000      0.95866780
 34.600000      0.98144613
 34.700000      0.99514524
 34.800000      1.00000000
 34.900000      0.99534326
 35.000000      0.98240720
 35.100000      0.95975196
 35.200000      0.92668491
 35.300000      0.88454444
 35.400000      0.83324702
 35.500000      0.77423608
 35.600000      0.70692491
 35.700000      0.63185906
 35.800000      0.54995975
 35.900000      0.46385703
 36.000000      0.37485128
 36.100000      0.28393832
 36.200000      0.19471288
 36.300000      0.11030214
 36.400000      0.03046700
 36.500000     -0.04493470
 36.600000     -0.11490637
 36.700000     -0.17834914
 36.800000     -0.23590556
 36.900000     -0.28623433
 37.000000     -0.32932683
 37.100000     -0.36605739
 37.200000     -0.39612492
 37.300000     -0.41862520
 37.400000     -0.43533087
 37.500000     -0.44649608
 37.600000     -0.45231406
 37.700000     -0.45401340
 37.800000     -0.45295522
 37.900000     -0.44870672
 38.000000     -0.44085070
 38.100000     -0.43027956
 38.200000     -0.41810494
 38.300000     -0.40396559
 38.400000     -0.38772214
 38.500000     -0.37089017
 38.600000     -0.35486884
 38.700000     -0.33827642
 38.800000     -0.32173831
 38.900000     -0.30600540
 39.000000     -0.29165700
 39.100000     -0.27801375
 39.200000     -0.26581911
 39.300000     -0.25464147
 39.400000     -0.24455520
 39.500000     -0.23562881
 39.600000     -0.22876706
 39.700000     -0.22345804
 39.800000     -0.21897509
 39.900000     -0.21521140
