  0.000000      0.00190319
  0.100000      0.00209167
  0.200000      0.00217515
  0.300000      0.00212981
  0.400000      0.00213621
  0.500000      0.00194556
  0.600000      0.00195109
  0.700000      0.00181388
  0.800000      0.00149856
  0.900000      0.00132363
  1.000000      0.00109686
  1.100000      0.00071337
  1.200000      0.00037416
  1.300000      0.00024846
  1.400000      0.00036399
  1.500000      0.00081519
  1.600000      0.00136017
  1.700000      0.00117437
  1.800000      0.00092054
  1.900000      0.00089262
  2.000000      0.00035744
  2.100000      0.00005788
  2.200000      0.00008380
  2.300000     -0.00049994
  2.400000     -0.00104400
  2.500000     -0.00162927
  2.600000     -0.00227205
  2.700000     -0.00235593
  2.800000     -0.00263284
  2.900000     -0.00315414
  3.000000     -0.00355911
  3.100000     -0.00438331
  3.200000     -0.00532230
  3.300000     -0.00568795
  3.400000     -0.00592713
  3.500000     -0.00612145
  3.600000     -0.00685905
  3.700000     -0.00702378
  3.800000     -0.00728590
  3.900000     -0.00773312
  4.000000     -0.00806151
  4.100000     -0.00816936
  4.200000     -0.00930378
  4.300000     -0.00971035
  4.400000     -0.01021701
  4.500000     -0.01087734
  4.600000     -0.01220717
  4.700000     -0.01317494
  4.800000     -0.01357136
  4.900000     -0.01454158
  5.000000     -0.01506428
  5.100000     -0.01548671
  5.200000     -0.01602615
  5.300000     -0.01670804
  5.400000     -0.01808353
  5.500000     -0.01891888
  5.600000     -0.01936550
  5.700000     -0.01989309
  5.800000     -0.02046944
  5.900000     -0.02092232
  6.000000     -0.02173340
  6.100000     -0.02237806
  6.200000     -0.02282562
  6.300000     -0.02354536
  6.400000     -0.02380396
  6.500000     -0.02413005
  6.600000     -0.02443273
  6.700000     -0.02499074
  6.800000     -0.02570202
  6.900000     -0.02710192
  7.000000     -0.02827715
  7.100000     -0.02916056
  7.200000     -0.02981857
  7.300000     -0.03010414
  7.400000     -0.03085231
  7.500000     -0.03179115
  7.600000     -0.03282937
  7.700000     -0.03422985
  7.800000     -0.03617568
  7.900000     -0.03732378
  8.000000     -0.03894419
  8.100000     -0.04019986
  8.200000     -0.04149431
  8.300000     -0.04281452
  8.400000     -0.04433817
  8.500000     -0.04573015
  8.600000     -0.04764111
  8.700000     -0.04921322
  8.800000     -0.05093651
  8.900000     -0.05271418
  9.000000     -0.05411455
  9.100000     -0.05560328
  9.200000     -0.05708808
  9.300000     -0.05870660
  9.400000     -0.06031852
  9.500000     -0.06214601
  9.600000     -0.06379585
  9.700000     -0.06534789
  9.800000     -0.06686514
  9.900000     -0.06865704
 10.000000     -0.07048346
 10.100000     -0.07187112
 10.200000     -0.07318638
 10.300000     -0.07441894
 10.400000     -0.07555816
 10.500000     -0.07659396
 10.600000     -0.07751367
 10.700000     -0.07863203
 10.800000     -0.07905331
 10.900000     -0.07960862
 11.000000     -0.07999460
 11.100000     -0.08019586
 11.200000     -0.08019673
 11.300000     -0.07998168
 11.400000     -0.07953296
 11.500000     -0.07883231
 11.600000     -0.07785984
 11.700000     -0.07659762
 11.800000     -0.07502362
 11.900000     -0.07311678
 12.000000     -0.07054828
 12.100000     -0.06781092
 12.200000     -0.06471183
 12.300000     -0.06119772
 12.400000     -0.05724688
 12.500000     -0.05283538
 12.600000     -0.04794051
 12.700000     -0.04254050
 12.800000     -0.03661128
 12.900000     -0.03012877
 13.000000     -0.02306870
 13.100000     -0.01564585
 13.200000     -0.00759470
 13.300000      0.00134497
 13.400000      0.01095252
 13.500000      0.02124457
 13.600000      0.03223980
 13.700000      0.04395471
 13.800000      0.05640250
 13.900000      0.06959649
 14.000000      0.08353835
 14.100000      0.09823628
 14.200000      0.11369611
 14.300000      0.12991465
 14.400000      0.14688927
 14.500000      0.16461841
 14.600000      0.18309068
 14.700000      0.20229380
 14.800000      0.22221150
 14.900000      0.24283168
 15.000000      0.26412737
 15.100000      0.28607287
 15.200000      0.30864211
 15.300000      0.33180245
 15.400000      0.35551464
 15.500000      0.37974113
 15.600000      0.40443760
 15.700000      0.42955412
 15.800000      0.45503910
 15.900000      0.48083631
 16.000000      0.50688571
 16.100000      0.53312295
 16.200000      0.55947865
 16.300000      0.58588287
 16.400000      0.61225942
 16.500000      0.63852766
 16.600000      0.66460479
 16.700000      0.69040720
 16.800000      0.71584661
 16.900000      0.74082464
 17.000000      0.76525139
 17.100000      0.78902841
 17.200000      0.81205548
 17.300000      0.83422648
 17.400000      0.85544770
 17.500000      0.87561627
 17.600000      0.89462576
 17.700000      0.91237261
 17.800000      0.92875544
 17.900000      0.94368042
 18.000000      0.95704964
 18.100000      0.96878033
 18.200000      0.97878078
 18.300000      0.98697246
 18.400000      0.99327567
 18.500000      0.99760148
 18.600000      0.99986808
 18.700000      1.00000000
 18.800000      0.99791710
 18.900000      0.99356033
 19.000000      0.98689635
 19.100000      0.97787805
 19.200000      0.96645986
 19.300000      0.95260473
 19.400000      0.93628637
 19.500000      0.91748120
 19.600000      0.89617588
 19.700000      0.87235227
 19.800000      0.84602556
 19.900000      0.81721410
 20.000000      0.78594697
 20.100000      0.75227917
 20.200000      0.71627647
 20.300000      0.67801699
 20.400000      0.63759130
 20.500000      0.59511209
 20.600000      0.55070480
 20.700000      0.50452218
 20.800000      0.45671513
 20.900000      0.40746819
 21.000000      0.35696680
 21.100000      0.30541339
 21.200000      0.25302383
 21.300000      0.20001955
 21.400000      0.14663073
 21.500000      0.09308702
 21.600000      0.03961802
 21.700000     -0.01354771
 21.800000     -0.06618631
 21.900000     -0.11807481
 22.000000     -0.16899943
 22.100000     -0.21875092
 22.200000     -0.26713778
 22.300000     -0.31398815
 22.400000     -0.35913615
 22.500000     -0.40242875
 22.600000     -0.44373984
 22.700000     -0.48295234
 22.800000     -0.51995867
 22.900000     -0.55467555
 23.000000     -0.58702556
 23.100000     -0.61697132
 23.200000     -0.64447230
 23.300000     -0.66950262
 23.400000     -0.69206369
 23.500000     -0.71216922
 23.600000     -0.72984152
 23.700000     -0.74511266
 23.800000     -0.75801877
 23.900000     -0.76860934
 24.000000     -0.77696706
 24.100000     -0.78316755
 24.200000     -0.78728607
 24.300000     -0.78941032
 24.400000     -0.78962908
 24.500000     -0.78804050
 24.600000     -0.78474454
 24.700000     -0.77984078
 24.800000     -0.77343067
 24.900000     -0.76561275
 25.000000     -0.75649125
 25.100000     -0.74616579
 25.200000     -0.73473283
 25.300000     -0.72229207
 25.400000     -0.70894255
 25.500000     -0.69477188
 25.600000     -0.67987465
 25.700000     -0.66434292
 25.800000     -0.64825887
 25.900000     -0.63170732
 26.000000     -0.61476662
 26.100000     -0.59751589
 26.200000     -0.58002497
 26.300000     -0.56236568
 26.400000     -0.54460547
 26.500000     -0.52680993
 26.600000     -0.50903287
 26.700000     -0.49133568
 26.800000     -0.47376939
 26.900000     -0.45638365
 27.000000     -0.43922338
 27.100000     -0.42232929
 27.200000     -0.40574094
 27.300000     -0.38949422
 27.400000     -0.37362528
 27.500000     -0.35815831
 27.600000     -0.34312121
 27.700000     -0.32853518
 27.800000     -0.31442481
 27.900000     -0.30080021
 28.000000     -0.28768046
 28.100000     -0.27507172
 28.200000     -0.26298752
 28.300000     -0.25143216
 28.400000     -0.24041141
 28.500000     -0.22992173
 28.600000     -0.21996704
 28.700000     -0.21054884
 28.800000     -0.20165705
 28.900000     -0.19328356
 29.000000     -0.18541700
 29.100000     -0.17804100
 29.200000     -0.17113988
 29.300000     -0.16469365
 29.400000     -0.15868851
 29.500000     -0.15309980
 29.600000     -0.14790964
 29.700000     -0.14309683
 29.800000     -0.13863639
 29.900000     -0.13450141
 30.000000     -0.13066775
 30.100000     -0.12711093
 30.200000     -0.12380608
 30.300000     -0.12072762
 30.400000     -0.11785020
 30.500000     -0.11515214
 30.600000     -0.11260885
 30.700000     -0.11019921
 30.800000     -0.10790087
 30.900000     -0.10569248
 31.000000     -0.10355983
 31.100000     -0.10148137
 31.200000     -0.09944487
 31.300000     -0.09743512
 31.400000     -0.09543807
 31.500000     -0.09344526
 31.600000     -0.09144739
 31.700000     -0.08943445
 31.800000     -0.08740074
 31.900000     -0.08534807
 32.000000     -0.08328326
 32.100000     -0.08118716
 32.200000     -0.07906910
 32.300000     -0.07693421
 32.400000     -0.07480324
 32.500000     -0.07269264
 32.600000     -0.07058811
 32.700000     -0.06851136
 32.800000     -0.06643776
 32.900000     -0.06437317
 33.000000     -0.06232431
 33.100000     -0.06031103
 33.200000     -0.05833777
 33.300000     -0.05640016
 33.400000     -0.05450112
 33.500000     -0.05264647
 33.600000     -0.05084084
 33.700000     -0.04908559
 33.800000     -0.04739177
 33.900000     -0.04577198
 34.000000     -0.04420688
 34.100000     -0.04270781
 34.200000     -0.04127513
 34.300000     -0.03991100
 34.400000     -0.03861666
 34.500000     -0.03739261
 34.600000     -0.03623735
 34.700000     -0.03516341
 34.800000     -0.03419244
 34.900000     -0.03329847
 35.000000     -0.03246833
 35.100000     -0.03172963
 35.200000     -0.03104943
 35.300000     -0.03040660
 35.400000     -0.02982036
 35.500000     -0.02930026
 35.600000     -0.02882123
 35.700000     -0.02838394
 35.800000     -0.02798404
 35.900000     -0.02763047
 36.000000     -0.02739818
 36.100000     -0.02719606
 36.200000     -0.02707469
 36.300000     -0.02704138
 36.400000     -0.02701892
 36.500000     -0.02700263
 36.600000     -0.02698505
 36.700000     -0.02695894
 36.800000     -0.02692143
 36.900000     -0.02687542
 37.000000     -0.02681370
 37.100000     -0.02673349
 37.200000     -0.02667114
 37.300000     -0.02660612
 37.400000     -0.02655390
 37.500000     -0.02646525
 37.600000     -0.02633351
 37.700000     -0.02616314
 37.800000     -0.02595985
 37.900000     -0.02572485
 38.000000     -0.02546332
 38.100000     -0.02526458
 38.200000     -0.02500991
 38.300000     -0.02471440
 38.400000     -0.02435813
 38.500000     -0.02394337
 38.600000     -0.02340025
 38.700000     -0.02280283
 38.800000     -0.02216629
 38.900000     -0.02148588
 39.000000     -0.02078257
 39.100000     -0.02006301
 39.200000     -0.01941051
 39.300000     -0.01874668
 39.400000     -0.01813561
 39.500000     -0.01751560
 39.600000     -0.01692528
 39.700000     -0.01632034
 39.800000     -0.01572330
 39.900000     -0.01511810
