  0.000000      0.00307885
  0.100000      0.00330334
  0.200000      0.00351573
  0.300000      0.00371453
  0.400000      0.00389748
  0.500000      0.00406088
  0.600000      0.00421095
  0.700000      0.00434287
  0.800000      0.00445163
  0.900000      0.00453986
  1.000000      0.00460674
  1.100000      0.00465362
  1.200000      0.00468585
  1.300000      0.00469818
  1.400000      0.00469688
  1.500000      0.00468452
  1.600000      0.00466320
  1.700000      0.00463447
  1.800000      0.00458715
  1.900000      0.00453803
  2.000000      0.00449115
  2.100000      0.00444452
  2.200000      0.00439131
  2.300000      0.00433472
  2.400000      0.00427627
  2.500000      0.00421707
  2.600000      0.00415213
  2.700000      0.00408668
  2.800000      0.00402138
  2.900000      0.00396599
  3.000000      0.00391815
  3.100000      0.00387608
  3.200000      0.00383907
  3.300000      0.00381206
  3.400000      0.00380452
  3.500000      0.00382440
  3.600000      0.00385690
  3.700000      0.00390524
  3.800000      0.00396437
  3.900000      0.00402947
  4.000000      0.00409764
  4.100000      0.00416525
  4.200000      0.00423417
  4.300000      0.00430690
  4.400000      0.00438134
  4.500000      0.00445408
  4.600000      0.00451390
  4.700000      0.00456650
  4.800000      0.00461812
  4.900000      0.00466790
  5.000000      0.00472275
  5.100000      0.00478230
  5.200000      0.00485994
  5.300000      0.00494881
  5.400000      0.00505633
  5.500000      0.00518127
  5.600000      0.00532903
  5.700000      0.00550085
  5.800000      0.00569146
  5.900000      0.00590062
  6.000000      0.00613111
  6.100000      0.00639107
  6.200000      0.00668202
  6.300000      0.00699700
  6.400000      0.00733105
  6.500000      0.00768742
  6.600000      0.00807119
  6.700000      0.00847972
  6.800000      0.00891423
  6.900000      0.00937613
  7.000000      0.00986298
  7.100000      0.01036820
  7.200000      0.01088479
  7.300000      0.01141647
  7.400000      0.01195923
  7.500000      0.01252342
  7.600000      0.01309283
  7.700000      0.01366262
  7.800000      0.01423378
  7.900000      0.01480745
  8.000000      0.01537859
  8.100000      0.01594636
  8.200000      0.01651801
  8.300000      0.01709352
  8.400000      0.01768548
  8.500000      0.01829622
  8.600000      0.01891904
  8.700000      0.01955480
  8.800000      0.02021800
  8.900000      0.02091841
  9.000000      0.02165760
  9.100000      0.02244183
  9.200000      0.02327820
  9.300000      0.02416790
  9.400000      0.02511169
  9.500000      0.02611545
  9.600000      0.02717990
  9.700000      0.02830310
  9.800000      0.02948652
  9.900000      0.03072884
 10.000000      0.03203605
 10.100000      0.03340589
 10.200000      0.03483892
 10.300000      0.03633376
 10.400000      0.03788595
 10.500000      0.03950165
 10.600000      0.04118056
 10.700000      0.04291562
 10.800000      0.04468829
 10.900000      0.04649701
 11.000000      0.04833673
 11.100000      0.05020359
 11.200000      0.05209594
 11.300000      0.05400593
 11.400000      0.05592366
 11.500000      0.05784529
 11.600000      0.05977418
 11.700000      0.06167301
 11.800000      0.06357140
 11.900000      0.06544954
 12.000000      0.06724697
 12.100000      0.06908077
 12.200000      0.07093029
 12.300000      0.07268938
 12.400000      0.07439000
 12.500000      0.07604607
 12.600000      0.07764780
 12.700000      0.07921313
 12.800000      0.08070004
 12.900000      0.08213384
 13.000000      0.08351820
 13.100000      0.08485388
 13.200000      0.08614244
 13.300000      0.08736372
 13.400000      0.08854062
 13.500000      0.08971038
 13.600000      0.09093445
 13.700000      0.09221846
 13.800000      0.09356887
 13.900000      0.09505014
 14.000000      0.09669055
 14.100000      0.09849665
 14.200000      0.10048436
 14.300000      0.10264982
 14.400000      0.10497113
 14.500000      0.10745581
 14.600000      0.11010694
 14.700000      0.11293494
 14.800000      0.11594416
 14.900000      0.11915981
 15.000000      0.12257475
 15.100000      0.12616769
 15.200000      0.12997037
 15.300000      0.13402374
 15.400000      0.13833147
 15.500000      0.14290084
 15.600000      0.14771315
 15.700000      0.15279127
 15.800000      0.15815000
 15.900000      0.16380779
 16.000000      0.16978910
 16.100000      0.17611738
 16.200000      0.18279353
 16.300000      0.18982619
 16.400000      0.19723681
 16.500000      0.20500370
 16.600000      0.21312784
 16.700000      0.22156923
 16.800000      0.23029050
 16.900000      0.23920259
 17.000000      0.24833548
 17.100000      0.25766528
 17.200000      0.26716907
 17.300000      0.27685386
 17.400000      0.28672928
 17.500000      0.29674186
 17.600000      0.30684781
 17.700000      0.31701340
 17.800000      0.32719151
 17.900000      0.33733524
 18.000000      0.34739513
 18.100000      0.35732831
 18.200000      0.36713510
 18.300000      0.37676408
 18.400000      0.38619372
 18.500000      0.39541267
 18.600000      0.40432888
 18.700000      0.41286880
 18.800000      0.42098105
 18.900000      0.42861595
 19.000000      0.43576290
 19.100000      0.44239063
 19.200000      0.44848862
 19.300000      0.45406511
 19.400000      0.45908571
 19.500000      0.46350595
 19.600000      0.46732608
 19.700000      0.47050977
 19.800000      0.47302562
 19.900000      0.47488400
 20.000000      0.47610821
 20.100000      0.47675739
 20.200000      0.47691559
 20.300000      0.47664925
 20.400000      0.47600652
 20.500000      0.47502308
 20.600000      0.47372454
 20.700000      0.47213944
 20.800000      0.47030484
 20.900000      0.46829214
 21.000000      0.46613267
 21.100000      0.46384829
 21.200000      0.46151222
 21.300000      0.45921938
 21.400000      0.45712356
 21.500000      0.45522440
 21.600000      0.45353125
 21.700000      0.45203055
 21.800000      0.45071629
 21.900000      0.44968469
 22.000000      0.44895544
 22.100000      0.44856626
 22.200000      0.44857730
 22.300000      0.44899609
 22.400000      0.44986959
 22.500000      0.45126280
 22.600000      0.45327296
 22.700000      0.45591369
 22.800000      0.45929209
 22.900000      0.46339801
 23.000000      0.46816418
 23.100000      0.47354460
 23.200000      0.47955519
 23.300000      0.48619546
 23.400000      0.49356737
 23.500000      0.50170973
 23.600000      0.51052965
 23.700000      0.51993559
 23.800000      0.52985962
 23.900000      0.54032493
 24.000000      0.55145217
 24.100000      0.56331927
 24.200000      0.57590103
 24.300000      0.58921229
 24.400000      0.60323745
 24.500000      0.61799343
 24.600000      0.63343661
 24.700000      0.64943854
 24.800000      0.66591411
 24.900000      0.68281733
 25.000000      0.69993887
 25.100000      0.71704482
 25.200000      0.73403707
 25.300000      0.75086020
 25.400000      0.76750699
 25.500000      0.78391037
 25.600000      0.79991601
 25.700000      0.81540070
 25.800000      0.83026782
 25.900000      0.84434537
 26.000000      0.85753687
 26.100000      0.86971267
 26.200000      0.88082201
 26.300000      0.89097512
 26.400000      0.90036299
 26.500000      0.90908462
 26.600000      0.91715108
 26.700000      0.92453843
 26.800000      0.93127435
 26.900000      0.93742370
 27.000000      0.94297707
 27.100000      0.94788730
 27.200000      0.95220765
 27.300000      0.95612555
 27.400000      0.95976840
 27.500000      0.96315450
 27.600000      0.96629382
 27.700000      0.96932007
 27.800000      0.97239093
 27.900000      0.97560863
 28.000000      0.97901235
 28.100000      0.98257125
 28.200000      0.98620743
 28.300000      0.98978262
 28.400000      0.99314004
 28.500000      0.99608344
 28.600000      0.99833611
 28.700000      0.99970630
 28.800000      1.00000000
 28.900000      0.99901092
 29.000000      0.99659972
 29.100000      0.99259524
 29.200000      0.98688622
 29.300000      0.97942622
 29.400000      0.97022094
 29.500000      0.95907036
 29.600000      0.94566995
 29.700000      0.92975005
 29.800000      0.91099864
 29.900000      0.88943790
 30.000000      0.86519651
 30.100000      0.83822594
 30.200000      0.80846934
 30.300000      0.77585895
 30.400000      0.74047686
 30.500000      0.70251150
 30.600000      0.66218229
 30.700000      0.61962261
 30.800000      0.57515493
 30.900000      0.52907614
 31.000000      0.48161179
 31.100000      0.43325682
 31.200000      0.38466047
 31.300000      0.33633461
 31.400000      0.28837091
 31.500000      0.24053398
 31.600000      0.19244422
 31.700000      0.14372919
 31.800000      0.09443812
 31.900000      0.04495505
 32.000000     -0.00423051
 32.100000     -0.05301162
 32.200000     -0.10151050
 32.300000     -0.14968487
 32.400000     -0.19720631
 32.500000     -0.24368722
 32.600000     -0.28879554
 32.700000     -0.33232832
 32.800000     -0.37406563
 32.900000     -0.41370306
 33.000000     -0.45130524
 33.100000     -0.48699915
 33.200000     -0.52071081
 33.300000     -0.55212152
 33.400000     -0.58136836
 33.500000     -0.60909454
 33.600000     -0.63538293
 33.700000     -0.65996562
 33.800000     -0.68263762
 33.900000     -0.70358723
 34.000000     -0.72306818
 34.100000     -0.74106401
 34.200000     -0.75763884
 34.300000     -0.77295701
 34.400000     -0.78741850
 34.500000     -0.80117372
 34.600000     -0.81410334
 34.700000     -0.82626615
 34.800000     -0.83761251
 34.900000     -0.84814700
 35.000000     -0.85805371
 35.100000     -0.86727415
 35.200000     -0.87572324
 35.300000     -0.88342537
 35.400000     -0.89025737
 35.500000     -0.89625592
 35.600000     -0.90143956
 35.700000     -0.90594111
 35.800000     -0.90986003
 35.900000     -0.91337501
 36.000000     -0.91633385
 36.100000     -0.91867475
 36.200000     -0.92041747
 36.300000     -0.92175540
 36.400000     -0.92272224
 36.500000     -0.92325060
 36.600000     -0.92340373
 36.700000     -0.92334584
 36.800000     -0.92312200
 36.900000     -0.92274323
 37.000000     -0.92222908
 37.100000     -0.92158425
 37.200000     -0.92078235
 37.300000     -0.91979861
 37.400000     -0.91864523
 37.500000     -0.91736889
 37.600000     -0.91603293
 37.700000     -0.91477381
 37.800000     -0.91373166
 37.900000     -0.91295854
 38.000000     -0.91245678
 38.100000     -0.91217386
 38.200000     -0.91199523
 38.300000     -0.91177911
 38.400000     -0.91143196
 38.500000     -0.91084586
 38.600000     -0.90994523
 38.700000     -0.90871845
 38.800000     -0.90720987
 38.900000     -0.90545797
 39.000000     -0.90352796
 39.100000     -0.90146509
 39.200000     -0.89931131
 39.300000     -0.89713447
 39.400000     -0.89500426
 39.500000     -0.89294460
 39.600000     -0.89100340
 39.700000     -0.88921635
 39.800000     -0.88761645
 39.900000     -0.88618740
