  0.000000     -0.01496750
  0.100000     -0.01371815
  0.200000     -0.01242651
  0.300000     -0.01107769
  0.400000     -0.00976419
  0.500000     -0.00857542
  0.600000     -0.00779501
  0.700000     -0.00795013
  0.800000     -0.00813946
  0.900000     -0.00819931
  1.000000     -0.00824292
  1.100000     -0.00847954
  1.200000     -0.00860438
  1.300000     -0.00845488
  1.400000     -0.00861493
  1.500000     -0.00847665
  1.600000     -0.00785233
  1.700000     -0.00728082
  1.800000     -0.00619595
  1.900000     -0.00481261
  2.000000     -0.00335074
  2.100000     -0.00178369
  2.200000     -0.00004713
  2.300000      0.00078460
  2.400000      0.00258540
  2.500000      0.00429135
  2.600000      0.00537315
  2.700000      0.00552431
  2.800000      0.00594430
  2.900000      0.00679291
  3.000000      0.00810549
  3.100000      0.00887513
  3.200000      0.00984661
  3.300000      0.01076563
  3.400000      0.01249396
  3.500000      0.01463823
  3.600000      0.01697406
  3.700000      0.01970280
  3.800000      0.02401788
  3.900000      0.02662793
  4.000000      0.02993085
  4.100000      0.03554298
  4.200000      0.04118316
  4.300000      0.04588633
  4.400000      0.04900080
  4.500000      0.05020584
  4.600000      0.04981259
  4.700000      0.04529185
  4.800000      0.03710274
  4.900000      0.02776867
  5.000000      0.02111742
  5.100000      0.01997132
  5.200000      0.02404394
  5.300000      0.02824919
  5.400000      0.02750434
  5.500000      0.02262228
  5.600000      0.01788583
  5.700000      0.01397353
  5.800000      0.01278589
  5.900000      0.01706804
  6.000000      0.02583148
  6.100000      0.03288280
  6.200000      0.03878858
  6.300000      0.04649766
  6.400000      0.05897835
  6.500000      0.07753542
  6.600000      0.10209763
  6.700000      0.13242397
  6.800000      0.16651096
  6.900000      0.20491927
  7.000000      0.24776493
  7.100000      0.29634563
  7.200000      0.35017242
  7.300000      0.40792499
  7.400000      0.46967612
  7.500000      0.52797602
  7.600000      0.58483441
  7.700000      0.64423574
  7.800000      0.70297938
  7.900000      0.77424077
  8.000000      0.83628377
  8.100000      0.89304954
  8.200000      0.92928687
  8.300000      0.95679570
  8.400000      0.97336442
  8.500000      0.98780655
  8.600000      1.00000000
  8.700000      0.99257017
  8.800000      0.98373857
  8.900000      0.97077703
  9.000000      0.94262704
  9.100000      0.89322929
  9.200000      0.82422040
  9.300000      0.76310356
  9.400000      0.68136386
  9.500000      0.59522813
  9.600000      0.51003462
  9.700000      0.41823178
  9.800000      0.32318850
  9.900000      0.22628111
 10.000000      0.12277725
 10.100000      0.01696840
 10.200000     -0.08761292
 10.300000     -0.18609572
 10.400000     -0.27925237
 10.500000     -0.36061877
 10.600000     -0.42343639
 10.700000     -0.48601888
 10.800000     -0.51433216
 10.900000     -0.53644306
 11.000000     -0.55121295
 11.100000     -0.55977419
 11.200000     -0.56820749
 11.300000     -0.56861924
 11.400000     -0.56043105
 11.500000     -0.54960054
 11.600000     -0.54139747
 11.700000     -0.53374732
 11.800000     -0.51961873
 11.900000     -0.50515177
 12.000000     -0.48896650
 12.100000     -0.46858314
 12.200000     -0.44958595
 12.300000     -0.43075542
 12.400000     -0.41144833
 12.500000     -0.39222416
 12.600000     -0.37355326
 12.700000     -0.35799367
 12.800000     -0.33943162
 12.900000     -0.32491543
 13.000000     -0.31004248
 13.100000     -0.29770096
 13.200000     -0.28948280
 13.300000     -0.27899036
 13.400000     -0.26643875
 13.500000     -0.25328223
 13.600000     -0.24292240
 13.700000     -0.23472813
 13.800000     -0.22547215
 13.900000     -0.21695012
 14.000000     -0.20803985
 14.100000     -0.20169050
 14.200000     -0.19625974
 14.300000     -0.18661499
 14.400000     -0.17320333
 14.500000     -0.16284286
 14.600000     -0.14959577
 14.700000     -0.13784057
 14.800000     -0.12279084
 14.900000     -0.11239125
 15.000000     -0.09823232
 15.100000     -0.08703351
 15.200000     -0.07647405
 15.300000     -0.06711615
 15.400000     -0.06101603
 15.500000     -0.05540778
 15.600000     -0.05628273
 15.700000     -0.06090901
 15.800000     -0.06722421
 15.900000     -0.07256370
 16.000000     -0.07417897
 16.100000     -0.07313958
 16.200000     -0.07034706
 16.300000     -0.06649060
 16.400000     -0.06090149
 16.500000     -0.05487608
 16.600000     -0.04818029
 16.700000     -0.04333358
 16.800000     -0.04218745
 16.900000     -0.04484715
 17.000000     -0.05119017
 17.100000     -0.05978424
 17.200000     -0.06928845
 17.300000     -0.07938081
 17.400000     -0.08889193
 17.500000     -0.09797777
 17.600000     -0.10718358
 17.700000     -0.11625483
 17.800000     -0.12348929
 17.900000     -0.12847406
 18.000000     -0.13086755
 18.100000     -0.13056664
 18.200000     -0.12840250
 18.300000     -0.12512290
 18.400000     -0.12012073
 18.500000     -0.11448144
 18.600000     -0.10960322
 18.700000     -0.10562197
 18.800000     -0.10278374
 18.900000     -0.10059312
 19.000000     -0.09808220
 19.100000     -0.09494343
 19.200000     -0.09090487
 19.300000     -0.08616812
 19.400000     -0.08111930
 19.500000     -0.07609282
 19.600000     -0.07206822
 19.700000     -0.06799355
 19.800000     -0.06452199
 19.900000     -0.06183148
 20.000000     -0.05924785
 20.100000     -0.05642982
 20.200000     -0.05391149
 20.300000     -0.05179496
 20.400000     -0.05014972
 20.500000     -0.04995975
 20.600000     -0.05234262
 20.700000     -0.05809081
 20.800000     -0.06688968
 20.900000     -0.07754036
 21.000000     -0.08948278
 21.100000     -0.10117057
 21.200000     -0.11239508
 21.300000     -0.12057174
 21.400000     -0.12494490
 21.500000     -0.12488251
 21.600000     -0.12055689
 21.700000     -0.11300496
 21.800000     -0.10295988
 21.900000     -0.09131161
 22.000000     -0.07974902
 22.100000     -0.06829450
 22.200000     -0.05852123
 22.300000     -0.05088887
 22.400000     -0.04519982
 22.500000     -0.04084905
 22.600000     -0.03707191
 22.700000     -0.03301026
 22.800000     -0.02895433
 22.900000     -0.02542549
 23.000000     -0.02236135
 23.100000     -0.01970342
 23.200000     -0.01674054
 23.300000     -0.01201891
 23.400000     -0.00605444
 23.500000      0.00022064
 23.600000      0.00594003
 23.700000      0.01115998
 23.800000      0.01562893
 23.900000      0.01917286
 24.000000      0.02209704
 24.100000      0.02475083
 24.200000      0.02733409
 24.300000      0.02944911
 24.400000      0.03037504
 24.500000      0.02991408
 24.600000      0.02907615
 24.700000      0.02688035
 24.800000      0.02398127
 24.900000      0.02014608
 25.000000      0.01481288
 25.100000      0.00907195
 25.200000      0.00333791
 25.300000     -0.00219208
 25.400000     -0.00651883
 25.500000     -0.00959098
 25.600000     -0.01050321
 25.700000     -0.00908473
 25.800000     -0.00588689
 25.900000     -0.00138903
 26.000000      0.00411432
 26.100000      0.01008479
 26.200000      0.01641342
 26.300000      0.02239566
 26.400000      0.02620894
 26.500000      0.02839823
 26.600000      0.02960741
 26.700000      0.03017975
 26.800000      0.03098714
 26.900000      0.03209735
 27.000000      0.03291382
 27.100000      0.03452616
 27.200000      0.03747144
 27.300000      0.04218583
 27.400000      0.04833761
 27.500000      0.05545613
 27.600000      0.06338160
 27.700000      0.07046610
 27.800000      0.07592144
 27.900000      0.07988299
 28.000000      0.08250098
 28.100000      0.08452254
 28.200000      0.08568605
 28.300000      0.08626690
 28.400000      0.08646315
 28.500000      0.08592555
 28.600000      0.08544636
 28.700000      0.08570336
 28.800000      0.08691972
 28.900000      0.08890872
 29.000000      0.09174970
 29.100000      0.09461389
 29.200000      0.09768273
 29.300000      0.10083948
 29.400000      0.10275579
 29.500000      0.10270433
 29.600000      0.10089677
 29.700000      0.09745926
 29.800000      0.09217576
 29.900000      0.08461911
 30.000000      0.07597808
 30.100000      0.06688356
 30.200000      0.05835462
 30.300000      0.05068354
 30.400000      0.04416748
 30.500000      0.03954190
 30.600000      0.03605534
 30.700000      0.03381076
 30.800000      0.03339360
 30.900000      0.03469179
 31.000000      0.03805961
 31.100000      0.04231837
 31.200000      0.04776992
 31.300000      0.05443441
 31.400000      0.06188459
 31.500000      0.06928496
 31.600000      0.07730478
 31.700000      0.08652972
 31.800000      0.09602318
 31.900000      0.10643139
 32.000000      0.11817253
 32.100000      0.13000067
 32.200000      0.14186636
 32.300000      0.15285510
 32.400000      0.16098185
 32.500000      0.16840625
 32.600000      0.17382491
 32.700000      0.17839079
 32.800000      0.18242607
 32.900000      0.18599719
 33.000000      0.18777106
 33.100000      0.18789947
 33.200000      0.18696026
 33.300000      0.18521359
 33.400000      0.18203246
 33.500000      0.17769735
 33.600000      0.17206430
 33.700000      0.16515470
 33.800000      0.15746062
 33.900000      0.14997863
 34.000000      0.14313321
 34.100000      0.13654531
 34.200000      0.13126943
 34.300000      0.12719892
 34.400000      0.12551661
 34.500000      0.12500405
 34.600000      0.12571961
 34.700000      0.12761380
 34.800000      0.13061861
 34.900000      0.13385533
 35.000000      0.13647150
 35.100000      0.13775727
 35.200000      0.13799991
 35.300000      0.13785060
 35.400000      0.13857812
 35.500000      0.13916661
 35.600000      0.13896187
 35.700000      0.13875951
 35.800000      0.13949279
 35.900000      0.14155376
 36.000000      0.14530117
 36.100000      0.15024600
 36.200000      0.15598995
 36.300000      0.16258169
 36.400000      0.17047180
 36.500000      0.17919760
 36.600000      0.18846995
 36.700000      0.19760078
 36.800000      0.20596568
 36.900000      0.21377149
 37.000000      0.22071009
 37.100000      0.22704164
 37.200000      0.23259131
 37.300000      0.23634985
 37.400000      0.23787919
 37.500000      0.23746150
 37.600000      0.23553948
 37.700000      0.23240038
 37.800000      0.22948235
 37.900000      0.22627526
 38.000000      0.22253496
 38.100000      0.21800214
 38.200000      0.21332508
 38.300000      0.20846305
 38.400000      0.20353459
 38.500000      0.19899913
 38.600000      0.19491962
 38.700000      0.19105810
 38.800000      0.18837290
 38.900000      0.18661816
 39.000000      0.18560953
 39.100000      0.18034987
 39.200000      0.17653959
 39.300000      0.17846323
 39.400000      0.18123637
 39.500000      0.18480317
 39.600000      0.18899048
 39.700000      0.19392451
 39.800000      0.19930066
 39.900000      0.20494351
