  0.000000      0.01410158
  0.100000      0.01377448
  0.200000      0.01377986
  0.300000      0.01408051
  0.400000      0.01451747
  0.500000      0.01489300
  0.600000      0.01507611
  0.700000      0.01500840
  0.800000      0.01475281
  0.900000      0.01424495
  1.000000      0.01346226
  1.100000      0.01222751
  1.200000      0.01061554
  1.300000      0.00894878
  1.400000      0.00741324
  1.500000      0.00592847
  1.600000      0.00441190
  1.700000      0.00298740
  1.800000      0.00187146
  1.900000      0.00105019
  2.000000      0.00037815
  2.100000     -0.00011633
  2.200000     -0.00071249
  2.300000     -0.00181819
  2.400000     -0.00332743
  2.500000     -0.00531227
  2.600000     -0.00776239
  2.700000     -0.01065082
  2.800000     -0.01358281
  2.900000     -0.01606172
  3.000000     -0.01759405
  3.100000     -0.01820245
  3.200000     -0.01791663
  3.300000     -0.01689812
  3.400000     -0.01537970
  3.500000     -0.01379615
  3.600000     -0.01268241
  3.700000     -0.01214703
  3.800000     -0.01193810
  3.900000     -0.01187752
  4.000000     -0.01197629
  4.100000     -0.01213631
  4.200000     -0.01198607
  4.300000     -0.01067680
  4.400000     -0.00723948
  4.500000     -0.00453806
  4.600000     -0.00292772
  4.700000     -0.00266770
  4.800000     -0.00365594
  4.900000     -0.00571702
  5.000000     -0.00840149
  5.100000     -0.01169172
  5.200000     -0.01542517
  5.300000     -0.01519983
  5.400000     -0.01296129
  5.500000     -0.01011332
  5.600000     -0.00740264
  5.700000     -0.00517804
  5.800000     -0.00343818
  5.900000     -0.00234200
  6.000000     -0.00150038
  6.100000     -0.00102022
  6.200000     -0.00058262
  6.300000     -0.00001234
  6.400000      0.00075208
  6.500000      0.00149995
  6.600000      0.00160226
  6.700000      0.00158225
  6.800000      0.00184252
  6.900000      0.00273730
  7.000000      0.00352717
  7.100000      0.00366913
  7.200000      0.00263901
  7.300000      0.00018977
  7.400000     -0.00281487
  7.500000     -0.00642250
  7.600000     -0.01007537
  7.700000     -0.01348991
  7.800000     -0.01667410
  7.900000     -0.01999396
  8.000000     -0.02370588
  8.100000     -0.02766972
  8.200000     -0.03049472
  8.300000     -0.03133467
  8.400000     -0.03183563
  8.500000     -0.03246547
  8.600000     -0.03328810
  8.700000     -0.03428792
  8.800000     -0.03607408
  8.900000     -0.03853405
  9.000000     -0.03770272
  9.100000     -0.03484958
  9.200000     -0.02960917
  9.300000     -0.02313840
  9.400000     -0.01319122
  9.500000      0.00099556
  9.600000      0.01805103
  9.700000      0.03369318
  9.800000      0.04577305
  9.900000      0.05594682
 10.000000      0.06522054
 10.100000      0.07322110
 10.200000      0.07885351
 10.300000      0.08080575
 10.400000      0.07957318
 10.500000      0.07616507
 10.600000      0.07122734
 10.700000      0.06333015
 10.800000      0.05034999
 10.900000      0.03294275
 11.000000      0.01415992
 11.100000     -0.00387254
 11.200000     -0.02055370
 11.300000     -0.03798278
 11.400000     -0.05527968
 11.500000     -0.07117044
 11.600000     -0.08663759
 11.700000     -0.09903827
 11.800000     -0.10817671
 11.900000     -0.11433503
 12.000000     -0.11554016
 12.100000     -0.11009993
 12.200000     -0.09785547
 12.300000     -0.08122242
 12.400000     -0.05925637
 12.500000     -0.02677304
 12.600000      0.01821042
 12.700000      0.07539567
 12.800000      0.14055722
 12.900000      0.20839612
 13.000000      0.27653728
 13.100000      0.34717915
 13.200000      0.42384222
 13.300000      0.50705986
 13.400000      0.59533795
 13.500000      0.68401795
 13.600000      0.76989470
 13.700000      0.84524316
 13.800000      0.90560232
 13.900000      0.95307349
 14.000000      0.98700856
 14.100000      1.00000000
 14.200000      0.99751869
 14.300000      0.98059317
 14.400000      0.95124300
 14.500000      0.90916704
 14.600000      0.84976567
 14.700000      0.77191759
 14.800000      0.68008978
 14.900000      0.58121060
 15.000000      0.47841588
 15.100000      0.37186735
 15.200000      0.26071750
 15.300000      0.14456935
 15.400000      0.02708066
 15.500000     -0.08260971
 15.600000     -0.17325499
 15.700000     -0.24165908
 15.800000     -0.29326457
 15.900000     -0.33376454
 16.000000     -0.36483001
 16.100000     -0.38915683
 16.200000     -0.41224949
 16.300000     -0.43792383
 16.400000     -0.45961590
 16.500000     -0.47309481
 16.600000     -0.48210726
 16.700000     -0.48943437
 16.800000     -0.49518178
 16.900000     -0.49307582
 17.000000     -0.47681839
 17.100000     -0.45111155
 17.200000     -0.41681964
 17.300000     -0.37463337
 17.400000     -0.33197571
 17.500000     -0.29465189
 17.600000     -0.26549349
 17.700000     -0.24282032
 17.800000     -0.22397847
 17.900000     -0.20724762
 18.000000     -0.19268789
 18.100000     -0.17969253
 18.200000     -0.16950941
 18.300000     -0.16066774
 18.400000     -0.14938877
 18.500000     -0.13336038
 18.600000     -0.11360778
 18.700000     -0.09191262
 18.800000     -0.07230858
 18.900000     -0.05792489
 19.000000     -0.04622482
 19.100000     -0.03662020
 19.200000     -0.02754168
 19.300000     -0.02173520
 19.400000     -0.01980024
 19.500000     -0.02433473
 19.600000     -0.03616469
 19.700000     -0.05142559
 19.800000     -0.06884939
 19.900000     -0.08449707
 20.000000     -0.09495165
 20.100000     -0.09847682
 20.200000     -0.09384545
 20.300000     -0.08016848
 20.400000     -0.05880955
 20.500000     -0.03600153
 20.600000     -0.01640777
 20.700000     -0.00029473
 20.800000      0.01325718
 20.900000      0.02573845
 21.000000      0.03713513
 21.100000      0.04811659
 21.200000      0.05529257
 21.300000      0.05856215
 21.400000      0.05832249
 21.500000      0.05541523
 21.600000      0.05028046
 21.700000      0.04648355
 21.800000      0.04684453
 21.900000      0.05069902
 22.000000      0.05535333
 22.100000      0.05758117
 22.200000      0.05629368
 22.300000      0.05316086
 22.400000      0.05103909
 22.500000      0.05089171
 22.600000      0.05176368
 22.700000      0.05461181
 22.800000      0.05901385
 22.900000      0.06062587
 23.000000      0.05663437
 23.100000      0.04716847
 23.200000      0.03561524
 23.300000      0.02545606
 23.400000      0.01647470
 23.500000      0.00794889
 23.600000      0.00079872
 23.700000     -0.00574555
 23.800000     -0.00947763
 23.900000     -0.00922332
 24.000000     -0.00525552
 24.100000     -0.00908180
 24.200000     -0.01579951
 24.300000     -0.02175706
 24.400000     -0.02853910
 24.500000     -0.03756269
 24.600000     -0.04778440
 24.700000     -0.05746190
 24.800000     -0.06595421
 24.900000     -0.07326396
 25.000000     -0.08315070
 25.100000     -0.09334651
 25.200000     -0.10087278
 25.300000     -0.10542941
 25.400000     -0.10842677
 25.500000     -0.11111726
 25.600000     -0.11373336
 25.700000     -0.11496105
 25.800000     -0.11410789
 25.900000     -0.11161184
 26.000000     -0.10797137
 26.100000     -0.10390880
 26.200000     -0.10017716
 26.300000     -0.09625115
 26.400000     -0.09283083
 26.500000     -0.09105061
 26.600000     -0.09083474
 26.700000     -0.09106850
 26.800000     -0.09092222
 26.900000     -0.08923905
 27.000000     -0.08591019
 27.100000     -0.08196777
 27.200000     -0.07903360
 27.300000     -0.07695338
 27.400000     -0.07497116
 27.500000     -0.07266999
 27.600000     -0.07058084
 27.700000     -0.06865527
 27.800000     -0.06638014
 27.900000     -0.06271043
 28.000000     -0.05755617
 28.100000     -0.05362664
 28.200000     -0.04991462
 28.300000     -0.04651112
 28.400000     -0.04359545
 28.500000     -0.04103144
 28.600000     -0.03850392
 28.700000     -0.03498820
 28.800000     -0.03073538
 28.900000     -0.02627612
 29.000000     -0.02177832
 29.100000     -0.01820821
 29.200000     -0.01597666
 29.300000     -0.01484604
 29.400000     -0.01496090
 29.500000     -0.01645478
 29.600000     -0.02119269
 29.700000     -0.02736230
 29.800000     -0.03423623
 29.900000     -0.04171929
 30.000000     -0.04949063
 30.100000     -0.05743013
 30.200000     -0.06519233
 30.300000     -0.07251408
 30.400000     -0.07896564
 30.500000     -0.08435573
 30.600000     -0.08885949
 30.700000     -0.09301144
 30.800000     -0.09624398
 30.900000     -0.09842256
 31.000000     -0.09942874
 31.100000     -0.09939080
 31.200000     -0.09876220
 31.300000     -0.09761010
 31.400000     -0.09616914
 31.500000     -0.09450620
 31.600000     -0.09279549
 31.700000     -0.09121746
 31.800000     -0.08976449
 31.900000     -0.08811908
 32.000000     -0.08647537
 32.100000     -0.08481476
 32.200000     -0.08372199
 32.300000     -0.08391681
 32.400000     -0.08556037
 32.500000     -0.08700936
 32.600000     -0.08848519
 32.700000     -0.09042331
 32.800000     -0.09265977
 32.900000     -0.09504070
 33.000000     -0.09721023
 33.100000     -0.09888752
 33.200000     -0.09990401
 33.300000     -0.09997399
 33.400000     -0.09919755
 33.500000     -0.09786415
 33.600000     -0.09629768
 33.700000     -0.09478929
 33.800000     -0.09366715
 33.900000     -0.09310665
 34.000000     -0.09304703
 34.100000     -0.09328830
 34.200000     -0.09360544
 34.300000     -0.09384196
 34.400000     -0.09365598
 34.500000     -0.09306760
 34.600000     -0.09188837
 34.700000     -0.08986928
 34.800000     -0.08694866
 34.900000     -0.08352128
 35.000000     -0.08010333
 35.100000     -0.07677400
 35.200000     -0.07385750
 35.300000     -0.07161425
 35.400000     -0.07002919
 35.500000     -0.06906997
 35.600000     -0.06828540
 35.700000     -0.06727163
 35.800000     -0.06586945
 35.900000     -0.06413940
 36.000000     -0.06206569
 36.100000     -0.06018558
 36.200000     -0.05890898
 36.300000     -0.05740357
 36.400000     -0.05577880
 36.500000     -0.05428514
 36.600000     -0.05328848
 36.700000     -0.05285065
 36.800000     -0.05320429
 36.900000     -0.05466951
 37.000000     -0.05719406
 37.100000     -0.06067169
 37.200000     -0.06484502
 37.300000     -0.06915971
 37.400000     -0.07327222
 37.500000     -0.07712298
 37.600000     -0.08040695
 37.700000     -0.08316456
 37.800000     -0.08561140
 37.900000     -0.08758117
 38.000000     -0.08889821
 38.100000     -0.08950396
 38.200000     -0.09045594
 38.300000     -0.09116701
 38.400000     -0.09167934
 38.500000     -0.09226258
 38.600000     -0.09279490
 38.700000     -0.09308962
 38.800000     -0.09323505
 38.900000     -0.09318920
 39.000000     -0.09283130
 39.100000     -0.09237416
 39.200000     -0.09187601
 39.300000     -0.09117558
 39.400000     -0.09022984
 39.500000     -0.08898694
 39.600000     -0.08723415
 39.700000     -0.08487954
 39.800000     -0.08196362
 39.900000     -0.07858966
