  0.000000     -0.01046785
  0.100000     -0.01117838
  0.200000     -0.01186840
  0.300000     -0.01246503
  0.400000     -0.01303937
  0.500000     -0.01329125
  0.600000     -0.01339897
  0.700000     -0.01349132
  0.800000     -0.01374748
  0.900000     -0.01410359
  1.000000     -0.01449574
  1.100000     -0.01507555
  1.200000     -0.01573115
  1.300000     -0.01622289
  1.400000     -0.01650898
  1.500000     -0.01677302
  1.600000     -0.01701036
  1.700000     -0.01718333
  1.800000     -0.01706901
  1.900000     -0.01685674
  2.000000     -0.01657326
  2.100000     -0.01625772
  2.200000     -0.01574466
  2.300000     -0.01518482
  2.400000     -0.01450454
  2.500000     -0.01383808
  2.600000     -0.01334761
  2.700000     -0.01304182
  2.800000     -0.01274769
  2.900000     -0.01225706
  3.000000     -0.01170377
  3.100000     -0.01133098
  3.200000     -0.01111853
  3.300000     -0.01097135
  3.400000     -0.01097147
  3.500000     -0.01114604
  3.600000     -0.01149092
  3.700000     -0.01215498
  3.800000     -0.01299424
  3.900000     -0.01400545
  4.000000     -0.01522454
  4.100000     -0.01636433
  4.200000     -0.01775385
  4.300000     -0.01898780
  4.400000     -0.02009601
  4.500000     -0.02114456
  4.600000     -0.02203810
  4.700000     -0.02300555
  4.800000     -0.02400350
  4.900000     -0.02475471
  5.000000     -0.02523062
  5.100000     -0.02576144
  5.200000     -0.02614039
  5.300000     -0.02635411
  5.400000     -0.02634097
  5.500000     -0.02633576
  5.600000     -0.02624916
  5.700000     -0.02622132
  5.800000     -0.02643328
  5.900000     -0.02692659
  6.000000     -0.02752022
  6.100000     -0.02801387
  6.200000     -0.02834137
  6.300000     -0.02847907
  6.400000     -0.02853508
  6.500000     -0.02846488
  6.600000     -0.02850249
  6.700000     -0.02859542
  6.800000     -0.02862260
  6.900000     -0.02873907
  7.000000     -0.02889691
  7.100000     -0.02890454
  7.200000     -0.02906016
  7.300000     -0.02949315
  7.400000     -0.02972179
  7.500000     -0.02984009
  7.600000     -0.03011447
  7.700000     -0.03037860
  7.800000     -0.03036983
  7.900000     -0.03041819
  8.000000     -0.03035399
  8.100000     -0.03057474
  8.200000     -0.03102772
  8.300000     -0.03157103
  8.400000     -0.03260598
  8.500000     -0.03357103
  8.600000     -0.03452132
  8.700000     -0.03555397
  8.800000     -0.03652789
  8.900000     -0.03742318
  9.000000     -0.03836056
  9.100000     -0.03918434
  9.200000     -0.03953586
  9.300000     -0.04030140
  9.400000     -0.04115967
  9.500000     -0.04175702
  9.600000     -0.04205543
  9.700000     -0.04188017
  9.800000     -0.04168659
  9.900000     -0.04114144
 10.000000     -0.04037382
 10.100000     -0.03948280
 10.200000     -0.03834029
 10.300000     -0.03714435
 10.400000     -0.03601574
 10.500000     -0.03472079
 10.600000     -0.03377135
 10.700000     -0.03260583
 10.800000     -0.03128391
 10.900000     -0.03008694
 11.000000     -0.02852129
 11.100000     -0.02722618
 11.200000     -0.02618484
 11.300000     -0.02506455
 11.400000     -0.02441724
 11.500000     -0.02380724
 11.600000     -0.02302086
 11.700000     -0.02221214
 11.800000     -0.02107956
 11.900000     -0.01990990
 12.000000     -0.01860893
 12.100000     -0.01693485
 12.200000     -0.01521396
 12.300000     -0.01325866
 12.400000     -0.01131339
 12.500000     -0.00931773
 12.600000     -0.00741869
 12.700000     -0.00551382
 12.800000     -0.00362364
 12.900000     -0.00167249
 13.000000      0.00047138
 13.100000      0.00294707
 13.200000      0.00591891
 13.300000      0.00909387
 13.400000      0.01276900
 13.500000      0.01699723
 13.600000      0.02173944
 13.700000      0.02697822
 13.800000      0.03278344
 13.900000      0.03931615
 14.000000      0.04657217
 14.100000      0.05439458
 14.200000      0.06277263
 14.300000      0.07165346
 14.400000      0.08120288
 14.500000      0.09124504
 14.600000      0.10181422
 14.700000      0.11287555
 14.800000      0.12431322
 14.900000      0.13643389
 15.000000      0.14899213
 15.100000      0.16195547
 15.200000      0.17555519
 15.300000      0.18931985
 15.400000      0.20363850
 15.500000      0.21859162
 15.600000      0.23418800
 15.700000      0.25050915
 15.800000      0.26747142
 15.900000      0.28528957
 16.000000      0.30393594
 16.100000      0.32324232
 16.200000      0.34312686
 16.300000      0.36362011
 16.400000      0.38474302
 16.500000      0.40653083
 16.600000      0.42888123
 16.700000      0.45191677
 16.800000      0.47563255
 16.900000      0.50017509
 17.000000      0.52524955
 17.100000      0.55060746
 17.200000      0.57595532
 17.300000      0.60122893
 17.400000      0.62652190
 17.500000      0.65175623
 17.600000      0.67678754
 17.700000      0.70156096
 17.800000      0.72581186
 17.900000      0.74936159
 18.000000      0.77233233
 18.100000      0.79447264
 18.200000      0.81533894
 18.300000      0.83486735
 18.400000      0.85305013
 18.500000      0.86984100
 18.600000      0.88541386
 18.700000      0.89995034
 18.800000      0.91362767
 18.900000      0.92658988
 19.000000      0.93883592
 19.100000      0.95016814
 19.200000      0.96059085
 19.300000      0.97006593
 19.400000      0.97836416
 19.500000      0.98564218
 19.600000      0.99143344
 19.700000      0.99574371
 19.800000      0.99868109
 19.900000      1.00000000
 20.000000      0.99989535
 20.100000      0.99831726
 20.200000      0.99574654
 20.300000      0.99182783
 20.400000      0.98703434
 20.500000      0.98113711
 20.600000      0.97452180
 20.700000      0.96771370
 20.800000      0.96098998
 20.900000      0.95399705
 21.000000      0.94669863
 21.100000      0.93906698
 21.200000      0.93078798
 21.300000      0.92152156
 21.400000      0.91145787
 21.500000      0.90058896
 21.600000      0.88849919
 21.700000      0.87511403
 21.800000      0.86047791
 21.900000      0.84504619
 22.000000      0.82879228
 22.100000      0.81166899
 22.200000      0.79385930
 22.300000      0.77533808
 22.400000      0.75617866
 22.500000      0.73626373
 22.600000      0.71539233
 22.700000      0.69363040
 22.800000      0.67105373
 22.900000      0.64763939
 23.000000      0.62347804
 23.100000      0.59853504
 23.200000      0.57306981
 23.300000      0.54704821
 23.400000      0.52062734
 23.500000      0.49385307
 23.600000      0.46680255
 23.700000      0.43958030
 23.800000      0.41273006
 23.900000      0.38636086
 24.000000      0.36052589
 24.100000      0.33562005
 24.200000      0.31149316
 24.300000      0.28816002
 24.400000      0.26575673
 24.500000      0.24392408
 24.600000      0.22311540
 24.700000      0.20328086
 24.800000      0.18445176
 24.900000      0.16685649
 25.000000      0.15028562
 25.100000      0.13452496
 25.200000      0.11978290
 25.300000      0.10572962
 25.400000      0.09274978
 25.500000      0.08050371
 25.600000      0.06885114
 25.700000      0.05771850
 25.800000      0.04734947
 25.900000      0.03758761
 26.000000      0.02834835
 26.100000      0.01941321
 26.200000      0.01074082
 26.300000      0.00254976
 26.400000     -0.00516149
 26.500000     -0.01258114
 26.600000     -0.01952128
 26.700000     -0.02609271
 26.800000     -0.03219722
 26.900000     -0.03794795
 27.000000     -0.04356384
 27.100000     -0.04912645
 27.200000     -0.05488234
 27.300000     -0.06054641
 27.400000     -0.06616696
 27.500000     -0.07170676
 27.600000     -0.07711023
 27.700000     -0.08235511
 27.800000     -0.08712528
 27.900000     -0.09140004
 28.000000     -0.09513022
 28.100000     -0.09857880
 28.200000     -0.10196956
 28.300000     -0.10537431
 28.400000     -0.10920674
 28.500000     -0.11310117
 28.600000     -0.11726648
 28.700000     -0.12182416
 28.800000     -0.12657928
 28.900000     -0.13168439
 29.000000     -0.13683414
 29.100000     -0.14202435
 29.200000     -0.14724659
 29.300000     -0.15256210
 29.400000     -0.15779273
 29.500000     -0.16303853
 29.600000     -0.16824238
 29.700000     -0.17343757
 29.800000     -0.17876226
 29.900000     -0.18403596
 30.000000     -0.18945244
 30.100000     -0.19475549
 30.200000     -0.20012895
 30.300000     -0.20560124
 30.400000     -0.21102692
 30.500000     -0.21596440
 30.600000     -0.22049495
 30.700000     -0.22480173
 30.800000     -0.22895328
 30.900000     -0.23302367
 31.000000     -0.23691500
 31.100000     -0.24100718
 31.200000     -0.24489763
 31.300000     -0.24869908
 31.400000     -0.25234963
 31.500000     -0.25593265
 31.600000     -0.25941263
 31.700000     -0.26270144
 31.800000     -0.26545446
 31.900000     -0.26800575
 32.000000     -0.27022269
 32.100000     -0.27224959
 32.200000     -0.27396628
 32.300000     -0.27533905
 32.400000     -0.27666829
 32.500000     -0.27740862
 32.600000     -0.27799184
 32.700000     -0.27781370
 32.800000     -0.27778220
 32.900000     -0.27778309
 33.000000     -0.27763833
 33.100000     -0.27786749
 33.200000     -0.27781301
 33.300000     -0.27772284
 33.400000     -0.27793606
 33.500000     -0.27798394
 33.600000     -0.27822069
 33.700000     -0.27835250
 33.800000     -0.27836203
 33.900000     -0.27852863
 34.000000     -0.27835666
 34.100000     -0.27821357
 34.200000     -0.27796515
 34.300000     -0.27807990
 34.400000     -0.27862455
 34.500000     -0.27936700
 34.600000     -0.28014062
 34.700000     -0.28122246
 34.800000     -0.28243772
 34.900000     -0.28359192
 35.000000     -0.28465764
 35.100000     -0.28528935
 35.200000     -0.28583788
 35.300000     -0.28620943
 35.400000     -0.28607590
 35.500000     -0.28548444
 35.600000     -0.28474584
 35.700000     -0.28376360
 35.800000     -0.28264717
 35.900000     -0.28169557
 36.000000     -0.28104586
 36.100000     -0.28100581
 36.200000     -0.28109722
 36.300000     -0.28099320
 36.400000     -0.28082265
 36.500000     -0.28073828
 36.600000     -0.28072896
 36.700000     -0.28056020
 36.800000     -0.28047588
 36.900000     -0.28032492
 37.000000     -0.28008805
 37.100000     -0.27983574
 37.200000     -0.27966507
 37.300000     -0.27962814
 37.400000     -0.27957403
 37.500000     -0.27927888
 37.600000     -0.27885559
 37.700000     -0.27821267
 37.800000     -0.27734082
 37.900000     -0.27628364
 38.000000     -0.27527116
 38.100000     -0.27432437
 38.200000     -0.27325369
 38.300000     -0.27215914
 38.400000     -0.27106352
 38.500000     -0.27002907
 38.600000     -0.26878902
 38.700000     -0.26747580
 38.800000     -0.26601613
 38.900000     -0.26451300
 39.000000     -0.26293551
 39.100000     -0.26139242
 39.200000     -0.25991854
 39.300000     -0.25830611
 39.400000     -0.25666345
 39.500000     -0.25483844
 39.600000     -0.25304486
 39.700000     -0.25120863
 39.800000     -0.24932164
 39.900000     -0.24717871
