  0.000000     -0.00946922
  0.100000     -0.00839377
  0.200000     -0.00748264
  0.300000     -0.00673375
  0.400000     -0.00658260
  0.500000     -0.00681453
  0.600000     -0.00699667
  0.700000     -0.00735042
  0.800000     -0.00836438
  0.900000     -0.00993154
  1.000000     -0.01208928
  1.100000     -0.01549056
  1.200000     -0.01780014
  1.300000     -0.01855989
  1.400000     -0.01943695
  1.500000     -0.01949436
  1.600000     -0.02077666
  1.700000     -0.02219450
  1.800000     -0.01956985
  1.900000     -0.01584018
  2.000000     -0.01181333
  2.100000     -0.00676141
  2.200000     -0.00515676
  2.300000     -0.00474738
  2.400000     -0.00364676
  2.500000     -0.00388609
  2.600000     -0.00523625
  2.700000     -0.00817550
  2.800000     -0.00877778
  2.900000     -0.00642755
  3.000000     -0.00606362
  3.100000     -0.00685585
  3.200000     -0.00808815
  3.300000     -0.00949386
  3.400000     -0.00981936
  3.500000     -0.01094108
  3.600000     -0.01344802
  3.700000     -0.01426695
  3.800000     -0.01185956
  3.900000     -0.00816320
  4.000000     -0.00616957
  4.100000     -0.00668286
  4.200000     -0.00698947
  4.300000     -0.00467600
  4.400000     -0.00097358
  4.500000      0.00235296
  4.600000      0.00222168
  4.700000      0.00199930
  4.800000      0.00373976
  4.900000      0.00577902
  5.000000      0.00770241
  5.100000      0.01004323
  5.200000      0.01365332
  5.300000      0.01908701
  5.400000      0.02430437
  5.500000      0.02512193
  5.600000      0.02547572
  5.700000      0.02797166
  5.800000      0.03091726
  5.900000      0.03294271
  6.000000      0.03322742
  6.100000      0.03326559
  6.200000      0.03310217
  6.300000      0.03040235
  6.400000      0.02409538
  6.500000      0.01658139
  6.600000      0.00962631
  6.700000      0.00490067
  6.800000      0.00013825
  6.900000     -0.00651305
  7.000000     -0.01132490
  7.100000     -0.01261545
  7.200000     -0.01238677
  7.300000     -0.01194121
  7.400000     -0.01018274
  7.500000     -0.00826826
  7.600000     -0.00451010
  7.700000     -0.00490789
  7.800000     -0.00710524
  7.900000     -0.00615213
  8.000000     -0.00008976
  8.100000      0.00358018
  8.200000      0.00356742
  8.300000     -0.00110604
  8.400000      0.00065956
  8.500000      0.01150443
  8.600000      0.01966225
  8.700000      0.02098676
  8.800000      0.01959182
  8.900000      0.02199314
  9.000000      0.01898221
  9.100000      0.01456371
  9.200000      0.00499227
  9.300000     -0.00531056
  9.400000     -0.01158048
  9.500000     -0.01631798
  9.600000     -0.01635897
  9.700000     -0.01657475
  9.800000     -0.02036667
  9.900000     -0.02356476
 10.000000     -0.02356404
 10.100000     -0.01801820
 10.200000     -0.00800500
 10.300000      0.00255251
 10.400000      0.01140761
 10.500000      0.01980107
 10.600000      0.02236064
 10.700000      0.02384157
 10.800000      0.03072602
 10.900000      0.03515008
 11.000000      0.03860164
 11.100000      0.04349721
 11.200000      0.04511029
 11.300000      0.03844902
 11.400000      0.03493356
 11.500000      0.03604213
 11.600000      0.04060537
 11.700000      0.05340534
 11.800000      0.07277586
 11.900000      0.09268928
 12.000000      0.11097292
 12.100000      0.13369137
 12.200000      0.16986606
 12.300000      0.21941967
 12.400000      0.28544083
 12.500000      0.36318023
 12.600000      0.43620890
 12.700000      0.51182655
 12.800000      0.59347740
 12.900000      0.67663454
 13.000000      0.75779813
 13.100000      0.82573678
 13.200000      0.88360212
 13.300000      0.93228246
 13.400000      0.96587151
 13.500000      0.98609888
 13.600000      0.99681328
 13.700000      1.00000000
 13.800000      0.99526961
 13.900000      0.96808708
 14.000000      0.91963170
 14.100000      0.85351815
 14.200000      0.78119720
 14.300000      0.70928113
 14.400000      0.63130844
 14.500000      0.55266176
 14.600000      0.47264760
 14.700000      0.38292694
 14.800000      0.28635277
 14.900000      0.18955846
 15.000000      0.10009966
 15.100000      0.01635405
 15.200000     -0.06136924
 15.300000     -0.12558350
 15.400000     -0.17178989
 15.500000     -0.21000251
 15.600000     -0.24702319
 15.700000     -0.27744861
 15.800000     -0.30633167
 15.900000     -0.33148308
 16.000000     -0.34826102
 16.100000     -0.35516543
 16.200000     -0.35877476
 16.300000     -0.36090107
 16.400000     -0.36294613
 16.500000     -0.36739392
 16.600000     -0.36770972
 16.700000     -0.36407703
 16.800000     -0.35747599
 16.900000     -0.34684617
 17.000000     -0.33354113
 17.100000     -0.31882143
 17.200000     -0.30459881
 17.300000     -0.29204253
 17.400000     -0.27924236
 17.500000     -0.26290677
 17.600000     -0.24646755
 17.700000     -0.23101284
 17.800000     -0.21219498
 17.900000     -0.19121967
 18.000000     -0.16998222
 18.100000     -0.15144319
 18.200000     -0.13620299
 18.300000     -0.12148979
 18.400000     -0.10899092
 18.500000     -0.09789041
 18.600000     -0.08778058
 18.700000     -0.08220522
 18.800000     -0.07822578
 18.900000     -0.07165340
 19.000000     -0.06057976
 19.100000     -0.04856540
 19.200000     -0.03830758
 19.300000     -0.03334173
 19.400000     -0.03423236
 19.500000     -0.03544243
 19.600000     -0.04004388
 19.700000     -0.04913667
 19.800000     -0.05702410
 19.900000     -0.06360836
 20.000000     -0.07006813
 20.100000     -0.07765266
 20.200000     -0.08556964
 20.300000     -0.09379416
 20.400000     -0.10252383
 20.500000     -0.11050741
 20.600000     -0.11763458
 20.700000     -0.12491386
 20.800000     -0.13163423
 20.900000     -0.13731427
 21.000000     -0.14254857
 21.100000     -0.14549840
 21.200000     -0.14251939
 21.300000     -0.13527930
 21.400000     -0.12863996
 21.500000     -0.12602556
 21.600000     -0.12430499
 21.700000     -0.11823613
 21.800000     -0.11178364
 21.900000     -0.11173399
 22.000000     -0.11614109
 22.100000     -0.12335835
 22.200000     -0.13305899
 22.300000     -0.14402934
 22.400000     -0.15979447
 22.500000     -0.17763492
 22.600000     -0.18913608
 22.700000     -0.19338511
 22.800000     -0.19105256
 22.900000     -0.18452669
 23.000000     -0.17585562
 23.100000     -0.16261082
 23.200000     -0.14667395
 23.300000     -0.13246984
 23.400000     -0.11873995
 23.500000     -0.10736464
 23.600000     -0.10043253
 23.700000     -0.09727135
 23.800000     -0.09723842
 23.900000     -0.09538199
 24.000000     -0.09141619
 24.100000     -0.08636261
 24.200000     -0.08391420
 24.300000     -0.08674326
 24.400000     -0.09097750
 24.500000     -0.09204984
 24.600000     -0.09163202
 24.700000     -0.08866160
 24.800000     -0.08555077
 24.900000     -0.08780581
 25.000000     -0.09378619
 25.100000     -0.09960051
 25.200000     -0.10498991
 25.300000     -0.10905155
 25.400000     -0.10740377
 25.500000     -0.10190899
 25.600000     -0.09771494
 25.700000     -0.09386096
 25.800000     -0.09009701
 25.900000     -0.08676737
 26.000000     -0.08434534
 26.100000     -0.08140010
 26.200000     -0.08069577
 26.300000     -0.08417139
 26.400000     -0.08677722
 26.500000     -0.08822916
 26.600000     -0.09334002
 26.700000     -0.10084291
 26.800000     -0.10498829
 26.900000     -0.10640885
 27.000000     -0.10864209
 27.100000     -0.10973372
 27.200000     -0.10870995
 27.300000     -0.10842549
 27.400000     -0.10790782
 27.500000     -0.10446524
 27.600000     -0.10203636
 27.700000     -0.10432107
 27.800000     -0.10653418
 27.900000     -0.10643898
 28.000000     -0.10157323
 28.100000     -0.09490606
 28.200000     -0.09226954
 28.300000     -0.09587900
 28.400000     -0.09877918
 28.500000     -0.09243806
 28.600000     -0.08212619
 28.700000     -0.07656711
 28.800000     -0.07346880
 28.900000     -0.06520424
 29.000000     -0.05567490
 29.100000     -0.05247952
 29.200000     -0.04889122
 29.300000     -0.04116155
 29.400000     -0.03329058
 29.500000     -0.03086079
 29.600000     -0.03224977
 29.700000     -0.03039988
 29.800000     -0.02926220
 29.900000     -0.03338000
 30.000000     -0.03728223
 30.100000     -0.03809973
 30.200000     -0.03967265
 30.300000     -0.04224013
 30.400000     -0.04412871
 30.500000     -0.04243868
 30.600000     -0.04180035
 30.700000     -0.04359373
 30.800000     -0.04512841
 30.900000     -0.04739257
 31.000000     -0.05158094
 31.100000     -0.05875537
 31.200000     -0.06711832
 31.300000     -0.07320227
 31.400000     -0.07776935
 31.500000     -0.08369735
 31.600000     -0.09040517
 31.700000     -0.09585505
 31.800000     -0.10140803
 31.900000     -0.10737621
 32.000000     -0.11062248
 32.100000     -0.10767609
 32.200000     -0.10747140
 32.300000     -0.11009224
 32.400000     -0.11221201
 32.500000     -0.11234279
 32.600000     -0.11388822
 32.700000     -0.11597626
 32.800000     -0.11653704
 32.900000     -0.11612278
 33.000000     -0.11506201
 33.100000     -0.11221693
 33.200000     -0.11015654
 33.300000     -0.10910439
 33.400000     -0.10738185
 33.500000     -0.10326580
 33.600000     -0.09912296
 33.700000     -0.09586548
 33.800000     -0.09073687
 33.900000     -0.08389047
 34.000000     -0.07471647
 34.100000     -0.06420805
 34.200000     -0.05420177
 34.300000     -0.04603348
 34.400000     -0.03907298
 34.500000     -0.03226581
 34.600000     -0.02687756
 34.700000     -0.02465515
 34.800000     -0.02647691
 34.900000     -0.02935041
 35.000000     -0.03352371
 35.100000     -0.03775971
 35.200000     -0.03975086
 35.300000     -0.04308083
 35.400000     -0.04643618
 35.500000     -0.05001681
 35.600000     -0.05416861
 35.700000     -0.05656104
 35.800000     -0.05992636
 35.900000     -0.06533640
 36.000000     -0.07047040
 36.100000     -0.07610685
 36.200000     -0.08348060
 36.300000     -0.08768646
 36.400000     -0.08942601
 36.500000     -0.09321219
 36.600000     -0.09741799
 36.700000     -0.09898999
 36.800000     -0.09940278
 36.900000     -0.09965563
 37.000000     -0.10016347
 37.100000     -0.10117737
 37.200000     -0.10297898
 37.300000     -0.10396402
 37.400000     -0.10315560
 37.500000     -0.10079544
 37.600000     -0.09960079
 37.700000     -0.09779327
 37.800000     -0.09485281
 37.900000     -0.09221006
 38.000000     -0.08872893
 38.100000     -0.08661293
 38.200000     -0.08703730
 38.300000     -0.08800838
 38.400000     -0.08883916
 38.500000     -0.08942747
 38.600000     -0.08930653
 38.700000     -0.08855141
 38.800000     -0.08847411
 38.900000     -0.08796688
 39.000000     -0.08589102
 39.100000     -0.08421573
 39.200000     -0.08360352
 39.300000     -0.08349466
 39.400000     -0.08404739
 39.500000     -0.08462442
 39.600000     -0.08505404
 39.700000     -0.08599321
 39.800000     -0.08717978
 39.900000     -0.08765763
