  0.000000      0.46565551
  0.100000      0.47685653
  0.200000      0.48663305
  0.300000      0.49633490
  0.400000      0.50603675
  0.500000      0.51573860
  0.600000      0.52544045
  0.700000      0.53514230
  0.800000      0.54484415
  0.900000      0.55454600
  1.000000      0.56412875
  1.100000      0.57333675
  1.200000      0.58254474
  1.300000      0.59175274
  1.400000      0.60095625
  1.500000      0.60705181
  1.600000      0.61316586
  1.700000      0.61928914
  1.800000      0.62541243
  1.900000      0.63153572
  2.000000      0.63765901
  2.100000      0.64378230
  2.200000      0.64990559
  2.300000      0.65622228
  2.400000      0.66260026
  2.500000      0.66896055
  2.600000      0.67532083
  2.700000      0.68168112
  2.800000      0.68574394
  2.900000      0.68869515
  3.000000      0.69168819
  3.100000      0.69468123
  3.200000      0.69767427
  3.300000      0.70066731
  3.400000      0.70366035
  3.500000      0.70665339
  3.600000      0.70990058
  3.700000      0.71361986
  3.800000      0.71726672
  3.900000      0.72091359
  4.000000      0.72456045
  4.100000      0.72718618
  4.200000      0.72784589
  4.300000      0.72850034
  4.400000      0.72915480
  4.500000      0.72980925
  4.600000      0.73046371
  4.700000      0.73111816
  4.800000      0.73177262
  4.900000      0.73242707
  5.000000      0.73381460
  5.100000      0.73504931
  5.200000      0.73628403
  5.300000      0.73751875
  5.400000      0.73870715
  5.500000      0.73676473
  5.600000      0.73483217
  5.700000      0.73290452
  5.800000      0.73097688
  5.900000      0.72904924
  6.000000      0.72712160
  6.100000      0.72519395
  6.200000      0.72326631
  6.300000      0.72151668
  6.400000      0.71957827
  6.500000      0.71750097
  6.600000      0.71542367
  6.700000      0.71334637
  6.800000      0.70928942
  6.900000      0.70433570
  7.000000      0.69942608
  7.100000      0.69451647
  7.200000      0.68960685
  7.300000      0.68469723
  7.400000      0.67978761
  7.500000      0.67487800
  7.600000      0.66993724
  7.700000      0.66469036
  7.800000      0.65895580
  7.900000      0.65322124
  8.000000      0.64748667
  8.100000      0.64137596
  8.200000      0.63473650
  8.300000      0.62808258
  8.400000      0.62142866
  8.500000      0.61477474
  8.600000      0.60812082
  8.700000      0.60146690
  8.800000      0.59481298
  8.900000      0.58815906
  9.000000      0.58119813
  9.100000      0.57388735
  9.200000      0.56657657
  9.300000      0.55926579
  9.400000      0.55187002
  9.500000      0.54628780
  9.600000      0.54059775
  9.700000      0.53485379
  9.800000      0.52910982
  9.900000      0.52336586
 10.000000      0.51762189
 10.100000      0.51187793
 10.200000      0.50613396
 10.300000      0.50004188
 10.400000      0.49356490
 10.500000      0.48698250
 10.600000      0.48040009
 10.700000      0.47381769
 10.800000      0.46976810
 10.900000      0.46706775
 11.000000      0.46424064
 11.100000      0.46141352
 11.200000      0.45858641
 11.300000      0.45575930
 11.400000      0.45293219
 11.500000      0.45010508
 11.600000      0.44709419
 11.700000      0.44337643
 11.800000      0.43898003
 11.900000      0.43458363
 12.000000      0.43018723
 12.100000      0.42724973
 12.200000      0.42757308
 12.300000      0.42764119
 12.400000      0.42770929
 12.500000      0.42777740
 12.600000      0.42784551
 12.700000      0.42791362
 12.800000      0.42798172
 12.900000      0.42804983
 13.000000      0.42773344
 13.100000      0.42590786
 13.200000      0.42408228
 13.300000      0.42225670
 13.400000      0.42039479
 13.500000      0.42467058
 13.600000      0.42864403
 13.700000      0.43246631
 13.800000      0.43628859
 13.900000      0.44011087
 14.000000      0.44393314
 14.100000      0.44775542
 14.200000      0.45157770
 14.300000      0.45513353
 14.400000      0.45758557
 14.500000      0.45955232
 14.600000      0.46151906
 14.700000      0.46348581
 14.800000      0.46936360
 14.900000      0.47705398
 15.000000      0.48454359
 15.100000      0.49203321
 15.200000      0.49952282
 15.300000      0.50701243
 15.400000      0.51450205
 15.500000      0.52199166
 15.600000      0.52932708
 15.700000      0.53596577
 15.800000      0.54182775
 15.900000      0.54768974
 16.000000      0.55355172
 16.100000      0.56064107
 16.200000      0.57019991
 16.300000      0.57953138
 16.400000      0.58886284
 16.500000      0.59819430
 16.600000      0.60752576
 16.700000      0.61685722
 16.800000      0.62618868
 16.900000      0.63552014
 17.000000      0.64442096
 17.100000      0.65305709
 17.200000      0.66169322
 17.300000      0.67032936
 17.400000      0.67894412
 17.500000      0.68879120
 17.600000      0.69822763
 17.700000      0.70745872
 17.800000      0.71668980
 17.900000      0.72592089
 18.000000      0.73515198
 18.100000      0.74438307
 18.200000      0.75361416
 18.300000      0.76281110
 18.400000      0.77208346
 18.500000      0.78140207
 18.600000      0.79072067
 18.700000      0.80003928
 18.800000      0.80850718
 18.900000      0.81639651
 19.000000      0.82392367
 19.100000      0.83145082
 19.200000      0.83897797
 19.300000      0.84650513
 19.400000      0.85403228
 19.500000      0.86155944
 19.600000      0.86927795
 19.700000      0.87746231
 19.800000      0.88581293
 19.900000      0.89416356
 20.000000      0.90251419
 20.100000      0.90983422
 20.200000      0.91509528
 20.300000      0.91990319
 20.400000      0.92471111
 20.500000      0.92951902
 20.600000      0.93432693
 20.700000      0.93913485
 20.800000      0.94394276
 20.900000      0.94875067
 21.000000      0.95428577
 21.100000      0.96026127
 21.200000      0.96623676
 21.300000      0.97221226
 21.400000      0.97818171
 21.500000      0.97990733
 21.600000      0.98139910
 21.700000      0.98277394
 21.800000      0.98414878
 21.900000      0.98552361
 22.000000      0.98689845
 22.100000      0.98827329
 22.200000      0.98964813
 22.300000      0.99131899
 22.400000      0.99339341
 22.500000      0.99559561
 22.600000      0.99779780
 22.700000      1.00000000
 22.800000      0.99904788
 22.900000      0.99652125
 23.000000      0.99389244
 23.100000      0.99126362
 23.200000      0.98863481
 23.300000      0.98600600
 23.400000      0.98337719
 23.500000      0.98074838
 23.600000      0.97810507
 23.700000      0.97563573
 23.800000      0.97357232
 23.900000      0.97150892
 24.000000      0.96944551
 24.100000      0.96627767
 24.200000      0.96091776
 24.300000      0.95497727
 24.400000      0.94903678
 24.500000      0.94309629
 24.600000      0.93715580
 24.700000      0.93121531
 24.800000      0.92527483
 24.900000      0.91933434
 25.000000      0.91275983
 25.100000      0.90667980
 25.200000      0.90059976
 25.300000      0.89451973
 25.400000      0.88844640
 25.500000      0.88115741
 25.600000      0.87347329
 25.700000      0.86559160
 25.800000      0.85770991
 25.900000      0.84982822
 26.000000      0.84194653
 26.100000      0.83406485
 26.200000      0.82618316
 26.300000      0.81766884
 26.400000      0.80919852
 26.500000      0.80090837
 26.600000      0.79261822
 26.700000      0.78432807
 26.800000      0.77588881
 26.900000      0.76729497
 27.000000      0.75851497
 27.100000      0.74973497
 27.200000      0.74095497
 27.300000      0.73217497
 27.400000      0.72339497
 27.500000      0.71461497
 27.600000      0.70558288
 27.700000      0.69604687
 27.800000      0.68651137
 27.900000      0.67697586
 28.000000      0.66744035
 28.100000      0.65833835
 28.200000      0.65011735
 28.300000      0.64169019
 28.400000      0.63326302
 28.500000      0.62483586
 28.600000      0.61640870
 28.700000      0.60798153
 28.800000      0.59955437
 28.900000      0.59112721
 29.000000      0.58256534
 29.100000      0.57292264
 29.200000      0.56327995
 29.300000      0.55363725
 29.400000      0.54398901
 29.500000      0.53738108
 29.600000      0.53062826
 29.700000      0.52380298
 29.800000      0.51697771
 29.900000      0.51015243
 30.000000      0.50332716
 30.100000      0.49650188
 30.200000      0.48967661
 30.300000      0.48323750
 30.400000      0.47648882
 30.500000      0.46948881
 30.600000      0.46248879
 30.700000      0.45548878
 30.800000      0.45034085
 30.900000      0.44608618
 31.000000      0.44176976
 31.100000      0.43745333
 31.200000      0.43313691
 31.300000      0.42882049
 31.400000      0.42450407
 31.500000      0.42018765
 31.600000      0.41616117
 31.700000      0.41282288
 31.800000      0.40970117
 31.900000      0.40657945
 32.000000      0.40345774
 32.100000      0.40090924
 32.200000      0.39944931
 32.300000      0.39819585
 32.400000      0.39694239
 32.500000      0.39568894
 32.600000      0.39443548
 32.700000      0.39318202
 32.800000      0.39192857
 32.900000      0.39067511
 33.000000      0.39030008
 33.100000      0.39036163
 33.200000      0.39042318
 33.300000      0.39048473
 33.400000      0.39056454
 33.500000      0.39138798
 33.600000      0.39250612
 33.700000      0.39377160
 33.800000      0.39503709
 33.900000      0.39630258
 34.000000      0.39756807
 34.100000      0.39883356
 34.200000      0.40009905
 34.300000      0.40196159
 34.400000      0.40382772
 34.500000      0.40554638
 34.600000      0.40726504
 34.700000      0.40898370
 34.800000      0.40989035
 34.900000      0.41046405
 35.000000      0.41119930
 35.100000      0.41193454
 35.200000      0.41266979
 35.300000      0.41340504
 35.400000      0.41414029
 35.500000      0.41487554
 35.600000      0.41583345
 35.700000      0.41695227
 35.800000      0.41750223
 35.900000      0.41805220
 36.000000      0.41860216
 36.100000      0.41812793
 36.200000      0.41559333
 36.300000      0.41309973
 36.400000      0.41060612
 36.500000      0.40811252
 36.600000      0.40561892
 36.700000      0.40312531
 36.800000      0.40063171
 36.900000      0.39813811
 37.000000      0.39576024
 37.100000      0.39251897
 37.200000      0.38927769
 37.300000      0.38603641
 37.400000      0.38282551
 37.500000      0.37553295
 37.600000      0.36827671
 37.700000      0.36103864
 37.800000      0.35380057
 37.900000      0.34656249
 38.000000      0.33932442
 38.100000      0.33208634
 38.200000      0.32484827
 38.300000      0.31735330
 38.400000      0.30959091
 38.500000      0.30175902
 38.600000      0.29392714
 38.700000      0.28609526
 38.800000      0.27548096
 38.900000      0.26341326
 39.000000      0.25135060
 39.100000      0.23928795
 39.200000      0.22722530
 39.300000      0.21516264
 39.400000      0.20309999
 39.500000      0.19103734
 39.600000      0.17879992
 39.700000      0.16645444
 39.800000      0.15459193
 39.900000      0.14272943
