  0.000000      0.13348352
  0.100000      0.13827732
  0.200000      0.14224499
  0.300000      0.14570909
  0.400000      0.14943651
  0.500000      0.15186689
  0.600000      0.15317646
  0.700000      0.15351674
  0.800000      0.15318073
  0.900000      0.15187395
  1.000000      0.14959166
  1.100000      0.14538879
  1.200000      0.13949422
  1.300000      0.13242251
  1.400000      0.12592289
  1.500000      0.11973149
  1.600000      0.11470345
  1.700000      0.11100348
  1.800000      0.10767438
  1.900000      0.10341804
  2.000000      0.09929816
  2.100000      0.09570791
  2.200000      0.09328030
  2.300000      0.09094558
  2.400000      0.09039082
  2.500000      0.09129610
  2.600000      0.09322263
  2.700000      0.09682702
  2.800000      0.10133773
  2.900000      0.10615557
  3.000000      0.11131137
  3.100000      0.11723522
  3.200000      0.12418966
  3.300000      0.13200875
  3.400000      0.14033025
  3.500000      0.14935284
  3.600000      0.15848341
  3.700000      0.16703985
  3.800000      0.17422771
  3.900000      0.18105465
  4.000000      0.18767755
  4.100000      0.19347258
  4.200000      0.19728612
  4.300000      0.19967448
  4.400000      0.20234410
  4.500000      0.20438745
  4.600000      0.20500122
  4.700000      0.20336687
  4.800000      0.20114671
  4.900000      0.19961423
  5.000000      0.19858036
  5.100000      0.19571306
  5.200000      0.19081353
  5.300000      0.18410909
  5.400000      0.17729289
  5.500000      0.16965444
  5.600000      0.16211959
  5.700000      0.15787862
  5.800000      0.15234547
  5.900000      0.14543250
  6.000000      0.13993069
  6.100000      0.13265420
  6.200000      0.12630770
  6.300000      0.11690298
  6.400000      0.10724581
  6.500000      0.09594732
  6.600000      0.08183327
  6.700000      0.07181990
  6.800000      0.06351036
  6.900000      0.05006523
  7.000000      0.03801356
  7.100000      0.02659739
  7.200000      0.01234312
  7.300000     -0.00039676
  7.400000     -0.01150697
  7.500000     -0.02134021
  7.600000     -0.02983816
  7.700000     -0.03711249
  7.800000     -0.04345235
  7.900000     -0.05026952
  8.000000     -0.05384441
  8.100000     -0.05644875
  8.200000     -0.05908361
  8.300000     -0.05920622
  8.400000     -0.05961652
  8.500000     -0.05990710
  8.600000     -0.06208528
  8.700000     -0.06087916
  8.800000     -0.06079752
  8.900000     -0.06012708
  9.000000     -0.06171786
  9.100000     -0.06308125
  9.200000     -0.06427565
  9.300000     -0.06463682
  9.400000     -0.06265032
  9.500000     -0.05964576
  9.600000     -0.05915056
  9.700000     -0.06565282
  9.800000     -0.07633850
  9.900000     -0.08945532
 10.000000     -0.09925973
 10.100000     -0.10337837
 10.200000     -0.10180110
 10.300000     -0.09741132
 10.400000     -0.09394927
 10.500000     -0.08874733
 10.600000     -0.08510262
 10.700000     -0.07812049
 10.800000     -0.06846080
 10.900000     -0.05899799
 11.000000     -0.04995781
 11.100000     -0.04258508
 11.200000     -0.03556761
 11.300000     -0.03488588
 11.400000     -0.03500427
 11.500000     -0.03611126
 11.600000     -0.03509639
 11.700000     -0.03126629
 11.800000     -0.02083600
 11.900000     -0.00644679
 12.000000      0.00916059
 12.100000      0.02678209
 12.200000      0.04379782
 12.300000      0.05962230
 12.400000      0.07450773
 12.500000      0.09282963
 12.600000      0.11435209
 12.700000      0.13851514
 12.800000      0.16260481
 12.900000      0.18470579
 13.000000      0.21231548
 13.100000      0.24697621
 13.200000      0.28672945
 13.300000      0.34014941
 13.400000      0.40219269
 13.500000      0.47023986
 13.600000      0.53849510
 13.700000      0.60872692
 13.800000      0.67762810
 13.900000      0.74178971
 14.000000      0.79486447
 14.100000      0.83561649
 14.200000      0.86841952
 14.300000      0.89514870
 14.400000      0.92067309
 14.500000      0.94336270
 14.600000      0.96286906
 14.700000      0.98063888
 14.800000      0.99487041
 14.900000      1.00000000
 15.000000      0.99860912
 15.100000      0.99377830
 15.200000      0.98935664
 15.300000      0.98958320
 15.400000      0.99411044
 15.500000      0.99952686
 15.600000      0.99997113
 15.700000      0.99195635
 15.800000      0.97335940
 15.900000      0.94301827
 16.000000      0.90436023
 16.100000      0.86132306
 16.200000      0.81359586
 16.300000      0.76707770
 16.400000      0.72031911
 16.500000      0.67574587
 16.600000      0.63041986
 16.700000      0.57896358
 16.800000      0.52158375
 16.900000      0.45976398
 17.000000      0.40519352
 17.100000      0.35864362
 17.200000      0.32355432
 17.300000      0.29682620
 17.400000      0.28046018
 17.500000      0.27309706
 17.600000      0.26917210
 17.700000      0.26069510
 17.800000      0.23938251
 17.900000      0.20745651
 18.000000      0.17051166
 18.100000      0.13402275
 18.200000      0.10760295
 18.300000      0.08728795
 18.400000      0.07048875
 18.500000      0.05142361
 18.600000      0.03514061
 18.700000      0.02554448
 18.800000      0.02525936
 18.900000      0.02554431
 19.000000      0.01441754
 19.100000     -0.00390742
 19.200000     -0.02771800
 19.300000     -0.05146242
 19.400000     -0.07299002
 19.500000     -0.09364802
 19.600000     -0.11007826
 19.700000     -0.12684556
 19.800000     -0.14501916
 19.900000     -0.15929809
 20.000000     -0.17546436
 20.100000     -0.19640597
 20.200000     -0.22141967
 20.300000     -0.24068522
 20.400000     -0.24185799
 20.500000     -0.22010970
 20.600000     -0.18549156
 20.700000     -0.15180685
 20.800000     -0.13345356
 20.900000     -0.12917879
 21.000000     -0.13797139
 21.100000     -0.14818027
 21.200000     -0.14884508
 21.300000     -0.14312611
 21.400000     -0.13663849
 21.500000     -0.13530782
 21.600000     -0.13628544
 21.700000     -0.13621505
 21.800000     -0.13153141
 21.900000     -0.12190310
 22.000000     -0.10597682
 22.100000     -0.09397345
 22.200000     -0.09464658
 22.300000     -0.10304839
 22.400000     -0.11116862
 22.500000     -0.11473969
 22.600000     -0.12192182
 22.700000     -0.13319681
 22.800000     -0.14518972
 22.900000     -0.16156466
 23.000000     -0.17764484
 23.100000     -0.19507346
 23.200000     -0.21239524
 23.300000     -0.23258773
 23.400000     -0.25469710
 23.500000     -0.27699980
 23.600000     -0.29862283
 23.700000     -0.32131241
 23.800000     -0.34316389
 23.900000     -0.36436084
 24.000000     -0.38479060
 24.100000     -0.40214312
 24.200000     -0.41914419
 24.300000     -0.43429136
 24.400000     -0.44717970
 24.500000     -0.45804743
 24.600000     -0.46588030
 24.700000     -0.47447457
 24.800000     -0.47867040
 24.900000     -0.48059707
 25.000000     -0.47885125
 25.100000     -0.47689009
 25.200000     -0.47550088
 25.300000     -0.47317764
 25.400000     -0.46911977
 25.500000     -0.46435679
 25.600000     -0.45682131
 25.700000     -0.44622774
 25.800000     -0.43464881
 25.900000     -0.42203884
 26.000000     -0.40592451
 26.100000     -0.38815293
 26.200000     -0.36878058
 26.300000     -0.34661059
 26.400000     -0.32573594
 26.500000     -0.30204610
 26.600000     -0.27650589
 26.700000     -0.25407076
 26.800000     -0.23438759
 26.900000     -0.21490793
 27.000000     -0.19648553
 27.100000     -0.17883509
 27.200000     -0.16337925
 27.300000     -0.14730478
 27.400000     -0.13155668
 27.500000     -0.11616761
 27.600000     -0.10070743
 27.700000     -0.08393970
 27.800000     -0.06839533
 27.900000     -0.05256400
 28.000000     -0.03675128
 28.100000     -0.02120757
 28.200000     -0.00534623
 28.300000      0.00950836
 28.400000      0.02038765
 28.500000      0.03214049
 28.600000      0.04100781
 28.700000      0.04994750
 28.800000      0.05879578
 28.900000      0.06523783
 29.000000      0.06835268
 29.100000      0.07170860
 29.200000      0.07171538
 29.300000      0.07066857
 29.400000      0.06937386
 29.500000      0.06664951
 29.600000      0.06149847
 29.700000      0.05329621
 29.800000      0.04502083
 29.900000      0.03535640
 30.000000      0.02506880
 30.100000      0.01389049
 30.200000      0.00263110
 30.300000     -0.00624004
 30.400000     -0.01680208
 30.500000     -0.02402664
 30.600000     -0.03322046
 30.700000     -0.04340271
 30.800000     -0.05377090
 30.900000     -0.06382929
 31.000000     -0.06812315
 31.100000     -0.07173190
 31.200000     -0.07645623
 31.300000     -0.08203777
 31.400000     -0.08823658
 31.500000     -0.09565104
 31.600000     -0.10336759
 31.700000     -0.11100873
 31.800000     -0.11739683
 31.900000     -0.12317131
 32.000000     -0.12863658
 32.100000     -0.13419772
 32.200000     -0.13891785
 32.300000     -0.14259897
 32.400000     -0.14475040
 32.500000     -0.14616151
 32.600000     -0.14742514
 32.700000     -0.14949833
 32.800000     -0.15214736
 32.900000     -0.15525218
 33.000000     -0.15812185
 33.100000     -0.16186217
 33.200000     -0.16706974
 33.300000     -0.17336034
 33.400000     -0.17995345
 33.500000     -0.18715744
 33.600000     -0.19377152
 33.700000     -0.19942612
 33.800000     -0.20445201
 33.900000     -0.20909716
 34.000000     -0.21195374
 34.100000     -0.21218811
 34.200000     -0.21082786
 34.300000     -0.20849426
 34.400000     -0.20520753
 34.500000     -0.20122233
 34.600000     -0.19664796
 34.700000     -0.19175510
 34.800000     -0.18827692
 34.900000     -0.18518827
 35.000000     -0.18154300
 35.100000     -0.17665231
 35.200000     -0.17280464
 35.300000     -0.17025292
 35.400000     -0.16767382
 35.500000     -0.16250532
 35.600000     -0.15747504
 35.700000     -0.15299058
 35.800000     -0.14856086
 35.900000     -0.14380071
 36.000000     -0.13950762
 36.100000     -0.13614691
 36.200000     -0.13265061
 36.300000     -0.12811955
 36.400000     -0.12323010
 36.500000     -0.11919516
 36.600000     -0.11521250
 36.700000     -0.11120068
 36.800000     -0.10679825
 36.900000     -0.10216767
 37.000000     -0.09665829
 37.100000     -0.09072943
 37.200000     -0.08505882
 37.300000     -0.08020365
 37.400000     -0.07649925
 37.500000     -0.07324595
 37.600000     -0.07120108
 37.700000     -0.07039995
 37.800000     -0.07096149
 37.900000     -0.07236462
 38.000000     -0.07398600
 38.100000     -0.07549900
 38.200000     -0.07730908
 38.300000     -0.08022735
 38.400000     -0.08336671
 38.500000     -0.08676736
 38.600000     -0.09061796
 38.700000     -0.09508525
 38.800000     -0.09993420
 38.900000     -0.10516860
 39.000000     -0.11000503
 39.100000     -0.11535161
 39.200000     -0.12253749
 39.300000     -0.13067511
 39.400000     -0.13857454
 39.500000     -0.14711794
 39.600000     -0.15574225
 39.700000     -0.16451980
 39.800000     -0.17302194
 39.900000     -0.17935571
