  0.000000      0.00575561
  0.100000      0.00003774
  0.200000     -0.00429414
  0.300000     -0.00503283
  0.400000     -0.00383325
  0.500000     -0.00156532
  0.600000      0.00128406
  0.700000      0.00543967
  0.800000      0.01038816
  0.900000      0.01526962
  1.000000      0.02086724
  1.100000      0.02546212
  1.200000      0.03023110
  1.300000      0.03539995
  1.400000      0.04225443
  1.500000      0.04721034
  1.600000      0.05057364
  1.700000      0.05104160
  1.800000      0.05080445
  1.900000      0.04905397
  2.000000      0.04576575
  2.100000      0.04674623
  2.200000      0.05041237
  2.300000      0.05267657
  2.400000      0.05452751
  2.500000      0.05470489
  2.600000      0.05349423
  2.700000      0.05269563
  2.800000      0.05174385
  2.900000      0.05127983
  3.000000      0.05172748
  3.100000      0.05074190
  3.200000      0.05084983
  3.300000      0.04902496
  3.400000      0.04501049
  3.500000      0.04321161
  3.600000      0.04345346
  3.700000      0.04356204
  3.800000      0.04631740
  3.900000      0.04990841
  4.000000      0.05247840
  4.100000      0.05490874
  4.200000      0.05672785
  4.300000      0.05973308
  4.400000      0.06176454
  4.500000      0.06292892
  4.600000      0.06575103
  4.700000      0.06832848
  4.800000      0.06950967
  4.900000      0.06819983
  5.000000      0.06424514
  5.100000      0.05461496
  5.200000      0.04723085
  5.300000      0.04429634
  5.400000      0.04389809
  5.500000      0.04878383
  5.600000      0.05975456
  5.700000      0.07251082
  5.800000      0.08328030
  5.900000      0.09482861
  6.000000      0.10382674
  6.100000      0.11279103
  6.200000      0.11890157
  6.300000      0.12085141
  6.400000      0.11857987
  6.500000      0.11558827
  6.600000      0.10958243
  6.700000      0.09737055
  6.800000      0.08079836
  6.900000      0.06595346
  7.000000      0.05175717
  7.100000      0.03147255
  7.200000      0.01229564
  7.300000     -0.00106158
  7.400000     -0.01258883
  7.500000     -0.02413596
  7.600000     -0.03248677
  7.700000     -0.03809722
  7.800000     -0.03543066
  7.900000     -0.03072134
  8.000000     -0.02794452
  8.100000     -0.03163960
  8.200000     -0.04226002
  8.300000     -0.05362595
  8.400000     -0.06620547
  8.500000     -0.06876246
  8.600000     -0.04795694
  8.700000     -0.03393494
  8.800000     -0.04257818
  8.900000     -0.05685181
  9.000000     -0.07671722
  9.100000     -0.09917859
  9.200000     -0.09584518
  9.300000     -0.08055867
  9.400000     -0.06810583
  9.500000     -0.06986547
  9.600000     -0.06803782
  9.700000     -0.03963330
  9.800000      0.01578511
  9.900000      0.08468840
 10.000000      0.16039963
 10.100000      0.23770720
 10.200000      0.33123259
 10.300000      0.44293515
 10.400000      0.55584573
 10.500000      0.65813267
 10.600000      0.74518977
 10.700000      0.82355072
 10.800000      0.89708629
 10.900000      0.95867901
 11.000000      0.98670779
 11.100000      1.00000000
 11.200000      0.99808559
 11.300000      0.96413463
 11.400000      0.90912193
 11.500000      0.84204219
 11.600000      0.74927833
 11.700000      0.63482163
 11.800000      0.50910463
 11.900000      0.37947291
 12.000000      0.23572868
 12.100000      0.08135917
 12.200000     -0.07414380
 12.300000     -0.21423276
 12.400000     -0.32813772
 12.500000     -0.41553132
 12.600000     -0.48649484
 12.700000     -0.54462602
 12.800000     -0.57954411
 12.900000     -0.60906339
 13.000000     -0.61431902
 13.100000     -0.60834674
 13.200000     -0.61620317
 13.300000     -0.61676582
 13.400000     -0.60400707
 13.500000     -0.58015924
 13.600000     -0.55043818
 13.700000     -0.50761873
 13.800000     -0.46455575
 13.900000     -0.41440360
 14.000000     -0.34412685
 14.100000     -0.28488164
 14.200000     -0.22771367
 14.300000     -0.18558730
 14.400000     -0.14983759
 14.500000     -0.10600721
 14.600000     -0.05260343
 14.700000     -0.02640641
 14.800000     -0.01215014
 14.900000     -0.01057021
 15.000000     -0.01786472
 15.100000     -0.03202183
 15.200000     -0.04659546
 15.300000     -0.06028708
 15.400000     -0.07662923
 15.500000     -0.10124146
 15.600000     -0.13006218
 15.700000     -0.14705806
 15.800000     -0.15056393
 15.900000     -0.14750060
 16.000000     -0.14815914
 16.100000     -0.14317046
 16.200000     -0.13756570
 16.300000     -0.13408069
 16.400000     -0.13081176
 16.500000     -0.12093665
 16.600000     -0.10774818
 16.700000     -0.11451336
 16.800000     -0.12391531
 16.900000     -0.12612392
 17.000000     -0.13331743
 17.100000     -0.12211529
 17.200000     -0.10944466
 17.300000     -0.09822900
 17.400000     -0.08289609
 17.500000     -0.07480451
 17.600000     -0.07430788
 17.700000     -0.07370333
 17.800000     -0.07543651
 17.900000     -0.06904253
 18.000000     -0.06134101
 18.100000     -0.05190643
 18.200000     -0.03772752
 18.300000     -0.01919723
 18.400000     -0.00304775
 18.500000      0.00420875
 18.600000      0.01076729
 18.700000      0.01872313
 18.800000      0.01848321
 18.900000      0.00992363
 19.000000     -0.00439633
 19.100000     -0.02296453
 19.200000     -0.04402287
 19.300000     -0.06252645
 19.400000     -0.07584678
 19.500000     -0.08505260
 19.600000     -0.09455691
 19.700000     -0.10097117
 19.800000     -0.10427346
 19.900000     -0.10458962
 20.000000     -0.10760735
 20.100000     -0.11539709
 20.200000     -0.12306699
 20.300000     -0.12998822
 20.400000     -0.14251977
 20.500000     -0.15345896
 20.600000     -0.15484097
 20.700000     -0.14807396
 20.800000     -0.13695416
 20.900000     -0.12044930
 21.000000     -0.10036884
 21.100000     -0.07958526
 21.200000     -0.05826250
 21.300000     -0.03603873
 21.400000     -0.01490241
 21.500000      0.00162077
 21.600000      0.01469746
 21.700000      0.02436167
 21.800000      0.02627627
 21.900000      0.02407215
 22.000000      0.01914296
 22.100000      0.01018943
 22.200000     -0.00456793
 22.300000     -0.02435944
 22.400000     -0.04992232
 22.500000     -0.08012880
 22.600000     -0.11354636
 22.700000     -0.14764197
 22.800000     -0.17455610
 22.900000     -0.18961874
 23.000000     -0.19519017
 23.100000     -0.19527624
 23.200000     -0.19183218
 23.300000     -0.18337417
 23.400000     -0.17153088
 23.500000     -0.15796283
 23.600000     -0.14798107
 23.700000     -0.13941804
 23.800000     -0.13013112
 23.900000     -0.11974243
 24.000000     -0.10671265
 24.100000     -0.09643688
 24.200000     -0.08937813
 24.300000     -0.08798951
 24.400000     -0.09000165
 24.500000     -0.08936477
 24.600000     -0.08266628
 24.700000     -0.07480119
 24.800000     -0.06848948
 24.900000     -0.06618414
 25.000000     -0.06934250
 25.100000     -0.07444416
 25.200000     -0.08431820
 25.300000     -0.09575975
 25.400000     -0.10606285
 25.500000     -0.11405262
 25.600000     -0.11973671
 25.700000     -0.12269142
 25.800000     -0.12478286
 25.900000     -0.12646184
 26.000000     -0.12489217
 26.100000     -0.12245693
 26.200000     -0.12067081
 26.300000     -0.12396238
 26.400000     -0.13239158
 26.500000     -0.14100013
 26.600000     -0.14767032
 26.700000     -0.15052632
 26.800000     -0.14899319
 26.900000     -0.14638977
 27.000000     -0.14281353
 27.100000     -0.13808046
 27.200000     -0.13075314
 27.300000     -0.12157905
 27.400000     -0.11262420
 27.500000     -0.10243072
 27.600000     -0.08936743
 27.700000     -0.07536001
 27.800000     -0.06302049
 27.900000     -0.05632630
 28.000000     -0.05657458
 28.100000     -0.06162193
 28.200000     -0.07022350
 28.300000     -0.07786831
 28.400000     -0.08425044
 28.500000     -0.08728288
 28.600000     -0.08649882
 28.700000     -0.08238113
 28.800000     -0.07579844
 28.900000     -0.06967195
 29.000000     -0.06400469
 29.100000     -0.06156478
 29.200000     -0.06295501
 29.300000     -0.06739242
 29.400000     -0.07550288
 29.500000     -0.08719392
 29.600000     -0.09983131
 29.700000     -0.11448590
 29.800000     -0.12793492
 29.900000     -0.13810958
 30.000000     -0.14631705
 30.100000     -0.15166107
 30.200000     -0.15090131
 30.300000     -0.14870249
 30.400000     -0.14886666
 30.500000     -0.14748503
 30.600000     -0.14353751
 30.700000     -0.14226566
 30.800000     -0.14197169
 30.900000     -0.14225616
 31.000000     -0.14305761
 31.100000     -0.14423824
 31.200000     -0.16931325
 31.300000     -0.16934956
 31.400000     -0.16984646
 31.500000     -0.16999505
 31.600000     -0.17192402
 31.700000     -0.17610947
 31.800000     -0.17977997
 31.900000     -0.18357317
 32.000000     -0.18869693
 32.100000     -0.19358661
 32.200000     -0.19683681
 32.300000     -0.19774114
 32.400000     -0.19701492
 32.500000     -0.19457129
 32.600000     -0.19134541
 32.700000     -0.18886068
 32.800000     -0.18596116
 32.900000     -0.18185874
 33.000000     -0.17480928
 33.100000     -0.16423107
 33.200000     -0.15054123
 33.300000     -0.13483462
 33.400000     -0.11707681
 33.500000     -0.09946247
 33.600000     -0.08434301
 33.700000     -0.07002211
 33.800000     -0.05534921
 33.900000     -0.04204385
 34.000000     -0.02831179
 34.100000     -0.02070256
 34.200000     -0.02058840
 34.300000     -0.02405851
 34.400000     -0.02654063
 34.500000     -0.02862172
 34.600000     -0.02739986
 34.700000     -0.02646660
 34.800000     -0.02757404
 34.900000     -0.03021351
 35.000000     -0.03524961
 35.100000     -0.04128904
 35.200000     -0.04763490
 35.300000     -0.05476333
 35.400000     -0.06288426
 35.500000     -0.07237904
 35.600000     -0.08276484
 35.700000     -0.09258437
 35.800000     -0.10310894
 35.900000     -0.11290636
 36.000000     -0.12206669
 36.100000     -0.13077801
 36.200000     -0.13863578
 36.300000     -0.14453361
 36.400000     -0.14812402
 36.500000     -0.14883293
 36.600000     -0.14901389
 36.700000     -0.14929360
 36.800000     -0.15012774
 36.900000     -0.15006567
 37.000000     -0.14834019
 37.100000     -0.14413992
 37.200000     -0.13722347
 37.300000     -0.12848926
 37.400000     -0.11928076
 37.500000     -0.11104882
 37.600000     -0.10410439
 37.700000     -0.09889361
 37.800000     -0.09448524
 37.900000     -0.09092232
 38.000000     -0.08870646
 38.100000     -0.08801429
 38.200000     -0.08816633
 38.300000     -0.07805300
 38.400000     -0.06474164
 38.500000     -0.06821009
 38.600000     -0.07419254
 38.700000     -0.08278070
 38.800000     -0.08735578
 38.900000     -0.08971061
 39.000000     -0.09304134
 39.100000     -0.09680653
 39.200000     -0.10089029
 39.300000     -0.10323474
 39.400000     -0.10473491
 39.500000     -0.10603356
 39.600000     -0.10707448
 39.700000     -0.10831691
 39.800000     -0.10903171
 39.900000     -0.10807008
