  0.000000      0.90774471
  0.100000      0.90810426
  0.200000      0.90846048
  0.300000      0.90881502
  0.400000      0.90916956
  0.500000      0.90952411
  0.600000      0.90988362
  0.700000      0.91027268
  0.800000      0.91093972
  0.900000      0.91171712
  1.000000      0.91247513
  1.100000      0.91346923
  1.200000      0.91445638
  1.300000      0.91548175
  1.400000      0.91662391
  1.500000      0.91779613
  1.600000      0.91894254
  1.700000      0.92008896
  1.800000      0.92123537
  1.900000      0.92231685
  2.000000      0.92334387
  2.100000      0.92451914
  2.200000      0.92584388
  2.300000      0.92716243
  2.400000      0.92858080
  2.500000      0.93005063
  2.600000      0.93150388
  2.700000      0.93308795
  2.800000      0.93480346
  2.900000      0.93648201
  3.000000      0.93816055
  3.100000      0.93983910
  3.200000      0.94142107
  3.300000      0.94275298
  3.400000      0.94410882
  3.500000      0.94589800
  3.600000      0.94768331
  3.700000      0.94950098
  3.800000      0.95139886
  3.900000      0.95326820
  4.000000      0.95515055
  4.100000      0.95707423
  4.200000      0.95897476
  4.300000      0.96086371
  4.400000      0.96275267
  4.500000      0.96464163
  4.600000      0.96630964
  4.700000      0.96793583
  4.800000      0.96954538
  4.900000      0.97112611
  5.000000      0.97270093
  5.100000      0.97445045
  5.200000      0.97618521
  5.300000      0.97790456
  5.400000      0.97964626
  5.500000      0.98138178
  5.600000      0.98309756
  5.700000      0.98481333
  5.800000      0.98652910
  5.900000      0.98800306
  6.000000      0.98931875
  6.100000      0.99045361
  6.200000      0.99116962
  6.300000      0.99187772
  6.400000      0.99262887
  6.500000      0.99340353
  6.600000      0.99413795
  6.700000      0.99494203
  6.800000      0.99579112
  6.900000      0.99662851
  7.000000      0.99746590
  7.100000      0.99830329
  7.200000      0.99903269
  7.300000      0.99952351
  7.400000      1.00000000
  7.500000      0.99998953
  7.600000      0.99997589
  7.700000      0.99992243
  7.800000      0.99980204
  7.900000      0.99965549
  8.000000      0.99948284
  8.100000      0.99948184
  8.200000      0.99944661
  8.300000      0.99939426
  8.400000      0.99934192
  8.500000      0.99928958
  8.600000      0.99896141
  8.700000      0.99857413
  8.800000      0.99794746
  8.900000      0.99721905
  9.000000      0.99648921
  9.100000      0.99556427
  9.200000      0.99463314
  9.300000      0.99367314
  9.400000      0.99290823
  9.500000      0.99222471
  9.600000      0.99151035
  9.700000      0.99079600
  9.800000      0.99008164
  9.900000      0.98927240
 10.000000      0.98831059
 10.100000      0.98739127
 10.200000      0.98672866
 10.300000      0.98605983
 10.400000      0.98523043
 10.500000      0.98432230
 10.600000      0.98346609
 10.700000      0.98274766
 10.800000      0.98222749
 10.900000      0.98167256
 11.000000      0.98111764
 11.100000      0.98056272
 11.200000      0.98002169
 11.300000      0.97944857
 11.400000      0.97878779
 11.500000      0.97867384
 11.600000      0.97855634
 11.700000      0.97837794
 11.800000      0.97809198
 11.900000      0.97783713
 12.000000      0.97759714
 12.100000      0.97744034
 12.200000      0.97723339
 12.300000      0.97700137
 12.400000      0.97676934
 12.500000      0.97653732
 12.600000      0.97613703
 12.700000      0.97569032
 12.800000      0.97555203
 12.900000      0.97559495
 13.000000      0.97561853
 13.100000      0.97550437
 13.200000      0.97540251
 13.300000      0.97523635
 13.400000      0.97497545
 13.500000      0.97467494
 13.600000      0.97431867
 13.700000      0.97396240
 13.800000      0.97360613
 13.900000      0.97331767
 14.000000      0.97302740
 14.100000      0.97263081
 14.200000      0.97215138
 14.300000      0.97165633
 14.400000      0.97103793
 14.500000      0.97036175
 14.600000      0.96972238
 14.700000      0.96906695
 14.800000      0.96848017
 14.900000      0.96782055
 15.000000      0.96716093
 15.100000      0.96650131
 15.200000      0.96596231
 15.300000      0.96564346
 15.400000      0.96527838
 15.500000      0.96431639
 15.600000      0.96334988
 15.700000      0.96235037
 15.800000      0.96130295
 15.900000      0.96026939
 16.000000      0.95925520
 16.100000      0.95830069
 16.200000      0.95730537
 16.300000      0.95628966
 16.400000      0.95527394
 16.500000      0.95425823
 16.600000      0.95346740
 16.700000      0.95263891
 16.800000      0.95136951
 16.900000      0.94988993
 17.000000      0.94840401
 17.100000      0.94700294
 17.200000      0.94560596
 17.300000      0.94415742
 17.400000      0.94264423
 17.500000      0.94110293
 17.600000      0.93950788
 17.700000      0.93791283
 17.800000      0.93631778
 17.900000      0.93488641
 18.000000      0.93349733
 18.100000      0.93192733
 18.200000      0.93003031
 18.300000      0.92813229
 18.400000      0.92625428
 18.500000      0.92438653
 18.600000      0.92251847
 18.700000      0.92060279
 18.800000      0.91869769
 18.900000      0.91669352
 19.000000      0.91468935
 19.100000      0.91268518
 19.200000      0.91075474
 19.300000      0.90894075
 19.400000      0.90710276
 19.500000      0.90526921
 19.600000      0.90343761
 19.700000      0.90161203
 19.800000      0.89979072
 19.900000      0.89794696
 20.000000      0.89604178
 20.100000      0.89400885
 20.200000      0.89194119
 20.300000      0.88985616
 20.400000      0.88777114
 20.500000      0.88568612
 20.600000      0.88379481
 20.700000      0.88186921
 20.800000      0.87969832
 20.900000      0.87740590
 21.000000      0.87512052
 21.100000      0.87295361
 21.200000      0.87077890
 21.300000      0.86850709
 21.400000      0.86614773
 21.500000      0.86376867
 21.600000      0.86136860
 21.700000      0.85896852
 21.800000      0.85656845
 21.900000      0.85422123
 22.000000      0.85188359
 22.100000      0.84957489
 22.200000      0.84733244
 22.300000      0.84509791
 22.400000      0.84296868
 22.500000      0.84089013
 22.600000      0.83881443
 22.700000      0.83671147
 22.800000      0.83456422
 22.900000      0.83239325
 23.000000      0.83022228
 23.100000      0.82805131
 23.200000      0.82587856
 23.300000      0.82368410
 23.400000      0.82147694
 23.500000      0.82015894
 23.600000      0.81884549
 23.700000      0.81754866
 23.800000      0.81626687
 23.900000      0.81497941
 24.000000      0.81373288
 24.100000      0.81232255
 24.200000      0.81090464
 24.300000      0.80948293
 24.400000      0.80806122
 24.500000      0.80663951
 24.600000      0.80501564
 24.700000      0.80336047
 24.800000      0.80250507
 24.900000      0.80205795
 25.000000      0.80162543
 25.100000      0.80104248
 25.200000      0.80045876
 25.300000      0.79982005
 25.400000      0.79913275
 25.500000      0.79842056
 25.600000      0.79768735
 25.700000      0.79695414
 25.800000      0.79622093
 25.900000      0.79533235
 26.000000      0.79433316
 26.100000      0.79344558
 26.200000      0.79286725
 26.300000      0.79229672
 26.400000      0.79169249
 26.500000      0.79106946
 26.600000      0.79042501
 26.700000      0.78980216
 26.800000      0.78919159
 26.900000      0.78858193
 27.000000      0.78797226
 27.100000      0.78736260
 27.200000      0.78674173
 27.300000      0.78610061
 27.400000      0.78542384
 27.500000      0.78415940
 27.600000      0.78289759
 27.700000      0.78165747
 27.800000      0.78045027
 27.900000      0.77922279
 28.000000      0.77804299
 28.100000      0.77676312
 28.200000      0.77551521
 28.300000      0.77428327
 28.400000      0.77305133
 28.500000      0.77181940
 28.600000      0.77053603
 28.700000      0.76925479
 28.800000      0.76727202
 28.900000      0.76495438
 29.000000      0.76265086
 29.100000      0.76024347
 29.200000      0.75783031
 29.300000      0.75539836
 29.400000      0.75292111
 29.500000      0.75043496
 29.600000      0.74799001
 29.700000      0.74554507
 29.800000      0.74310012
 29.900000      0.74072961
 30.000000      0.73837226
 30.100000      0.73569600
 30.200000      0.73248302
 30.300000      0.72928245
 30.400000      0.72594599
 30.500000      0.72253847
 30.600000      0.71915151
 30.700000      0.71585080
 30.800000      0.71254592
 30.900000      0.70929628
 31.000000      0.70604664
 31.100000      0.70279700
 31.200000      0.69955763
 31.300000      0.69630604
 31.400000      0.69299643
 31.500000      0.68969737
 31.600000      0.68640487
 31.700000      0.68311353
 31.800000      0.67979829
 31.900000      0.67647181
 32.000000      0.67327110
 32.100000      0.66980283
 32.200000      0.66636680
 32.300000      0.66294688
 32.400000      0.65952697
 32.500000      0.65610705
 32.600000      0.65267538
 32.700000      0.64919411
 32.800000      0.64629236
 32.900000      0.64369157
 33.000000      0.64110760
 33.100000      0.63861631
 33.200000      0.63611508
 33.300000      0.63360557
 33.400000      0.63101811
 33.500000      0.62839994
 33.600000      0.62581932
 33.700000      0.62323869
 33.800000      0.62065807
 33.900000      0.61825068
 34.000000      0.61591316
 34.100000      0.61393356
 34.200000      0.61273009
 34.300000      0.61154540
 34.400000      0.61037415
 34.500000      0.60920491
 34.600000      0.60801412
 34.700000      0.60682750
 34.800000      0.60564525
 34.900000      0.60450745
 35.000000      0.60336965
 35.100000      0.60223184
 35.200000      0.60118778
 35.300000      0.60033660
 35.400000      0.59945587
 35.500000      0.59918637
 35.600000      0.59892439
 35.700000      0.59867136
 35.800000      0.59840618
 35.900000      0.59813077
 36.000000      0.59788624
 36.100000      0.59754060
 36.200000      0.59723883
 36.300000      0.59695899
 36.400000      0.59667915
 36.500000      0.59639931
 36.600000      0.59635148
 36.700000      0.59627409
 36.800000      0.59588158
 36.900000      0.59534937
 37.000000      0.59482650
 37.100000      0.59439716
 37.200000      0.59396197
 37.300000      0.59355512
 37.400000      0.59310901
 37.500000      0.59265164
 37.600000      0.59222273
 37.700000      0.59179383
 37.800000      0.59136492
 37.900000      0.59104096
 38.000000      0.59075627
 38.100000      0.59006827
 38.200000      0.58864064
 38.300000      0.58721187
 38.400000      0.58591838
 38.500000      0.58469281
 38.600000      0.58347731
 38.700000      0.58219580
 38.800000      0.58085133
 38.900000      0.57948335
 39.000000      0.57811537
 39.100000      0.57674739
 39.200000      0.57542937
 39.300000      0.57419116
 39.400000      0.57294244
 39.500000      0.57088675
 39.600000      0.56882792
 39.700000      0.56678996
 39.800000      0.56480631
 39.900000      0.56284716
