  0.000000      0.02534009
  0.100000      0.02331000
  0.200000      0.02152263
  0.300000      0.02008544
  0.400000      0.01916501
  0.500000      0.01916794
  0.600000      0.02002848
  0.700000      0.02142100
  0.800000      0.02312617
  0.900000      0.02575501
  1.000000      0.02844478
  1.100000      0.03060558
  1.200000      0.03354136
  1.300000      0.03672215
  1.400000      0.03874549
  1.500000      0.04006690
  1.600000      0.04117114
  1.700000      0.04176165
  1.800000      0.04174358
  1.900000      0.04111209
  2.000000      0.03935939
  2.100000      0.03786848
  2.200000      0.03563737
  2.300000      0.03247614
  2.400000      0.03000253
  2.500000      0.02868408
  2.600000      0.02902015
  2.700000      0.02717442
  2.800000      0.02472377
  2.900000      0.02291445
  3.000000      0.01892257
  3.100000      0.01300269
  3.200000      0.00824089
  3.300000      0.00443120
  3.400000      0.00153871
  3.500000     -0.00046795
  3.600000     -0.00291500
  3.700000     -0.00572012
  3.800000     -0.00729416
  3.900000     -0.00567812
  4.000000     -0.00264863
  4.100000     -0.00002439
  4.200000      0.00452262
  4.300000      0.00996723
  4.400000      0.01591904
  4.500000      0.02356654
  4.600000      0.03080193
  4.700000      0.03752134
  4.800000      0.04407678
  4.900000      0.05075365
  5.000000      0.05528606
  5.100000      0.05690346
  5.200000      0.05473192
  5.300000      0.05237521
  5.400000      0.05148024
  5.500000      0.04968250
  5.600000      0.04916899
  5.700000      0.04983455
  5.800000      0.05198333
  5.900000      0.05340354
  6.000000      0.05361263
  6.100000      0.05546057
  6.200000      0.05791243
  6.300000      0.05912412
  6.400000      0.05903014
  6.500000      0.05809612
  6.600000      0.05586811
  6.700000      0.05412454
  6.800000      0.04876629
  6.900000      0.04504357
  7.000000      0.04172538
  7.100000      0.04202259
  7.200000      0.04684006
  7.300000      0.05263554
  7.400000      0.05813859
  7.500000      0.06456584
  7.600000      0.07068562
  7.700000      0.07179878
  7.800000      0.06997182
  7.900000      0.07043700
  8.000000      0.07017080
  8.100000      0.07117835
  8.200000      0.07225291
  8.300000      0.07063602
  8.400000      0.06862013
  8.500000      0.06800026
  8.600000      0.06527207
  8.700000      0.06334452
  8.800000      0.06091080
  8.900000      0.05952899
  9.000000      0.05899754
  9.100000      0.05624497
  9.200000      0.05088863
  9.300000      0.04705314
  9.400000      0.04623026
  9.500000      0.04909737
  9.600000      0.05352755
  9.700000      0.05688675
  9.800000      0.06025615
  9.900000      0.06179373
 10.000000      0.06119984
 10.100000      0.05532100
 10.200000      0.05677570
 10.300000      0.05595296
 10.400000      0.05717099
 10.500000      0.06442031
 10.600000      0.07753989
 10.700000      0.09823488
 10.800000      0.12635138
 10.900000      0.16015931
 11.000000      0.20352209
 11.100000      0.28521786
 11.200000      0.34680556
 11.300000      0.41714251
 11.400000      0.49833804
 11.500000      0.58134676
 11.600000      0.66576643
 11.700000      0.74669965
 11.800000      0.81965628
 11.900000      0.87946699
 12.000000      0.93081034
 12.100000      0.97312323
 12.200000      0.99694998
 12.300000      1.00000000
 12.400000      0.98411318
 12.500000      0.94618588
 12.600000      0.88250061
 12.700000      0.80513521
 12.800000      0.71151215
 12.900000      0.59732177
 13.000000      0.47115590
 13.100000      0.34066398
 13.200000      0.21488048
 13.300000      0.09548165
 13.400000     -0.01264266
 13.500000     -0.11248847
 13.600000     -0.20533421
 13.700000     -0.28798075
 13.800000     -0.35802009
 13.900000     -0.41592227
 14.000000     -0.45990226
 14.100000     -0.49153790
 14.200000     -0.51168400
 14.300000     -0.52468611
 14.400000     -0.53074634
 14.500000     -0.52429711
 14.600000     -0.50535248
 14.700000     -0.47710985
 14.800000     -0.44672664
 14.900000     -0.41937734
 15.000000     -0.39284134
 15.100000     -0.36471515
 15.200000     -0.33506528
 15.300000     -0.30439161
 15.400000     -0.26997893
 15.500000     -0.24103287
 15.600000     -0.22079101
 15.700000     -0.20565454
 15.800000     -0.19078196
 15.900000     -0.17528422
 16.000000     -0.15775774
 16.100000     -0.13897804
 16.200000     -0.12122612
 16.300000     -0.10439463
 16.400000     -0.08568832
 16.500000     -0.06938762
 16.600000     -0.05737028
 16.700000     -0.04888596
 16.800000     -0.04431864
 16.900000     -0.04573367
 17.000000     -0.05051027
 17.100000     -0.05472477
 17.200000     -0.05819910
 17.300000     -0.06022326
 17.400000     -0.06108559
 17.500000     -0.06574955
 17.600000     -0.07083985
 17.700000     -0.06833425
 17.800000     -0.06262440
 17.900000     -0.06292042
 18.000000     -0.06771092
 18.100000     -0.07373081
 18.200000     -0.07629574
 18.300000     -0.07518128
 18.400000     -0.07177305
 18.500000     -0.06832763
 18.600000     -0.07186288
 18.700000     -0.07950288
 18.800000     -0.08387003
 18.900000     -0.08470764
 19.000000     -0.08245918
 19.100000     -0.07790198
 19.200000     -0.07282702
 19.300000     -0.06797575
 19.400000     -0.06363620
 19.500000     -0.05848973
 19.600000     -0.05394300
 19.700000     -0.04934027
 19.800000     -0.04442222
 19.900000     -0.03934887
 20.000000     -0.03366787
 20.100000     -0.02541448
 20.200000     -0.01308879
 20.300000     -0.00083198
 20.400000      0.01009111
 20.500000      0.02288475
 20.600000      0.03533743
 20.700000      0.04234389
 20.800000      0.04320484
 20.900000      0.04238200
 21.000000      0.04117317
 21.100000      0.03842681
 21.200000      0.03440201
 21.300000      0.03082304
 21.400000      0.02831903
 21.500000      0.02599773
 21.600000      0.02425602
 21.700000      0.02384305
 21.800000      0.02525443
 21.900000      0.02622434
 22.000000      0.02496592
 22.100000      0.02116043
 22.200000      0.01473078
 22.300000      0.00589067
 22.400000     -0.00480981
 22.500000     -0.01537444
 22.600000     -0.02261850
 22.700000     -0.02805132
 22.800000     -0.03217492
 22.900000     -0.03327609
 23.000000     -0.03151997
 23.100000     -0.02808526
 23.200000     -0.02345407
 23.300000     -0.01798213
 23.400000     -0.01191529
 23.500000     -0.00530639
 23.600000      0.00050231
 23.700000      0.00415636
 23.800000      0.00675243
 23.900000      0.00935495
 24.000000      0.01180496
 24.100000      0.01290203
 24.200000      0.01346881
 24.300000      0.01416013
 24.400000      0.01360686
 24.500000      0.01088946
 24.600000      0.00776692
 24.700000      0.00540646
 24.800000      0.00229476
 24.900000     -0.00085141
 25.000000     -0.00216739
 25.100000     -0.00246970
 25.200000     -0.00296850
 25.300000     -0.00210651
 25.400000     -0.00089132
 25.500000     -0.00244470
 25.600000     -0.00407611
 25.700000     -0.00495154
 25.800000     -0.00821347
 25.900000     -0.01175609
 26.000000     -0.01391704
 26.100000     -0.01586873
 26.200000     -0.01677403
 26.300000     -0.01580197
 26.400000     -0.01231364
 26.500000     -0.00743780
 26.600000     -0.00292936
 26.700000      0.00045219
 26.800000      0.00240756
 26.900000      0.00329241
 27.000000      0.00249849
 27.100000     -0.00009526
 27.200000     -0.00221283
 27.300000     -0.00379113
 27.400000     -0.00568452
 27.500000     -0.00736141
 27.600000     -0.00955796
 27.700000     -0.01175739
 27.800000     -0.01373478
 27.900000     -0.01697855
 28.000000     -0.02091191
 28.100000     -0.02273799
 28.200000     -0.02280713
 28.300000     -0.02061104
 28.400000     -0.01792808
 28.500000     -0.01428700
 28.600000     -0.00748308
 28.700000      0.00070501
 28.800000      0.00917108
 28.900000      0.01861888
 29.000000      0.02778415
 29.100000      0.03358755
 29.200000      0.03623046
 29.300000      0.03638817
 29.400000      0.03413478
 29.500000      0.03063549
 29.600000      0.02856367
 29.700000      0.02768616
 29.800000      0.02733368
 29.900000      0.02665822
 30.000000      0.02472747
 30.100000      0.02385999
 30.200000      0.02314216
 30.300000      0.02180971
 30.400000      0.01829404
 30.500000      0.01230389
 30.600000      0.00630962
 30.700000      0.00163182
 30.800000     -0.00028689
 30.900000     -0.00199927
 31.000000     -0.00393104
 31.100000     -0.00442996
 31.200000     -0.00274758
 31.300000     -0.00035074
 31.400000     -0.00002417
 31.500000      0.00031711
 31.600000      0.00078306
 31.700000      0.00193473
 31.800000      0.00549548
 31.900000      0.00992622
 32.000000      0.01427264
 32.100000      0.01897593
 32.200000      0.02393353
 32.300000      0.02597837
 32.400000      0.02673692
 32.500000      0.02934952
 32.600000      0.03307553
 32.700000      0.03444493
 32.800000      0.03304433
 32.900000      0.03127147
 33.000000      0.02917737
 33.100000      0.02709309
 33.200000      0.02533728
 33.300000      0.02277301
 33.400000      0.02210448
 33.500000      0.02309795
 33.600000      0.02156326
 33.700000      0.01846288
 33.800000      0.01632939
 33.900000      0.01557587
 34.000000      0.01398569
 34.100000      0.01109509
 34.200000      0.00854527
 34.300000      0.00783489
 34.400000      0.00835990
 34.500000      0.00898491
 34.600000      0.00979013
 34.700000      0.01023742
 34.800000      0.00936400
 34.900000      0.00959944
 35.000000      0.00919690
 35.100000      0.00628346
 35.200000      0.00388677
 35.300000      0.00270170
 35.400000      0.00140168
 35.500000      0.00068664
 35.600000      0.00117195
 35.700000      0.00197006
 35.800000      0.00247873
 35.900000      0.00372513
 36.000000      0.00387883
 36.100000      0.00250363
 36.200000      0.00320077
 36.300000      0.00489277
 36.400000      0.00463767
 36.500000      0.00490989
 36.600000      0.00626552
 36.700000      0.00622686
 36.800000      0.00457601
 36.900000      0.00239232
 37.000000      0.00087850
 37.100000      0.00089171
 37.200000      0.00180465
 37.300000      0.00071663
 37.400000     -0.00219458
 37.500000     -0.00425094
 37.600000     -0.00397944
 37.700000     -0.00246240
 37.800000     -0.00153304
 37.900000      0.00095694
 38.000000      0.00507907
 38.100000      0.00870106
 38.200000      0.01268434
 38.300000      0.01667994
 38.400000      0.02028821
 38.500000      0.02311160
 38.600000      0.02487126
 38.700000      0.02537970
 38.800000      0.02494948
 38.900000      0.02376527
 39.000000      0.02196201
 39.100000      0.01965683
 39.200000      0.01702371
 39.300000      0.01420880
 39.400000      0.01143019
 39.500000      0.00880433
 39.600000      0.00643138
 39.700000      0.00447528
 39.800000      0.00281723
 39.900000      0.00140525
