  0.000000     -0.01116162
  0.100000     -0.01095521
  0.200000     -0.01101726
  0.300000     -0.01093790
  0.400000     -0.01078510
  0.500000     -0.01062838
  0.600000     -0.01048074
  0.700000     -0.01080006
  0.800000     -0.01073907
  0.900000     -0.01122093
  1.000000     -0.01167475
  1.100000     -0.01143059
  1.200000     -0.01118206
  1.300000     -0.01114499
  1.400000     -0.01164938
  1.500000     -0.01319365
  1.600000     -0.01323611
  1.700000     -0.01336853
  1.800000     -0.01342752
  1.900000     -0.01413607
  2.000000     -0.01433152
  2.100000     -0.01415304
  2.200000     -0.01389175
  2.300000     -0.01363661
  2.400000     -0.01349345
  2.500000     -0.01375026
  2.600000     -0.01318036
  2.700000     -0.01349590
  2.800000     -0.01398323
  2.900000     -0.01398231
  3.000000     -0.01384990
  3.100000     -0.01372470
  3.200000     -0.01374134
  3.300000     -0.01385994
  3.400000     -0.01377471
  3.500000     -0.01349783
  3.600000     -0.01323733
  3.700000     -0.01322952
  3.800000     -0.01356020
  3.900000     -0.01359751
  4.000000     -0.01419003
  4.100000     -0.01421776
  4.200000     -0.01464641
  4.300000     -0.01500685
  4.400000     -0.01429827
  4.500000     -0.01430598
  4.600000     -0.01480182
  4.700000     -0.01593627
  4.800000     -0.01679372
  4.900000     -0.01726319
  5.000000     -0.01748835
  5.100000     -0.01774654
  5.200000     -0.01803763
  5.300000     -0.01852820
  5.400000     -0.01932640
  5.500000     -0.02107181
  5.600000     -0.02112007
  5.700000     -0.02161192
  5.800000     -0.02214297
  5.900000     -0.02271699
  6.000000     -0.02333852
  6.100000     -0.02398123
  6.200000     -0.02463861
  6.300000     -0.02544083
  6.400000     -0.02595397
  6.500000     -0.02733401
  6.600000     -0.02837085
  6.700000     -0.02942061
  6.800000     -0.02885964
  6.900000     -0.02975699
  7.000000     -0.03089023
  7.100000     -0.03214450
  7.200000     -0.03346936
  7.300000     -0.03323203
  7.400000     -0.03466601
  7.500000     -0.03615812
  7.600000     -0.03770785
  7.700000     -0.03930716
  7.800000     -0.04095173
  7.900000     -0.04298006
  8.000000     -0.04480978
  8.100000     -0.04656213
  8.200000     -0.04820717
  8.300000     -0.04986748
  8.400000     -0.05168949
  8.500000     -0.05352083
  8.600000     -0.05535962
  8.700000     -0.05720244
  8.800000     -0.05904710
  8.900000     -0.06089273
  9.000000     -0.06273505
  9.100000     -0.06457363
  9.200000     -0.06640547
  9.300000     -0.06822725
  9.400000     -0.06991498
  9.500000     -0.07112108
  9.600000     -0.07300728
  9.700000     -0.07497927
  9.800000     -0.07696437
  9.900000     -0.07874282
 10.000000     -0.08046151
 10.100000     -0.08210929
 10.200000     -0.08367400
 10.300000     -0.08514480
 10.400000     -0.08650208
 10.500000     -0.08773533
 10.600000     -0.08882607
 10.700000     -0.08976398
 10.800000     -0.09052644
 10.900000     -0.09109920
 11.000000     -0.09146381
 11.100000     -0.09160182
 11.200000     -0.09149281
 11.300000     -0.09111752
 11.400000     -0.09046104
 11.500000     -0.08950101
 11.600000     -0.08973034
 11.700000     -0.08813199
 11.800000     -0.08616796
 11.900000     -0.08381477
 12.000000     -0.08105173
 12.100000     -0.07785276
 12.200000     -0.07420175
 12.300000     -0.07007851
 12.400000     -0.06545354
 12.500000     -0.06030843
 12.600000     -0.05461480
 12.700000     -0.04835239
 12.800000     -0.04149923
 12.900000     -0.03403265
 13.000000     -0.02592156
 13.100000     -0.01714337
 13.200000     -0.00767996
 13.300000      0.00249285
 13.400000      0.01339406
 13.500000      0.02504656
 13.600000      0.03746204
 13.700000      0.05065118
 13.800000      0.06462458
 13.900000      0.07939229
 14.000000      0.09496206
 14.100000      0.11134298
 14.200000      0.12852903
 14.300000      0.14652291
 14.400000      0.16531735
 14.500000      0.18490182
 14.600000      0.20526687
 14.700000      0.22639992
 14.800000      0.24828209
 14.900000      0.27089476
 15.000000      0.29421154
 15.100000      0.31821251
 15.200000      0.34285761
 15.300000      0.36810701
 15.400000      0.39391841
 15.500000      0.42024636
 15.600000      0.44703764
 15.700000      0.47422665
 15.800000      0.50174922
 15.900000      0.52953605
 16.000000      0.55750859
 16.100000      0.58558258
 16.200000      0.61367221
 16.300000      0.64168478
 16.400000      0.66951963
 16.500000      0.69707350
 16.600000      0.72423286
 16.700000      0.75088757
 16.800000      0.77691601
 16.900000      0.80218305
 17.000000      0.82656752
 17.100000      0.84992731
 17.200000      0.87213233
 17.300000      0.89302926
 17.400000      0.91247761
 17.500000      0.93033754
 17.600000      0.94646400
 17.700000      0.96072480
 17.800000      0.97298410
 17.900000      0.98311871
 18.000000      0.99100558
 18.100000      0.99652348
 18.200000      0.99956296
 18.300000      1.00000000
 18.400000      0.99775964
 18.500000      0.99280436
 18.600000      0.98510081
 18.700000      0.97461678
 18.800000      0.96134626
 18.900000      0.94530728
 19.000000      0.92651861
 19.100000      0.90501161
 19.200000      0.88086751
 19.300000      0.85415618
 19.400000      0.82497609
 19.500000      0.79343365
 19.600000      0.75966409
 19.700000      0.72379826
 19.800000      0.68597595
 19.900000      0.64636291
 20.000000      0.60513133
 20.100000      0.56245327
 20.200000      0.51851590
 20.300000      0.47351144
 20.400000      0.42762401
 20.500000      0.38105062
 20.600000      0.33397874
 20.700000      0.28659811
 20.800000      0.23908839
 20.900000      0.19163859
 21.000000      0.14441886
 21.100000      0.09760146
 21.200000      0.05135114
 21.300000      0.00583078
 21.400000     -0.03881569
 21.500000     -0.08244736
 21.600000     -0.12492984
 21.700000     -0.16613540
 21.800000     -0.20596171
 21.900000     -0.24430363
 22.000000     -0.28106786
 22.100000     -0.31616784
 22.200000     -0.34953994
 22.300000     -0.38112339
 22.400000     -0.41085404
 22.500000     -0.43870024
 22.600000     -0.46462259
 22.700000     -0.48860587
 22.800000     -0.51064721
 22.900000     -0.53073459
 23.000000     -0.54886452
 23.100000     -0.56504862
 23.200000     -0.57932104
 23.300000     -0.59168866
 23.400000     -0.60218720
 23.500000     -0.61086607
 23.600000     -0.61777112
 23.700000     -0.62295999
 23.800000     -0.62649275
 23.900000     -0.62842943
 24.000000     -0.62883331
 24.100000     -0.62776669
 24.200000     -0.62531161
 24.300000     -0.62154277
 24.400000     -0.61654067
 24.500000     -0.61038941
 24.600000     -0.60317275
 24.700000     -0.59497697
 24.800000     -0.58588795
 24.900000     -0.57598812
 25.000000     -0.56535974
 25.100000     -0.55409075
 25.200000     -0.54225907
 25.300000     -0.52993885
 25.400000     -0.51720563
 25.500000     -0.50413214
 25.600000     -0.49078285
 25.700000     -0.47722350
 25.800000     -0.46350917
 25.900000     -0.44968961
 26.000000     -0.43582095
 26.100000     -0.42195391
 26.200000     -0.40812751
 26.300000     -0.39438231
 26.400000     -0.38075214
 26.500000     -0.36728145
 26.600000     -0.35399606
 26.700000     -0.34092355
 26.800000     -0.32809373
 26.900000     -0.31552634
 27.000000     -0.30324566
 27.100000     -0.29035386
 27.200000     -0.27806304
 27.300000     -0.26683057
 27.400000     -0.25593664
 27.500000     -0.24539007
 27.600000     -0.23519463
 27.700000     -0.22535735
 27.800000     -0.21587920
 27.900000     -0.20222106
 28.000000     -0.19346250
 28.100000     -0.18504864
 28.200000     -0.17697547
 28.300000     -0.16923998
 28.400000     -0.16182736
 28.500000     -0.15472916
 28.600000     -0.14793081
 28.700000     -0.14142321
 28.800000     -0.13519871
 28.900000     -0.12925263
 29.000000     -0.12357936
 29.100000     -0.11817353
 29.200000     -0.11302790
 29.300000     -0.10793632
 29.400000     -0.10327591
 29.500000     -0.09897747
 29.600000     -0.09492263
 29.700000     -0.09110518
 29.800000     -0.08753159
 29.900000     -0.08419750
 30.000000     -0.08109915
 30.100000     -0.07823707
 30.200000     -0.07560363
 30.300000     -0.07276212
 30.400000     -0.07017360
 30.500000     -0.06824325
 30.600000     -0.06651823
 30.700000     -0.06497871
 30.800000     -0.06361879
 30.900000     -0.06242865
 31.000000     -0.06139491
 31.100000     -0.06050630
 31.200000     -0.05975247
 31.300000     -0.05912499
 31.400000     -0.05860966
 31.500000     -0.05929238
 31.600000     -0.05935931
 31.700000     -0.05817243
 31.800000     -0.05689252
 31.900000     -0.05671053
 32.000000     -0.05657845
 32.100000     -0.05648025
 32.200000     -0.05640056
 32.300000     -0.05632747
 32.400000     -0.05625665
 32.500000     -0.05617528
 32.600000     -0.05562426
 32.700000     -0.05441050
 32.800000     -0.05425864
 32.900000     -0.05406168
 33.000000     -0.05381413
 33.100000     -0.05333019
 33.200000     -0.05272288
 33.300000     -0.05189644
 33.400000     -0.04976347
 33.500000     -0.04855278
 33.600000     -0.04790970
 33.700000     -0.04719213
 33.800000     -0.04635696
 33.900000     -0.04544210
 34.000000     -0.04340896
 34.100000     -0.04231069
 34.200000     -0.04083468
 34.300000     -0.03910636
 34.400000     -0.03647229
 34.500000     -0.03286703
 34.600000     -0.03208296
 34.700000     -0.03125396
 34.800000     -0.02859644
 34.900000     -0.02619972
 35.000000     -0.02471576
 35.100000     -0.02395601
 35.200000     -0.02317608
 35.300000     -0.02237987
 35.400000     -0.01801954
 35.500000     -0.01488444
 35.600000     -0.01422024
 35.700000     -0.01354371
 35.800000     -0.01269628
 35.900000     -0.01165812
 36.000000     -0.01148277
 36.100000     -0.01220420
 36.200000     -0.01163381
 36.300000     -0.01106142
 36.400000     -0.01049143
 36.500000     -0.00989159
 36.600000     -0.00928818
 36.700000     -0.00870363
 36.800000     -0.00820657
 36.900000     -0.00758652
 37.000000     -0.00695464
 37.100000     -0.00651638
 37.200000     -0.00610419
 37.300000     -0.00567915
 37.400000     -0.00504705
 37.500000     -0.00463431
 37.600000     -0.00424437
 37.700000     -0.00406338
 37.800000     -0.00382311
 37.900000     -0.00344849
 38.000000     -0.00301804
 38.100000     -0.00255958
 38.200000     -0.00201537
 38.300000     -0.00143192
 38.400000     -0.00069365
 38.500000      0.00004458
 38.600000      0.00071234
 38.700000      0.00181930
 38.800000      0.00297768
 38.900000      0.00379091
 39.000000      0.00456707
 39.100000      0.00532871
 39.200000      0.00603666
 39.300000      0.00676127
 39.400000      0.00750969
 39.500000      0.00824613
 39.600000      0.00893884
 39.700000      0.00959751
 39.800000      0.01009642
 39.900000      0.01057393
