  0.000000     -0.05512887
  0.100000     -0.05499449
  0.200000     -0.05482562
  0.300000     -0.05450861
  0.400000     -0.05424600
  0.500000     -0.05389528
  0.600000     -0.05333939
  0.700000     -0.05278769
  0.800000     -0.05243479
  0.900000     -0.05214523
  1.000000     -0.05182637
  1.100000     -0.05146511
  1.200000     -0.05117560
  1.300000     -0.05092314
  1.400000     -0.05092956
  1.500000     -0.05058526
  1.600000     -0.05019601
  1.700000     -0.04994960
  1.800000     -0.04960636
  1.900000     -0.04941948
  2.000000     -0.04949796
  2.100000     -0.04927072
  2.200000     -0.04920214
  2.300000     -0.04911005
  2.400000     -0.04922180
  2.500000     -0.04912156
  2.600000     -0.04915223
  2.700000     -0.04906406
  2.800000     -0.04891798
  2.900000     -0.04890813
  3.000000     -0.04883415
  3.100000     -0.04871039
  3.200000     -0.04867865
  3.300000     -0.04867779
  3.400000     -0.04871423
  3.500000     -0.04878974
  3.600000     -0.04884177
  3.700000     -0.04891470
  3.800000     -0.04902935
  3.900000     -0.04918674
  4.000000     -0.04938511
  4.100000     -0.04961791
  4.200000     -0.04987052
  4.300000     -0.05014140
  4.400000     -0.05042508
  4.500000     -0.05075648
  4.600000     -0.05121418
  4.700000     -0.05155178
  4.800000     -0.05189307
  4.900000     -0.05257194
  5.000000     -0.05296524
  5.100000     -0.05335883
  5.200000     -0.05386237
  5.300000     -0.05433137
  5.400000     -0.05473563
  5.500000     -0.05515371
  5.600000     -0.05556552
  5.700000     -0.05593774
  5.800000     -0.05630426
  5.900000     -0.05666697
  6.000000     -0.05700416
  6.100000     -0.05730577
  6.200000     -0.05761003
  6.300000     -0.05790113
  6.400000     -0.05819640
  6.500000     -0.05847746
  6.600000     -0.05872653
  6.700000     -0.05894253
  6.800000     -0.05913765
  6.900000     -0.05931823
  7.000000     -0.05948543
  7.100000     -0.05989725
  7.200000     -0.06009490
  7.300000     -0.06037619
  7.400000     -0.06051717
  7.500000     -0.06065497
  7.600000     -0.06080465
  7.700000     -0.06096397
  7.800000     -0.06112521
  7.900000     -0.06129971
  8.000000     -0.06157028
  8.100000     -0.06194936
  8.200000     -0.06220477
  8.300000     -0.06249780
  8.400000     -0.06282740
  8.500000     -0.06320407
  8.600000     -0.06363620
  8.700000     -0.06412682
  8.800000     -0.06468398
  8.900000     -0.06531149
  9.000000     -0.06601592
  9.100000     -0.06679550
  9.200000     -0.06764713
  9.300000     -0.06857957
  9.400000     -0.06959368
  9.500000     -0.07069134
  9.600000     -0.07187307
  9.700000     -0.07313842
  9.800000     -0.07448681
  9.900000     -0.07592585
 10.000000     -0.07744985
 10.100000     -0.07905081
 10.200000     -0.08072511
 10.300000     -0.08246836
 10.400000     -0.08427344
 10.500000     -0.08613099
 10.600000     -0.08803239
 10.700000     -0.08996550
 10.800000     -0.09191425
 10.900000     -0.09386320
 11.000000     -0.09579719
 11.100000     -0.09769405
 11.200000     -0.09953249
 11.300000     -0.10128747
 11.400000     -0.10293600
 11.500000     -0.10444751
 11.600000     -0.10579063
 11.700000     -0.10693595
 11.800000     -0.10784863
 11.900000     -0.10849100
 12.000000     -0.10882707
 12.100000     -0.10881940
 12.200000     -0.10842853
 12.300000     -0.10761611
 12.400000     -0.10634429
 12.500000     -0.10456783
 12.600000     -0.10225013
 12.700000     -0.09935517
 12.800000     -0.09584312
 12.900000     -0.09167628
 13.000000     -0.08681614
 13.100000     -0.08122986
 13.200000     -0.07488252
 13.300000     -0.06774301
 13.400000     -0.05978443
 13.500000     -0.05097926
 13.600000     -0.04130111
 13.700000     -0.03072955
 13.800000     -0.01924307
 13.900000     -0.00682628
 14.000000      0.00652613
 14.100000      0.02082552
 14.200000      0.03607508
 14.300000      0.05227590
 14.400000      0.06942330
 14.500000      0.08751478
 14.600000      0.10653338
 14.700000      0.12646514
 14.800000      0.14729413
 14.900000      0.16899320
 15.000000      0.19153464
 15.100000      0.21488568
 15.200000      0.23901091
 15.300000      0.26386558
 15.400000      0.28940305
 15.500000      0.31557331
 15.600000      0.34231828
 15.700000      0.36957907
 15.800000      0.39728438
 15.900000      0.42536633
 16.000000      0.45375009
 16.100000      0.48235530
 16.200000      0.51109690
 16.300000      0.53988813
 16.400000      0.56863914
 16.500000      0.59725400
 16.600000      0.62563458
 16.700000      0.65368234
 16.800000      0.68129653
 16.900000      0.70837701
 17.000000      0.73481892
 17.100000      0.76051663
 17.200000      0.78537121
 17.300000      0.80928322
 17.400000      0.83215853
 17.500000      0.85389451
 17.600000      0.87440737
 17.700000      0.89360884
 17.800000      0.91141986
 17.900000      0.92776049
 18.000000      0.94256434
 18.100000      0.95577643
 18.200000      0.96733969
 18.300000      0.97720847
 18.400000      0.98533668
 18.500000      0.99169493
 18.600000      0.99626516
 18.700000      0.99903804
 18.800000      1.00000000
 18.900000      0.99913042
 19.000000      0.99643545
 19.100000      0.99192675
 19.200000      0.98564120
 19.300000      0.97761170
 19.400000      0.96786810
 19.500000      0.95644479
 19.600000      0.94338194
 19.700000      0.92872684
 19.800000      0.91252963
 19.900000      0.89484613
 20.000000      0.87572746
 20.100000      0.85525156
 20.200000      0.83347654
 20.300000      0.81047092
 20.400000      0.78630825
 20.500000      0.76106367
 20.600000      0.73481539
 20.700000      0.70764440
 20.800000      0.67962104
 20.900000      0.65083408
 21.000000      0.62136389
 21.100000      0.59128974
 21.200000      0.56070040
 21.300000      0.52967567
 21.400000      0.49829773
 21.500000      0.46664861
 21.600000      0.43480809
 21.700000      0.40286254
 21.800000      0.37088561
 21.900000      0.33895320
 22.000000      0.30714616
 22.100000      0.27553399
 22.200000      0.24418888
 22.300000      0.21317505
 22.400000      0.18255463
 22.500000      0.15239229
 22.600000      0.12274170
 22.700000      0.09365465
 22.800000      0.06518130
 22.900000      0.03736121
 23.000000      0.01024193
 23.100000     -0.01614428
 23.200000     -0.04176261
 23.300000     -0.06659028
 23.400000     -0.09060759
 23.500000     -0.11376149
 23.600000     -0.13610118
 23.700000     -0.15758672
 23.800000     -0.17821047
 23.900000     -0.19797691
 24.000000     -0.21688393
 24.100000     -0.23493424
 24.200000     -0.25214594
 24.300000     -0.26852978
 24.400000     -0.28410009
 24.500000     -0.29886866
 24.600000     -0.31286285
 24.700000     -0.32610525
 24.800000     -0.33861604
 24.900000     -0.35041986
 25.000000     -0.36154067
 25.100000     -0.37200721
 25.200000     -0.38184452
 25.300000     -0.39108453
 25.400000     -0.39975467
 25.500000     -0.40787915
 25.600000     -0.41548327
 25.700000     -0.42259415
 25.800000     -0.42924148
 25.900000     -0.43544769
 26.000000     -0.44123517
 26.100000     -0.44662356
 26.200000     -0.45163739
 26.300000     -0.45629389
 26.400000     -0.46061223
 26.500000     -0.46460509
 26.600000     -0.46828721
 26.700000     -0.47167244
 26.800000     -0.47477333
 26.900000     -0.47759666
 27.000000     -0.48015015
 27.100000     -0.48243695
 27.200000     -0.48446231
 27.300000     -0.48622937
 27.400000     -0.48773950
 27.500000     -0.48899871
 27.600000     -0.49000486
 27.700000     -0.49075740
 27.800000     -0.49125786
 27.900000     -0.49150295
 28.000000     -0.49149930
 28.100000     -0.49124016
 28.200000     -0.49062409
 28.300000     -0.48986070
 28.400000     -0.48884461
 28.500000     -0.48755456
 28.600000     -0.48599534
 28.700000     -0.48424810
 28.800000     -0.48225418
 28.900000     -0.48000488
 29.000000     -0.47756777
 29.100000     -0.47490236
 29.200000     -0.47150387
 29.300000     -0.46827367
 29.400000     -0.46502812
 29.500000     -0.46159125
 29.600000     -0.45793717
 29.700000     -0.45395630
 29.800000     -0.44976198
 29.900000     -0.44576354
 30.000000     -0.44128184
 30.100000     -0.43683390
 30.200000     -0.43238719
 30.300000     -0.42785039
 30.400000     -0.42321241
 30.500000     -0.41848041
 30.600000     -0.41350223
 30.700000     -0.40866868
 30.800000     -0.40369196
 30.900000     -0.39881975
 31.000000     -0.39400485
 31.100000     -0.38865601
 31.200000     -0.38319407
 31.300000     -0.37826520
 31.400000     -0.37326198
 31.500000     -0.36841589
 31.600000     -0.36354882
 31.700000     -0.35828987
 31.800000     -0.35355118
 31.900000     -0.34861601
 32.000000     -0.34346778
 32.100000     -0.33900992
 32.200000     -0.33450844
 32.300000     -0.32983103
 32.400000     -0.32543317
 32.500000     -0.32010417
 32.600000     -0.31572925
 32.700000     -0.31075493
 32.800000     -0.30635650
 32.900000     -0.30209601
 33.000000     -0.29791692
 33.100000     -0.29395957
 33.200000     -0.28968077
 33.300000     -0.28426487
 33.400000     -0.28001530
 33.500000     -0.27596089
 33.600000     -0.27220411
 33.700000     -0.26804087
 33.800000     -0.26341136
 33.900000     -0.26074758
 34.000000     -0.25758562
 34.100000     -0.25418612
 34.200000     -0.25120916
 34.300000     -0.24785851
 34.400000     -0.24372600
 34.500000     -0.24085051
 34.600000     -0.23767274
 34.700000     -0.23380808
 34.800000     -0.23022483
 34.900000     -0.22716217
 35.000000     -0.22454872
 35.100000     -0.22217853
 35.200000     -0.21960408
 35.300000     -0.21677511
 35.400000     -0.21374089
 35.500000     -0.21088345
 35.600000     -0.20696985
 35.700000     -0.20373713
 35.800000     -0.20065644
 35.900000     -0.19793939
 36.000000     -0.19226858
 36.100000     -0.18836842
 36.200000     -0.18556985
 36.300000     -0.18308848
 36.400000     -0.17997661
 36.500000     -0.17702364
 36.600000     -0.17434315
 36.700000     -0.17162796
 36.800000     -0.16922135
 36.900000     -0.16621646
 37.000000     -0.16305142
 37.100000     -0.15986942
 37.200000     -0.15668786
 37.300000     -0.15302511
 37.400000     -0.14952972
 37.500000     -0.14558300
 37.600000     -0.14258608
 37.700000     -0.13985334
 37.800000     -0.13689976
 37.900000     -0.13366291
 38.000000     -0.13045460
 38.100000     -0.12687645
 38.200000     -0.12281179
 38.300000     -0.11836151
 38.400000     -0.11426252
 38.500000     -0.10901365
 38.600000     -0.10492340
 38.700000     -0.10041454
 38.800000     -0.09583137
 38.900000     -0.09058108
 39.000000     -0.08525727
 39.100000     -0.08059092
 39.200000     -0.07555726
 39.300000     -0.07073352
 39.400000     -0.06618045
 39.500000     -0.06187927
 39.600000     -0.05674014
 39.700000     -0.05236298
 39.800000     -0.04710992
 39.900000     -0.04007126
