  0.000000      0.00586207
  0.100000      0.00522223
  0.200000      0.00423755
  0.300000      0.00412527
  0.400000      0.00384954
  0.500000      0.00411979
  0.600000      0.00436324
  0.700000      0.00397419
  0.800000      0.00370930
  0.900000      0.00360778
  1.000000      0.00410781
  1.100000      0.00461359
  1.200000      0.00504210
  1.300000      0.00533027
  1.400000      0.00661733
  1.500000      0.00631846
  1.600000      0.00653101
  1.700000      0.00673115
  1.800000      0.00659202
  1.900000      0.00642685
  2.000000      0.00644523
  2.100000      0.00626031
  2.200000      0.00611350
  2.300000      0.00498488
  2.400000      0.00345790
  2.500000      0.00305536
  2.600000      0.00243209
  2.700000      0.00151994
  2.800000      0.00065052
  2.900000     -0.00073185
  3.000000     -0.00232566
  3.100000     -0.00287251
  3.200000     -0.00272094
  3.300000     -0.00286277
  3.400000     -0.00303092
  3.500000     -0.00324765
  3.600000     -0.00281719
  3.700000     -0.00175907
  3.800000     -0.00132424
  3.900000     -0.00069131
  4.000000     -0.00103626
  4.100000     -0.00126098
  4.200000     -0.00082386
  4.300000     -0.00062827
  4.400000     -0.00004794
  4.500000      0.00170813
  4.600000      0.00298921
  4.700000      0.00314698
  4.800000      0.00438678
  4.900000      0.00452820
  5.000000      0.00442781
  5.100000      0.00416049
  5.200000      0.00435995
  5.300000      0.00539066
  5.400000      0.00618546
  5.500000      0.00707373
  5.600000      0.00833221
  5.700000      0.00906193
  5.800000      0.00865271
  5.900000      0.00870801
  6.000000      0.00954626
  6.100000      0.00820324
  6.200000      0.00767732
  6.300000      0.00808715
  6.400000      0.00893329
  6.500000      0.00811917
  6.600000      0.00674029
  6.700000      0.00692535
  6.800000      0.00727008
  6.900000      0.00701575
  7.000000      0.00610986
  7.100000      0.00546550
  7.200000      0.00412421
  7.300000      0.00541064
  7.400000      0.00622986
  7.500000      0.00695097
  7.600000      0.00770925
  7.700000      0.00770174
  7.800000      0.00725085
  7.900000      0.00747173
  8.000000      0.00667350
  8.100000      0.00591898
  8.200000      0.00676168
  8.300000      0.00583661
  8.400000      0.00547104
  8.500000      0.00529168
  8.600000      0.00358917
  8.700000      0.00285817
  8.800000      0.00085241
  8.900000     -0.00132827
  9.000000     -0.00089854
  9.100000     -0.00267982
  9.200000     -0.00258091
  9.300000     -0.00289125
  9.400000     -0.00441927
  9.500000     -0.00518262
  9.600000     -0.00515833
  9.700000     -0.00554158
  9.800000     -0.00575951
  9.900000     -0.00622019
 10.000000     -0.00648658
 10.100000     -0.00442760
 10.200000     -0.00531138
 10.300000     -0.00392956
 10.400000     -0.00242070
 10.500000     -0.00107714
 10.600000      0.00174612
 10.700000      0.00378422
 10.800000      0.00590944
 10.900000      0.00707632
 11.000000      0.00738053
 11.100000      0.00815837
 11.200000      0.00913696
 11.300000      0.00915103
 11.400000      0.00894411
 11.500000      0.00878164
 11.600000      0.01010298
 11.700000      0.01158018
 11.800000      0.01314633
 11.900000      0.01202065
 12.000000      0.01145945
 12.100000      0.01224601
 12.200000      0.01246810
 12.300000      0.01220495
 12.400000      0.01089634
 12.500000      0.01043182
 12.600000      0.00910469
 12.700000      0.00692105
 12.800000      0.00643362
 12.900000      0.00516426
 13.000000      0.00320504
 13.100000      0.00282729
 13.200000      0.00235673
 13.300000      0.00368863
 13.400000      0.00286329
 13.500000      0.00471904
 13.600000      0.00228386
 13.700000      0.00032469
 13.800000     -0.00100921
 13.900000     -0.00265509
 14.000000     -0.00413531
 14.100000     -0.00363367
 14.200000     -0.00330039
 14.300000     -0.00164900
 14.400000     -0.00087600
 14.500000     -0.00026662
 14.600000      0.00034169
 14.700000      0.00194109
 14.800000      0.00481830
 14.900000      0.00434052
 15.000000      0.00396341
 15.100000      0.00089528
 15.200000     -0.00016567
 15.300000     -0.00180686
 15.400000     -0.00695894
 15.500000     -0.01008694
 15.600000     -0.01556709
 15.700000     -0.01887221
 15.800000     -0.02091357
 15.900000     -0.02472590
 16.000000     -0.02981513
 16.100000     -0.03355180
 16.200000     -0.03701824
 16.300000     -0.04008447
 16.400000     -0.04279067
 16.500000     -0.04296536
 16.600000     -0.03982408
 16.700000     -0.03504277
 16.800000     -0.02706829
 16.900000     -0.01174245
 17.000000      0.01141060
 17.100000      0.04103194
 17.200000      0.07886549
 17.300000      0.12587730
 17.400000      0.18151829
 17.500000      0.24508625
 17.600000      0.31378796
 17.700000      0.38861765
 17.800000      0.46735287
 17.900000      0.54500589
 18.000000      0.62167781
 18.100000      0.69360628
 18.200000      0.75826912
 18.300000      0.81583201
 18.400000      0.86634877
 18.500000      0.90994209
 18.600000      0.94322912
 18.700000      0.96929690
 18.800000      0.98565672
 18.900000      0.99681806
 19.000000      1.00000000
 19.100000      0.99538052
 19.200000      0.98179900
 19.300000      0.96060575
 19.400000      0.93011070
 19.500000      0.88672204
 19.600000      0.83157023
 19.700000      0.76158497
 19.800000      0.68000717
 19.900000      0.58667624
 20.000000      0.48476315
 20.100000      0.37460363
 20.200000      0.26103332
 20.300000      0.15039802
 20.400000      0.04386478
 20.500000     -0.05312124
 20.600000     -0.14171239
 20.700000     -0.21864769
 20.800000     -0.28532452
 20.900000     -0.34296179
 21.000000     -0.39189016
 21.100000     -0.43201785
 21.200000     -0.46686024
 21.300000     -0.49539101
 21.400000     -0.51695148
 21.500000     -0.53360592
 21.600000     -0.54778803
 21.700000     -0.55863168
 21.800000     -0.56445884
 21.900000     -0.56486089
 22.000000     -0.56272986
 22.100000     -0.55702569
 22.200000     -0.54899517
 22.300000     -0.54015825
 22.400000     -0.53052735
 22.500000     -0.52013868
 22.600000     -0.51081133
 22.700000     -0.49974762
 22.800000     -0.48933381
 22.900000     -0.47771967
 23.000000     -0.46535472
 23.100000     -0.45123149
 23.200000     -0.43493573
 23.300000     -0.41804150
 23.400000     -0.40230169
 23.500000     -0.38509800
 23.600000     -0.36932045
 23.700000     -0.35429328
 23.800000     -0.33979181
 23.900000     -0.32519025
 24.000000     -0.30973260
 24.100000     -0.29440677
 24.200000     -0.27852288
 24.300000     -0.26196850
 24.400000     -0.24852499
 24.500000     -0.23627359
 24.600000     -0.22440525
 24.700000     -0.21210101
 24.800000     -0.20108643
 24.900000     -0.19130535
 25.000000     -0.18168676
 25.100000     -0.17216290
 25.200000     -0.16339165
 25.300000     -0.15675272
 25.400000     -0.14967069
 25.500000     -0.14427602
 25.600000     -0.13678838
 25.700000     -0.13102614
 25.800000     -0.12445125
 25.900000     -0.11974300
 26.000000     -0.11395191
 26.100000     -0.10758077
 26.200000     -0.10296837
 26.300000     -0.09985073
 26.400000     -0.09466483
 26.500000     -0.08895828
 26.600000     -0.08386766
 26.700000     -0.07835054
 26.800000     -0.07366788
 26.900000     -0.07101369
 27.000000     -0.06761784
 27.100000     -0.06618173
 27.200000     -0.06368249
 27.300000     -0.06104712
 27.400000     -0.05968309
 27.500000     -0.05755566
 27.600000     -0.05618732
 27.700000     -0.05424801
 27.800000     -0.05161591
 27.900000     -0.04958938
 28.000000     -0.04747752
 28.100000     -0.04600582
 28.200000     -0.04538782
 28.300000     -0.04480327
 28.400000     -0.04717824
 28.500000     -0.04893962
 28.600000     -0.05088911
 28.700000     -0.05379454
 28.800000     -0.05516337
 28.900000     -0.05562119
 29.000000     -0.05489314
 29.100000     -0.05362596
 29.200000     -0.05245813
 29.300000     -0.05130381
 29.400000     -0.04775408
 29.500000     -0.04505241
 29.600000     -0.04327833
 29.700000     -0.04228941
 29.800000     -0.03983177
 29.900000     -0.03886359
 30.000000     -0.03677309
 30.100000     -0.03512919
 30.200000     -0.03381874
 30.300000     -0.03111344
 30.400000     -0.02938402
 30.500000     -0.02780402
 30.600000     -0.02661682
 30.700000     -0.02562779
 30.800000     -0.02342792
 30.900000     -0.02135190
 31.000000     -0.02092915
 31.100000     -0.02049961
 31.200000     -0.01974962
 31.300000     -0.01956898
 31.400000     -0.02041682
 31.500000     -0.02060484
 31.600000     -0.02010403
 31.700000     -0.02177928
 31.800000     -0.02175289
 31.900000     -0.02118677
 32.000000     -0.02207534
 32.100000     -0.02332217
 32.200000     -0.02407895
 32.300000     -0.02445406
 32.400000     -0.02609958
 32.500000     -0.02682996
 32.600000     -0.02848826
 32.700000     -0.02978714
 32.800000     -0.02974727
 32.900000     -0.03107742
 33.000000     -0.03202715
 33.100000     -0.03299793
 33.200000     -0.03287796
 33.300000     -0.03270393
 33.400000     -0.03307622
 33.500000     -0.03206630
 33.600000     -0.03110163
 33.700000     -0.03013412
 33.800000     -0.02941958
 33.900000     -0.02852473
 34.000000     -0.02697470
 34.100000     -0.02496590
 34.200000     -0.02212237
 34.300000     -0.02195126
 34.400000     -0.02234965
 34.500000     -0.02185123
 34.600000     -0.01943686
 34.700000     -0.01704408
 34.800000     -0.01514977
 34.900000     -0.01395662
 35.000000     -0.01220207
 35.100000     -0.01113911
 35.200000     -0.00921132
 35.300000     -0.00765166
 35.400000     -0.00725373
 35.500000     -0.00671348
 35.600000     -0.00629796
 35.700000     -0.00566210
 35.800000     -0.00553500
 35.900000     -0.00521347
 36.000000     -0.00469384
 36.100000     -0.00340796
 36.200000     -0.00172216
 36.300000      0.00067060
 36.400000      0.00250082
 36.500000      0.00302520
 36.600000      0.00396581
 36.700000      0.00564055
 36.800000      0.00756464
 36.900000      0.00940269
 37.000000      0.01089695
 37.100000      0.01193808
 37.200000      0.01278351
 37.300000      0.01336435
 37.400000      0.01350230
 37.500000      0.01330645
 37.600000      0.01225515
 37.700000      0.01151869
 37.800000      0.01012087
 37.900000      0.00835512
 38.000000      0.00682080
 38.100000      0.00449266
 38.200000      0.00323577
 38.300000      0.00242200
 38.400000      0.00139179
 38.500000      0.00032024
 38.600000      0.00076823
 38.700000      0.00057048
 38.800000      0.00004646
 38.900000      0.00041781
 39.000000      0.00132249
 39.100000      0.00212463
 39.200000      0.00228369
 39.300000      0.00243115
 39.400000      0.00186917
 39.500000      0.00075946
 39.600000     -0.00010399
 39.700000     -0.00056664
 39.800000     -0.00098668
 39.900000     -0.00198861
