  0.000000      0.00280952
  0.100000      0.00251466
  0.200000      0.00209472
  0.300000      0.00146367
  0.400000      0.00075179
  0.500000      0.00003061
  0.600000     -0.00073433
  0.700000     -0.00141842
  0.800000     -0.00199735
  0.900000     -0.00263640
  1.000000     -0.00335373
  1.100000     -0.00422852
  1.200000     -0.00530089
  1.300000     -0.00624260
  1.400000     -0.00688088
  1.500000     -0.00722429
  1.600000     -0.00725039
  1.700000     -0.00708129
  1.800000     -0.00674646
  1.900000     -0.00602485
  2.000000     -0.00503021
  2.100000     -0.00406523
  2.200000     -0.00292958
  2.300000     -0.00149218
  2.400000      0.00000960
  2.500000      0.00137775
  2.600000      0.00253432
  2.700000      0.00358148
  2.800000      0.00474268
  2.900000      0.00599564
  3.000000      0.00705396
  3.100000      0.00772717
  3.200000      0.00816731
  3.300000      0.00824593
  3.400000      0.00779897
  3.500000      0.00701228
  3.600000      0.00603536
  3.700000      0.00490636
  3.800000      0.00361625
  3.900000      0.00211838
  4.000000      0.00063729
  4.100000     -0.00073862
  4.200000     -0.00231257
  4.300000     -0.00414839
  4.400000     -0.00616916
  4.500000     -0.00820961
  4.600000     -0.01028617
  4.700000     -0.01347262
  4.800000     -0.01720808
  4.900000     -0.02117892
  5.000000     -0.02519088
  5.100000     -0.02894995
  5.200000     -0.03214424
  5.300000     -0.03470734
  5.400000     -0.03660082
  5.500000     -0.03781116
  5.600000     -0.03831447
  5.700000     -0.03843229
  5.800000     -0.03851464
  5.900000     -0.03877621
  6.000000     -0.03957938
  6.100000     -0.04138482
  6.200000     -0.04475346
  6.300000     -0.04967868
  6.400000     -0.05595565
  6.500000     -0.06355431
  6.600000     -0.07220151
  6.700000     -0.08119239
  6.800000     -0.08953624
  6.900000     -0.09737163
  7.000000     -0.10452831
  7.100000     -0.11105864
  7.200000     -0.11657022
  7.300000     -0.12058209
  7.400000     -0.12267600
  7.500000     -0.12347018
  7.600000     -0.12321107
  7.700000     -0.12206562
  7.800000     -0.12006593
  7.900000     -0.11702778
  8.000000     -0.11372493
  8.100000     -0.10977342
  8.200000     -0.10442379
  8.300000     -0.09703386
  8.400000     -0.08750160
  8.500000     -0.07512310
  8.600000     -0.05898018
  8.700000     -0.03978712
  8.800000     -0.01622368
  8.900000      0.01173542
  9.000000      0.04339092
  9.100000      0.07944034
  9.200000      0.12109865
  9.300000      0.16733796
  9.400000      0.21764001
  9.500000      0.27157822
  9.600000      0.32865955
  9.700000      0.38783508
  9.800000      0.44805392
  9.900000      0.50810888
 10.000000      0.56723637
 10.100000      0.62621641
 10.200000      0.68380879
 10.300000      0.73902961
 10.400000      0.79037783
 10.500000      0.83721926
 10.600000      0.87887669
 10.700000      0.91442608
 10.800000      0.94316122
 10.900000      0.96569854
 11.000000      0.98273198
 11.100000      0.99383238
 11.200000      0.99980314
 11.300000      1.00000000
 11.400000      0.99374768
 11.500000      0.98098114
 11.600000      0.96167903
 11.700000      0.93580134
 11.800000      0.90316954
 11.900000      0.86448940
 12.000000      0.82069437
 12.100000      0.77179957
 12.200000      0.71773172
 12.300000      0.65952554
 12.400000      0.59868093
 12.500000      0.53487708
 12.600000      0.46873889
 12.700000      0.40214550
 12.800000      0.33617382
 12.900000      0.27154778
 13.000000      0.20874164
 13.100000      0.14792015
 13.200000      0.08898866
 13.300000      0.03171255
 13.400000     -0.02355156
 13.500000     -0.07613997
 13.600000     -0.12606519
 13.700000     -0.17217554
 13.800000     -0.21420595
 13.900000     -0.25259692
 14.000000     -0.28724018
 14.100000     -0.31798511
 14.200000     -0.34410923
 14.300000     -0.36641834
 14.400000     -0.38397126
 14.500000     -0.39682575
 14.600000     -0.40611177
 14.700000     -0.41251912
 14.800000     -0.41678144
 14.900000     -0.41834597
 15.000000     -0.41709929
 15.100000     -0.41344736
 15.200000     -0.40830311
 15.300000     -0.40149102
 15.400000     -0.39313675
 15.500000     -0.38444134
 15.600000     -0.37604814
 15.700000     -0.36725022
 15.800000     -0.35721938
 15.900000     -0.34618354
 16.000000     -0.33426095
 16.100000     -0.32147288
 16.200000     -0.30813864
 16.300000     -0.29505180
 16.400000     -0.28294955
 16.500000     -0.27258928
 16.600000     -0.26351725
 16.700000     -0.25547351
 16.800000     -0.24760815
 16.900000     -0.23898099
 17.000000     -0.23005113
 17.100000     -0.22171497
 17.200000     -0.21396710
 17.300000     -0.20664953
 17.400000     -0.19965142
 17.500000     -0.19208722
 17.600000     -0.18385664
 17.700000     -0.17554249
 17.800000     -0.16742763
 17.900000     -0.15980726
 18.000000     -0.15282429
 18.100000     -0.14685314
 18.200000     -0.14203052
 18.300000     -0.13810820
 18.400000     -0.13535830
 18.500000     -0.13386348
 18.600000     -0.13237816
 18.700000     -0.13001855
 18.800000     -0.12686042
 18.900000     -0.12307402
 19.000000     -0.11828029
 19.100000     -0.11296137
 19.200000     -0.10775186
 19.300000     -0.10288062
 19.400000     -0.09784420
 19.500000     -0.09270754
 19.600000     -0.08749757
 19.700000     -0.08226654
 19.800000     -0.07700055
 19.900000     -0.07199047
 20.000000     -0.06749092
 20.100000     -0.06341405
 20.200000     -0.06001009
 20.300000     -0.05740303
 20.400000     -0.05568685
 20.500000     -0.05464342
 20.600000     -0.05379059
 20.700000     -0.05271928
 20.800000     -0.05204768
 20.900000     -0.05159551
 21.000000     -0.05098158
 21.100000     -0.05020896
 21.200000     -0.04940359
 21.300000     -0.04862062
 21.400000     -0.04778185
 21.500000     -0.04692986
 21.600000     -0.04615118
 21.700000     -0.04583130
 21.800000     -0.04594164
 21.900000     -0.04579009
 22.000000     -0.04516372
 22.100000     -0.04414743
 22.200000     -0.04246564
 22.300000     -0.04005592
 22.400000     -0.03718218
 22.500000     -0.03410070
 22.600000     -0.03127251
 22.700000     -0.02866042
 22.800000     -0.02614451
 22.900000     -0.02394635
 23.000000     -0.02245023
 23.100000     -0.02164705
 23.200000     -0.02177521
 23.300000     -0.02313415
 23.400000     -0.02518432
 23.500000     -0.02755753
 23.600000     -0.03030376
 23.700000     -0.03336358
 23.800000     -0.03635824
 23.900000     -0.03957732
 24.000000     -0.04310589
 24.100000     -0.04663858
 24.200000     -0.05004190
 24.300000     -0.05301320
 24.400000     -0.05550590
 24.500000     -0.05685747
 24.600000     -0.05811770
 24.700000     -0.05940837
 24.800000     -0.06103974
 24.900000     -0.06287644
 25.000000     -0.06430490
 25.100000     -0.06522901
 25.200000     -0.06576456
 25.300000     -0.06604541
 25.400000     -0.06610350
 25.500000     -0.06649255
 25.600000     -0.06730211
 25.700000     -0.06832750
 25.800000     -0.06918639
 25.900000     -0.06969133
 26.000000     -0.06973298
 26.100000     -0.06896937
 26.200000     -0.06747845
 26.300000     -0.06522204
 26.400000     -0.06201278
 26.500000     -0.05837563
 26.600000     -0.05504242
 26.700000     -0.05179502
 26.800000     -0.04873118
 26.900000     -0.04561981
 27.000000     -0.04222395
 27.100000     -0.03859805
 27.200000     -0.03468970
 27.300000     -0.03062383
 27.400000     -0.02662123
 27.500000     -0.02288645
 27.600000     -0.01956831
 27.700000     -0.01671085
 27.800000     -0.01438889
 27.900000     -0.01268260
 28.000000     -0.01157326
 28.100000     -0.01105127
 28.200000     -0.01134043
 28.300000     -0.01251223
 28.400000     -0.01462063
 28.500000     -0.01753184
 28.600000     -0.02099715
 28.700000     -0.02516924
 28.800000     -0.02978878
 28.900000     -0.03450876
 29.000000     -0.03905031
 29.100000     -0.04342512
 29.200000     -0.04757460
 29.300000     -0.05134614
 29.400000     -0.05464637
 29.500000     -0.05753060
 29.600000     -0.06006697
 29.700000     -0.06224035
 29.800000     -0.06434131
 29.900000     -0.06655069
 30.000000     -0.06866942
 30.100000     -0.07076682
 30.200000     -0.07284934
 30.300000     -0.07475785
 30.400000     -0.07625926
 30.500000     -0.07722948
 30.600000     -0.07776955
 30.700000     -0.07795439
 30.800000     -0.07774690
 30.900000     -0.07740617
 31.000000     -0.07689638
 31.100000     -0.07605285
 31.200000     -0.07506568
 31.300000     -0.07392762
 31.400000     -0.07283035
 31.500000     -0.07154741
 31.600000     -0.07011430
 31.700000     -0.06876859
 31.800000     -0.06758340
 31.900000     -0.06658707
 32.000000     -0.06555680
 32.100000     -0.06447775
 32.200000     -0.06339029
 32.300000     -0.06227683
 32.400000     -0.06105186
 32.500000     -0.05980642
 32.600000     -0.05856955
 32.700000     -0.05735953
 32.800000     -0.05622896
 32.900000     -0.05508851
 33.000000     -0.05359961
 33.100000     -0.05202165
 33.200000     -0.05042051
 33.300000     -0.04884719
 33.400000     -0.04730396
 33.500000     -0.04578054
 33.600000     -0.04426337
 33.700000     -0.04304526
 33.800000     -0.04220380
 33.900000     -0.04147200
 34.000000     -0.04074454
 34.100000     -0.04022716
 34.200000     -0.03997528
 34.300000     -0.04008929
 34.400000     -0.04073826
 34.500000     -0.04177262
 34.600000     -0.04290848
 34.700000     -0.04397068
 34.800000     -0.04483216
 34.900000     -0.04540422
 35.000000     -0.04581926
 35.100000     -0.04606160
 35.200000     -0.04617111
 35.300000     -0.04621278
 35.400000     -0.04597518
 35.500000     -0.04562805
 35.600000     -0.04499171
 35.700000     -0.04453313
 35.800000     -0.04385991
 35.900000     -0.04277809
 36.000000     -0.04141537
 36.100000     -0.03968815
 36.200000     -0.03773767
 36.300000     -0.03552377
 36.400000     -0.03300793
 36.500000     -0.03008086
 36.600000     -0.02670360
 36.700000     -0.02303998
 36.800000     -0.01908897
 36.900000     -0.01493413
 37.000000     -0.01098967
 37.100000     -0.00765278
 37.200000     -0.00503876
 37.300000     -0.00278752
 37.400000     -0.00084736
 37.500000      0.00066993
 37.600000      0.00186503
 37.700000      0.00224087
 37.800000      0.00181206
 37.900000      0.00169671
 38.000000      0.00289206
 38.100000      0.00389918
 38.200000      0.00472752
 38.300000      0.00566122
 38.400000      0.00550000
 38.500000      0.00461423
 38.600000      0.00336294
 38.700000      0.00179579
 38.800000      0.00010248
 38.900000     -0.00186175
 39.000000     -0.00412112
 39.100000     -0.00657206
 39.200000     -0.00908644
 39.300000     -0.01154523
 39.400000     -0.01413874
 39.500000     -0.01663961
 39.600000     -0.01918386
 39.700000     -0.02185433
 39.800000     -0.02465670
 39.900000     -0.02749093
