  0.000000      0.04627292
  0.100000      0.04655502
  0.200000      0.04660473
  0.300000      0.04683514
  0.400000      0.04582455
  0.500000      0.04642036
  0.600000      0.04796910
  0.700000      0.05009525
  0.800000      0.04997583
  0.900000      0.04916547
  1.000000      0.04946878
  1.100000      0.05085899
  1.200000      0.05104888
  1.300000      0.05045223
  1.400000      0.04900682
  1.500000      0.04736694
  1.600000      0.04810974
  1.700000      0.04880647
  1.800000      0.04925721
  1.900000      0.05026012
  2.000000      0.05014765
  2.100000      0.04903057
  2.200000      0.04967037
  2.300000      0.04920326
  2.400000      0.04848832
  2.500000      0.04993339
  2.600000      0.05095258
  2.700000      0.04965213
  2.800000      0.05117673
  2.900000      0.05201760
  3.000000      0.05082405
  3.100000      0.05026002
  3.200000      0.04936975
  3.300000      0.04616729
  3.400000      0.04545024
  3.500000      0.04350116
  3.600000      0.04369131
  3.700000      0.04536719
  3.800000      0.04459446
  3.900000      0.04679975
  4.000000      0.04628442
  4.100000      0.04774595
  4.200000      0.04799915
  4.300000      0.04660570
  4.400000      0.04653580
  4.500000      0.04764743
  4.600000      0.04911547
  4.700000      0.05006100
  4.800000      0.05179873
  4.900000      0.05450236
  5.000000      0.05521744
  5.100000      0.05473077
  5.200000      0.05588237
  5.300000      0.05619759
  5.400000      0.05580184
  5.500000      0.05794481
  5.600000      0.06335406
  5.700000      0.06622619
  5.800000      0.07057308
  5.900000      0.07786034
  6.000000      0.08442985
  6.100000      0.09114953
  6.200000      0.10149381
  6.300000      0.11058825
  6.400000      0.12081943
  6.500000      0.12815657
  6.600000      0.13565977
  6.700000      0.14734490
  6.800000      0.15936218
  6.900000      0.17369402
  7.000000      0.19063179
  7.100000      0.20787272
  7.200000      0.22682406
  7.300000      0.24800839
  7.400000      0.26863526
  7.500000      0.28974521
  7.600000      0.31630571
  7.700000      0.34353818
  7.800000      0.37283891
  7.900000      0.40935593
  8.000000      0.44587746
  8.100000      0.48125039
  8.200000      0.52143050
  8.300000      0.56352019
  8.400000      0.60443947
  8.500000      0.64965553
  8.600000      0.69579148
  8.700000      0.73796828
  8.800000      0.78050227
  8.900000      0.82105224
  9.000000      0.85564347
  9.100000      0.88790282
  9.200000      0.91612374
  9.300000      0.94246382
  9.400000      0.96303000
  9.500000      0.97983752
  9.600000      0.99238602
  9.700000      0.99832701
  9.800000      1.00000000
  9.900000      0.99781108
 10.000000      0.99610564
 10.100000      0.98841208
 10.200000      0.97570431
 10.300000      0.96111541
 10.400000      0.94339561
 10.500000      0.92432083
 10.600000      0.90488976
 10.700000      0.88580742
 10.800000      0.86666312
 10.900000      0.84907787
 11.000000      0.82867076
 11.100000      0.81027549
 11.200000      0.79609143
 11.300000      0.78242261
 11.400000      0.77089907
 11.500000      0.75802280
 11.600000      0.74659306
 11.700000      0.73627880
 11.800000      0.72992145
 11.900000      0.72012987
 12.000000      0.70529001
 12.100000      0.69517847
 12.200000      0.68112950
 12.300000      0.66303483
 12.400000      0.64416286
 12.500000      0.62190045
 12.600000      0.59649578
 12.700000      0.57099300
 12.800000      0.53972849
 12.900000      0.50492904
 13.000000      0.46581203
 13.100000      0.42312476
 13.200000      0.37437858
 13.300000      0.32742008
 13.400000      0.27867718
 13.500000      0.22453738
 13.600000      0.17091377
 13.700000      0.11752904
 13.800000      0.06465517
 13.900000      0.01337527
 14.000000     -0.03711793
 14.100000     -0.08547256
 14.200000     -0.13542755
 14.300000     -0.18224787
 14.400000     -0.22733232
 14.500000     -0.26798498
 14.600000     -0.30304949
 14.700000     -0.33740118
 14.800000     -0.36924042
 14.900000     -0.39871558
 15.000000     -0.42321608
 15.100000     -0.44883286
 15.200000     -0.47168835
 15.300000     -0.49000537
 15.400000     -0.50578272
 15.500000     -0.52037706
 15.600000     -0.53689316
 15.700000     -0.54666816
 15.800000     -0.55665880
 15.900000     -0.56630797
 16.000000     -0.57478463
 16.100000     -0.58382282
 16.200000     -0.59077012
 16.300000     -0.59828468
 16.400000     -0.60228890
 16.500000     -0.60682910
 16.600000     -0.60871854
 16.700000     -0.60897852
 16.800000     -0.60738934
 16.900000     -0.60288326
 17.000000     -0.59405624
 17.100000     -0.58860222
 17.200000     -0.58252530
 17.300000     -0.57471840
 17.400000     -0.56612982
 17.500000     -0.56054749
 17.600000     -0.55047587
 17.700000     -0.54359334
 17.800000     -0.53765599
 17.900000     -0.52794378
 18.000000     -0.51298148
 18.100000     -0.50580783
 18.200000     -0.49519946
 18.300000     -0.48568761
 18.400000     -0.47589737
 18.500000     -0.46410839
 18.600000     -0.44970495
 18.700000     -0.43806675
 18.800000     -0.42818359
 18.900000     -0.41730322
 19.000000     -0.40675063
 19.100000     -0.39614712
 19.200000     -0.39058258
 19.300000     -0.38737716
 19.400000     -0.38291629
 19.500000     -0.37827977
 19.600000     -0.37540089
 19.700000     -0.37081652
 19.800000     -0.36493742
 19.900000     -0.36045800
 20.000000     -0.35431345
 20.100000     -0.34616918
 20.200000     -0.33896129
 20.300000     -0.33296321
 20.400000     -0.32470346
 20.500000     -0.31446125
 20.600000     -0.30542938
 20.700000     -0.29805194
 20.800000     -0.29079503
 20.900000     -0.28293914
 21.000000     -0.27905226
 21.100000     -0.27686804
 21.200000     -0.27194418
 21.300000     -0.27103944
 21.400000     -0.27313370
 21.500000     -0.27171926
 21.600000     -0.27167352
 21.700000     -0.27355599
 21.800000     -0.27261942
 21.900000     -0.27591523
 22.000000     -0.27874540
 22.100000     -0.27920725
 22.200000     -0.28190087
 22.300000     -0.28375114
 22.400000     -0.28060654
 22.500000     -0.28306011
 22.600000     -0.28615149
 22.700000     -0.28523821
 22.800000     -0.28640691
 22.900000     -0.28892329
 23.000000     -0.28598843
 23.100000     -0.28448384
 23.200000     -0.28511402
 23.300000     -0.28536147
 23.400000     -0.28644176
 23.500000     -0.28708779
 23.600000     -0.28866051
 23.700000     -0.29348513
 23.800000     -0.29775739
 23.900000     -0.29471195
 24.000000     -0.29475206
 24.100000     -0.29571837
 24.200000     -0.29333213
 24.300000     -0.28865265
 24.400000     -0.28282391
 24.500000     -0.27739936
 24.600000     -0.27370244
 24.700000     -0.26853668
 24.800000     -0.26302762
 24.900000     -0.26092541
 25.000000     -0.25812338
 25.100000     -0.25482370
 25.200000     -0.25555389
 25.300000     -0.25142844
 25.400000     -0.24256516
 25.500000     -0.23588417
 25.600000     -0.23145563
 25.700000     -0.22605114
 25.800000     -0.21815824
 25.900000     -0.21114660
 26.000000     -0.20383352
 26.100000     -0.19510546
 26.200000     -0.18823177
 26.300000     -0.18065879
 26.400000     -0.17341392
 26.500000     -0.16766579
 26.600000     -0.16177078
 26.700000     -0.15740415
 26.800000     -0.15854815
 26.900000     -0.15788591
 27.000000     -0.15561089
 27.100000     -0.15416808
 27.200000     -0.15252437
 27.300000     -0.14768780
 27.400000     -0.14559761
 27.500000     -0.14269852
 27.600000     -0.13993778
 27.700000     -0.13950541
 27.800000     -0.14215793
 27.900000     -0.14257548
 28.000000     -0.14113563
 28.100000     -0.13963177
 28.200000     -0.13755834
 28.300000     -0.13385692
 28.400000     -0.13003907
 28.500000     -0.13082549
 28.600000     -0.12822640
 28.700000     -0.12582061
 28.800000     -0.12468300
 28.900000     -0.12192225
 29.000000     -0.12107983
 29.100000     -0.12121998
 29.200000     -0.11786307
 29.300000     -0.11632459
 29.400000     -0.11605807
 29.500000     -0.11499739
 29.600000     -0.11224413
 29.700000     -0.11019063
 29.800000     -0.10504930
 29.900000     -0.10329640
 30.000000     -0.10026013
 30.100000     -0.09691036
 30.200000     -0.09142283
 30.300000     -0.08676361
 30.400000     -0.08579283
 30.500000     -0.08380698
 30.600000     -0.08047512
 30.700000     -0.07649821
 30.800000     -0.07196591
 30.900000     -0.07105647
 31.000000     -0.06888756
 31.100000     -0.06635067
 31.200000     -0.06249118
 31.300000     -0.05837081
 31.400000     -0.05769999
 31.500000     -0.05645171
 31.600000     -0.05319861
 31.700000     -0.05242342
 31.800000     -0.05317633
 31.900000     -0.05353779
 32.000000     -0.05218075
 32.100000     -0.05109410
 32.200000     -0.05187767
 32.300000     -0.05252823
 32.400000     -0.05139405
 32.500000     -0.04753554
 32.600000     -0.04419766
 32.700000     -0.04353955
 32.800000     -0.04243878
 32.900000     -0.04060177
 33.000000     -0.03929444
 33.100000     -0.03688266
 33.200000     -0.03502191
 33.300000     -0.03447546
 33.400000     -0.03385104
 33.500000     -0.03375187
 33.600000     -0.03655116
 33.700000     -0.03535447
 33.800000     -0.03358082
 33.900000     -0.03515325
 34.000000     -0.03651839
 34.100000     -0.03702447
 34.200000     -0.03911801
 34.300000     -0.04047402
 34.400000     -0.04064118
 34.500000     -0.04117743
 34.600000     -0.04241692
 34.700000     -0.04258165
 34.800000     -0.04044468
 34.900000     -0.03836913
 35.000000     -0.03768285
 35.100000     -0.03660085
 35.200000     -0.03653320
 35.300000     -0.03574398
 35.400000     -0.03244176
 35.500000     -0.02946262
 35.600000     -0.02856843
 35.700000     -0.02718428
 35.800000     -0.02644566
 35.900000     -0.02438413
 36.000000     -0.02268557
 36.100000     -0.02135836
 36.200000     -0.01875340
 36.300000     -0.01733433
 36.400000     -0.01588156
 36.500000     -0.01414872
 36.600000     -0.01378554
 36.700000     -0.01429786
 36.800000     -0.01406610
 36.900000     -0.01499666
 37.000000     -0.01516991
 37.100000     -0.01441535
 37.200000     -0.01448264
 37.300000     -0.01560290
 37.400000     -0.01740441
 37.500000     -0.01895876
 37.600000     -0.01996350
 37.700000     -0.01999343
 37.800000     -0.02088883
 37.900000     -0.02243612
 38.000000     -0.02310986
 38.100000     -0.02356080
 38.200000     -0.02334777
 38.300000     -0.02413551
 38.400000     -0.02514924
 38.500000     -0.02585401
 38.600000     -0.02580944
 38.700000     -0.02599772
 38.800000     -0.02667504
 38.900000     -0.02664400
 39.000000     -0.02547179
 39.100000     -0.02433830
 39.200000     -0.02470687
 39.300000     -0.02395662
 39.400000     -0.02338590
 39.500000     -0.02341913
 39.600000     -0.02312451
 39.700000     -0.02220715
 39.800000     -0.02169965
 39.900000     -0.02065066
