  0.000000     -0.06160991
  0.100000     -0.06168738
  0.200000     -0.06172754
  0.300000     -0.06187747
  0.400000     -0.06221652
  0.500000     -0.06224760
  0.600000     -0.06214666
  0.700000     -0.06266885
  0.800000     -0.06300663
  0.900000     -0.06221979
  1.000000     -0.06227319
  1.100000     -0.06261607
  1.200000     -0.06280501
  1.300000     -0.06290321
  1.400000     -0.06301945
  1.500000     -0.06291769
  1.600000     -0.06227037
  1.700000     -0.06256920
  1.800000     -0.06261667
  1.900000     -0.06273977
  2.000000     -0.06276477
  2.100000     -0.06279750
  2.200000     -0.06283373
  2.300000     -0.06287417
  2.400000     -0.06319965
  2.500000     -0.06355670
  2.600000     -0.06388789
  2.700000     -0.06397396
  2.800000     -0.06399061
  2.900000     -0.06384633
  3.000000     -0.06383197
  3.100000     -0.06339323
  3.200000     -0.06388580
  3.300000     -0.06435134
  3.400000     -0.06437283
  3.500000     -0.06458285
  3.600000     -0.06555146
  3.700000     -0.06609008
  3.800000     -0.06663435
  3.900000     -0.06753284
  4.000000     -0.06790526
  4.100000     -0.06834116
  4.200000     -0.06866613
  4.300000     -0.07027769
  4.400000     -0.07065267
  4.500000     -0.07169297
  4.600000     -0.07254932
  4.700000     -0.07291614
  4.800000     -0.07327739
  4.900000     -0.07356670
  5.000000     -0.07386312
  5.100000     -0.07406145
  5.200000     -0.07432981
  5.300000     -0.07467071
  5.400000     -0.07523328
  5.500000     -0.07681621
  5.600000     -0.07733469
  5.700000     -0.07790941
  5.800000     -0.07862961
  5.900000     -0.07902845
  6.000000     -0.07942640
  6.100000     -0.07997223
  6.200000     -0.08054645
  6.300000     -0.08097615
  6.400000     -0.08236606
  6.500000     -0.08394687
  6.600000     -0.08510660
  6.700000     -0.08747170
  6.800000     -0.08853838
  6.900000     -0.08955094
  7.000000     -0.09037096
  7.100000     -0.09111129
  7.200000     -0.09191652
  7.300000     -0.09275897
  7.400000     -0.09363911
  7.500000     -0.09455189
  7.600000     -0.09555129
  7.700000     -0.09755973
  7.800000     -0.09878265
  7.900000     -0.10053203
  8.000000     -0.10218183
  8.100000     -0.10331007
  8.200000     -0.10447995
  8.300000     -0.10568649
  8.400000     -0.10693673
  8.500000     -0.10824546
  8.600000     -0.10959719
  8.700000     -0.11100108
  8.800000     -0.11301042
  8.900000     -0.11484838
  9.000000     -0.11638917
  9.100000     -0.11795758
  9.200000     -0.11956210
  9.300000     -0.12119597
  9.400000     -0.12286580
  9.500000     -0.12462893
  9.600000     -0.12677848
  9.700000     -0.12851831
  9.800000     -0.13027609
  9.900000     -0.13203850
 10.000000     -0.13411875
 10.100000     -0.13743695
 10.200000     -0.13924846
 10.300000     -0.14093436
 10.400000     -0.14258859
 10.500000     -0.14420508
 10.600000     -0.14576679
 10.700000     -0.14725998
 10.800000     -0.14867918
 10.900000     -0.15000862
 11.000000     -0.15122654
 11.100000     -0.15232191
 11.200000     -0.15327954
 11.300000     -0.15407709
 11.400000     -0.15469500
 11.500000     -0.15511503
 11.600000     -0.15531668
 11.700000     -0.15527596
 11.800000     -0.15496862
 11.900000     -0.15437196
 12.000000     -0.15345762
 12.100000     -0.15220324
 12.200000     -0.15058391
 12.300000     -0.14856686
 12.400000     -0.14612696
 12.500000     -0.14323460
 12.600000     -0.13986372
 12.700000     -0.13598717
 12.800000     -0.13157628
 12.900000     -0.12660437
 13.000000     -0.12103885
 13.100000     -0.11485683
 13.200000     -0.10803674
 13.300000     -0.10055035
 13.400000     -0.09237136
 13.500000     -0.08348043
 13.600000     -0.07385242
 13.700000     -0.06347150
 13.800000     -0.05231856
 13.900000     -0.04037786
 14.000000     -0.02763211
 14.100000     -0.01407283
 14.200000      0.00030867
 14.300000      0.01552352
 14.400000      0.03157350
 14.500000      0.04845124
 14.600000      0.06615979
 14.700000      0.08469900
 14.800000      0.10405061
 14.900000      0.12420402
 15.000000      0.14513558
 15.100000      0.16682088
 15.200000      0.18922935
 15.300000      0.21232517
 15.400000      0.23607453
 15.500000      0.26042864
 15.600000      0.28533673
 15.700000      0.31075067
 15.800000      0.33661388
 15.900000      0.36286222
 16.000000      0.38943206
 16.100000      0.41625767
 16.200000      0.44327022
 16.300000      0.47039918
 16.400000      0.49757120
 16.500000      0.52471103
 16.600000      0.55174462
 16.700000      0.57791307
 16.800000      0.60448887
 16.900000      0.63017796
 17.000000      0.65598682
 17.100000      0.68126601
 17.200000      0.70541017
 17.300000      0.72949638
 17.400000      0.75288941
 17.500000      0.77553608
 17.600000      0.79737569
 17.700000      0.81800130
 17.800000      0.83808586
 17.900000      0.85721920
 18.000000      0.87456908
 18.100000      0.89146633
 18.200000      0.90708994
 18.300000      0.92146982
 18.400000      0.93519407
 18.500000      0.94679210
 18.600000      0.95806344
 18.700000      0.96807391
 18.800000      0.97676213
 18.900000      0.98410653
 19.000000      0.99008783
 19.100000      0.99469072
 19.200000      0.99788862
 19.300000      0.99964739
 19.400000      1.00000000
 19.500000      0.99894244
 19.600000      0.99641787
 19.700000      0.99246361
 19.800000      0.98714217
 19.900000      0.98032865
 20.000000      0.97226926
 20.100000      0.96297158
 20.200000      0.95246035
 20.300000      0.94077091
 20.400000      0.92802956
 20.500000      0.91436977
 20.600000      0.89982961
 20.700000      0.88449155
 20.800000      0.86852712
 20.900000      0.85198408
 21.000000      0.83489195
 21.100000      0.81734637
 21.200000      0.79935329
 21.300000      0.78084775
 21.400000      0.76175591
 21.500000      0.74199327
 21.600000      0.72141045
 21.700000      0.69983537
 21.800000      0.67711198
 21.900000      0.65311463
 22.000000      0.62771324
 22.100000      0.60084414
 22.200000      0.57253412
 22.300000      0.54283112
 22.400000      0.51185978
 22.500000      0.47980411
 22.600000      0.44688315
 22.700000      0.41329888
 22.800000      0.37926711
 22.900000      0.34496426
 23.000000      0.31053323
 23.100000      0.27611367
 23.200000      0.24180314
 23.300000      0.20768027
 23.400000      0.17381408
 23.500000      0.14025806
 23.600000      0.10704441
 23.700000      0.07453108
 23.800000      0.04208973
 23.900000      0.01005132
 24.000000     -0.02157143
 24.100000     -0.05277400
 24.200000     -0.08355438
 24.300000     -0.11390229
 24.400000     -0.14380999
 24.500000     -0.17326621
 24.600000     -0.20224922
 24.700000     -0.23070950
 24.800000     -0.25861789
 24.900000     -0.28592626
 25.000000     -0.31257342
 25.100000     -0.33851624
 25.200000     -0.36370390
 25.300000     -0.38808027
 25.400000     -0.41158237
 25.500000     -0.43417024
 25.600000     -0.45579036
 25.700000     -0.47638769
 25.800000     -0.49595986
 25.900000     -0.51448777
 26.000000     -0.53196934
 26.100000     -0.54841185
 26.200000     -0.56326726
 26.300000     -0.57742038
 26.400000     -0.59002894
 26.500000     -0.60216801
 26.600000     -0.61329038
 26.700000     -0.62340794
 26.800000     -0.63241746
 26.900000     -0.64033217
 27.000000     -0.64721653
 27.100000     -0.65317611
 27.200000     -0.65788293
 27.300000     -0.66192460
 27.400000     -0.66508399
 27.500000     -0.66733968
 27.600000     -0.66870721
 27.700000     -0.66923056
 27.800000     -0.66894187
 27.900000     -0.66780965
 28.000000     -0.66588349
 28.100000     -0.66322832
 28.200000     -0.65980675
 28.300000     -0.65566902
 28.400000     -0.65088378
 28.500000     -0.64543951
 28.600000     -0.63936116
 28.700000     -0.63273652
 28.800000     -0.62431573
 28.900000     -0.61508628
 29.000000     -0.60686670
 29.100000     -0.59821163
 29.200000     -0.58853896
 29.300000     -0.57900335
 29.400000     -0.56848261
 29.500000     -0.55830790
 29.600000     -0.54714806
 29.700000     -0.53636545
 29.800000     -0.52536926
 29.900000     -0.51416423
 30.000000     -0.50279008
 30.100000     -0.49129006
 30.200000     -0.47968735
 30.300000     -0.46801153
 30.400000     -0.45609554
 30.500000     -0.44384717
 30.600000     -0.43211290
 30.700000     -0.41971986
 30.800000     -0.40799750
 30.900000     -0.39645206
 31.000000     -0.38501429
 31.100000     -0.37155838
 31.200000     -0.36036791
 31.300000     -0.34933558
 31.400000     -0.33848030
 31.500000     -0.32779595
 31.600000     -0.31732955
 31.700000     -0.30709205
 31.800000     -0.29643701
 31.900000     -0.28662774
 32.000000     -0.27651320
 32.100000     -0.26695755
 32.200000     -0.25790442
 32.300000     -0.24909604
 32.400000     -0.24055194
 32.500000     -0.23227014
 32.600000     -0.22424906
 32.700000     -0.21650206
 32.800000     -0.20902426
 32.900000     -0.20180961
 33.000000     -0.19485564
 33.100000     -0.18783496
 33.200000     -0.18142011
 33.300000     -0.17531588
 33.400000     -0.16943280
 33.500000     -0.16280598
 33.600000     -0.15688069
 33.700000     -0.15175891
 33.800000     -0.14687648
 33.900000     -0.14222211
 34.000000     -0.13779231
 34.100000     -0.13356435
 34.200000     -0.12953093
 34.300000     -0.12579436
 34.400000     -0.12252992
 34.500000     -0.11905431
 34.600000     -0.11574536
 34.700000     -0.11133977
 34.800000     -0.10826478
 34.900000     -0.10550920
 35.000000     -0.10291067
 35.100000     -0.10072653
 35.200000     -0.09848488
 35.300000     -0.09633774
 35.400000     -0.09427965
 35.500000     -0.09229683
 35.600000     -0.09037941
 35.700000     -0.08855527
 35.800000     -0.08687707
 35.900000     -0.08525522
 36.000000     -0.08365789
 36.100000     -0.08205789
 36.200000     -0.08041285
 36.300000     -0.07878728
 36.400000     -0.07718242
 36.500000     -0.07559059
 36.600000     -0.07400895
 36.700000     -0.07243558
 36.800000     -0.07088430
 36.900000     -0.06941284
 37.000000     -0.06793878
 37.100000     -0.06491313
 37.200000     -0.06222380
 37.300000     -0.06088229
 37.400000     -0.05955080
 37.500000     -0.05823456
 37.600000     -0.05701721
 37.700000     -0.05591672
 37.800000     -0.05482358
 37.900000     -0.05378399
 38.000000     -0.05280217
 38.100000     -0.05181299
 38.200000     -0.05085001
 38.300000     -0.04990407
 38.400000     -0.04899962
 38.500000     -0.04819948
 38.600000     -0.04744573
 38.700000     -0.04673987
 38.800000     -0.04605714
 38.900000     -0.04429442
 39.000000     -0.04301244
 39.100000     -0.04246518
 39.200000     -0.04204737
 39.300000     -0.04169410
 39.400000     -0.04134104
 39.500000     -0.04104874
 39.600000     -0.03964406
 39.700000     -0.03901699
 39.800000     -0.03875622
 39.900000     -0.03855989
