  0.000000     -0.00781103
  0.100000     -0.00693071
  0.200000     -0.00628435
  0.300000     -0.00561919
  0.400000     -0.00440379
  0.500000     -0.00318924
  0.600000     -0.00123709
  0.700000      0.00010749
  0.800000      0.00083991
  0.900000      0.00181959
  1.000000      0.00269363
  1.100000      0.00376975
  1.200000      0.00427550
  1.300000      0.00410802
  1.400000      0.00422152
  1.500000      0.00413574
  1.600000      0.00392237
  1.700000      0.00345326
  1.800000      0.00247547
  1.900000      0.00138888
  2.000000      0.00045563
  2.100000     -0.00038906
  2.200000     -0.00038761
  2.300000     -0.00056268
  2.400000     -0.00141052
  2.500000     -0.00199356
  2.600000     -0.00286683
  2.700000     -0.00350328
  2.800000     -0.00394579
  2.900000     -0.00484221
  3.000000     -0.00570790
  3.100000     -0.00613713
  3.200000     -0.00608841
  3.300000     -0.00511632
  3.400000     -0.00391355
  3.500000     -0.00344183
  3.600000     -0.00314876
  3.700000     -0.00297627
  3.800000     -0.00264810
  3.900000     -0.00253754
  4.000000     -0.00265640
  4.100000     -0.00350036
  4.200000     -0.00476593
  4.300000     -0.00582615
  4.400000     -0.00710052
  4.500000     -0.00805890
  4.600000     -0.00925058
  4.700000     -0.01065354
  4.800000     -0.01200824
  4.900000     -0.01245428
  5.000000     -0.01311241
  5.100000     -0.01424294
  5.200000     -0.01508298
  5.300000     -0.01574776
  5.400000     -0.01509252
  5.500000     -0.01477951
  5.600000     -0.01566921
  5.700000     -0.01596946
  5.800000     -0.01684293
  5.900000     -0.01772128
  6.000000     -0.01781524
  6.100000     -0.01808381
  6.200000     -0.01762956
  6.300000     -0.01665873
  6.400000     -0.01579972
  6.500000     -0.01547448
  6.600000     -0.01539666
  6.700000     -0.01541765
  6.800000     -0.01612389
  6.900000     -0.01758792
  7.000000     -0.01880091
  7.100000     -0.01952919
  7.200000     -0.01987431
  7.300000     -0.01962564
  7.400000     -0.01900425
  7.500000     -0.01976274
  7.600000     -0.02050497
  7.700000     -0.02082647
  7.800000     -0.02209602
  7.900000     -0.02265386
  8.000000     -0.02332923
  8.100000     -0.02286938
  8.200000     -0.02288211
  8.300000     -0.02364256
  8.400000     -0.02452080
  8.500000     -0.02577575
  8.600000     -0.02781903
  8.700000     -0.02961753
  8.800000     -0.03130670
  8.900000     -0.03352758
  9.000000     -0.03551442
  9.100000     -0.03833234
  9.200000     -0.04033264
  9.300000     -0.04220122
  9.400000     -0.04466736
  9.500000     -0.04797035
  9.600000     -0.05082472
  9.700000     -0.05439026
  9.800000     -0.05878850
  9.900000     -0.06167627
 10.000000     -0.06557614
 10.100000     -0.07097162
 10.200000     -0.07617916
 10.300000     -0.08135344
 10.400000     -0.08687387
 10.500000     -0.09114837
 10.600000     -0.09415998
 10.700000     -0.09849491
 10.800000     -0.10319316
 10.900000     -0.10628821
 11.000000     -0.11018651
 11.100000     -0.11511449
 11.200000     -0.12122030
 11.300000     -0.12700927
 11.400000     -0.13405588
 11.500000     -0.14170248
 11.600000     -0.15126854
 11.700000     -0.16234953
 11.800000     -0.17414350
 11.900000     -0.18604851
 12.000000     -0.19729114
 12.100000     -0.20892940
 12.200000     -0.22218287
 12.300000     -0.23517078
 12.400000     -0.24592084
 12.500000     -0.25700688
 12.600000     -0.26965622
 12.700000     -0.28224334
 12.800000     -0.29621342
 12.900000     -0.31110271
 13.000000     -0.32874235
 13.100000     -0.34603414
 13.200000     -0.36237460
 13.300000     -0.37979036
 13.400000     -0.39957147
 13.500000     -0.41911004
 13.600000     -0.44004116
 13.700000     -0.46191109
 13.800000     -0.48503981
 13.900000     -0.50913284
 14.000000     -0.53413102
 14.100000     -0.55965346
 14.200000     -0.58473505
 14.300000     -0.60975608
 14.400000     -0.63421129
 14.500000     -0.65823740
 14.600000     -0.68130280
 14.700000     -0.70602106
 14.800000     -0.73191276
 14.900000     -0.75863032
 15.000000     -0.78361062
 15.100000     -0.80707045
 15.200000     -0.83102058
 15.300000     -0.85495011
 15.400000     -0.87585841
 15.500000     -0.89541709
 15.600000     -0.91349919
 15.700000     -0.93000765
 15.800000     -0.94364026
 15.900000     -0.95460915
 16.000000     -0.96493501
 16.100000     -0.97403029
 16.200000     -0.98046424
 16.300000     -0.98418498
 16.400000     -0.98497916
 16.500000     -0.98282999
 16.600000     -0.97862827
 16.700000     -0.96891584
 16.800000     -0.95349514
 16.900000     -0.93178203
 17.000000     -0.90264308
 17.100000     -0.86768361
 17.200000     -0.82435425
 17.300000     -0.77022857
 17.400000     -0.70739797
 17.500000     -0.63650694
 17.600000     -0.56092059
 17.700000     -0.47964902
 17.800000     -0.39178062
 17.900000     -0.30339878
 18.000000     -0.21688437
 18.100000     -0.13032680
 18.200000     -0.04542844
 18.300000      0.03987313
 18.400000      0.12617207
 18.500000      0.20839426
 18.600000      0.28960825
 18.700000      0.37072661
 18.800000      0.44770592
 18.900000      0.52005177
 19.000000      0.58743894
 19.100000      0.65073929
 19.200000      0.70639600
 19.300000      0.75346930
 19.400000      0.79384880
 19.500000      0.82827754
 19.600000      0.85875509
 19.700000      0.88677318
 19.800000      0.91250566
 19.900000      0.93482063
 20.000000      0.95447212
 20.100000      0.97183699
 20.200000      0.98437301
 20.300000      0.99458777
 20.400000      1.00000000
 20.500000      0.99900443
 20.600000      0.99849406
 20.700000      0.99513291
 20.800000      0.98979774
 20.900000      0.98295845
 21.000000      0.97294351
 21.100000      0.96064903
 21.200000      0.94695287
 21.300000      0.93105959
 21.400000      0.91348500
 21.500000      0.89345902
 21.600000      0.87219161
 21.700000      0.85099866
 21.800000      0.83013843
 21.900000      0.81018623
 22.000000      0.79160732
 22.100000      0.77063748
 22.200000      0.74827862
 22.300000      0.72484806
 22.400000      0.69985119
 22.500000      0.67359954
 22.600000      0.64498872
 22.700000      0.61616364
 22.800000      0.58943221
 22.900000      0.56286446
 23.000000      0.53675899
 23.100000      0.51049074
 23.200000      0.48346859
 23.300000      0.45911836
 23.400000      0.43389717
 23.500000      0.40731152
 23.600000      0.38130458
 23.700000      0.35463762
 23.800000      0.32969126
 23.900000      0.30541011
 24.000000      0.28074573
 24.100000      0.26031751
 24.200000      0.23965885
 24.300000      0.21887056
 24.400000      0.19922710
 24.500000      0.18047304
 24.600000      0.16126353
 24.700000      0.14434340
 24.800000      0.12959931
 24.900000      0.11574500
 25.000000      0.10417484
 25.100000      0.09515603
 25.200000      0.08754353
 25.300000      0.07973580
 25.400000      0.07529484
 25.500000      0.07267847
 25.600000      0.07016216
 25.700000      0.06887575
 25.800000      0.06914656
 25.900000      0.06970783
 26.000000      0.07122943
 26.100000      0.07088898
 26.200000      0.06974831
 26.300000      0.06961179
 26.400000      0.06859575
 26.500000      0.06724996
 26.600000      0.06736369
 26.700000      0.06779649
 26.800000      0.06840069
 26.900000      0.07081019
 27.000000      0.07183479
 27.100000      0.07231140
 27.200000      0.07463984
 27.300000      0.07735278
 27.400000      0.07840540
 27.500000      0.07886776
 27.600000      0.07971674
 27.700000      0.07941487
 27.800000      0.07885819
 27.900000      0.08009679
 28.000000      0.08238815
 28.100000      0.08465743
 28.200000      0.08632764
 28.300000      0.08764532
 28.400000      0.08873370
 28.500000      0.08888606
 28.600000      0.08965867
 28.700000      0.09121061
 28.800000      0.09192389
 28.900000      0.09236854
 29.000000      0.09284467
 29.100000      0.09254260
 29.200000      0.09266203
 29.300000      0.09271955
 29.400000      0.09203799
 29.500000      0.08983131
 29.600000      0.08840043
 29.700000      0.08732736
 29.800000      0.08557039
 29.900000      0.08415692
 30.000000      0.08291527
 30.100000      0.08168456
 30.200000      0.08015981
 30.300000      0.07984401
 30.400000      0.07864370
 30.500000      0.07711904
 30.600000      0.07589822
 30.700000      0.07447753
 30.800000      0.07294711
 30.900000      0.06995904
 31.000000      0.06785163
 31.100000      0.06728757
 31.200000      0.06559637
 31.300000      0.06379396
 31.400000      0.06219893
 31.500000      0.05915554
 31.600000      0.05646291
 31.700000      0.05393910
 31.800000      0.05141008
 31.900000      0.04982137
 32.000000      0.04755121
 32.100000      0.04421512
 32.200000      0.04103960
 32.300000      0.03752064
 32.400000      0.03333688
 32.500000      0.03129505
 32.600000      0.02821846
 32.700000      0.02569338
 32.800000      0.02290658
 32.900000      0.01969061
 33.000000      0.01725932
 33.100000      0.01381163
 33.200000      0.01040602
 33.300000      0.00841467
 33.400000      0.00592675
 33.500000      0.00338200
 33.600000      0.00168094
 33.700000      0.00039962
 33.800000     -0.00147467
 33.900000     -0.00319535
 34.000000     -0.00450802
 34.100000     -0.00548825
 34.200000     -0.00695431
 34.300000     -0.00771587
 34.400000     -0.00891566
 34.500000     -0.01133706
 34.600000     -0.01319632
 34.700000     -0.01527574
 34.800000     -0.01773415
 34.900000     -0.01970337
 35.000000     -0.02188354
 35.100000     -0.02429283
 35.200000     -0.02620835
 35.300000     -0.02821834
 35.400000     -0.03002194
 35.500000     -0.03050067
 35.600000     -0.03129834
 35.700000     -0.03195908
 35.800000     -0.03233669
 35.900000     -0.03256874
 36.000000     -0.03315778
 36.100000     -0.03400564
 36.200000     -0.03441856
 36.300000     -0.03454504
 36.400000     -0.03501851
 36.500000     -0.03503536
 36.600000     -0.03458185
 36.700000     -0.03362852
 36.800000     -0.03299631
 36.900000     -0.03203904
 37.000000     -0.03115745
 37.100000     -0.03033384
 37.200000     -0.02879825
 37.300000     -0.02735765
 37.400000     -0.02635570
 37.500000     -0.02526763
 37.600000     -0.02455555
 37.700000     -0.02388061
 37.800000     -0.02318264
 37.900000     -0.02269945
 38.000000     -0.02238422
 38.100000     -0.02197370
 38.200000     -0.02167551
 38.300000     -0.02125841
 38.400000     -0.02095094
 38.500000     -0.02037919
 38.600000     -0.02019416
 38.700000     -0.02048647
 38.800000     -0.02074548
 38.900000     -0.01995977
 39.000000     -0.01925277
 39.100000     -0.01959063
 39.200000     -0.01958661
 39.300000     -0.01940711
 39.400000     -0.01868000
 39.500000     -0.01750126
 39.600000     -0.01681649
 39.700000     -0.01599437
 39.800000     -0.01509044
 39.900000     -0.01459703
