  0.000000     -0.00950028
  0.100000     -0.01024217
  0.200000     -0.01095530
  0.300000     -0.01164349
  0.400000     -0.01229325
  0.500000     -0.01291686
  0.600000     -0.01352653
  0.700000     -0.01412302
  0.800000     -0.01470078
  0.900000     -0.01525759
  1.000000     -0.01578355
  1.100000     -0.01628051
  1.200000     -0.01673691
  1.300000     -0.01714289
  1.400000     -0.01753738
  1.500000     -0.01791064
  1.600000     -0.01820967
  1.700000     -0.01849597
  1.800000     -0.01877844
  1.900000     -0.01900246
  2.000000     -0.01913984
  2.100000     -0.01926783
  2.200000     -0.01936673
  2.300000     -0.01939854
  2.400000     -0.01942970
  2.500000     -0.01944058
  2.600000     -0.01944215
  2.700000     -0.01947051
  2.800000     -0.01952791
  2.900000     -0.01961611
  3.000000     -0.01972899
  3.100000     -0.01991345
  3.200000     -0.02012559
  3.300000     -0.02034527
  3.400000     -0.02056230
  3.500000     -0.02080029
  3.600000     -0.02102775
  3.700000     -0.02120582
  3.800000     -0.02139046
  3.900000     -0.02161334
  4.000000     -0.02185314
  4.100000     -0.02210653
  4.200000     -0.02236634
  4.300000     -0.02261217
  4.400000     -0.02283200
  4.500000     -0.02301427
  4.600000     -0.02317162
  4.700000     -0.02333702
  4.800000     -0.02355154
  4.900000     -0.02377498
  5.000000     -0.02398258
  5.100000     -0.02419112
  5.200000     -0.02435437
  5.300000     -0.02447266
  5.400000     -0.02455386
  5.500000     -0.02461197
  5.600000     -0.02471062
  5.700000     -0.02484302
  5.800000     -0.02505852
  5.900000     -0.02522587
  6.000000     -0.02529020
  6.100000     -0.02525153
  6.200000     -0.02512385
  6.300000     -0.02489420
  6.400000     -0.02461294
  6.500000     -0.02432303
  6.600000     -0.02401277
  6.700000     -0.02379945
  6.800000     -0.02359329
  6.900000     -0.02338917
  7.000000     -0.02314462
  7.100000     -0.02294889
  7.200000     -0.02279174
  7.300000     -0.02270360
  7.400000     -0.02269009
  7.500000     -0.02281667
  7.600000     -0.02303634
  7.700000     -0.02337928
  7.800000     -0.02374996
  7.900000     -0.02425835
  8.000000     -0.02486697
  8.100000     -0.02553405
  8.200000     -0.02626193
  8.300000     -0.02710456
  8.400000     -0.02805836
  8.500000     -0.02905843
  8.600000     -0.03007285
  8.700000     -0.03108038
  8.800000     -0.03202866
  8.900000     -0.03293098
  9.000000     -0.03372081
  9.100000     -0.03437817
  9.200000     -0.03482576
  9.300000     -0.03503705
  9.400000     -0.03496496
  9.500000     -0.03452984
  9.600000     -0.03359271
  9.700000     -0.03201016
  9.800000     -0.02987870
  9.900000     -0.02700085
 10.000000     -0.02304475
 10.100000     -0.01790753
 10.200000     -0.01130106
 10.300000     -0.00316382
 10.400000      0.00643347
 10.500000      0.01806662
 10.600000      0.03221080
 10.700000      0.04909085
 10.800000      0.06889632
 10.900000      0.09202718
 11.000000      0.11856344
 11.100000      0.14809543
 11.200000      0.18203062
 11.300000      0.21846166
 11.400000      0.25792177
 11.500000      0.30024776
 11.600000      0.34516057
 11.700000      0.39210681
 11.800000      0.44042973
 11.900000      0.48953690
 12.000000      0.53896843
 12.100000      0.58802185
 12.200000      0.63606922
 12.300000      0.68256813
 12.400000      0.72725366
 12.500000      0.76941155
 12.600000      0.80879232
 12.700000      0.84517893
 12.800000      0.87826849
 12.900000      0.90767400
 13.000000      0.93297839
 13.100000      0.95412193
 13.200000      0.97127732
 13.300000      0.98453881
 13.400000      0.99374706
 13.500000      0.99895182
 13.600000      1.00000000
 13.700000      0.99716997
 13.800000      0.99052861
 13.900000      0.98018494
 14.000000      0.96630955
 14.100000      0.94900739
 14.200000      0.92827054
 14.300000      0.90448438
 14.400000      0.87775158
 14.500000      0.84837530
 14.600000      0.81628380
 14.700000      0.78170759
 14.800000      0.74480086
 14.900000      0.70560601
 15.000000      0.66444337
 15.100000      0.62155339
 15.200000      0.57719968
 15.300000      0.53169263
 15.400000      0.48511349
 15.500000      0.43771904
 15.600000      0.38980420
 15.700000      0.34160531
 15.800000      0.29324827
 15.900000      0.24496624
 16.000000      0.19696695
 16.100000      0.14944260
 16.200000      0.10274620
 16.300000      0.05707910
 16.400000      0.01272699
 16.500000     -0.03027462
 16.600000     -0.07181908
 16.700000     -0.11190792
 16.800000     -0.15038906
 16.900000     -0.18721347
 17.000000     -0.22231506
 17.100000     -0.25561423
 17.200000     -0.28692938
 17.300000     -0.31634151
 17.400000     -0.34375627
 17.500000     -0.36930963
 17.600000     -0.39296900
 17.700000     -0.41461302
 17.800000     -0.43423443
 17.900000     -0.45199695
 18.000000     -0.46804950
 18.100000     -0.48260941
 18.200000     -0.49578513
 18.300000     -0.50768838
 18.400000     -0.51821753
 18.500000     -0.52744413
 18.600000     -0.53538307
 18.700000     -0.54208530
 18.800000     -0.54760004
 18.900000     -0.55191447
 19.000000     -0.55522594
 19.100000     -0.55751631
 19.200000     -0.55887029
 19.300000     -0.55917988
 19.400000     -0.55853576
 19.500000     -0.55707518
 19.600000     -0.55482409
 19.700000     -0.55193735
 19.800000     -0.54843127
 19.900000     -0.54431997
 20.000000     -0.53962747
 20.100000     -0.53448088
 20.200000     -0.52888730
 20.300000     -0.52293869
 20.400000     -0.51662444
 20.500000     -0.50991653
 20.600000     -0.50296956
 20.700000     -0.49580146
 20.800000     -0.48852453
 20.900000     -0.48120539
 21.000000     -0.47376324
 21.100000     -0.46610947
 21.200000     -0.45851360
 21.300000     -0.45075959
 21.400000     -0.44285111
 21.500000     -0.43487259
 21.600000     -0.42680030
 21.700000     -0.41870367
 21.800000     -0.41055461
 21.900000     -0.40235133
 22.000000     -0.39416466
 22.100000     -0.38596577
 22.200000     -0.37784427
 22.300000     -0.36985699
 22.400000     -0.36192847
 22.500000     -0.35400191
 22.600000     -0.34613081
 22.700000     -0.33828224
 22.800000     -0.33036484
 22.900000     -0.32240291
 23.000000     -0.31439064
 23.100000     -0.30630386
 23.200000     -0.29814789
 23.300000     -0.28996566
 23.400000     -0.28178498
 23.500000     -0.27361279
 23.600000     -0.26540908
 23.700000     -0.25717775
 23.800000     -0.24886574
 23.900000     -0.24046506
 24.000000     -0.23205008
 24.100000     -0.22366338
 24.200000     -0.21521728
 24.300000     -0.20671716
 24.400000     -0.19819766
 24.500000     -0.18967023
 24.600000     -0.18111675
 24.700000     -0.17260096
 24.800000     -0.16415204
 24.900000     -0.15578973
 25.000000     -0.14758038
 25.100000     -0.13957924
 25.200000     -0.13176273
 25.300000     -0.12415372
 25.400000     -0.11680929
 25.500000     -0.10970085
 25.600000     -0.10278052
 25.700000     -0.09604339
 25.800000     -0.08956108
 25.900000     -0.08350263
 26.000000     -0.07790423
 26.100000     -0.07266114
 26.200000     -0.06772825
 26.300000     -0.06312838
 26.400000     -0.05879398
 26.500000     -0.05473303
 26.600000     -0.05091810
 26.700000     -0.04735260
 26.800000     -0.04409749
 26.900000     -0.04104662
 27.000000     -0.03840847
 27.100000     -0.03603049
 27.200000     -0.03404178
 27.300000     -0.03238416
 27.400000     -0.03109173
 27.500000     -0.03010008
 27.600000     -0.02949118
 27.700000     -0.02922399
 27.800000     -0.02929439
 27.900000     -0.02959278
 28.000000     -0.03018532
 28.100000     -0.03101302
 28.200000     -0.03206021
 28.300000     -0.03324880
 28.400000     -0.03458909
 28.500000     -0.03608908
 28.600000     -0.03767768
 28.700000     -0.03932273
 28.800000     -0.04105534
 28.900000     -0.04286087
 29.000000     -0.04466179
 29.100000     -0.04642008
 29.200000     -0.04816486
 29.300000     -0.04989375
 29.400000     -0.05161747
 29.500000     -0.05331064
 29.600000     -0.05499659
 29.700000     -0.05671917
 29.800000     -0.05840558
 29.900000     -0.06009740
 30.000000     -0.06183638
 30.100000     -0.06354468
 30.200000     -0.06526817
 30.300000     -0.06694982
 30.400000     -0.06862490
 30.500000     -0.07025704
 30.600000     -0.07182302
 30.700000     -0.07326815
 30.800000     -0.07449200
 30.900000     -0.07553460
 31.000000     -0.07637799
 31.100000     -0.07696023
 31.200000     -0.07732254
 31.300000     -0.07749348
 31.400000     -0.07744512
 31.500000     -0.07722657
 31.600000     -0.07689694
 31.700000     -0.07646352
 31.800000     -0.07586112
 31.900000     -0.07506568
 32.000000     -0.07412498
 32.100000     -0.07308211
 32.200000     -0.07188430
 32.300000     -0.07057235
 32.400000     -0.06916643
 32.500000     -0.06768450
 32.600000     -0.06609415
 32.700000     -0.06446903
 32.800000     -0.06283151
 32.900000     -0.06115730
 33.000000     -0.05946733
 33.100000     -0.05780510
 33.200000     -0.05623498
 33.300000     -0.05471139
 33.400000     -0.05322839
 33.500000     -0.05180200
 33.600000     -0.05044406
 33.700000     -0.04902592
 33.800000     -0.04763658
 33.900000     -0.04625807
 34.000000     -0.04483399
 34.100000     -0.04342734
 34.200000     -0.04207970
 34.300000     -0.04072545
 34.400000     -0.03939434
 34.500000     -0.03813767
 34.600000     -0.03696101
 34.700000     -0.03585274
 34.800000     -0.03475335
 34.900000     -0.03359905
 35.000000     -0.03247145
 35.100000     -0.03140784
 35.200000     -0.03032816
 35.300000     -0.02917863
 35.400000     -0.02800913
 35.500000     -0.02681769
 35.600000     -0.02557254
 35.700000     -0.02429730
 35.800000     -0.02300943
 35.900000     -0.02165884
 36.000000     -0.02032252
 36.100000     -0.01908549
 36.200000     -0.01779942
 36.300000     -0.01645659
 36.400000     -0.01509095
 36.500000     -0.01368770
 36.600000     -0.01227058
 36.700000     -0.01089133
 36.800000     -0.00957310
 36.900000     -0.00825799
 37.000000     -0.00692228
 37.100000     -0.00562508
 37.200000     -0.00439777
 37.300000     -0.00322552
 37.400000     -0.00207849
 37.500000     -0.00093954
 37.600000      0.00017062
 37.700000      0.00130130
 37.800000      0.00241274
 37.900000      0.00349855
 38.000000      0.00459814
 38.100000      0.00553212
 38.200000      0.00612724
 38.300000      0.00682357
 38.400000      0.00755434
 38.500000      0.00832199
 38.600000      0.00916831
 38.700000      0.01009243
 38.800000      0.01108031
 38.900000      0.01213777
 39.000000      0.01325617
 39.100000      0.01439789
 39.200000      0.01557054
 39.300000      0.01679567
 39.400000      0.01806842
 39.500000      0.01936814
 39.600000      0.02063692
 39.700000      0.02188046
 39.800000      0.02313222
 39.900000      0.02440324
