  0.000000     -0.02303383
  0.100000     -0.02278482
  0.200000     -0.02273568
  0.300000     -0.02289765
  0.400000     -0.02281339
  0.500000     -0.02295275
  0.600000     -0.02295378
  0.700000     -0.02310217
  0.800000     -0.02310843
  0.900000     -0.02297440
  1.000000     -0.02291377
  1.100000     -0.02301607
  1.200000     -0.02343011
  1.300000     -0.02343296
  1.400000     -0.02355016
  1.500000     -0.02365463
  1.600000     -0.02413876
  1.700000     -0.02440955
  1.800000     -0.02504332
  1.900000     -0.02578602
  2.000000     -0.02600262
  2.100000     -0.02626346
  2.200000     -0.02674725
  2.300000     -0.02754371
  2.400000     -0.02851269
  2.500000     -0.02904249
  2.600000     -0.03004428
  2.700000     -0.03086721
  2.800000     -0.03176580
  2.900000     -0.03328842
  3.000000     -0.03436594
  3.100000     -0.03516157
  3.200000     -0.03605913
  3.300000     -0.03713880
  3.400000     -0.03827822
  3.500000     -0.03991061
  3.600000     -0.04157323
  3.700000     -0.04330732
  3.800000     -0.04496406
  3.900000     -0.04688560
  4.000000     -0.04852592
  4.100000     -0.05020122
  4.200000     -0.05247500
  4.300000     -0.05438760
  4.400000     -0.05627200
  4.500000     -0.05792828
  4.600000     -0.05986312
  4.700000     -0.06156045
  4.800000     -0.06251417
  4.900000     -0.06402320
  5.000000     -0.06557084
  5.100000     -0.06679692
  5.200000     -0.06805326
  5.300000     -0.06928525
  5.400000     -0.07041564
  5.500000     -0.07138180
  5.600000     -0.07210155
  5.700000     -0.07278832
  5.800000     -0.07354985
  5.900000     -0.07455543
  6.000000     -0.07567877
  6.100000     -0.07629531
  6.200000     -0.07677399
  6.300000     -0.07739925
  6.400000     -0.07788186
  6.500000     -0.07816560
  6.600000     -0.07841747
  6.700000     -0.07875856
  6.800000     -0.07928956
  6.900000     -0.07953631
  7.000000     -0.07976827
  7.100000     -0.07992689
  7.200000     -0.08011954
  7.300000     -0.08041260
  7.400000     -0.08053454
  7.500000     -0.08061132
  7.600000     -0.08064601
  7.700000     -0.08066365
  7.800000     -0.08069531
  7.900000     -0.08092113
  8.000000     -0.08083648
  8.100000     -0.08074434
  8.200000     -0.08069634
  8.300000     -0.08063381
  8.400000     -0.08055717
  8.500000     -0.08047846
  8.600000     -0.08034932
  8.700000     -0.08018499
  8.800000     -0.08004242
  8.900000     -0.07988070
  9.000000     -0.07969797
  9.100000     -0.07949723
  9.200000     -0.07927279
  9.300000     -0.07901999
  9.400000     -0.07873901
  9.500000     -0.07870525
  9.600000     -0.07835723
  9.700000     -0.07797224
  9.800000     -0.07754653
  9.900000     -0.07707708
 10.000000     -0.07656065
 10.100000     -0.07599376
 10.200000     -0.07537161
 10.300000     -0.07469116
 10.400000     -0.07394793
 10.500000     -0.07313771
 10.600000     -0.07226423
 10.700000     -0.07135065
 10.800000     -0.07030764
 10.900000     -0.06917739
 11.000000     -0.06795475
 11.100000     -0.06663384
 11.200000     -0.06520830
 11.300000     -0.06367247
 11.400000     -0.06201936
 11.500000     -0.06024118
 11.600000     -0.05833049
 11.700000     -0.05628046
 11.800000     -0.05408367
 11.900000     -0.05173223
 12.000000     -0.04921782
 12.100000     -0.04653151
 12.200000     -0.04366378
 12.300000     -0.04060504
 12.400000     -0.03734490
 12.500000     -0.03387354
 12.600000     -0.03018124
 12.700000     -0.02625634
 12.800000     -0.02208843
 12.900000     -0.01766750
 13.000000     -0.01298295
 13.100000     -0.00802435
 13.200000     -0.00278084
 13.300000      0.00275740
 13.400000      0.00859995
 13.500000      0.01475656
 13.600000      0.02123740
 13.700000      0.02805213
 13.800000      0.03520934
 13.900000      0.04271647
 14.000000      0.05058111
 14.100000      0.05880977
 14.200000      0.06740753
 14.300000      0.07638059
 14.400000      0.08573182
 14.500000      0.09546458
 14.600000      0.10558059
 14.700000      0.11608202
 14.800000      0.12696927
 14.900000      0.13824144
 15.000000      0.14989733
 15.100000      0.16193448
 15.200000      0.17434845
 15.300000      0.18713479
 15.400000      0.20028777
 15.500000      0.21380102
 15.600000      0.22766527
 15.700000      0.24187289
 15.800000      0.25641402
 15.900000      0.27127834
 16.000000      0.28645324
 16.100000      0.30192611
 16.200000      0.31768321
 16.300000      0.33370941
 16.400000      0.34998981
 16.500000      0.36650743
 16.600000      0.38324487
 16.700000      0.40018237
 16.800000      0.41730136
 16.900000      0.43458128
 17.000000      0.45200120
 17.100000      0.46953911
 17.200000      0.48717253
 17.300000      0.50487736
 17.400000      0.52262982
 17.500000      0.54040530
 17.600000      0.55817908
 17.700000      0.57592461
 17.800000      0.59361666
 17.900000      0.61122930
 18.000000      0.62873615
 18.100000      0.64611108
 18.200000      0.66332837
 18.300000      0.68036225
 18.400000      0.69718706
 18.500000      0.71377747
 18.600000      0.73010914
 18.700000      0.74615829
 18.800000      0.76190106
 18.900000      0.77731464
 19.000000      0.79237611
 19.100000      0.80706421
 19.200000      0.82135794
 19.300000      0.83523455
 19.400000      0.84867468
 19.500000      0.86165867
 19.600000      0.87416761
 19.700000      0.88618300
 19.800000      0.89768658
 19.900000      0.90866120
 20.000000      0.91908991
 20.100000      0.92895500
 20.200000      0.93824071
 20.300000      0.94693249
 20.400000      0.95501508
 20.500000      0.96247197
 20.600000      0.96929066
 20.700000      0.97545828
 20.800000      0.98096152
 20.900000      0.98578903
 21.000000      0.98993211
 21.100000      0.99337881
 21.200000      0.99611946
 21.300000      0.99814412
 21.400000      0.99944172
 21.500000      1.00000000
 21.600000      0.99980853
 21.700000      0.99886343
 21.800000      0.99716000
 21.900000      0.99469323
 22.000000      0.99145609
 22.100000      0.98744216
 22.200000      0.98264565
 22.300000      0.97706054
 22.400000      0.97068169
 22.500000      0.96350503
 22.600000      0.95552890
 22.700000      0.94674780
 22.800000      0.93715966
 22.900000      0.92676373
 23.000000      0.91556016
 23.100000      0.90354862
 23.200000      0.89073156
 23.300000      0.87711108
 23.400000      0.86269107
 23.500000      0.84747710
 23.600000      0.83147463
 23.700000      0.81468877
 23.800000      0.79712760
 23.900000      0.77880234
 24.000000      0.75972339
 24.100000      0.73990341
 24.200000      0.71935754
 24.300000      0.69809910
 24.400000      0.67614694
 24.500000      0.65351831
 24.600000      0.63023359
 24.700000      0.60631323
 24.800000      0.58177955
 24.900000      0.55665722
 25.000000      0.53097172
 25.100000      0.50475023
 25.200000      0.47802255
 25.300000      0.45081830
 25.400000      0.42316949
 25.500000      0.39510837
 25.600000      0.36666960
 25.700000      0.33788706
 25.800000      0.30879579
 25.900000      0.27943264
 26.000000      0.24983451
 26.100000      0.22003871
 26.200000      0.19008370
 26.300000      0.16000795
 26.400000      0.12985043
 26.500000      0.09964931
 26.600000      0.06944494
 26.700000      0.03927707
 26.800000      0.00918493
 26.900000     -0.02079245
 27.000000     -0.05061577
 27.100000     -0.08024707
 27.200000     -0.10964788
 27.300000     -0.13877989
 27.400000     -0.16760638
 27.500000     -0.19609077
 27.600000     -0.22419728
 27.700000     -0.25188934
 27.800000     -0.27913370
 27.900000     -0.30589729
 28.000000     -0.33214696
 28.100000     -0.35785071
 28.200000     -0.38297780
 28.300000     -0.40749820
 28.400000     -0.43138382
 28.500000     -0.45460628
 28.600000     -0.47714150
 28.700000     -0.49896513
 28.800000     -0.52005432
 28.900000     -0.54038842
 29.000000     -0.55994786
 29.100000     -0.57871565
 29.200000     -0.59667812
 29.300000     -0.61381847
 29.400000     -0.63012688
 29.500000     -0.64559315
 29.600000     -0.66021208
 29.700000     -0.67397969
 29.800000     -0.68689193
 29.900000     -0.69895006
 30.000000     -0.71015467
 30.100000     -0.72050862
 30.200000     -0.73001987
 30.300000     -0.73869586
 30.400000     -0.74654637
 30.500000     -0.75357841
 30.600000     -0.75980528
 30.700000     -0.76524204
 30.800000     -0.76990334
 30.900000     -0.77380563
 31.000000     -0.77696826
 31.100000     -0.77940972
 31.200000     -0.78114960
 31.300000     -0.78220726
 31.400000     -0.78260237
 31.500000     -0.78235447
 31.600000     -0.78148466
 31.700000     -0.78002106
 31.800000     -0.77799121
 31.900000     -0.77542171
 32.000000     -0.77233742
 32.100000     -0.76876256
 32.200000     -0.76472252
 32.300000     -0.76024139
 32.400000     -0.75534472
 32.500000     -0.75005792
 32.600000     -0.74440689
 32.700000     -0.73841690
 32.800000     -0.73211184
 32.900000     -0.72551539
 33.000000     -0.71865152
 33.100000     -0.71154287
 33.200000     -0.70421214
 33.300000     -0.69668065
 33.400000     -0.68896989
 33.500000     -0.68110083
 33.600000     -0.67309213
 33.700000     -0.66496314
 33.800000     -0.65673213
 33.900000     -0.64841683
 34.000000     -0.64003317
 34.100000     -0.63159831
 34.200000     -0.62312673
 34.300000     -0.61463189
 34.400000     -0.60612738
 34.500000     -0.59762648
 34.600000     -0.58914025
 34.700000     -0.58067904
 34.800000     -0.57225301
 34.900000     -0.56388162
 35.000000     -0.55556791
 35.100000     -0.54731542
 35.200000     -0.53913138
 35.300000     -0.53102076
 35.400000     -0.52299515
 35.500000     -0.51506440
 35.600000     -0.50723467
 35.700000     -0.49951748
 35.800000     -0.49193064
 35.900000     -0.48447688
 36.000000     -0.47714328
 36.100000     -0.46993223
 36.200000     -0.46279898
 36.300000     -0.45577900
 36.400000     -0.44901987
 36.500000     -0.44239464
 36.600000     -0.43590871
 36.700000     -0.42957148
 36.800000     -0.42339307
 36.900000     -0.41735392
 37.000000     -0.41146910
 37.100000     -0.40574145
 37.200000     -0.40017201
 37.300000     -0.39473667
 37.400000     -0.38943812
 37.500000     -0.38427282
 37.600000     -0.37845824
 37.700000     -0.37356070
 37.800000     -0.36881615
 37.900000     -0.36419163
 38.000000     -0.35949663
 38.100000     -0.35504644
 38.200000     -0.35084622
 38.300000     -0.34679790
 38.400000     -0.34285784
 38.500000     -0.33906943
 38.600000     -0.33540173
 38.700000     -0.33144719
 38.800000     -0.32749083
 38.900000     -0.32383591
 39.000000     -0.32061120
 39.100000     -0.31756224
 39.200000     -0.31460821
 39.300000     -0.31185055
 39.400000     -0.30918152
 39.500000     -0.30659328
 39.600000     -0.30398079
 39.700000     -0.30164003
 39.800000     -0.29951945
 39.900000     -0.29743243
