  0.000000      0.01957604
  0.100000      0.01893656
  0.200000      0.01895523
  0.300000      0.01956422
  0.400000      0.02026219
  0.500000      0.02098142
  0.600000      0.02157104
  0.700000      0.02191926
  0.800000      0.02192345
  0.900000      0.02149962
  1.000000      0.02131916
  1.100000      0.02133522
  1.200000      0.02166387
  1.300000      0.02283047
  1.400000      0.02384513
  1.500000      0.02449295
  1.600000      0.02519977
  1.700000      0.02615029
  1.800000      0.02678398
  1.900000      0.02765044
  2.000000      0.02856760
  2.100000      0.02899924
  2.200000      0.02906746
  2.300000      0.02963498
  2.400000      0.03027829
  2.500000      0.03039505
  2.600000      0.03044199
  2.700000      0.03032999
  2.800000      0.03044061
  2.900000      0.03024139
  3.000000      0.02999632
  3.100000      0.03022966
  3.200000      0.03139946
  3.300000      0.03260778
  3.400000      0.03309497
  3.500000      0.03462069
  3.600000      0.03601047
  3.700000      0.03615924
  3.800000      0.03692088
  3.900000      0.03784238
  4.000000      0.03736103
  4.100000      0.03710761
  4.200000      0.03785858
  4.300000      0.03784266
  4.400000      0.03778974
  4.500000      0.03823538
  4.600000      0.03926795
  4.700000      0.03750733
  4.800000      0.03509819
  4.900000      0.03561239
  5.000000      0.03653222
  5.100000      0.03711832
  5.200000      0.03707811
  5.300000      0.03586720
  5.400000      0.03542255
  5.500000      0.03695682
  5.600000      0.03745709
  5.700000      0.03802144
  5.800000      0.03730104
  5.900000      0.03722219
  6.000000      0.03640810
  6.100000      0.03579439
  6.200000      0.03469622
  6.300000      0.03248986
  6.400000      0.02942505
  6.500000      0.02969329
  6.600000      0.02996444
  6.700000      0.03116905
  6.800000      0.03132147
  6.900000      0.03043806
  7.000000      0.02872818
  7.100000      0.02744669
  7.200000      0.02774181
  7.300000      0.02798582
  7.400000      0.02616795
  7.500000      0.02371570
  7.600000      0.02213393
  7.700000      0.02150442
  7.800000      0.01969465
  7.900000      0.01421719
  8.000000      0.00909308
  8.100000      0.00623373
  8.200000      0.00445461
  8.300000      0.00194269
  8.400000     -0.00164270
  8.500000     -0.00720898
  8.600000     -0.01087773
  8.700000     -0.01105457
  8.800000     -0.00954752
  8.900000     -0.00885569
  9.000000     -0.00955783
  9.100000     -0.01055597
  9.200000     -0.01035253
  9.300000     -0.01132608
  9.400000     -0.01314859
  9.500000     -0.01531202
  9.600000     -0.01811281
  9.700000     -0.01918846
  9.800000     -0.01846032
  9.900000     -0.01899602
 10.000000     -0.02152058
 10.100000     -0.02440855
 10.200000     -0.02618259
 10.300000     -0.02670743
 10.400000     -0.02910986
 10.500000     -0.03012285
 10.600000     -0.02928497
 10.700000     -0.02558595
 10.800000     -0.02200494
 10.900000     -0.02055073
 11.000000     -0.01853254
 11.100000     -0.01444983
 11.200000     -0.00576090
 11.300000      0.00393527
 11.400000      0.01584370
 11.500000      0.03098381
 11.600000      0.04744441
 11.700000      0.06688689
 11.800000      0.08941155
 11.900000      0.11433736
 12.000000      0.14403361
 12.100000      0.17797889
 12.200000      0.21491301
 12.300000      0.25297521
 12.400000      0.29430845
 12.500000      0.33782972
 12.600000      0.38289747
 12.700000      0.42946005
 12.800000      0.47714449
 12.900000      0.52437503
 13.000000      0.57244352
 13.100000      0.62210935
 13.200000      0.67090952
 13.300000      0.71693579
 13.400000      0.76091809
 13.500000      0.80370594
 13.600000      0.84175615
 13.700000      0.87550203
 13.800000      0.90580460
 13.900000      0.93268796
 14.000000      0.95542182
 14.100000      0.97239271
 14.200000      0.98503808
 14.300000      0.99334088
 14.400000      0.99944150
 14.500000      1.00000000
 14.600000      0.99510126
 14.700000      0.98808404
 14.800000      0.97644257
 14.900000      0.96006769
 15.000000      0.93964436
 15.100000      0.91312104
 15.200000      0.87857457
 15.300000      0.84052589
 15.400000      0.79780826
 15.500000      0.74912935
 15.600000      0.69719745
 15.700000      0.64093889
 15.800000      0.58022841
 15.900000      0.51719331
 16.000000      0.45196772
 16.100000      0.38315880
 16.200000      0.31183054
 16.300000      0.24102571
 16.400000      0.17070193
 16.500000      0.10101120
 16.600000      0.03344770
 16.700000     -0.03161195
 16.800000     -0.09618077
 16.900000     -0.15705828
 17.000000     -0.21274055
 17.100000     -0.26368885
 17.200000     -0.31033280
 17.300000     -0.35496491
 17.400000     -0.39629347
 17.500000     -0.43267496
 17.600000     -0.46313346
 17.700000     -0.48888117
 17.800000     -0.51295610
 17.900000     -0.53042584
 18.000000     -0.54296389
 18.100000     -0.55038917
 18.200000     -0.55566724
 18.300000     -0.55911979
 18.400000     -0.56142318
 18.500000     -0.56111426
 18.600000     -0.55627499
 18.700000     -0.55024796
 18.800000     -0.54460555
 18.900000     -0.53532497
 19.000000     -0.52312755
 19.100000     -0.51092898
 19.200000     -0.49850636
 19.300000     -0.48649651
 19.400000     -0.47413179
 19.500000     -0.46214871
 19.600000     -0.45132217
 19.700000     -0.44079036
 19.800000     -0.43092035
 19.900000     -0.42235130
 20.000000     -0.41347995
 20.100000     -0.40444942
 20.200000     -0.39590517
 20.300000     -0.38854513
 20.400000     -0.38116402
 20.500000     -0.37286384
 20.600000     -0.36618569
 20.700000     -0.36190392
 20.800000     -0.35989607
 20.900000     -0.35567668
 21.000000     -0.34844357
 21.100000     -0.34258549
 21.200000     -0.34016599
 21.300000     -0.33774110
 21.400000     -0.33188267
 21.500000     -0.32357127
 21.600000     -0.31614658
 21.700000     -0.31085350
 21.800000     -0.30403406
 21.900000     -0.29437839
 22.000000     -0.28673831
 22.100000     -0.28301781
 22.200000     -0.28067211
 22.300000     -0.27126709
 22.400000     -0.26093848
 22.500000     -0.25359060
 22.600000     -0.24584238
 22.700000     -0.23714655
 22.800000     -0.22781604
 22.900000     -0.21698365
 23.000000     -0.20606235
 23.100000     -0.19648669
 23.200000     -0.18996134
 23.300000     -0.18297490
 23.400000     -0.17558595
 23.500000     -0.16762402
 23.600000     -0.16154603
 23.700000     -0.15751270
 23.800000     -0.15255459
 23.900000     -0.14628569
 24.000000     -0.14283223
 24.100000     -0.14059986
 24.200000     -0.13831233
 24.300000     -0.13532467
 24.400000     -0.13167179
 24.500000     -0.13031519
 24.600000     -0.12983984
 24.700000     -0.12736291
 24.800000     -0.12595481
 24.900000     -0.12703303
 25.000000     -0.12780704
 25.100000     -0.12785552
 25.200000     -0.12785170
 25.300000     -0.12849603
 25.400000     -0.12884361
 25.500000     -0.12899218
 25.600000     -0.13020723
 25.700000     -0.13005576
 25.800000     -0.12867203
 25.900000     -0.12680585
 26.000000     -0.12519058
 26.100000     -0.12367486
 26.200000     -0.11945240
 26.300000     -0.11452760
 26.400000     -0.11066772
 26.500000     -0.10810023
 26.600000     -0.10636861
 26.700000     -0.10276219
 26.800000     -0.09990809
 26.900000     -0.09864887
 27.000000     -0.09741511
 27.100000     -0.09575803
 27.200000     -0.09460458
 27.300000     -0.09333259
 27.400000     -0.09085436
 27.500000     -0.08857068
 27.600000     -0.08610989
 27.700000     -0.08384581
 27.800000     -0.08242210
 27.900000     -0.08077826
 28.000000     -0.07783767
 28.100000     -0.07521160
 28.200000     -0.07660371
 28.300000     -0.07928955
 28.400000     -0.07732516
 28.500000     -0.07525692
 28.600000     -0.07460542
 28.700000     -0.07453055
 28.800000     -0.07424029
 28.900000     -0.07241848
 29.000000     -0.07204313
 29.100000     -0.07164429
 29.200000     -0.06960195
 29.300000     -0.06913570
 29.400000     -0.06903901
 29.500000     -0.06837047
 29.600000     -0.06972376
 29.700000     -0.07156120
 29.800000     -0.07304304
 29.900000     -0.07403924
 30.000000     -0.07663517
 30.100000     -0.07895599
 30.200000     -0.08014523
 30.300000     -0.08162854
 30.400000     -0.08279342
 30.500000     -0.08367139
 30.600000     -0.08461029
 30.700000     -0.08426680
 30.800000     -0.08402275
 30.900000     -0.08407086
 31.000000     -0.08384378
 31.100000     -0.08310302
 31.200000     -0.08189946
 31.300000     -0.08008180
 31.400000     -0.07861221
 31.500000     -0.07636845
 31.600000     -0.07509417
 31.700000     -0.07284103
 31.800000     -0.06957537
 31.900000     -0.06679113
 32.000000     -0.06431785
 32.100000     -0.06087685
 32.200000     -0.05640476
 32.300000     -0.05262288
 32.400000     -0.05001952
 32.500000     -0.04747092
 32.600000     -0.04427173
 32.700000     -0.04145395
 32.800000     -0.03903234
 32.900000     -0.03610328
 33.000000     -0.03461847
 33.100000     -0.03382966
 33.200000     -0.03224767
 33.300000     -0.03061448
 33.400000     -0.02965717
 33.500000     -0.02941198
 33.600000     -0.02967223
 33.700000     -0.02985213
 33.800000     -0.02961780
 33.900000     -0.02958796
 34.000000     -0.02990592
 34.100000     -0.02996146
 34.200000     -0.03007992
 34.300000     -0.03033899
 34.400000     -0.03120291
 34.500000     -0.03170304
 34.600000     -0.03208435
 34.700000     -0.03372434
 34.800000     -0.03403662
 34.900000     -0.03474986
 35.000000     -0.03642851
 35.100000     -0.03762265
 35.200000     -0.03909827
 35.300000     -0.04118285
 35.400000     -0.04305234
 35.500000     -0.04536566
 35.600000     -0.04785901
 35.700000     -0.04866310
 35.800000     -0.04936299
 35.900000     -0.04979363
 36.000000     -0.04907220
 36.100000     -0.04809630
 36.200000     -0.04652750
 36.300000     -0.04402101
 36.400000     -0.04100975
 36.500000     -0.03816755
 36.600000     -0.03461370
 36.700000     -0.03054250
 36.800000     -0.02666130
 36.900000     -0.02308131
 37.000000     -0.02001038
 37.100000     -0.01796973
 37.200000     -0.01663821
 37.300000     -0.01545219
 37.400000     -0.01401344
 37.500000     -0.01324028
 37.600000     -0.01279847
 37.700000     -0.01237757
 37.800000     -0.01201313
 37.900000     -0.01189851
 38.000000     -0.01207663
 38.100000     -0.01228248
 38.200000     -0.01304728
 38.300000     -0.01349960
 38.400000     -0.01348153
 38.500000     -0.01366948
 38.600000     -0.01388048
 38.700000     -0.01325422
 38.800000     -0.01256121
 38.900000     -0.01240530
 39.000000     -0.01179236
 39.100000     -0.01069038
 39.200000     -0.00992229
 39.300000     -0.00875874
 39.400000     -0.00765675
 39.500000     -0.00685921
 39.600000     -0.00604914
 39.700000     -0.00520399
 39.800000     -0.00428781
 39.900000     -0.00342710
