  0.000000     -0.00915297
  0.100000     -0.00876876
  0.200000     -0.00838736
  0.300000     -0.00799329
  0.400000     -0.00740966
  0.500000     -0.00717426
  0.600000     -0.00718212
  0.700000     -0.00667690
  0.800000     -0.00587146
  0.900000     -0.00532817
  1.000000     -0.00512939
  1.100000     -0.00540025
  1.200000     -0.00560970
  1.300000     -0.00525421
  1.400000     -0.00455326
  1.500000     -0.00417532
  1.600000     -0.00394493
  1.700000     -0.00379470
  1.800000     -0.00382045
  1.900000     -0.00393473
  2.000000     -0.00338288
  2.100000     -0.00251563
  2.200000     -0.00227954
  2.300000     -0.00322504
  2.400000     -0.00390995
  2.500000     -0.00431624
  2.600000     -0.00455008
  2.700000     -0.00495894
  2.800000     -0.00564943
  2.900000     -0.00691602
  3.000000     -0.00806118
  3.100000     -0.00932239
  3.200000     -0.01055100
  3.300000     -0.01177304
  3.400000     -0.01323155
  3.500000     -0.01404895
  3.600000     -0.01428714
  3.700000     -0.01507358
  3.800000     -0.01646665
  3.900000     -0.01760245
  4.000000     -0.01851138
  4.100000     -0.01906419
  4.200000     -0.01968710
  4.300000     -0.02057913
  4.400000     -0.02132299
  4.500000     -0.02229131
  4.600000     -0.02322791
  4.700000     -0.02358347
  4.800000     -0.02422577
  4.900000     -0.02521347
  5.000000     -0.02580714
  5.100000     -0.02577722
  5.200000     -0.02610438
  5.300000     -0.02676794
  5.400000     -0.02737575
  5.500000     -0.02741788
  5.600000     -0.02697414
  5.700000     -0.02631447
  5.800000     -0.02614879
  5.900000     -0.02677126
  6.000000     -0.02716051
  6.100000     -0.02706081
  6.200000     -0.02685087
  6.300000     -0.02695021
  6.400000     -0.02753510
  6.500000     -0.02793247
  6.600000     -0.02791989
  6.700000     -0.02761173
  6.800000     -0.02727463
  6.900000     -0.02692217
  7.000000     -0.02689557
  7.100000     -0.02699247
  7.200000     -0.02654608
  7.300000     -0.02466880
  7.400000     -0.02291700
  7.500000     -0.02209856
  7.600000     -0.02211760
  7.700000     -0.02130173
  7.800000     -0.01933655
  7.900000     -0.01768041
  8.000000     -0.01662294
  8.100000     -0.01572672
  8.200000     -0.01473671
  8.300000     -0.01354943
  8.400000     -0.01274567
  8.500000     -0.01215775
  8.600000     -0.01163615
  8.700000     -0.01132538
  8.800000     -0.01096866
  8.900000     -0.01106253
  9.000000     -0.01102759
  9.100000     -0.01085381
  9.200000     -0.01079629
  9.300000     -0.01080267
  9.400000     -0.01038293
  9.500000     -0.00969452
  9.600000     -0.00928834
  9.700000     -0.00899813
  9.800000     -0.00851184
  9.900000     -0.00804686
 10.000000     -0.00744280
 10.100000     -0.00670273
 10.200000     -0.00586332
 10.300000     -0.00528459
 10.400000     -0.00383101
 10.500000     -0.00241628
 10.600000     -0.00146665
 10.700000     -0.00068904
 10.800000      0.00089893
 10.900000      0.00279986
 11.000000      0.00457377
 11.100000      0.00570024
 11.200000      0.00693543
 11.300000      0.00896383
 11.400000      0.01163066
 11.500000      0.01421796
 11.600000      0.01621729
 11.700000      0.01893652
 11.800000      0.02189578
 11.900000      0.02473182
 12.000000      0.02724395
 12.100000      0.03052897
 12.200000      0.03371685
 12.300000      0.03702023
 12.400000      0.03979916
 12.500000      0.04340871
 12.600000      0.04806032
 12.700000      0.05269654
 12.800000      0.05750827
 12.900000      0.06398173
 13.000000      0.07158466
 13.100000      0.07972023
 13.200000      0.08748002
 13.300000      0.09601306
 13.400000      0.10538570
 13.500000      0.11556947
 13.600000      0.12654948
 13.700000      0.13851645
 13.800000      0.15109418
 13.900000      0.16526795
 14.000000      0.18088561
 14.100000      0.19727782
 14.200000      0.21470839
 14.300000      0.23286035
 14.400000      0.25164092
 14.500000      0.27135005
 14.600000      0.29251642
 14.700000      0.31440820
 14.800000      0.33693847
 14.900000      0.35993990
 15.000000      0.38284834
 15.100000      0.40644980
 15.200000      0.43110407
 15.300000      0.45594448
 15.400000      0.47968943
 15.500000      0.50375961
 15.600000      0.52881217
 15.700000      0.55387985
 15.800000      0.57823934
 15.900000      0.60236496
 16.000000      0.62645510
 16.100000      0.64994291
 16.200000      0.67255313
 16.300000      0.69377930
 16.400000      0.71497263
 16.500000      0.73541539
 16.600000      0.75567675
 16.700000      0.77544640
 16.800000      0.79483581
 16.900000      0.81230282
 17.000000      0.82804306
 17.100000      0.84308154
 17.200000      0.85818067
 17.300000      0.87310170
 17.400000      0.88729384
 17.500000      0.89984867
 17.600000      0.91138987
 17.700000      0.92225781
 17.800000      0.93352276
 17.900000      0.94438260
 18.000000      0.95387862
 18.100000      0.96252335
 18.200000      0.96995433
 18.300000      0.97711457
 18.400000      0.98328723
 18.500000      0.98875628
 18.600000      0.99309929
 18.700000      0.99666136
 18.800000      0.99865443
 18.900000      1.00000000
 19.000000      0.99946600
 19.100000      0.99838012
 19.200000      0.99626729
 19.300000      0.99369595
 19.400000      0.98993297
 19.500000      0.98467426
 19.600000      0.97791958
 19.700000      0.97125203
 19.800000      0.96442589
 19.900000      0.95653313
 20.000000      0.94687462
 20.100000      0.93582112
 20.200000      0.92439052
 20.300000      0.91258273
 20.400000      0.89921905
 20.500000      0.88413623
 20.600000      0.86725844
 20.700000      0.84986903
 20.800000      0.83051536
 20.900000      0.81048535
 21.000000      0.78973061
 21.100000      0.76817842
 21.200000      0.74495600
 21.300000      0.72016240
 21.400000      0.69440586
 21.500000      0.66711297
 21.600000      0.63832646
 21.700000      0.60806077
 21.800000      0.57709319
 21.900000      0.54596482
 22.000000      0.51454998
 22.100000      0.48289855
 22.200000      0.45038063
 22.300000      0.41721130
 22.400000      0.38427498
 22.500000      0.35167347
 22.600000      0.31969450
 22.700000      0.28699797
 22.800000      0.25356218
 22.900000      0.22001782
 23.000000      0.18747879
 23.100000      0.15522424
 23.200000      0.12243472
 23.300000      0.08895655
 23.400000      0.05599335
 23.500000      0.02415626
 23.600000     -0.00682008
 23.700000     -0.03764860
 23.800000     -0.06705875
 23.900000     -0.09573967
 24.000000     -0.12349659
 24.100000     -0.15027712
 24.200000     -0.17612579
 24.300000     -0.20166141
 24.400000     -0.22700164
 24.500000     -0.25149484
 24.600000     -0.27494519
 24.700000     -0.29724254
 24.800000     -0.31812874
 24.900000     -0.33912715
 25.000000     -0.36026475
 25.100000     -0.38088720
 25.200000     -0.40013933
 25.300000     -0.41836271
 25.400000     -0.43569727
 25.500000     -0.45163161
 25.600000     -0.46706674
 25.700000     -0.48204228
 25.800000     -0.49675580
 25.900000     -0.51068355
 26.000000     -0.52337626
 26.100000     -0.53470482
 26.200000     -0.54468353
 26.300000     -0.55527635
 26.400000     -0.56531186
 26.500000     -0.57479988
 26.600000     -0.58334244
 26.700000     -0.59162927
 26.800000     -0.59995975
 26.900000     -0.60741292
 27.000000     -0.61378043
 27.100000     -0.61981809
 27.200000     -0.62570257
 27.300000     -0.63102649
 27.400000     -0.63477609
 27.500000     -0.63751180
 27.600000     -0.63882970
 27.700000     -0.64022899
 27.800000     -0.64200966
 27.900000     -0.64358986
 28.000000     -0.64450014
 28.100000     -0.64510816
 28.200000     -0.64543415
 28.300000     -0.64508252
 28.400000     -0.64486009
 28.500000     -0.64447370
 28.600000     -0.64334249
 28.700000     -0.64171782
 28.800000     -0.64035902
 28.900000     -0.63778881
 29.000000     -0.63454776
 29.100000     -0.63034318
 29.200000     -0.62642580
 29.300000     -0.62190913
 29.400000     -0.61707420
 29.500000     -0.61088704
 29.600000     -0.60490852
 29.700000     -0.59949994
 29.800000     -0.59432635
 29.900000     -0.58821608
 30.000000     -0.58193402
 30.100000     -0.57584350
 30.200000     -0.56999112
 30.300000     -0.56339730
 30.400000     -0.55774989
 30.500000     -0.55272797
 30.600000     -0.54717044
 30.700000     -0.54117881
 30.800000     -0.53517345
 30.900000     -0.53027832
 31.000000     -0.52523696
 31.100000     -0.52013332
 31.200000     -0.51522462
 31.300000     -0.51074995
 31.400000     -0.50585911
 31.500000     -0.50056338
 31.600000     -0.49556212
 31.700000     -0.49152069
 31.800000     -0.48792385
 31.900000     -0.48429085
 32.000000     -0.48113400
 32.100000     -0.47730351
 32.200000     -0.47388338
 32.300000     -0.47088451
 32.400000     -0.46899145
 32.500000     -0.46575053
 32.600000     -0.46261303
 32.700000     -0.45985785
 32.800000     -0.45841238
 32.900000     -0.45561901
 33.000000     -0.45217259
 33.100000     -0.44900439
 33.200000     -0.44733873
 33.300000     -0.44539494
 33.400000     -0.44376874
 33.500000     -0.44188271
 33.600000     -0.44001501
 33.700000     -0.43881765
 33.800000     -0.43838741
 33.900000     -0.43831811
 34.000000     -0.43764031
 34.100000     -0.43601712
 34.200000     -0.43487786
 34.300000     -0.43478766
 34.400000     -0.43467639
 34.500000     -0.43411203
 34.600000     -0.43344646
 34.700000     -0.43307588
 34.800000     -0.43294972
 34.900000     -0.43226750
 35.000000     -0.43133361
 35.100000     -0.43050206
 35.200000     -0.42913945
 35.300000     -0.42773764
 35.400000     -0.42692977
 35.500000     -0.42618571
 35.600000     -0.42553112
 35.700000     -0.42470145
 35.800000     -0.42399196
 35.900000     -0.42325023
 36.000000     -0.42236555
 36.100000     -0.42103893
 36.200000     -0.41992319
 36.300000     -0.41954274
 36.400000     -0.41937134
 36.500000     -0.41872897
 36.600000     -0.41754838
 36.700000     -0.41628993
 36.800000     -0.41524282
 36.900000     -0.41449171
 37.000000     -0.41337596
 37.100000     -0.41175149
 37.200000     -0.40996917
 37.300000     -0.40871778
 37.400000     -0.40766994
 37.500000     -0.40573186
 37.600000     -0.40348010
 37.700000     -0.40171017
 37.800000     -0.40007910
 37.900000     -0.39813254
 38.000000     -0.39544682
 38.100000     -0.39212425
 38.200000     -0.38869771
 38.300000     -0.38544838
 38.400000     -0.38197958
 38.500000     -0.37775180
 38.600000     -0.37323061
 38.700000     -0.36890396
 38.800000     -0.36444785
 38.900000     -0.35977436
 39.000000     -0.35478555
 39.100000     -0.34944029
 39.200000     -0.34403562
 39.300000     -0.33895655
 39.400000     -0.33381878
 39.500000     -0.32793449
 39.600000     -0.32183704
 39.700000     -0.31556570
 39.800000     -0.30883896
 39.900000     -0.30243013
