  0.000000     -0.08724989
  0.100000     -0.08780742
  0.200000     -0.08947830
  0.300000     -0.08972089
  0.400000     -0.08977051
  0.500000     -0.08973593
  0.600000     -0.08969278
  0.700000     -0.08962046
  0.800000     -0.08954680
  0.900000     -0.08947816
  1.000000     -0.08940371
  1.100000     -0.08932710
  1.200000     -0.08924760
  1.300000     -0.08916942
  1.400000     -0.08911242
  1.500000     -0.08908893
  1.600000     -0.08922480
  1.700000     -0.08954153
  1.800000     -0.08954670
  1.900000     -0.08957058
  2.000000     -0.09033566
  2.100000     -0.09073886
  2.200000     -0.09121251
  2.300000     -0.09135740
  2.400000     -0.09151997
  2.500000     -0.09216768
  2.600000     -0.09257606
  2.700000     -0.09279345
  2.800000     -0.09301203
  2.900000     -0.09323271
  3.000000     -0.09399575
  3.100000     -0.09541061
  3.200000     -0.09560001
  3.300000     -0.09578882
  3.400000     -0.09594942
  3.500000     -0.09609404
  3.600000     -0.09621922
  3.700000     -0.09669161
  3.800000     -0.09685578
  3.900000     -0.09696966
  4.000000     -0.09707160
  4.100000     -0.09714984
  4.200000     -0.09723922
  4.300000     -0.09731214
  4.400000     -0.09738908
  4.500000     -0.09746292
  4.600000     -0.09826316
  4.700000     -0.09839005
  4.800000     -0.09850547
  4.900000     -0.09861288
  5.000000     -0.09910392
  5.100000     -0.09918704
  5.200000     -0.09933549
  5.300000     -0.09940402
  5.400000     -0.10016957
  5.500000     -0.10047784
  5.600000     -0.10101136
  5.700000     -0.10106027
  5.800000     -0.10111302
  5.900000     -0.10115709
  6.000000     -0.10120824
  6.100000     -0.10126978
  6.200000     -0.10134331
  6.300000     -0.10142459
  6.400000     -0.10151673
  6.500000     -0.10162107
  6.600000     -0.10173385
  6.700000     -0.10186075
  6.800000     -0.10200916
  6.900000     -0.10217550
  7.000000     -0.10236844
  7.100000     -0.10258538
  7.200000     -0.10283121
  7.300000     -0.10357154
  7.400000     -0.10389116
  7.500000     -0.10497143
  7.600000     -0.10541636
  7.700000     -0.10580055
  7.800000     -0.10620302
  7.900000     -0.10662160
  8.000000     -0.10705618
  8.100000     -0.10750000
  8.200000     -0.10795529
  8.300000     -0.10841652
  8.400000     -0.10888139
  8.500000     -0.10934864
  8.600000     -0.10981612
  8.700000     -0.11028361
  8.800000     -0.11074675
  8.900000     -0.11120484
  9.000000     -0.11165371
  9.100000     -0.11208992
  9.200000     -0.11251322
  9.300000     -0.11291747
  9.400000     -0.11329756
  9.500000     -0.11364561
  9.600000     -0.11395641
  9.700000     -0.11422252
  9.800000     -0.11443066
  9.900000     -0.11457393
 10.000000     -0.11464097
 10.100000     -0.11461822
 10.200000     -0.11449621
 10.300000     -0.11426202
 10.400000     -0.11390225
 10.500000     -0.11340722
 10.600000     -0.11276371
 10.700000     -0.11196055
 10.800000     -0.11098804
 10.900000     -0.10983573
 11.000000     -0.10849555
 11.100000     -0.10696001
 11.200000     -0.10521365
 11.300000     -0.10325029
 11.400000     -0.10106046
 11.500000     -0.09863505
 11.600000     -0.09596459
 11.700000     -0.09303783
 11.800000     -0.08984879
 11.900000     -0.08638640
 12.000000     -0.08264254
 12.100000     -0.07860666
 12.200000     -0.07427238
 12.300000     -0.06963689
 12.400000     -0.06468561
 12.500000     -0.05941876
 12.600000     -0.05382982
 12.700000     -0.04791315
 12.800000     -0.04166228
 12.900000     -0.03507170
 13.000000     -0.02813685
 13.100000     -0.02085819
 13.200000     -0.01322688
 13.300000     -0.00523987
 13.400000      0.00311073
 13.500000      0.01182753
 13.600000      0.02091851
 13.700000      0.03038858
 13.800000      0.04024392
 13.900000      0.05049044
 14.000000      0.06113398
 14.100000      0.07217857
 14.200000      0.08362399
 14.300000      0.09547973
 14.400000      0.10774193
 14.500000      0.12040951
 14.600000      0.13347913
 14.700000      0.14694770
 14.800000      0.16080853
 14.900000      0.17505475
 15.000000      0.18967439
 15.100000      0.20465764
 15.200000      0.21999134
 15.300000      0.23566121
 15.400000      0.25165406
 15.500000      0.26794769
 15.600000      0.28452269
 15.700000      0.30135952
 15.800000      0.31843708
 15.900000      0.33573646
 16.000000      0.35322713
 16.100000      0.37088645
 16.200000      0.38869248
 16.300000      0.40661182
 16.400000      0.42461622
 16.500000      0.44268013
 16.600000      0.46077509
 16.700000      0.47887192
 16.800000      0.49693634
 16.900000      0.51493909
 17.000000      0.53284808
 17.100000      0.55063619
 17.200000      0.56827584
 17.300000      0.58573689
 17.400000      0.60299120
 17.500000      0.62001445
 17.600000      0.63678257
 17.700000      0.65327670
 17.800000      0.66947110
 17.900000      0.68534942
 18.000000      0.70089733
 18.100000      0.71609702
 18.200000      0.73093475
 18.300000      0.74540023
 18.400000      0.75948216
 18.500000      0.77317169
 18.600000      0.78645943
 18.700000      0.79934198
 18.800000      0.81181236
 18.900000      0.82386626
 19.000000      0.83550053
 19.100000      0.84671246
 19.200000      0.85750921
 19.300000      0.86788348
 19.400000      0.87783726
 19.500000      0.88738007
 19.600000      0.89651612
 19.700000      0.90525048
 19.800000      0.91358150
 19.900000      0.92151518
 20.000000      0.92905629
 20.100000      0.93621447
 20.200000      0.94298774
 20.300000      0.94937727
 20.400000      0.95538496
 20.500000      0.96101246
 20.600000      0.96626023
 20.700000      0.97112830
 20.800000      0.97561234
 20.900000      0.97971804
 21.000000      0.98344577
 21.100000      0.98678881
 21.200000      0.98975832
 21.300000      0.99234959
 21.400000      0.99455539
 21.500000      0.99638739
 21.600000      0.99785500
 21.700000      0.99894428
 21.800000      0.99965937
 21.900000      1.00000000
 22.000000      0.99997704
 22.100000      0.99956765
 22.200000      0.99877931
 22.300000      0.99761890
 22.400000      0.99606000
 22.500000      0.99410779
 22.600000      0.99175861
 22.700000      0.98899399
 22.800000      0.98580206
 22.900000      0.98217035
 23.000000      0.97807908
 23.100000      0.97351940
 23.200000      0.96846983
 23.300000      0.96291437
 23.400000      0.95682514
 23.500000      0.95018532
 23.600000      0.94296761
 23.700000      0.93514523
 23.800000      0.92669690
 23.900000      0.91759593
 24.000000      0.90780916
 24.100000      0.89731123
 24.200000      0.88607789
 24.300000      0.87407738
 24.400000      0.86128978
 24.500000      0.84767920
 24.600000      0.83322917
 24.700000      0.81790732
 24.800000      0.80169869
 24.900000      0.78458276
 25.000000      0.76653834
 25.100000      0.74755304
 25.200000      0.72763075
 25.300000      0.70675811
 25.400000      0.68493057
 25.500000      0.66215297
 25.600000      0.63845204
 25.700000      0.61384004
 25.800000      0.58832392
 25.900000      0.56192897
 26.000000      0.53471241
 26.100000      0.50671152
 26.200000      0.47794968
 26.300000      0.44849284
 26.400000      0.41839640
 26.500000      0.38771856
 26.600000      0.35651812
 26.700000      0.32487279
 26.800000      0.29284906
 26.900000      0.26051663
 27.000000      0.22795454
 27.100000      0.19524565
 27.200000      0.16246813
 27.300000      0.12970640
 27.400000      0.09703537
 27.500000      0.06454409
 27.600000      0.03231173
 27.700000      0.00042117
 27.800000     -0.03105083
 27.900000     -0.06202916
 28.000000     -0.09244826
 28.100000     -0.12223144
 28.200000     -0.15131042
 28.300000     -0.17963361
 28.400000     -0.20715008
 28.500000     -0.23380792
 28.600000     -0.25955810
 28.700000     -0.28436864
 28.800000     -0.30821040
 28.900000     -0.33105714
 29.000000     -0.35289069
 29.100000     -0.37369452
 29.200000     -0.39346878
 29.300000     -0.41219943
 29.400000     -0.42989839
 29.500000     -0.44658416
 29.600000     -0.46225824
 29.700000     -0.47693778
 29.800000     -0.49065764
 29.900000     -0.50343710
 30.000000     -0.51530389
 30.100000     -0.52629869
 30.200000     -0.53646952
 30.300000     -0.54584826
 30.400000     -0.55447644
 30.500000     -0.56241275
 30.600000     -0.56970107
 30.700000     -0.57638175
 30.800000     -0.58251181
 30.900000     -0.58814791
 31.000000     -0.59334341
 31.100000     -0.59814577
 31.200000     -0.60260452
 31.300000     -0.60677804
 31.400000     -0.61070465
 31.500000     -0.61443169
 31.600000     -0.61801522
 31.700000     -0.62148251
 31.800000     -0.62486457
 31.900000     -0.62820517
 32.000000     -0.63153368
 32.100000     -0.63486180
 32.200000     -0.63820700
 32.300000     -0.64159555
 32.400000     -0.64503414
 32.500000     -0.64852821
 32.600000     -0.65208177
 32.700000     -0.65569631
 32.800000     -0.65935838
 32.900000     -0.66307736
 33.000000     -0.66682840
 33.100000     -0.67060634
 33.200000     -0.67439942
 33.300000     -0.67820448
 33.400000     -0.68201151
 33.500000     -0.68579495
 33.600000     -0.68954478
 33.700000     -0.69324573
 33.800000     -0.69687808
 33.900000     -0.70043100
 34.000000     -0.70387608
 34.100000     -0.70719829
 34.200000     -0.71040764
 34.300000     -0.71345491
 34.400000     -0.71485658
 34.500000     -0.71615959
 34.600000     -0.71859519
 34.700000     -0.72080471
 34.800000     -0.72278330
 34.900000     -0.72452291
 35.000000     -0.72599780
 35.100000     -0.72719400
 35.200000     -0.72814650
 35.300000     -0.72881359
 35.400000     -0.72919185
 35.500000     -0.72935089
 35.600000     -0.72919283
 35.700000     -0.72870677
 35.800000     -0.72790663
 35.900000     -0.72679381
 36.000000     -0.72537921
 36.100000     -0.72362381
 36.200000     -0.72155938
 36.300000     -0.71916671
 36.400000     -0.71645913
 36.500000     -0.71344934
 36.600000     -0.71015282
 36.700000     -0.70661703
 36.800000     -0.70290302
 36.900000     -0.69898254
 37.000000     -0.69487651
 37.100000     -0.69067610
 37.200000     -0.68630623
 37.300000     -0.68173248
 37.400000     -0.67714917
 37.500000     -0.67215081
 37.600000     -0.66690410
 37.700000     -0.66254239
 37.800000     -0.65836701
 37.900000     -0.65424938
 38.000000     -0.65020765
 38.100000     -0.64621132
 38.200000     -0.64223405
 38.300000     -0.63830506
 38.400000     -0.63452650
 38.500000     -0.62840267
 38.600000     -0.62471753
 38.700000     -0.62155299
 38.800000     -0.61856219
 38.900000     -0.61564933
 39.000000     -0.61282687
 39.100000     -0.61012454
 39.200000     -0.60761968
 39.300000     -0.60533331
 39.400000     -0.60322323
 39.500000     -0.60133629
 39.600000     -0.59963575
 39.700000     -0.59802132
 39.800000     -0.59652009
 39.900000     -0.59507771
