  0.000000      0.01278390
  0.100000      0.01235588
  0.200000      0.01209193
  0.300000      0.01195478
  0.400000      0.01177806
  0.500000      0.01127135
  0.600000      0.01062689
  0.700000      0.00995629
  0.800000      0.00921894
  0.900000      0.00871194
  1.000000      0.00849150
  1.100000      0.00833111
  1.200000      0.00818544
  1.300000      0.00807005
  1.400000      0.00782500
  1.500000      0.00746565
  1.600000      0.00712669
  1.700000      0.00650196
  1.800000      0.00581585
  1.900000      0.00528779
  2.000000      0.00495727
  2.100000      0.00448677
  2.200000      0.00398829
  2.300000      0.00388364
  2.400000      0.00375215
  2.500000      0.00375547
  2.600000      0.00380490
  2.700000      0.00398861
  2.800000      0.00430224
  2.900000      0.00491630
  3.000000      0.00542434
  3.100000      0.00584853
  3.200000      0.00606885
  3.300000      0.00631294
  3.400000      0.00658583
  3.500000      0.00685083
  3.600000      0.00694290
  3.700000      0.00692275
  3.800000      0.00675299
  3.900000      0.00620827
  4.000000      0.00491286
  4.100000      0.00381168
  4.200000      0.00332345
  4.300000      0.00284127
  4.400000      0.00188373
  4.500000      0.00057083
  4.600000     -0.00059063
  4.700000     -0.00161161
  4.800000     -0.00246843
  4.900000     -0.00320053
  5.000000     -0.00367685
  5.100000     -0.00343862
  5.200000     -0.00255865
  5.300000     -0.00242536
  5.400000     -0.00306157
  5.500000     -0.00363308
  5.600000     -0.00411654
  5.700000     -0.00444157
  5.800000     -0.00411101
  5.900000     -0.00420251
  6.000000     -0.00539979
  6.100000     -0.00666157
  6.200000     -0.00835812
  6.300000     -0.01046238
  6.400000     -0.01219853
  6.500000     -0.01353928
  6.600000     -0.01467870
  6.700000     -0.01570270
  6.800000     -0.01616748
  6.900000     -0.01665130
  7.000000     -0.01752712
  7.100000     -0.01839839
  7.200000     -0.01959755
  7.300000     -0.02091413
  7.400000     -0.02231542
  7.500000     -0.02410933
  7.600000     -0.02584657
  7.700000     -0.02768375
  7.800000     -0.02978546
  7.900000     -0.03228416
  8.000000     -0.03544286
  8.100000     -0.03858896
  8.200000     -0.04113021
  8.300000     -0.04264685
  8.400000     -0.04384022
  8.500000     -0.04568087
  8.600000     -0.04737749
  8.700000     -0.04880552
  8.800000     -0.04971791
  8.900000     -0.05042927
  9.000000     -0.05096724
  9.100000     -0.05212923
  9.200000     -0.05374715
  9.300000     -0.05491198
  9.400000     -0.05469978
  9.500000     -0.05407904
  9.600000     -0.05235079
  9.700000     -0.04910580
  9.800000     -0.04401834
  9.900000     -0.03789266
 10.000000     -0.03031316
 10.100000     -0.02102016
 10.200000     -0.00950431
 10.300000      0.00456881
 10.400000      0.02091929
 10.500000      0.04057671
 10.600000      0.06373512
 10.700000      0.09129351
 10.800000      0.12337510
 10.900000      0.15936288
 11.000000      0.19944322
 11.100000      0.24248434
 11.200000      0.28805513
 11.300000      0.33633785
 11.400000      0.38681034
 11.500000      0.43810334
 11.600000      0.48950078
 11.700000      0.54014149
 11.800000      0.58983111
 11.900000      0.63917039
 12.000000      0.68852014
 12.100000      0.73633007
 12.200000      0.78153721
 12.300000      0.82357521
 12.400000      0.86188531
 12.500000      0.89646266
 12.600000      0.92691050
 12.700000      0.95210985
 12.800000      0.97204944
 12.900000      0.98651038
 13.000000      0.99636662
 13.100000      1.00000000
 13.200000      0.99649346
 13.300000      0.98577188
 13.400000      0.96822897
 13.500000      0.94290322
 13.600000      0.90919597
 13.700000      0.86721528
 13.800000      0.81595661
 13.900000      0.75564274
 14.000000      0.68791559
 14.100000      0.61358614
 14.200000      0.53403049
 14.300000      0.45052791
 14.400000      0.36395663
 14.500000      0.27572052
 14.600000      0.18780535
 14.700000      0.10109492
 14.800000      0.01610797
 14.900000     -0.06672650
 15.000000     -0.14749231
 15.100000     -0.22487243
 15.200000     -0.29774720
 15.300000     -0.36499714
 15.400000     -0.42722469
 15.500000     -0.48404842
 15.600000     -0.53506892
 15.700000     -0.58028463
 15.800000     -0.61999915
 15.900000     -0.65444329
 16.000000     -0.68304722
 16.100000     -0.70577320
 16.200000     -0.72267571
 16.300000     -0.73408883
 16.400000     -0.74039444
 16.500000     -0.74145600
 16.600000     -0.73795521
 16.700000     -0.73115988
 16.800000     -0.72124157
 16.900000     -0.70787040
 17.000000     -0.69105647
 17.100000     -0.67166029
 17.200000     -0.65069514
 17.300000     -0.62877809
 17.400000     -0.60607254
 17.500000     -0.58229349
 17.600000     -0.55800064
 17.700000     -0.53415691
 17.800000     -0.51090723
 17.900000     -0.48844293
 18.000000     -0.46747962
 18.100000     -0.44729535
 18.200000     -0.42749025
 18.300000     -0.40837240
 18.400000     -0.38997705
 18.500000     -0.37186011
 18.600000     -0.35477820
 18.700000     -0.33883786
 18.800000     -0.32370070
 18.900000     -0.30940551
 19.000000     -0.29547590
 19.100000     -0.28143623
 19.200000     -0.26759911
 19.300000     -0.25455636
 19.400000     -0.24311521
 19.500000     -0.23266735
 19.600000     -0.22355031
 19.700000     -0.21579692
 19.800000     -0.20880204
 19.900000     -0.20218190
 20.000000     -0.19552429
 20.100000     -0.18835114
 20.200000     -0.17986958
 20.300000     -0.17027316
 20.400000     -0.16028097
 20.500000     -0.15104438
 20.600000     -0.14263209
 20.700000     -0.13475833
 20.800000     -0.12795370
 20.900000     -0.12232126
 21.000000     -0.11733522
 21.100000     -0.11269241
 21.200000     -0.10851141
 21.300000     -0.10416141
 21.400000     -0.09969378
 21.500000     -0.09497735
 21.600000     -0.08936092
 21.700000     -0.08327305
 21.800000     -0.07795412
 21.900000     -0.07370868
 22.000000     -0.07047255
 22.100000     -0.06716367
 22.200000     -0.06340963
 22.300000     -0.05973201
 22.400000     -0.05687887
 22.500000     -0.05476795
 22.600000     -0.05276384
 22.700000     -0.05057211
 22.800000     -0.04830187
 22.900000     -0.04604528
 23.000000     -0.04419229
 23.100000     -0.04259017
 23.200000     -0.04133809
 23.300000     -0.04048025
 23.400000     -0.04012787
 23.500000     -0.04016527
 23.600000     -0.03977225
 23.700000     -0.03907760
 23.800000     -0.03754130
 23.900000     -0.03513367
 24.000000     -0.03236685
 24.100000     -0.02953435
 24.200000     -0.02667188
 24.300000     -0.02441642
 24.400000     -0.02211728
 24.500000     -0.01990186
 24.600000     -0.01775051
 24.700000     -0.01579023
 24.800000     -0.01393172
 24.900000     -0.01209519
 25.000000     -0.01064187
 25.100000     -0.00854999
 25.200000     -0.00673011
 25.300000     -0.00471680
 25.400000     -0.00252765
 25.500000     -0.00062808
 25.600000      0.00090414
 25.700000      0.00203148
 25.800000      0.00304107
 25.900000      0.00428174
 26.000000      0.00554570
 26.100000      0.00717279
 26.200000      0.00937143
 26.300000      0.01149537
 26.400000      0.01419081
 26.500000      0.01672737
 26.600000      0.01868314
 26.700000      0.02012016
 26.800000      0.02110257
 26.900000      0.02155606
 27.000000      0.02139014
 27.100000      0.02069771
 27.200000      0.01987270
 27.300000      0.01920788
 27.400000      0.01845660
 27.500000      0.01777771
 27.600000      0.01788026
 27.700000      0.01825772
 27.800000      0.01890609
 27.900000      0.01986777
 28.000000      0.02029033
 28.100000      0.02049466
 28.200000      0.02055642
 28.300000      0.02033438
 28.400000      0.01989695
 28.500000      0.01910073
 28.600000      0.01790965
 28.700000      0.01671851
 28.800000      0.01551207
 28.900000      0.01408376
 29.000000      0.01268422
 29.100000      0.01165527
 29.200000      0.01072057
 29.300000      0.01004887
 29.400000      0.00958774
 29.500000      0.00894755
 29.600000      0.00831151
 29.700000      0.00788481
 29.800000      0.00745653
 29.900000      0.00749838
 30.000000      0.00730246
 30.100000      0.00712552
 30.200000      0.00752831
 30.300000      0.00817827
 30.400000      0.00907455
 30.500000      0.01044065
 30.600000      0.01190771
 30.700000      0.01381964
 30.800000      0.01605708
 30.900000      0.01836084
 31.000000      0.02063076
 31.100000      0.02279854
 31.200000      0.02478766
 31.300000      0.02634265
 31.400000      0.02751853
 31.500000      0.02815283
 31.600000      0.02835942
 31.700000      0.02748867
 31.800000      0.02596410
 31.900000      0.02442101
 32.000000      0.02272524
 32.100000      0.02077298
 32.200000      0.01855037
 32.300000      0.01661474
 32.400000      0.01480141
 32.500000      0.01284894
 32.600000      0.01073953
 32.700000      0.00871183
 32.800000      0.00701061
 32.900000      0.00556395
 33.000000      0.00455312
 33.100000      0.00394269
 33.200000      0.00381905
 33.300000      0.00397290
 33.400000      0.00435279
 33.500000      0.00483132
 33.600000      0.00551582
 33.700000      0.00657725
 33.800000      0.00764505
 33.900000      0.00866568
 34.000000      0.00963351
 34.100000      0.01087716
 34.200000      0.01195725
 34.300000      0.01272781
 34.400000      0.01338417
 34.500000      0.01384441
 34.600000      0.01392059
 34.700000      0.01338152
 34.800000      0.01219323
 34.900000      0.01082314
 35.000000      0.00924345
 35.100000      0.00772762
 35.200000      0.00635297
 35.300000      0.00489018
 35.400000      0.00350709
 35.500000      0.00271453
 35.600000      0.00261840
 35.700000      0.00282849
 35.800000      0.00330552
 35.900000      0.00415552
 36.000000      0.00562700
 36.100000      0.00691355
 36.200000      0.00821470
 36.300000      0.00981476
 36.400000      0.01172822
 36.500000      0.01386099
 36.600000      0.01588161
 36.700000      0.01794638
 36.800000      0.02060332
 36.900000      0.02343914
 37.000000      0.02625712
 37.100000      0.02870027
 37.200000      0.03090955
 37.300000      0.03274552
 37.400000      0.03415269
 37.500000      0.03515343
 37.600000      0.03564696
 37.700000      0.03551806
 37.800000      0.03458573
 37.900000      0.03339907
 38.000000      0.03169758
 38.100000      0.03026088
 38.200000      0.02869300
 38.300000      0.02665073
 38.400000      0.02454476
 38.500000      0.02227235
 38.600000      0.02008539
 38.700000      0.01807073
 38.800000      0.01619275
 38.900000      0.01457344
 39.000000      0.01310861
 39.100000      0.01177772
 39.200000      0.01074214
 39.300000      0.01008882
 39.400000      0.00979320
 39.500000      0.00970550
 39.600000      0.00980217
 39.700000      0.01005311
 39.800000      0.01046649
 39.900000      0.01092281
