  0.000000      0.00019784
  0.100000      0.00062385
  0.200000      0.00080526
  0.300000      0.00090320
  0.400000      0.00111418
  0.500000      0.00137879
  0.600000      0.00162204
  0.700000      0.00186016
  0.800000      0.00202910
  0.900000      0.00204265
  1.000000      0.00202750
  1.100000      0.00205839
  1.200000      0.00235685
  1.300000      0.00269073
  1.400000      0.00314301
  1.500000      0.00355802
  1.600000      0.00398698
  1.700000      0.00446839
  1.800000      0.00460267
  1.900000      0.00463749
  2.000000      0.00445852
  2.100000      0.00412701
  2.200000      0.00369293
  2.300000      0.00319717
  2.400000      0.00231386
  2.500000      0.00145852
  2.600000      0.00091284
  2.700000      0.00015521
  2.800000     -0.00055348
  2.900000     -0.00108484
  3.000000     -0.00136655
  3.100000     -0.00164386
  3.200000     -0.00221515
  3.300000     -0.00295513
  3.400000     -0.00382306
  3.500000     -0.00473701
  3.600000     -0.00576017
  3.700000     -0.00685873
  3.800000     -0.00783178
  3.900000     -0.00875995
  4.000000     -0.00986862
  4.100000     -0.01107767
  4.200000     -0.01228100
  4.300000     -0.01347731
  4.400000     -0.01508949
  4.500000     -0.01658868
  4.600000     -0.01745349
  4.700000     -0.01838210
  4.800000     -0.01916244
  4.900000     -0.01973196
  5.000000     -0.02016236
  5.100000     -0.02052771
  5.200000     -0.02071606
  5.300000     -0.02051940
  5.400000     -0.02028323
  5.500000     -0.02037269
  5.600000     -0.02019107
  5.700000     -0.02031293
  5.800000     -0.02069655
  5.900000     -0.02072950
  6.000000     -0.02045364
  6.100000     -0.02031481
  6.200000     -0.02041383
  6.300000     -0.02085027
  6.400000     -0.02121682
  6.500000     -0.02166820
  6.600000     -0.02237788
  6.700000     -0.02324741
  6.800000     -0.02390101
  6.900000     -0.02449358
  7.000000     -0.02494906
  7.100000     -0.02555405
  7.200000     -0.02634248
  7.300000     -0.02687988
  7.400000     -0.02741324
  7.500000     -0.02797298
  7.600000     -0.02852060
  7.700000     -0.02933497
  7.800000     -0.03030322
  7.900000     -0.03095516
  8.000000     -0.03151620
  8.100000     -0.03263411
  8.200000     -0.03408446
  8.300000     -0.03568181
  8.400000     -0.03743847
  8.500000     -0.03888456
  8.600000     -0.04016139
  8.700000     -0.04157860
  8.800000     -0.04289440
  8.900000     -0.04399100
  9.000000     -0.04515189
  9.100000     -0.04625060
  9.200000     -0.04722946
  9.300000     -0.04779299
  9.400000     -0.04810507
  9.500000     -0.04837784
  9.600000     -0.04885009
  9.700000     -0.04957863
  9.800000     -0.04980747
  9.900000     -0.04983225
 10.000000     -0.04996873
 10.100000     -0.05035291
 10.200000     -0.05028942
 10.300000     -0.05014178
 10.400000     -0.04985317
 10.500000     -0.04944469
 10.600000     -0.04880737
 10.700000     -0.04808493
 10.800000     -0.04752805
 10.900000     -0.04665515
 11.000000     -0.04575996
 11.100000     -0.04480925
 11.200000     -0.04346258
 11.300000     -0.04181365
 11.400000     -0.03973414
 11.500000     -0.03637729
 11.600000     -0.03197892
 11.700000     -0.02644093
 11.800000     -0.01936200
 11.900000     -0.01038143
 12.000000      0.00085789
 12.100000      0.01499249
 12.200000      0.03175817
 12.300000      0.05135572
 12.400000      0.07414617
 12.500000      0.10062399
 12.600000      0.13089470
 12.700000      0.16461847
 12.800000      0.20181252
 12.900000      0.24239751
 13.000000      0.28570419
 13.100000      0.33148719
 13.200000      0.37927713
 13.300000      0.42830391
 13.400000      0.47762902
 13.500000      0.52667228
 13.600000      0.57482478
 13.700000      0.62069590
 13.800000      0.66394481
 13.900000      0.70418664
 14.000000      0.74094056
 14.100000      0.77391186
 14.200000      0.80353696
 14.300000      0.83023971
 14.400000      0.85418613
 14.500000      0.87549235
 14.600000      0.89474014
 14.700000      0.91217252
 14.800000      0.92810148
 14.900000      0.94223466
 15.000000      0.95490708
 15.100000      0.96637409
 15.200000      0.97628205
 15.300000      0.98437413
 15.400000      0.99083504
 15.500000      0.99560843
 15.600000      0.99866680
 15.700000      1.00000000
 15.800000      0.99965244
 15.900000      0.99742566
 16.000000      0.99337140
 16.100000      0.98784472
 16.200000      0.98084716
 16.300000      0.97253626
 16.400000      0.96281933
 16.500000      0.95147800
 16.600000      0.93769445
 16.700000      0.92175143
 16.800000      0.90379720
 16.900000      0.88245665
 17.000000      0.85748683
 17.100000      0.82870588
 17.200000      0.79538753
 17.300000      0.75777172
 17.400000      0.71605312
 17.500000      0.67005377
 17.600000      0.62037372
 17.700000      0.56730141
 17.800000      0.51158570
 17.900000      0.45406287
 18.000000      0.39537549
 18.100000      0.33624335
 18.200000      0.27706081
 18.300000      0.21829637
 18.400000      0.16128488
 18.500000      0.10590707
 18.600000      0.05276231
 18.700000      0.00274188
 18.800000     -0.04466486
 18.900000     -0.08968401
 19.000000     -0.13235712
 19.100000     -0.17264761
 19.200000     -0.21096516
 19.300000     -0.24737396
 19.400000     -0.28184861
 19.500000     -0.31493612
 19.600000     -0.34613954
 19.700000     -0.37524923
 19.800000     -0.40234206
 19.900000     -0.42820349
 20.000000     -0.45219146
 20.100000     -0.47398599
 20.200000     -0.49380622
 20.300000     -0.51160041
 20.400000     -0.52739689
 20.500000     -0.54150700
 20.600000     -0.55430788
 20.700000     -0.56566003
 20.800000     -0.57586772
 20.900000     -0.58541157
 21.000000     -0.59381335
 21.100000     -0.60173566
 21.200000     -0.60891563
 21.300000     -0.61536088
 21.400000     -0.62085693
 21.500000     -0.62523915
 21.600000     -0.62878638
 21.700000     -0.63231074
 21.800000     -0.63444254
 21.900000     -0.63492262
 22.000000     -0.63413020
 22.100000     -0.63226808
 22.200000     -0.62964219
 22.300000     -0.62601765
 22.400000     -0.62154783
 22.500000     -0.61609801
 22.600000     -0.61013826
 22.700000     -0.60319510
 22.800000     -0.59589290
 22.900000     -0.58851257
 23.000000     -0.58020644
 23.100000     -0.57164990
 23.200000     -0.56329278
 23.300000     -0.55453998
 23.400000     -0.54540509
 23.500000     -0.53613438
 23.600000     -0.52673124
 23.700000     -0.51736518
 23.800000     -0.50832403
 23.900000     -0.49927261
 24.000000     -0.48983183
 24.100000     -0.48036790
 24.200000     -0.47102362
 24.300000     -0.46172874
 24.400000     -0.45223207
 24.500000     -0.44248977
 24.600000     -0.43271684
 24.700000     -0.42315056
 24.800000     -0.41399967
 24.900000     -0.40475486
 25.000000     -0.39541364
 25.100000     -0.38641609
 25.200000     -0.37748797
 25.300000     -0.36839081
 25.400000     -0.35952962
 25.500000     -0.35106517
 25.600000     -0.34258588
 25.700000     -0.33450624
 25.800000     -0.32705478
 25.900000     -0.32027468
 26.000000     -0.31424897
 26.100000     -0.30856914
 26.200000     -0.30317317
 26.300000     -0.29755018
 26.400000     -0.29212864
 26.500000     -0.28725752
 26.600000     -0.28237329
 26.700000     -0.27755198
 26.800000     -0.27257402
 26.900000     -0.26767527
 27.000000     -0.26333316
 27.100000     -0.25946634
 27.200000     -0.25576213
 27.300000     -0.25258098
 27.400000     -0.24958643
 27.500000     -0.24658804
 27.600000     -0.24368806
 27.700000     -0.24054618
 27.800000     -0.23703079
 27.900000     -0.23326747
 28.000000     -0.22918427
 28.100000     -0.22465536
 28.200000     -0.21985890
 28.300000     -0.21499712
 28.400000     -0.21032663
 28.500000     -0.20541819
 28.600000     -0.20041997
 28.700000     -0.19512042
 28.800000     -0.18992077
 28.900000     -0.18494493
 29.000000     -0.18048058
 29.100000     -0.17639067
 29.200000     -0.17260700
 29.300000     -0.16922847
 29.400000     -0.16648139
 29.500000     -0.16462755
 29.600000     -0.16285525
 29.700000     -0.16096420
 29.800000     -0.15916620
 29.900000     -0.15722963
 30.000000     -0.15503786
 30.100000     -0.15302222
 30.200000     -0.15111195
 30.300000     -0.14910882
 30.400000     -0.14683102
 30.500000     -0.14439043
 30.600000     -0.14236321
 30.700000     -0.14079618
 30.800000     -0.13932420
 30.900000     -0.13795160
 31.000000     -0.13696620
 31.100000     -0.13590779
 31.200000     -0.13443725
 31.300000     -0.13281683
 31.400000     -0.13108520
 31.500000     -0.12914376
 31.600000     -0.12759781
 31.700000     -0.12606072
 31.800000     -0.12429731
 31.900000     -0.12305740
 32.000000     -0.12199542
 32.100000     -0.12088511
 32.200000     -0.12023496
 32.300000     -0.12002507
 32.400000     -0.12000189
 32.500000     -0.11999228
 32.600000     -0.12044213
 32.700000     -0.12111001
 32.800000     -0.12186442
 32.900000     -0.12309565
 33.000000     -0.12415987
 33.100000     -0.12521178
 33.200000     -0.12643757
 33.300000     -0.12768968
 33.400000     -0.12946387
 33.500000     -0.13183858
 33.600000     -0.13417881
 33.700000     -0.13663587
 33.800000     -0.13980230
 33.900000     -0.14299378
 34.000000     -0.14554866
 34.100000     -0.14814687
 34.200000     -0.15037561
 34.300000     -0.15240401
 34.400000     -0.15428151
 34.500000     -0.15605252
 34.600000     -0.15784368
 34.700000     -0.15984215
 34.800000     -0.16233437
 34.900000     -0.16541013
 35.000000     -0.16901288
 35.100000     -0.17364408
 35.200000     -0.17843717
 35.300000     -0.18311398
 35.400000     -0.18820986
 35.500000     -0.19386014
 35.600000     -0.19983760
 35.700000     -0.20559390
 35.800000     -0.21106673
 35.900000     -0.21649879
 36.000000     -0.22220244
 36.100000     -0.22824374
 36.200000     -0.23391291
 36.300000     -0.23947292
 36.400000     -0.24487729
 36.500000     -0.24951899
 36.600000     -0.25325266
 36.700000     -0.25696089
 36.800000     -0.26071918
 36.900000     -0.26472780
 37.000000     -0.26890082
 37.100000     -0.27307728
 37.200000     -0.27751337
 37.300000     -0.28212616
 37.400000     -0.28711660
 37.500000     -0.29237984
 37.600000     -0.29769204
 37.700000     -0.30325325
 37.800000     -0.30909631
 37.900000     -0.31509231
 38.000000     -0.32133001
 38.100000     -0.32787729
 38.200000     -0.33379862
 38.300000     -0.33811320
 38.400000     -0.34128241
 38.500000     -0.34451913
 38.600000     -0.34767241
 38.700000     -0.35086483
 38.800000     -0.35421899
 38.900000     -0.35749543
 39.000000     -0.36054748
 39.100000     -0.36353331
 39.200000     -0.36673332
 39.300000     -0.37001125
 39.400000     -0.37334226
 39.500000     -0.37670538
 39.600000     -0.38018317
 39.700000     -0.38369108
 39.800000     -0.38728782
 39.900000     -0.39110906
