  0.000000     -0.00920336
  0.100000     -0.00882876
  0.200000     -0.00853680
  0.300000     -0.00827611
  0.400000     -0.00802748
  0.500000     -0.00780325
  0.600000     -0.00757431
  0.700000     -0.00731814
  0.800000     -0.00708610
  0.900000     -0.00691143
  1.000000     -0.00673369
  1.100000     -0.00655464
  1.200000     -0.00657150
  1.300000     -0.00662006
  1.400000     -0.00659879
  1.500000     -0.00664976
  1.600000     -0.00676481
  1.700000     -0.00680545
  1.800000     -0.00702400
  1.900000     -0.00739724
  2.000000     -0.00775014
  2.100000     -0.00809422
  2.200000     -0.00868624
  2.300000     -0.00933399
  2.400000     -0.00989295
  2.500000     -0.01042798
  2.600000     -0.01107899
  2.700000     -0.01176300
  2.800000     -0.01242240
  2.900000     -0.01296039
  3.000000     -0.01358419
  3.100000     -0.01412950
  3.200000     -0.01451596
  3.300000     -0.01506307
  3.400000     -0.01549172
  3.500000     -0.01590360
  3.600000     -0.01649232
  3.700000     -0.01702924
  3.800000     -0.01764185
  3.900000     -0.01844028
  4.000000     -0.01913772
  4.100000     -0.01974811
  4.200000     -0.02029717
  4.300000     -0.02071740
  4.400000     -0.02109337
  4.500000     -0.02161747
  4.600000     -0.02204259
  4.700000     -0.02258589
  4.800000     -0.02324964
  4.900000     -0.02392222
  5.000000     -0.02465027
  5.100000     -0.02546920
  5.200000     -0.02629147
  5.300000     -0.02719508
  5.400000     -0.02823797
  5.500000     -0.02943671
  5.600000     -0.03067811
  5.700000     -0.03201937
  5.800000     -0.03347256
  5.900000     -0.03506168
  6.000000     -0.03668912
  6.100000     -0.03840469
  6.200000     -0.04029750
  6.300000     -0.04218422
  6.400000     -0.04430284
  6.500000     -0.04628488
  6.600000     -0.04825573
  6.700000     -0.05024251
  6.800000     -0.05210487
  6.900000     -0.05400538
  7.000000     -0.05591376
  7.100000     -0.05786544
  7.200000     -0.05998914
  7.300000     -0.06217419
  7.400000     -0.06427970
  7.500000     -0.06629392
  7.600000     -0.06826350
  7.700000     -0.07032298
  7.800000     -0.07217006
  7.900000     -0.07398600
  8.000000     -0.07550211
  8.100000     -0.07682597
  8.200000     -0.07808136
  8.300000     -0.07912402
  8.400000     -0.07995686
  8.500000     -0.08056106
  8.600000     -0.08079218
  8.700000     -0.08073121
  8.800000     -0.08052702
  8.900000     -0.08005847
  9.000000     -0.07914221
  9.100000     -0.07802311
  9.200000     -0.07657014
  9.300000     -0.07465074
  9.400000     -0.07224051
  9.500000     -0.06965002
  9.600000     -0.06662408
  9.700000     -0.06313616
  9.800000     -0.05924477
  9.900000     -0.05497812
 10.000000     -0.05021986
 10.100000     -0.04475149
 10.200000     -0.03889768
 10.300000     -0.03243128
 10.400000     -0.02533962
 10.500000     -0.01769088
 10.600000     -0.00949901
 10.700000     -0.00066386
 10.800000      0.00880559
 10.900000      0.01893902
 11.000000      0.02972520
 11.100000      0.04103539
 11.200000      0.05305511
 11.300000      0.06591470
 11.400000      0.07965196
 11.500000      0.09413457
 11.600000      0.10970474
 11.700000      0.12622390
 11.800000      0.14363837
 11.900000      0.16217186
 12.000000      0.18163857
 12.100000      0.20217284
 12.200000      0.22387915
 12.300000      0.24663520
 12.400000      0.27036803
 12.500000      0.29519956
 12.600000      0.32095649
 12.700000      0.34739185
 12.800000      0.37467441
 12.900000      0.40279954
 13.000000      0.43173309
 13.100000      0.46118805
 13.200000      0.49107446
 13.300000      0.52128018
 13.400000      0.55162597
 13.500000      0.58188477
 13.600000      0.61203864
 13.700000      0.64198276
 13.800000      0.67142871
 13.900000      0.70027326
 14.000000      0.72831256
 14.100000      0.75496200
 14.200000      0.78027257
 14.300000      0.80399804
 14.400000      0.82602585
 14.500000      0.84656550
 14.600000      0.86572198
 14.700000      0.88364268
 14.800000      0.90064619
 14.900000      0.91650915
 15.000000      0.93107895
 15.100000      0.94438288
 15.200000      0.95662340
 15.300000      0.96734547
 15.400000      0.97691927
 15.500000      0.98510388
 15.600000      0.99136396
 15.700000      0.99583212
 15.800000      0.99879415
 15.900000      1.00000000
 16.000000      0.99942426
 16.100000      0.99721822
 16.200000      0.99337193
 16.300000      0.98808696
 16.400000      0.98145750
 16.500000      0.97358753
 16.600000      0.96473413
 16.700000      0.95475043
 16.800000      0.94345734
 16.900000      0.93072759
 17.000000      0.91680239
 17.100000      0.90108590
 17.200000      0.88298440
 17.300000      0.86224121
 17.400000      0.83859073
 17.500000      0.81181322
 17.600000      0.78222465
 17.700000      0.74987796
 17.800000      0.71488226
 17.900000      0.67764223
 18.000000      0.63834834
 18.100000      0.59688116
 18.200000      0.55300990
 18.300000      0.50764565
 18.400000      0.46158008
 18.500000      0.41529235
 18.600000      0.36926405
 18.700000      0.32384710
 18.800000      0.27951488
 18.900000      0.23594312
 19.000000      0.19271599
 19.100000      0.14938960
 19.200000      0.10613280
 19.300000      0.06357798
 19.400000      0.02221050
 19.500000     -0.01778808
 19.600000     -0.05635311
 19.700000     -0.09341727
 19.800000     -0.12880233
 19.900000     -0.16160849
 20.000000     -0.19170526
 20.100000     -0.21963599
 20.200000     -0.24590672
 20.300000     -0.27065849
 20.400000     -0.29384058
 20.500000     -0.31565343
 20.600000     -0.33653048
 20.700000     -0.35660798
 20.800000     -0.37589775
 20.900000     -0.39465866
 21.000000     -0.41270672
 21.100000     -0.42993058
 21.200000     -0.44631333
 21.300000     -0.46185005
 21.400000     -0.47689532
 21.500000     -0.49111464
 21.600000     -0.50395811
 21.700000     -0.51519748
 21.800000     -0.52526522
 21.900000     -0.53439566
 22.000000     -0.54254130
 22.100000     -0.54943419
 22.200000     -0.55519096
 22.300000     -0.56008450
 22.400000     -0.56439594
 22.500000     -0.56825965
 22.600000     -0.57134591
 22.700000     -0.57377295
 22.800000     -0.57571822
 22.900000     -0.57723335
 23.000000     -0.57846024
 23.100000     -0.57933894
 23.200000     -0.57974387
 23.300000     -0.57939955
 23.400000     -0.57813242
 23.500000     -0.57626304
 23.600000     -0.57398312
 23.700000     -0.57161620
 23.800000     -0.56919885
 23.900000     -0.56624450
 24.000000     -0.56315696
 24.100000     -0.55965038
 24.200000     -0.55585581
 24.300000     -0.55177206
 24.400000     -0.54765278
 24.500000     -0.54344923
 24.600000     -0.53947933
 24.700000     -0.53518353
 24.800000     -0.53069066
 24.900000     -0.52612889
 25.000000     -0.52153751
 25.100000     -0.51675591
 25.200000     -0.51208870
 25.300000     -0.50749000
 25.400000     -0.50284500
 25.500000     -0.49793417
 25.600000     -0.49303362
 25.700000     -0.48780728
 25.800000     -0.48229770
 25.900000     -0.47663612
 26.000000     -0.47098136
 26.100000     -0.46530259
 26.200000     -0.45947916
 26.300000     -0.45379197
 26.400000     -0.44806137
 26.500000     -0.44220708
 26.600000     -0.43626622
 26.700000     -0.43026769
 26.800000     -0.42421034
 26.900000     -0.41804809
 27.000000     -0.41181665
 27.100000     -0.40564407
 27.200000     -0.39972873
 27.300000     -0.39417901
 27.400000     -0.38890409
 27.500000     -0.38392870
 27.600000     -0.37923033
 27.700000     -0.37472660
 27.800000     -0.37036595
 27.900000     -0.36609561
 28.000000     -0.36190961
 28.100000     -0.35770010
 28.200000     -0.35345682
 28.300000     -0.34934336
 28.400000     -0.34504349
 28.500000     -0.34063851
 28.600000     -0.33624870
 28.700000     -0.33188695
 28.800000     -0.32750433
 28.900000     -0.32315365
 29.000000     -0.31879763
 29.100000     -0.31455100
 29.200000     -0.31050023
 29.300000     -0.30656790
 29.400000     -0.30292758
 29.500000     -0.29955739
 29.600000     -0.29643156
 29.700000     -0.29348163
 29.800000     -0.29059593
 29.900000     -0.28798803
 30.000000     -0.28541839
 30.100000     -0.28279308
 30.200000     -0.28045937
 30.300000     -0.27816705
 30.400000     -0.27581321
 30.500000     -0.27351733
 30.600000     -0.27131688
 30.700000     -0.26916118
 30.800000     -0.26690940
 30.900000     -0.26471436
 31.000000     -0.26244102
 31.100000     -0.26001045
 31.200000     -0.25747608
 31.300000     -0.25486409
 31.400000     -0.25220055
 31.500000     -0.24945423
 31.600000     -0.24671779
 31.700000     -0.24414374
 31.800000     -0.24178468
 31.900000     -0.23954428
 32.000000     -0.23726851
 32.100000     -0.23502408
 32.200000     -0.23279610
 32.300000     -0.23050327
 32.400000     -0.22828917
 32.500000     -0.22649201
 32.600000     -0.22481025
 32.700000     -0.22306073
 32.800000     -0.22134650
 32.900000     -0.21953905
 33.000000     -0.21763291
 33.100000     -0.21557037
 33.200000     -0.21340138
 33.300000     -0.21120813
 33.400000     -0.20894629
 33.500000     -0.20655709
 33.600000     -0.20412105
 33.700000     -0.20164273
 33.800000     -0.19926892
 33.900000     -0.19677814
 34.000000     -0.19428855
 34.100000     -0.19204224
 34.200000     -0.18963516
 34.300000     -0.18730841
 34.400000     -0.18494528
 34.500000     -0.18248421
 34.600000     -0.18010117
 34.700000     -0.17757759
 34.800000     -0.17512857
 34.900000     -0.17273990
 35.000000     -0.17018006
 35.100000     -0.16765781
 35.200000     -0.16525455
 35.300000     -0.16274611
 35.400000     -0.16025328
 35.500000     -0.15783808
 35.600000     -0.15546520
 35.700000     -0.15317089
 35.800000     -0.15089088
 35.900000     -0.14854001
 36.000000     -0.14628207
 36.100000     -0.14410171
 36.200000     -0.14193246
 36.300000     -0.13978540
 36.400000     -0.13778607
 36.500000     -0.13603310
 36.600000     -0.13433538
 36.700000     -0.13258969
 36.800000     -0.13093783
 36.900000     -0.12934658
 37.000000     -0.12777175
 37.100000     -0.12626799
 37.200000     -0.12475744
 37.300000     -0.12324923
 37.400000     -0.12168997
 37.500000     -0.12014407
 37.600000     -0.11862711
 37.700000     -0.11704611
 37.800000     -0.11550408
 37.900000     -0.11396812
 38.000000     -0.11240707
 38.100000     -0.11075546
 38.200000     -0.10895124
 38.300000     -0.10711428
 38.400000     -0.10520187
 38.500000     -0.10320229
 38.600000     -0.10112757
 38.700000     -0.09899625
 38.800000     -0.09679249
 38.900000     -0.09455220
 39.000000     -0.09228817
 39.100000     -0.09004759
 39.200000     -0.08782379
 39.300000     -0.08563306
 39.400000     -0.08351567
 39.500000     -0.08144998
 39.600000     -0.07946240
 39.700000     -0.07757734
 39.800000     -0.07578792
 39.900000     -0.07406474
