  0.000000      0.18331705
  0.100000      0.18105466
  0.200000      0.17647122
  0.300000      0.17145269
  0.400000      0.17050463
  0.500000      0.17256936
  0.600000      0.17459617
  0.700000      0.17611304
  0.800000      0.17785089
  0.900000      0.18152593
  1.000000      0.19108613
  1.100000      0.20111525
  1.200000      0.20857638
  1.300000      0.21441010
  1.400000      0.22032851
  1.500000      0.22668486
  1.600000      0.23005692
  1.700000      0.23204965
  1.800000      0.23292991
  1.900000      0.23403492
  2.000000      0.23627841
  2.100000      0.23886915
  2.200000      0.23819756
  2.300000      0.23917708
  2.400000      0.24059016
  2.500000      0.23869341
  2.600000      0.23387263
  2.700000      0.22549709
  2.800000      0.21636751
  2.900000      0.20717350
  3.000000      0.19904274
  3.100000      0.19190227
  3.200000      0.18427339
  3.300000      0.17446568
  3.400000      0.16780631
  3.500000      0.16276771
  3.600000      0.15596625
  3.700000      0.14634077
  3.800000      0.13942327
  3.900000      0.13759398
  4.000000      0.13377185
  4.100000      0.12889517
  4.200000      0.12464114
  4.300000      0.12285914
  4.400000      0.12286245
  4.500000      0.12561274
  4.600000      0.12914407
  4.700000      0.13230426
  4.800000      0.13511450
  4.900000      0.13779249
  5.000000      0.13868232
  5.100000      0.13917902
  5.200000      0.14124430
  5.300000      0.14337654
  5.400000      0.14524716
  5.500000      0.14778883
  5.600000      0.14956367
  5.700000      0.15181674
  5.800000      0.15372455
  5.900000      0.15459598
  6.000000      0.15465959
  6.100000      0.15576106
  6.200000      0.15884874
  6.300000      0.16085884
  6.400000      0.16038403
  6.500000      0.15983291
  6.600000      0.16282849
  6.700000      0.16694573
  6.800000      0.16959277
  6.900000      0.17418185
  7.000000      0.17983744
  7.100000      0.18578685
  7.200000      0.19174859
  7.300000      0.19721552
  7.400000      0.20349431
  7.500000      0.20968274
  7.600000      0.21542733
  7.700000      0.22145443
  7.800000      0.22833657
  7.900000      0.23585918
  8.000000      0.24409939
  8.100000      0.25136282
  8.200000      0.25703472
  8.300000      0.26062844
  8.400000      0.26287860
  8.500000      0.26292479
  8.600000      0.26068693
  8.700000      0.25513519
  8.800000      0.24712373
  8.900000      0.23958105
  9.000000      0.23383336
  9.100000      0.22630303
  9.200000      0.21968313
  9.300000      0.21599160
  9.400000      0.21518136
  9.500000      0.21471846
  9.600000      0.21285630
  9.700000      0.21001910
  9.800000      0.20482567
  9.900000      0.19717001
 10.000000      0.18839793
 10.100000      0.18010751
 10.200000      0.17254015
 10.300000      0.16388675
 10.400000      0.15537162
 10.500000      0.14836717
 10.600000      0.14401055
 10.700000      0.13966849
 10.800000      0.13753162
 10.900000      0.13753999
 11.000000      0.13947891
 11.100000      0.14303248
 11.200000      0.14787150
 11.300000      0.15131366
 11.400000      0.15490346
 11.500000      0.15803095
 11.600000      0.15919079
 11.700000      0.15888906
 11.800000      0.15836943
 11.900000      0.15545930
 12.000000      0.15087456
 12.100000      0.14573668
 12.200000      0.14230727
 12.300000      0.14042981
 12.400000      0.13796664
 12.500000      0.13032511
 12.600000      0.12250648
 12.700000      0.11704520
 12.800000      0.11347919
 12.900000      0.10941459
 13.000000      0.10561373
 13.100000      0.10485221
 13.200000      0.10361258
 13.300000      0.09977010
 13.400000      0.09030055
 13.500000      0.07620679
 13.600000      0.05837891
 13.700000      0.03955523
 13.800000      0.02390374
 13.900000      0.01470600
 14.000000      0.01195576
 14.100000      0.01551994
 14.200000      0.02423713
 14.300000      0.03932386
 14.400000      0.05820215
 14.500000      0.07929503
 14.600000      0.09945270
 14.700000      0.11679747
 14.800000      0.12907198
 14.900000      0.13443029
 15.000000      0.13470939
 15.100000      0.13254345
 15.200000      0.12930481
 15.300000      0.12380423
 15.400000      0.11836488
 15.500000      0.11375728
 15.600000      0.10702262
 15.700000      0.09570078
 15.800000      0.08331133
 15.900000      0.07771664
 16.000000      0.07836026
 16.100000      0.08275769
 16.200000      0.09130457
 16.300000      0.10212192
 16.400000      0.11187803
 16.500000      0.11445695
 16.600000      0.11356438
 16.700000      0.11027331
 16.800000      0.10675184
 16.900000      0.10292542
 17.000000      0.09505157
 17.100000      0.08372504
 17.200000      0.06808051
 17.300000      0.04591591
 17.400000      0.02109794
 17.500000     -0.00094942
 17.600000     -0.01470897
 17.700000     -0.02258540
 17.800000     -0.02479254
 17.900000     -0.02293125
 18.000000     -0.02099869
 18.100000     -0.01924770
 18.200000     -0.01703838
 18.300000     -0.02013900
 18.400000     -0.03065578
 18.500000     -0.04790561
 18.600000     -0.06796905
 18.700000     -0.08571436
 18.800000     -0.09963390
 18.900000     -0.11218154
 19.000000     -0.12492594
 19.100000     -0.13626576
 19.200000     -0.14483227
 19.300000     -0.15145187
 19.400000     -0.15764923
 19.500000     -0.16277315
 19.600000     -0.16620411
 19.700000     -0.16642958
 19.800000     -0.16437943
 19.900000     -0.15739365
 20.000000     -0.14482111
 20.100000     -0.12702826
 20.200000     -0.10333448
 20.300000     -0.07348532
 20.400000     -0.03854304
 20.500000     -0.00104839
 20.600000      0.03830882
 20.700000      0.07502905
 20.800000      0.10489148
 20.900000      0.12663938
 21.000000      0.13775376
 21.100000      0.13684585
 21.200000      0.12880913
 21.300000      0.11909675
 21.400000      0.11010298
 21.500000      0.10140558
 21.600000      0.09500702
 21.700000      0.08836593
 21.800000      0.07858105
 21.900000      0.06673319
 22.000000      0.05682953
 22.100000      0.05047011
 22.200000      0.04815711
 22.300000      0.05290033
 22.400000      0.06417571
 22.500000      0.08244993
 22.600000      0.10278238
 22.700000      0.12296239
 22.800000      0.14106122
 22.900000      0.15616199
 23.000000      0.16814876
 23.100000      0.17701501
 23.200000      0.19789214
 23.300000      0.22234949
 23.400000      0.22833629
 23.500000      0.22109775
 23.600000      0.21000939
 23.700000      0.19664902
 23.800000      0.17883352
 23.900000      0.14434863
 24.000000      0.09454187
 24.100000      0.03808979
 24.200000     -0.01483716
 24.300000     -0.04725859
 24.400000     -0.06940140
 24.500000     -0.10104399
 24.600000     -0.14851297
 24.700000     -0.19175976
 24.800000     -0.21996405
 24.900000     -0.23865533
 25.000000     -0.25829997
 25.100000     -0.28438426
 25.200000     -0.31011894
 25.300000     -0.31358964
 25.400000     -0.29446399
 25.500000     -0.27361168
 25.600000     -0.26602193
 25.700000     -0.27016477
 25.800000     -0.27779847
 25.900000     -0.27330757
 26.000000     -0.27411751
 26.100000     -0.27893187
 26.200000     -0.26045503
 26.300000     -0.22274739
 26.400000     -0.19344344
 26.500000     -0.18071819
 26.600000     -0.18582092
 26.700000     -0.19662360
 26.800000     -0.19983982
 26.900000     -0.18931724
 27.000000     -0.17268075
 27.100000     -0.15473389
 27.200000     -0.13726550
 27.300000     -0.12376468
 27.400000     -0.11538723
 27.500000     -0.10678787
 27.600000     -0.09896118
 27.700000     -0.09896589
 27.800000     -0.09561762
 27.900000     -0.08057913
 28.000000     -0.06577598
 28.100000     -0.06420466
 28.200000     -0.07167172
 28.300000     -0.06783644
 28.400000     -0.02782750
 28.500000      0.03798102
 28.600000      0.09358067
 28.700000      0.10718135
 28.800000      0.08439616
 28.900000      0.05526382
 29.000000      0.01391417
 29.100000     -0.05689892
 29.200000     -0.16383396
 29.300000     -0.25019805
 29.400000     -0.31706277
 29.500000     -0.40487496
 29.600000     -0.47472324
 29.700000     -0.52017465
 29.800000     -0.56857523
 29.900000     -0.59704098
 30.000000     -0.59522712
 30.100000     -0.59938552
 30.200000     -0.59341344
 30.300000     -0.53269021
 30.400000     -0.46306335
 30.500000     -0.40782702
 30.600000     -0.32406758
 30.700000     -0.23477019
 30.800000     -0.17481334
 30.900000     -0.15289981
 31.000000     -0.16403384
 31.100000     -0.15537443
 31.200000     -0.09811907
 31.300000     -0.01431511
 31.400000      0.05026591
 31.500000      0.05902467
 31.600000      0.06234395
 31.700000      0.06900484
 31.800000      0.05992909
 31.900000      0.06603328
 32.000000      0.13423378
 32.100000      0.25687381
 32.200000      0.36583827
 32.300000      0.43778364
 32.400000      0.52163873
 32.500000      0.63583847
 32.600000      0.69353832
 32.700000      0.72782628
 32.800000      0.78877757
 32.900000      0.85963070
 33.000000      0.90084241
 33.100000      0.94815137
 33.200000      0.99586694
 33.300000      1.00000000
 33.400000      0.98761014
 33.500000      0.97883396
 33.600000      0.92398847
 33.700000      0.84833356
 33.800000      0.79140893
 33.900000      0.74634627
 34.000000      0.70244609
 34.100000      0.68306947
 34.200000      0.70847701
 34.300000      0.75991848
 34.400000      0.79418966
 34.500000      0.78944704
 34.600000      0.81602070
 34.700000      0.83090047
 34.800000      0.82233884
 34.900000      0.80879427
 35.000000      0.79029057
 35.100000      0.76326804
 35.200000      0.72360541
 35.300000      0.67360303
 35.400000      0.62792417
 35.500000      0.58823033
 35.600000      0.55240159
 35.700000      0.51936458
 35.800000      0.48898860
 35.900000      0.46092283
 36.000000      0.43147190
 36.100000      0.39918721
 36.200000      0.36009366
 36.300000      0.31912819
 36.400000      0.28014712
 36.500000      0.24414443
 36.600000      0.21175070
 36.700000      0.18255876
 36.800000      0.15563525
 36.900000      0.12959945
 37.000000      0.10818241
 37.100000      0.09574677
 37.200000      0.09498129
 37.300000      0.10131716
 37.400000      0.10745009
 37.500000      0.10679917
 37.600000      0.09683899
 37.700000      0.08088398
 37.800000      0.06314705
 37.900000      0.04787673
 38.000000      0.03319633
 38.100000      0.01669562
 38.200000      0.00063836
 38.300000     -0.01330770
 38.400000     -0.02522039
 38.500000     -0.03591453
 38.600000     -0.04553535
 38.700000     -0.05481975
 38.800000     -0.06155227
 38.900000     -0.06659124
 39.000000     -0.07113783
 39.100000     -0.07478919
 39.200000     -0.07470162
 39.300000     -0.07027464
 39.400000     -0.06364575
 39.500000     -0.05346327
 39.600000     -0.04043152
 39.700000     -0.02419626
 39.800000     -0.00625375
 39.900000      0.01318672
