  0.000000      0.00930756
  0.100000      0.00928634
  0.200000      0.00996130
  0.300000      0.01140766
  0.400000      0.01223344
  0.500000      0.01252216
  0.600000      0.01273792
  0.700000      0.01289328
  0.800000      0.01394934
  0.900000      0.01505675
  1.000000      0.01531459
  1.100000      0.01529274
  1.200000      0.01555116
  1.300000      0.01666938
  1.400000      0.01713739
  1.500000      0.01641236
  1.600000      0.01575382
  1.700000      0.01710918
  1.800000      0.01897346
  1.900000      0.02115710
  2.000000      0.02282266
  2.100000      0.02414568
  2.200000      0.02554255
  2.300000      0.02730255
  2.400000      0.02919314
  2.500000      0.03191014
  2.600000      0.03323317
  2.700000      0.03489242
  2.800000      0.03673100
  2.900000      0.03897879
  3.000000      0.04199333
  3.100000      0.04505164
  3.200000      0.04708128
  3.300000      0.05008706
  3.400000      0.05327394
  3.500000      0.05767070
  3.600000      0.06099910
  3.700000      0.06681897
  3.800000      0.07068289
  3.900000      0.07567336
  4.000000      0.08303801
  4.100000      0.08984145
  4.200000      0.09587810
  4.300000      0.10161493
  4.400000      0.10740125
  4.500000      0.11411523
  4.600000      0.12034781
  4.700000      0.12555758
  4.800000      0.13180127
  4.900000      0.13750361
  5.000000      0.14318437
  5.100000      0.14826263
  5.200000      0.15237680
  5.300000      0.15543282
  5.400000      0.15620393
  5.500000      0.15703178
  5.600000      0.15756022
  5.700000      0.15477181
  5.800000      0.15197412
  5.900000      0.14772038
  6.000000      0.14278324
  6.100000      0.13941766
  6.200000      0.13123136
  6.300000      0.12260661
  6.400000      0.11457432
  6.500000      0.10468908
  6.600000      0.09229409
  6.700000      0.07841393
  6.800000      0.06374865
  6.900000      0.04812582
  7.000000      0.03422918
  7.100000      0.01709015
  7.200000     -0.00060894
  7.300000     -0.01750836
  7.400000     -0.03118550
  7.500000     -0.04267036
  7.600000     -0.05238601
  7.700000     -0.06357000
  7.800000     -0.08129737
  7.900000     -0.09812515
  8.000000     -0.11478985
  8.100000     -0.12956360
  8.200000     -0.14004408
  8.300000     -0.14950908
  8.400000     -0.15804249
  8.500000     -0.16750241
  8.600000     -0.18098622
  8.700000     -0.19207152
  8.800000     -0.19914692
  8.900000     -0.19992757
  9.000000     -0.19790740
  9.100000     -0.19316567
  9.200000     -0.18655191
  9.300000     -0.17828951
  9.400000     -0.16698751
  9.500000     -0.15515109
  9.600000     -0.14189503
  9.700000     -0.12561237
  9.800000     -0.10144836
  9.900000     -0.06646821
 10.000000     -0.02644169
 10.100000      0.01676254
 10.200000      0.06271456
 10.300000      0.11628681
 10.400000      0.17701675
 10.500000      0.24152260
 10.600000      0.30772657
 10.700000      0.37653537
 10.800000      0.44196043
 10.900000      0.50982629
 11.000000      0.57721046
 11.100000      0.64465674
 11.200000      0.71199573
 11.300000      0.77726824
 11.400000      0.83546503
 11.500000      0.88499689
 11.600000      0.92290624
 11.700000      0.95133676
 11.800000      0.97566872
 11.900000      0.99178665
 12.000000      1.00000000
 12.100000      0.99666385
 12.200000      0.98699321
 12.300000      0.96956145
 12.400000      0.94566467
 12.500000      0.91300850
 12.600000      0.87256985
 12.700000      0.82308819
 12.800000      0.76730725
 12.900000      0.70530273
 13.000000      0.64057195
 13.100000      0.57318650
 13.200000      0.50082234
 13.300000      0.42238079
 13.400000      0.34240755
 13.500000      0.26151579
 13.600000      0.17961055
 13.700000      0.10504568
 13.800000      0.03187397
 13.900000     -0.03665739
 14.000000     -0.10155638
 14.100000     -0.16044948
 14.200000     -0.21584313
 14.300000     -0.26526761
 14.400000     -0.31023282
 14.500000     -0.35069003
 14.600000     -0.38705862
 14.700000     -0.42008005
 14.800000     -0.45008917
 14.900000     -0.47358108
 15.000000     -0.48933637
 15.100000     -0.50424772
 15.200000     -0.51425186
 15.300000     -0.51924341
 15.400000     -0.52068604
 15.500000     -0.51634975
 15.600000     -0.51379321
 15.700000     -0.50582942
 15.800000     -0.49583863
 15.900000     -0.48013168
 16.000000     -0.46137350
 16.100000     -0.44335713
 16.200000     -0.42291547
 16.300000     -0.40170152
 16.400000     -0.38185296
 16.500000     -0.35967090
 16.600000     -0.33819964
 16.700000     -0.31908794
 16.800000     -0.29684853
 16.900000     -0.27208998
 17.000000     -0.24918232
 17.100000     -0.22664229
 17.200000     -0.20597617
 17.300000     -0.18448016
 17.400000     -0.16400940
 17.500000     -0.14837159
 17.600000     -0.13292115
 17.700000     -0.11941679
 17.800000     -0.10735884
 17.900000     -0.09727911
 18.000000     -0.08840830
 18.100000     -0.08251759
 18.200000     -0.07616506
 18.300000     -0.06897140
 18.400000     -0.06086187
 18.500000     -0.05104046
 18.600000     -0.04578098
 18.700000     -0.04235590
 18.800000     -0.04151870
 18.900000     -0.04326711
 19.000000     -0.04639777
 19.100000     -0.05042128
 19.200000     -0.05541051
 19.300000     -0.05896477
 19.400000     -0.06314240
 19.500000     -0.06851483
 19.600000     -0.07356291
 19.700000     -0.08230921
 19.800000     -0.09025768
 19.900000     -0.09572400
 20.000000     -0.09853152
 20.100000     -0.10233651
 20.200000     -0.10612094
 20.300000     -0.10933525
 20.400000     -0.11473031
 20.500000     -0.12254640
 20.600000     -0.12837225
 20.700000     -0.13334309
 20.800000     -0.13473710
 20.900000     -0.13637925
 21.000000     -0.13768027
 21.100000     -0.13648863
 21.200000     -0.13369615
 21.300000     -0.13020110
 21.400000     -0.12915275
 21.500000     -0.12963520
 21.600000     -0.12947855
 21.700000     -0.13071443
 21.800000     -0.13029845
 21.900000     -0.12768081
 22.000000     -0.12461617
 22.100000     -0.12044311
 22.200000     -0.11845547
 22.300000     -0.11716568
 22.400000     -0.11632824
 22.500000     -0.11639135
 22.600000     -0.11808885
 22.700000     -0.12009315
 22.800000     -0.11981525
 22.900000     -0.12107275
 23.000000     -0.12199831
 23.100000     -0.12150020
 23.200000     -0.11953930
 23.300000     -0.11780155
 23.400000     -0.11571014
 23.500000     -0.11234288
 23.600000     -0.11037279
 23.700000     -0.10877203
 23.800000     -0.10659772
 23.900000     -0.10516477
 24.000000     -0.10355159
 24.100000     -0.10420965
 24.200000     -0.10435551
 24.300000     -0.10449671
 24.400000     -0.10625498
 24.500000     -0.10781652
 24.600000     -0.10769035
 24.700000     -0.10783595
 24.800000     -0.10655502
 24.900000     -0.10482334
 25.000000     -0.10439151
 25.100000     -0.10354912
 25.200000     -0.10183067
 25.300000     -0.10073935
 25.400000     -0.10037195
 25.500000     -0.09991793
 25.600000     -0.09966001
 25.700000     -0.09978428
 25.800000     -0.09980880
 25.900000     -0.10043848
 26.000000     -0.09938180
 26.100000     -0.09748843
 26.200000     -0.09656992
 26.300000     -0.09563604
 26.400000     -0.09304000
 26.500000     -0.09027463
 26.600000     -0.08886432
 26.700000     -0.08569139
 26.800000     -0.08127968
 26.900000     -0.07818352
 27.000000     -0.07434974
 27.100000     -0.07049419
 27.200000     -0.06667490
 27.300000     -0.06207320
 27.400000     -0.05782098
 27.500000     -0.05626600
 27.600000     -0.05373886
 27.700000     -0.04943957
 27.800000     -0.04690956
 27.900000     -0.04632455
 28.000000     -0.04553797
 28.100000     -0.04477873
 28.200000     -0.04373008
 28.300000     -0.04169625
 28.400000     -0.04196922
 28.500000     -0.04269038
 28.600000     -0.04173944
 28.700000     -0.04010473
 28.800000     -0.03992153
 28.900000     -0.03973885
 29.000000     -0.03823665
 29.100000     -0.03722114
 29.200000     -0.03676443
 29.300000     -0.03678225
 29.400000     -0.03773685
 29.500000     -0.03841427
 29.600000     -0.03871243
 29.700000     -0.04007215
 29.800000     -0.04371339
 29.900000     -0.04551430
 30.000000     -0.04686181
 30.100000     -0.05135863
 30.200000     -0.05483496
 30.300000     -0.05893039
 30.400000     -0.06381084
 30.500000     -0.06856812
 30.600000     -0.07192871
 30.700000     -0.07560145
 30.800000     -0.07960571
 30.900000     -0.08322701
 31.000000     -0.08673549
 31.100000     -0.08826911
 31.200000     -0.08695537
 31.300000     -0.08594165
 31.400000     -0.08553866
 31.500000     -0.08462279
 31.600000     -0.08378218
 31.700000     -0.08474420
 31.800000     -0.08530647
 31.900000     -0.08468608
 32.000000     -0.08534852
 32.100000     -0.08744785
 32.200000     -0.08914890
 32.300000     -0.08911968
 32.400000     -0.08865434
 32.500000     -0.08854166
 32.600000     -0.08793686
 32.700000     -0.08838067
 32.800000     -0.08681598
 32.900000     -0.08493419
 33.000000     -0.08441369
 33.100000     -0.08224304
 33.200000     -0.07947062
 33.300000     -0.07690670
 33.400000     -0.07394372
 33.500000     -0.07146762
 33.600000     -0.06827770
 33.700000     -0.06452349
 33.800000     -0.06053007
 33.900000     -0.05658273
 34.000000     -0.05356599
 34.100000     -0.05076050
 34.200000     -0.04720815
 34.300000     -0.04437017
 34.400000     -0.04210609
 34.500000     -0.04036841
 34.600000     -0.03931807
 34.700000     -0.04007117
 34.800000     -0.04110933
 34.900000     -0.04298702
 35.000000     -0.04484957
 35.100000     -0.04614897
 35.200000     -0.04746642
 35.300000     -0.04894589
 35.400000     -0.04991130
 35.500000     -0.05089139
 35.600000     -0.05127894
 35.700000     -0.05092603
 35.800000     -0.05071346
 35.900000     -0.04994232
 36.000000     -0.04945729
 36.100000     -0.04908342
 36.200000     -0.04874397
 36.300000     -0.04867602
 36.400000     -0.04981401
 36.500000     -0.05063451
 36.600000     -0.05100545
 36.700000     -0.05096457
 36.800000     -0.05118545
 36.900000     -0.05200564
 37.000000     -0.05332366
 37.100000     -0.05452455
 37.200000     -0.05563288
 37.300000     -0.05627123
 37.400000     -0.05668538
 37.500000     -0.05723707
 37.600000     -0.05810282
 37.700000     -0.05876841
 37.800000     -0.05813027
 37.900000     -0.05696148
 38.000000     -0.05557492
 38.100000     -0.05489201
 38.200000     -0.05511647
 38.300000     -0.05615352
 38.400000     -0.05643538
 38.500000     -0.05623398
 38.600000     -0.05542226
 38.700000     -0.05562518
 38.800000     -0.05637801
 38.900000     -0.05739101
 39.000000     -0.05798325
 39.100000     -0.05882923
 39.200000     -0.05925999
 39.300000     -0.06101866
 39.400000     -0.06276373
 39.500000     -0.06477512
 39.600000     -0.06510631
 39.700000     -0.06515246
 39.800000     -0.06523111
 39.900000     -0.06631710
