  0.000000     -0.03550513
  0.100000     -0.03542368
  0.200000     -0.03525664
  0.300000     -0.03495209
  0.400000     -0.03452480
  0.500000     -0.03396168
  0.600000     -0.03330576
  0.700000     -0.03257379
  0.800000     -0.03178121
  0.900000     -0.03090340
  1.000000     -0.02993383
  1.100000     -0.02916594
  1.200000     -0.02834283
  1.300000     -0.02722616
  1.400000     -0.02614110
  1.500000     -0.02508181
  1.600000     -0.02399583
  1.700000     -0.02291387
  1.800000     -0.02183098
  1.900000     -0.02082286
  2.000000     -0.02022628
  2.100000     -0.01923717
  2.200000     -0.01844702
  2.300000     -0.01768069
  2.400000     -0.01690473
  2.500000     -0.01612333
  2.600000     -0.01538734
  2.700000     -0.01467770
  2.800000     -0.01422473
  2.900000     -0.01353120
  3.000000     -0.01282496
  3.100000     -0.01195628
  3.200000     -0.01125127
  3.300000     -0.01050836
  3.400000     -0.00976514
  3.500000     -0.00902966
  3.600000     -0.00829925
  3.700000     -0.00755418
  3.800000     -0.00687606
  3.900000     -0.00623223
  4.000000     -0.00562611
  4.100000     -0.00507497
  4.200000     -0.00459414
  4.300000     -0.00415159
  4.400000     -0.00374979
  4.500000     -0.00345366
  4.600000     -0.00321223
  4.700000     -0.00302001
  4.800000     -0.00287916
  4.900000     -0.00278959
  5.000000     -0.00275929
  5.100000     -0.00280308
  5.200000     -0.00290536
  5.300000     -0.00306928
  5.400000     -0.00329520
  5.500000     -0.00358771
  5.600000     -0.00394925
  5.700000     -0.00437914
  5.800000     -0.00487870
  5.900000     -0.00544971
  6.000000     -0.00609730
  6.100000     -0.00682502
  6.200000     -0.00763141
  6.300000     -0.00851832
  6.400000     -0.00948603
  6.500000     -0.01095355
  6.600000     -0.01332942
  6.700000     -0.01449199
  6.800000     -0.01574266
  6.900000     -0.01709436
  7.000000     -0.01853323
  7.100000     -0.02007102
  7.200000     -0.02170791
  7.300000     -0.02344883
  7.400000     -0.02530003
  7.500000     -0.02726475
  7.600000     -0.02934784
  7.700000     -0.03155240
  7.800000     -0.03388153
  7.900000     -0.03633231
  8.000000     -0.03890354
  8.100000     -0.04159345
  8.200000     -0.04439684
  8.300000     -0.04730015
  8.400000     -0.05029462
  8.500000     -0.05337025
  8.600000     -0.05651325
  8.700000     -0.05970858
  8.800000     -0.06294684
  8.900000     -0.06621487
  9.000000     -0.06950036
  9.100000     -0.07279666
  9.200000     -0.07609413
  9.300000     -0.07938299
  9.400000     -0.08264486
  9.500000     -0.08587691
  9.600000     -0.08907039
  9.700000     -0.09221626
  9.800000     -0.09530289
  9.900000     -0.09831549
 10.000000     -0.10121943
 10.100000     -0.10401129
 10.200000     -0.10668179
 10.300000     -0.10921750
 10.400000     -0.11160543
 10.500000     -0.11382956
 10.600000     -0.11587747
 10.700000     -0.11773010
 10.800000     -0.11937063
 10.900000     -0.12077479
 11.000000     -0.12192271
 11.100000     -0.12278790
 11.200000     -0.12333944
 11.300000     -0.12355067
 11.400000     -0.12338760
 11.500000     -0.12282012
 11.600000     -0.12181369
 11.700000     -0.12033829
 11.800000     -0.11836117
 11.900000     -0.11585928
 12.000000     -0.11280321
 12.100000     -0.10917061
 12.200000     -0.10494247
 12.300000     -0.10008965
 12.400000     -0.09459853
 12.500000     -0.08845496
 12.600000     -0.08164190
 12.700000     -0.07414514
 12.800000     -0.06595042
 12.900000     -0.05704868
 13.000000     -0.04741692
 13.100000     -0.03704467
 13.200000     -0.02591023
 13.300000     -0.01399125
 13.400000     -0.00127672
 13.500000      0.01224132
 13.600000      0.02658320
 13.700000      0.04176689
 13.800000      0.05780306
 13.900000      0.07469695
 14.000000      0.09246101
 14.100000      0.11109515
 14.200000      0.13059600
 14.300000      0.15095418
 14.400000      0.17216092
 14.500000      0.19420038
 14.600000      0.21705456
 14.700000      0.24070173
 14.800000      0.26511892
 14.900000      0.29026925
 15.000000      0.31611317
 15.100000      0.34260219
 15.200000      0.36969260
 15.300000      0.39732648
 15.400000      0.42544851
 15.500000      0.45399222
 15.600000      0.48288497
 15.700000      0.51205048
 15.800000      0.54140661
 15.900000      0.57086321
 16.000000      0.60032538
 16.100000      0.62968467
 16.200000      0.65883429
 16.300000      0.68766576
 16.400000      0.71605280
 16.500000      0.74387138
 16.600000      0.77098862
 16.700000      0.79727647
 16.800000      0.82259217
 16.900000      0.84680069
 17.000000      0.86975120
 17.100000      0.89128971
 17.200000      0.91128068
 17.300000      0.92958036
 17.400000      0.94605015
 17.500000      0.96056786
 17.600000      0.97299639
 17.700000      0.98322712
 17.800000      0.99114672
 17.900000      0.99665330
 18.000000      0.99963131
 18.100000      1.00000000
 18.200000      0.99768084
 18.300000      0.99262746
 18.400000      0.98478274
 18.500000      0.97412638
 18.600000      0.96062735
 18.700000      0.94429091
 18.800000      0.92512988
 18.900000      0.90316000
 19.000000      0.87839924
 19.100000      0.85090991
 19.200000      0.82077743
 19.300000      0.78809629
 19.400000      0.75294208
 19.500000      0.71546193
 19.600000      0.67580061
 19.700000      0.63411282
 19.800000      0.59055800
 19.900000      0.54532662
 20.000000      0.49862871
 20.100000      0.45065885
 20.200000      0.40162631
 20.300000      0.35174245
 20.400000      0.30119441
 20.500000      0.25019822
 20.600000      0.19894762
 20.700000      0.14764378
 20.800000      0.09648082
 20.900000      0.04563764
 21.000000     -0.00470553
 21.100000     -0.05437689
 21.200000     -0.10319964
 21.300000     -0.15102165
 21.400000     -0.19767727
 21.500000     -0.24303206
 21.600000     -0.28694860
 21.700000     -0.32929274
 21.800000     -0.36995317
 21.900000     -0.40883586
 22.000000     -0.44584277
 22.100000     -0.48103348
 22.200000     -0.51399859
 22.300000     -0.54487354
 22.400000     -0.57360727
 22.500000     -0.60017609
 22.600000     -0.62454537
 22.700000     -0.64671176
 22.800000     -0.66666457
 22.900000     -0.68442552
 23.000000     -0.70000879
 23.100000     -0.71342920
 23.200000     -0.72471274
 23.300000     -0.73391606
 23.400000     -0.74109139
 23.500000     -0.74630759
 23.600000     -0.74960774
 23.700000     -0.75106860
 23.800000     -0.75076651
 23.900000     -0.74878443
 24.000000     -0.74518731
 24.100000     -0.74005589
 24.200000     -0.73349472
 24.300000     -0.72560266
 24.400000     -0.71645624
 24.500000     -0.70615778
 24.600000     -0.69479510
 24.700000     -0.68246646
 24.800000     -0.66926345
 24.900000     -0.65528613
 25.000000     -0.64062586
 25.100000     -0.62537487
 25.200000     -0.60961904
 25.300000     -0.59344482
 25.400000     -0.57693947
 25.500000     -0.56016749
 25.600000     -0.54321408
 25.700000     -0.52615288
 25.800000     -0.50904564
 25.900000     -0.49196175
 26.000000     -0.47496369
 26.100000     -0.45811108
 26.200000     -0.44145567
 26.300000     -0.42504398
 26.400000     -0.40892389
 26.500000     -0.39313753
 26.600000     -0.37774788
 26.700000     -0.36269677
 26.800000     -0.34805763
 26.900000     -0.33384811
 27.000000     -0.32008446
 27.100000     -0.30678764
 27.200000     -0.29395491
 27.300000     -0.28159215
 27.400000     -0.26969383
 27.500000     -0.25826142
 27.600000     -0.24729412
 27.700000     -0.23677971
 27.800000     -0.22671716
 27.900000     -0.21709139
 28.000000     -0.20789377
 28.100000     -0.19910993
 28.200000     -0.19074126
 28.300000     -0.18277373
 28.400000     -0.17520325
 28.500000     -0.16800823
 28.600000     -0.16117895
 28.700000     -0.15471078
 28.800000     -0.14859742
 28.900000     -0.14283383
 29.000000     -0.13741657
 29.100000     -0.13234015
 29.200000     -0.12759765
 29.300000     -0.12317990
 29.400000     -0.11908187
 29.500000     -0.11529655
 29.600000     -0.11181549
 29.700000     -0.10863377
 29.800000     -0.10574197
 29.900000     -0.10312865
 30.000000     -0.10049430
 30.100000     -0.09675857
 30.200000     -0.09474657
 30.300000     -0.09296171
 30.400000     -0.09139022
 30.500000     -0.09001761
 30.600000     -0.08882525
 30.700000     -0.08779330
 30.800000     -0.08690546
 30.900000     -0.08613824
 31.000000     -0.08546511
 31.100000     -0.08486721
 31.200000     -0.08446828
 31.300000     -0.08396458
 31.400000     -0.08222861
 31.500000     -0.08177829
 31.600000     -0.08128048
 31.700000     -0.08071056
 31.800000     -0.08005398
 31.900000     -0.07929590
 32.000000     -0.07841760
 32.100000     -0.07742799
 32.200000     -0.07635892
 32.300000     -0.07515812
 32.400000     -0.07380904
 32.500000     -0.07231026
 32.600000     -0.07066887
 32.700000     -0.06888526
 32.800000     -0.06695829
 32.900000     -0.06488910
 33.000000     -0.06268770
 33.100000     -0.06036013
 33.200000     -0.05791026
 33.300000     -0.05535247
 33.400000     -0.05268783
 33.500000     -0.04993285
 33.600000     -0.04710398
 33.700000     -0.04406435
 33.800000     -0.04061969
 33.900000     -0.03767182
 34.000000     -0.03471005
 34.100000     -0.03175516
 34.200000     -0.02881761
 34.300000     -0.02590408
 34.400000     -0.02302790
 34.500000     -0.02020768
 34.600000     -0.01586165
 34.700000     -0.01322454
 34.800000     -0.01070522
 34.900000     -0.00804172
 35.000000     -0.00606760
 35.100000     -0.00433159
 35.200000     -0.00244340
 35.300000     -0.00065627
 35.400000      0.00020072
 35.500000      0.00180585
 35.600000      0.00317659
 35.700000      0.00423470
 35.800000      0.00296997
 35.900000      0.00396627
 36.000000      0.00463461
 36.100000      0.00518201
 36.200000      0.00388989
 36.300000      0.00340887
 36.400000      0.00475410
 36.500000      0.00538790
 36.600000      0.00572102
 36.700000      0.00722047
 36.800000      0.00877626
 36.900000      0.00838934
 37.000000      0.00814337
 37.100000      0.00626735
 37.200000      0.00633868
 37.300000      0.00676969
 37.400000      0.00770828
 37.500000      0.00799192
 37.600000      0.00823519
 37.700000      0.00847977
 37.800000      0.00865037
 37.900000      0.00878426
 38.000000      0.00933026
 38.100000      0.00691671
 38.200000      0.00823703
 38.300000      0.00579934
 38.400000      0.00544404
 38.500000     -0.00106710
 38.600000     -0.00370266
 38.700000     -0.00408809
 38.800000     -0.00428062
 38.900000     -0.00420418
 39.000000     -0.00658857
 39.100000     -0.00551011
 39.200000     -0.00610269
 39.300000     -0.00779973
 39.400000     -0.00920324
 39.500000     -0.00893538
 39.600000     -0.00847856
 39.700000     -0.00857144
 39.800000     -0.00773369
 39.900000     -0.00727381
