  0.000000      0.00485059
  0.100000      0.00491841
  0.200000      0.00497866
  0.300000      0.00505818
  0.400000      0.00515152
  0.500000      0.00525170
  0.600000      0.00535483
  0.700000      0.00542379
  0.800000      0.00548978
  0.900000      0.00552966
  1.000000      0.00554820
  1.100000      0.00554925
  1.200000      0.00553537
  1.300000      0.00551350
  1.400000      0.00547522
  1.500000      0.00540084
  1.600000      0.00532328
  1.700000      0.00524859
  1.800000      0.00519122
  1.900000      0.00516229
  2.000000      0.00513112
  2.100000      0.00514135
  2.200000      0.00520416
  2.300000      0.00528928
  2.400000      0.00533358
  2.500000      0.00537883
  2.600000      0.00546328
  2.700000      0.00556010
  2.800000      0.00563390
  2.900000      0.00567136
  3.000000      0.00564676
  3.100000      0.00559073
  3.200000      0.00551597
  3.300000      0.00544432
  3.400000      0.00541238
  3.500000      0.00538432
  3.600000      0.00538569
  3.700000      0.00542343
  3.800000      0.00539150
  3.900000      0.00532459
  4.000000      0.00526189
  4.100000      0.00520455
  4.200000      0.00517053
  4.300000      0.00512388
  4.400000      0.00497705
  4.500000      0.00483293
  4.600000      0.00470460
  4.700000      0.00451335
  4.800000      0.00430861
  4.900000      0.00406629
  5.000000      0.00378979
  5.100000      0.00341726
  5.200000      0.00301090
  5.300000      0.00259411
  5.400000      0.00212946
  5.500000      0.00164610
  5.600000      0.00113616
  5.700000      0.00060251
  5.800000      0.00010978
  5.900000     -0.00033503
  6.000000     -0.00067261
  6.100000     -0.00098580
  6.200000     -0.00120367
  6.300000     -0.00136770
  6.400000     -0.00153387
  6.500000     -0.00165171
  6.600000     -0.00172595
  6.700000     -0.00179777
  6.800000     -0.00188526
  6.900000     -0.00195966
  7.000000     -0.00206596
  7.100000     -0.00223777
  7.200000     -0.00250954
  7.300000     -0.00278743
  7.400000     -0.00302883
  7.500000     -0.00322640
  7.600000     -0.00328704
  7.700000     -0.00304153
  7.800000     -0.00262830
  7.900000     -0.00199192
  8.000000     -0.00114930
  8.100000     -0.00000212
  8.200000      0.00179390
  8.300000      0.00449216
  8.400000      0.00851032
  8.500000      0.01399791
  8.600000      0.02134854
  8.700000      0.03086065
  8.800000      0.04276124
  8.900000      0.05717520
  9.000000      0.07424377
  9.100000      0.09454135
  9.200000      0.11821442
  9.300000      0.14580248
  9.400000      0.17771202
  9.500000      0.21402952
  9.600000      0.25468192
  9.700000      0.29937084
  9.800000      0.34766996
  9.900000      0.39885855
 10.000000      0.45223421
 10.100000      0.50715418
 10.200000      0.56281989
 10.300000      0.61829257
 10.400000      0.67259111
 10.500000      0.72467435
 10.600000      0.77376913
 10.700000      0.81913441
 10.800000      0.86015354
 10.900000      0.89664205
 11.000000      0.92787691
 11.100000      0.95368330
 11.200000      0.97391759
 11.300000      0.98832601
 11.400000      0.99699319
 11.500000      1.00000000
 11.600000      0.99699307
 11.700000      0.98794468
 11.800000      0.97390667
 11.900000      0.95440361
 12.000000      0.92937045
 12.100000      0.89912794
 12.200000      0.86366493
 12.300000      0.82329315
 12.400000      0.77859425
 12.500000      0.73018456
 12.600000      0.67799148
 12.700000      0.62229434
 12.800000      0.56307694
 12.900000      0.50099597
 13.000000      0.43717985
 13.100000      0.37263042
 13.200000      0.30821995
 13.300000      0.24509272
 13.400000      0.18381627
 13.500000      0.12439887
 13.600000      0.06684570
 13.700000      0.01121033
 13.800000     -0.04209334
 13.900000     -0.09269684
 14.000000     -0.14028395
 14.100000     -0.18419240
 14.200000     -0.22417049
 14.300000     -0.26015735
 14.400000     -0.29243667
 14.500000     -0.32100468
 14.600000     -0.34636865
 14.700000     -0.36852262
 14.800000     -0.38748147
 14.900000     -0.40372516
 15.000000     -0.41786276
 15.100000     -0.42980386
 15.200000     -0.43982926
 15.300000     -0.44793214
 15.400000     -0.45441664
 15.500000     -0.45955414
 15.600000     -0.46341904
 15.700000     -0.46591297
 15.800000     -0.46720413
 15.900000     -0.46719848
 16.000000     -0.46606417
 16.100000     -0.46391331
 16.200000     -0.46096159
 16.300000     -0.45708616
 16.400000     -0.45261854
 16.500000     -0.44743516
 16.600000     -0.44185148
 16.700000     -0.43613380
 16.800000     -0.43024925
 16.900000     -0.42405347
 17.000000     -0.41752771
 17.100000     -0.41062638
 17.200000     -0.40343420
 17.300000     -0.39582702
 17.400000     -0.38803143
 17.500000     -0.38041759
 17.600000     -0.37298262
 17.700000     -0.36555209
 17.800000     -0.35826231
 17.900000     -0.35087498
 18.000000     -0.34364684
 18.100000     -0.33651724
 18.200000     -0.32973608
 18.300000     -0.32314535
 18.400000     -0.31678008
 18.500000     -0.31052645
 18.600000     -0.30446645
 18.700000     -0.29859467
 18.800000     -0.29293192
 18.900000     -0.28750982
 19.000000     -0.28226359
 19.100000     -0.27718167
 19.200000     -0.27230088
 19.300000     -0.26766223
 19.400000     -0.26316380
 19.500000     -0.25877225
 19.600000     -0.25446024
 19.700000     -0.25037220
 19.800000     -0.24653872
 19.900000     -0.24294398
 20.000000     -0.23953571
 20.100000     -0.23630342
 20.200000     -0.23310871
 20.300000     -0.22995320
 20.400000     -0.22680453
 20.500000     -0.22364199
 20.600000     -0.22045302
 20.700000     -0.21728419
 20.800000     -0.21418140
 20.900000     -0.21107832
 21.000000     -0.20798631
 21.100000     -0.20486314
 21.200000     -0.20172337
 21.300000     -0.19859054
 21.400000     -0.19538538
 21.500000     -0.19208374
 21.600000     -0.18866899
 21.700000     -0.18518129
 21.800000     -0.18170388
 21.900000     -0.17830086
 22.000000     -0.17489232
 22.100000     -0.17151007
 22.200000     -0.16819900
 22.300000     -0.16500453
 22.400000     -0.16192282
 22.500000     -0.15907420
 22.600000     -0.15643048
 22.700000     -0.15389054
 22.800000     -0.15144273
 22.900000     -0.14907577
 23.000000     -0.14682618
 23.100000     -0.14467820
 23.200000     -0.14258079
 23.300000     -0.14045213
 23.400000     -0.13833846
 23.500000     -0.13613658
 23.600000     -0.13381097
 23.700000     -0.13134968
 23.800000     -0.12882037
 23.900000     -0.12630017
 24.000000     -0.12383524
 24.100000     -0.12144361
 24.200000     -0.11905303
 24.300000     -0.11664539
 24.400000     -0.11427714
 24.500000     -0.11180271
 24.600000     -0.10933324
 24.700000     -0.10690159
 24.800000     -0.10449856
 24.900000     -0.10218481
 25.000000     -0.10000121
 25.100000     -0.09796226
 25.200000     -0.09597192
 25.300000     -0.09393196
 25.400000     -0.09189942
 25.500000     -0.08991467
 25.600000     -0.08794408
 25.700000     -0.08606253
 25.800000     -0.08417367
 25.900000     -0.08227858
 26.000000     -0.08040285
 26.100000     -0.07853935
 26.200000     -0.07665424
 26.300000     -0.07478056
 26.400000     -0.07289179
 26.500000     -0.07103480
 26.600000     -0.06916944
 26.700000     -0.06736217
 26.800000     -0.06555802
 26.900000     -0.06364019
 27.000000     -0.06159581
 27.100000     -0.05944221
 27.200000     -0.05730500
 27.300000     -0.05510834
 27.400000     -0.05273175
 27.500000     -0.05026193
 27.600000     -0.04776112
 27.700000     -0.04524215
 27.800000     -0.04272200
 27.900000     -0.04024405
 28.000000     -0.03779259
 28.100000     -0.03547602
 28.200000     -0.03327819
 28.300000     -0.03121666
 28.400000     -0.02922713
 28.500000     -0.02738888
 28.600000     -0.02565663
 28.700000     -0.02393411
 28.800000     -0.02219145
 28.900000     -0.02049770
 29.000000     -0.01880767
 29.100000     -0.01712415
 29.200000     -0.01545264
 29.300000     -0.01386480
 29.400000     -0.01239472
 29.500000     -0.01097420
 29.600000     -0.00957810
 29.700000     -0.00819813
 29.800000     -0.00688183
 29.900000     -0.00562305
 30.000000     -0.00442758
 30.100000     -0.00328415
 30.200000     -0.00222410
 30.300000     -0.00125970
 30.400000     -0.00032983
 30.500000      0.00056762
 30.600000      0.00141837
 30.700000      0.00224216
 30.800000      0.00304603
 30.900000      0.00386596
 31.000000      0.00473633
 31.100000      0.00562133
 31.200000      0.00651239
 31.300000      0.00740540
 31.400000      0.00828040
 31.500000      0.00910847
 31.600000      0.00983875
 31.700000      0.01046369
 31.800000      0.01103707
 31.900000      0.01150369
 32.000000      0.01185024
 32.100000      0.01211663
 32.200000      0.01234259
 32.300000      0.01250586
 32.400000      0.01260097
 32.500000      0.01263160
 32.600000      0.01263425
 32.700000      0.01263788
 32.800000      0.01258860
 32.900000      0.01251319
 33.000000      0.01250052
 33.100000      0.01254631
 33.200000      0.01266220
 33.300000      0.01278885
 33.400000      0.01292910
 33.500000      0.01312392
 33.600000      0.01332828
 33.700000      0.01354782
 33.800000      0.01377349
 33.900000      0.01402311
 34.000000      0.01428717
 34.100000      0.01456573
 34.200000      0.01483635
 34.300000      0.01508973
 34.400000      0.01537179
 34.500000      0.01567563
 34.600000      0.01601759
 34.700000      0.01633880
 34.800000      0.01662426
 34.900000      0.01697440
 35.000000      0.01737007
 35.100000      0.01781465
 35.200000      0.01830618
 35.300000      0.01881817
 35.400000      0.01931935
 35.500000      0.01983191
 35.600000      0.02032161
 35.700000      0.02091884
 35.800000      0.02152535
 35.900000      0.02212431
 36.000000      0.02266113
 36.100000      0.02314591
 36.200000      0.02356327
 36.300000      0.02387287
 36.400000      0.02411381
 36.500000      0.02427246
 36.600000      0.02434675
 36.700000      0.02433505
 36.800000      0.02424302
 36.900000      0.02410626
 37.000000      0.02390962
 37.100000      0.02367619
 37.200000      0.02341205
 37.300000      0.02310681
 37.400000      0.02272353
 37.500000      0.02231658
 37.600000      0.02189590
 37.700000      0.02142877
 37.800000      0.02091435
 37.900000      0.02039557
 38.000000      0.01993152
 38.100000      0.01945085
 38.200000      0.01898149
 38.300000      0.01851991
 38.400000      0.01806237
 38.500000      0.01761495
 38.600000      0.01721393
 38.700000      0.01685178
 38.800000      0.01654596
 38.900000      0.01630975
 39.000000      0.01609121
 39.100000      0.01593990
 39.200000      0.01592241
 39.300000      0.01598750
 39.400000      0.01607567
 39.500000      0.01621201
 39.600000      0.01640374
 39.700000      0.01669897
 39.800000      0.01703672
 39.900000      0.01742185
