  0.000000     -0.18101296
  0.100000     -0.18007770
  0.200000     -0.17885598
  0.300000     -0.17738256
  0.400000     -0.17611520
  0.500000     -0.17521503
  0.600000     -0.17432194
  0.700000     -0.17311967
  0.800000     -0.17174472
  0.900000     -0.17046666
  1.000000     -0.16914974
  1.100000     -0.16793667
  1.200000     -0.16668327
  1.300000     -0.16541310
  1.400000     -0.16431757
  1.500000     -0.16327807
  1.600000     -0.16252676
  1.700000     -0.16227850
  1.800000     -0.16287489
  1.900000     -0.16394809
  2.000000     -0.16520914
  2.100000     -0.16635058
  2.200000     -0.16731968
  2.300000     -0.16868958
  2.400000     -0.17010152
  2.500000     -0.17156254
  2.600000     -0.17372751
  2.700000     -0.17632060
  2.800000     -0.17876503
  2.900000     -0.18119973
  3.000000     -0.18350921
  3.100000     -0.18626487
  3.200000     -0.18890160
  3.300000     -0.19121671
  3.400000     -0.19374010
  3.500000     -0.19618536
  3.600000     -0.19901643
  3.700000     -0.20150285
  3.800000     -0.20371029
  3.900000     -0.20581002
  4.000000     -0.20814357
  4.100000     -0.21012054
  4.200000     -0.21137288
  4.300000     -0.21312409
  4.400000     -0.21496319
  4.500000     -0.21494682
  4.600000     -0.21375688
  4.700000     -0.21206359
  4.800000     -0.21038724
  4.900000     -0.20865653
  5.000000     -0.20668745
  5.100000     -0.20456611
  5.200000     -0.20261888
  5.300000     -0.20062559
  5.400000     -0.19910685
  5.500000     -0.19680164
  5.600000     -0.19360094
  5.700000     -0.18980418
  5.800000     -0.18523997
  5.900000     -0.17975400
  6.000000     -0.17432916
  6.100000     -0.16886612
  6.200000     -0.16344662
  6.300000     -0.15832477
  6.400000     -0.15466076
  6.500000     -0.15234781
  6.600000     -0.15152349
  6.700000     -0.15223063
  6.800000     -0.15433678
  6.900000     -0.15756556
  7.000000     -0.16154090
  7.100000     -0.16691086
  7.200000     -0.17340576
  7.300000     -0.18119422
  7.400000     -0.19010072
  7.500000     -0.19900630
  7.600000     -0.20716590
  7.700000     -0.21508617
  7.800000     -0.22292260
  7.900000     -0.23068550
  8.000000     -0.23881832
  8.100000     -0.24734067
  8.200000     -0.25601317
  8.300000     -0.26433030
  8.400000     -0.27225479
  8.500000     -0.27879387
  8.600000     -0.28331202
  8.700000     -0.28574634
  8.800000     -0.28609494
  8.900000     -0.28393507
  9.000000     -0.27943911
  9.100000     -0.27258691
  9.200000     -0.26378907
  9.300000     -0.25436809
  9.400000     -0.24440959
  9.500000     -0.23382194
  9.600000     -0.22282486
  9.700000     -0.21188261
  9.800000     -0.20002580
  9.900000     -0.18764700
 10.000000     -0.17466399
 10.100000     -0.16079483
 10.200000     -0.14556191
 10.300000     -0.12902408
 10.400000     -0.11094431
 10.500000     -0.09164178
 10.600000     -0.07100965
 10.700000     -0.04803120
 10.800000     -0.02256066
 10.900000      0.00480894
 11.000000      0.03479480
 11.100000      0.07104497
 11.200000      0.11337034
 11.300000      0.15944704
 11.400000      0.20914647
 11.500000      0.26022430
 11.600000      0.31095768
 11.700000      0.35968085
 11.800000      0.40667882
 11.900000      0.45255367
 12.000000      0.49637412
 12.100000      0.53816405
 12.200000      0.57893439
 12.300000      0.61961737
 12.400000      0.66074811
 12.500000      0.70107683
 12.600000      0.73881021
 12.700000      0.77318813
 12.800000      0.80391737
 12.900000      0.83165284
 13.000000      0.85821157
 13.100000      0.88505842
 13.200000      0.91154014
 13.300000      0.93651335
 13.400000      0.95802514
 13.500000      0.97429372
 13.600000      0.98681051
 13.700000      0.99567413
 13.800000      0.99964440
 13.900000      1.00000000
 14.000000      0.99833482
 14.100000      0.99500870
 14.200000      0.98952140
 14.300000      0.98278670
 14.400000      0.97599145
 14.500000      0.96954631
 14.600000      0.96199933
 14.700000      0.95354248
 14.800000      0.94259982
 14.900000      0.92843004
 15.000000      0.91194110
 15.100000      0.89274673
 15.200000      0.87276505
 15.300000      0.85098234
 15.400000      0.82580841
 15.500000      0.79663022
 15.600000      0.76414040
 15.700000      0.72787459
 15.800000      0.68662940
 15.900000      0.64212264
 16.000000      0.59673065
 16.100000      0.55164764
 16.200000      0.50697283
 16.300000      0.46092906
 16.400000      0.41108299
 16.500000      0.35843664
 16.600000      0.30620686
 16.700000      0.25512433
 16.800000      0.20620997
 16.900000      0.15904791
 17.000000      0.11433491
 17.100000      0.06997373
 17.200000      0.02655030
 17.300000     -0.01428807
 17.400000     -0.05032475
 17.500000     -0.08020484
 17.600000     -0.10437909
 17.700000     -0.12446930
 17.800000     -0.14209868
 17.900000     -0.15888817
 18.000000     -0.17444081
 18.100000     -0.18786347
 18.200000     -0.19700700
 18.300000     -0.20267269
 18.400000     -0.20686184
 18.500000     -0.20875063
 18.600000     -0.20800815
 18.700000     -0.20538464
 18.800000     -0.20319506
 18.900000     -0.20359577
 19.000000     -0.20595863
 19.100000     -0.20822629
 19.200000     -0.21034284
 19.300000     -0.21232296
 19.400000     -0.21290644
 19.500000     -0.21423523
 19.600000     -0.21692544
 19.700000     -0.22112620
 19.800000     -0.22727165
 19.900000     -0.23558623
 20.000000     -0.24473803
 20.100000     -0.25238598
 20.200000     -0.25881540
 20.300000     -0.26406704
 20.400000     -0.26722442
 20.500000     -0.26714760
 20.600000     -0.26507923
 20.700000     -0.26243180
 20.800000     -0.26105610
 20.900000     -0.26052144
 21.000000     -0.26035790
 21.100000     -0.25949493
 21.200000     -0.25679095
 21.300000     -0.24924726
 21.400000     -0.23875520
 21.500000     -0.22721205
 21.600000     -0.21705902
 21.700000     -0.20980187
 21.800000     -0.20444390
 21.900000     -0.20024676
 22.000000     -0.19531264
 22.100000     -0.18830335
 22.200000     -0.17831466
 22.300000     -0.16633942
 22.400000     -0.15404802
 22.500000     -0.14157521
 22.600000     -0.12993726
 22.700000     -0.11930678
 22.800000     -0.10835828
 22.900000     -0.09708586
 23.000000     -0.08922514
 23.100000     -0.08300457
 23.200000     -0.07820736
 23.300000     -0.07480236
 23.400000     -0.07199449
 23.500000     -0.06935890
 23.600000     -0.06680687
 23.700000     -0.06451701
 23.800000     -0.06216943
 23.900000     -0.06031940
 24.000000     -0.06013838
 24.100000     -0.06191027
 24.200000     -0.06469416
 24.300000     -0.06796932
 24.400000     -0.07135518
 24.500000     -0.07540195
 24.600000     -0.08054288
 24.700000     -0.08652512
 24.800000     -0.09304443
 24.900000     -0.09950674
 25.000000     -0.10568818
 25.100000     -0.11107802
 25.200000     -0.11591444
 25.300000     -0.12040157
 25.400000     -0.12404822
 25.500000     -0.12712725
 25.600000     -0.12932180
 25.700000     -0.13084470
 25.800000     -0.13090267
 25.900000     -0.13018704
 26.000000     -0.12897342
 26.100000     -0.12690466
 26.200000     -0.12469649
 26.300000     -0.12287560
 26.400000     -0.12095195
 26.500000     -0.11820279
 26.600000     -0.11374302
 26.700000     -0.10959988
 26.800000     -0.10496666
 26.900000     -0.09913036
 27.000000     -0.09235665
 27.100000     -0.08531225
 27.200000     -0.07833379
 27.300000     -0.07188048
 27.400000     -0.06597888
 27.500000     -0.06075922
 27.600000     -0.05583603
 27.700000     -0.05131822
 27.800000     -0.04694686
 27.900000     -0.04329799
 28.000000     -0.04091617
 28.100000     -0.03938294
 28.200000     -0.03808118
 28.300000     -0.03715936
 28.400000     -0.03686533
 28.500000     -0.03683459
 28.600000     -0.03667469
 28.700000     -0.03652250
 28.800000     -0.03787265
 28.900000     -0.04106209
 29.000000     -0.04608145
 29.100000     -0.05282665
 29.200000     -0.05970645
 29.300000     -0.06540251
 29.400000     -0.06993114
 29.500000     -0.07282842
 29.600000     -0.07503942
 29.700000     -0.07697289
 29.800000     -0.07949996
 29.900000     -0.08359966
 30.000000     -0.08917744
 30.100000     -0.09610209
 30.200000     -0.10656619
 30.300000     -0.12136602
 30.400000     -0.13307983
 30.500000     -0.16024756
 30.600000     -0.16463401
 30.700000     -0.16750666
 30.800000     -0.16947142
 30.900000     -0.17163288
 31.000000     -0.17393039
 31.100000     -0.17621497
 31.200000     -0.17840307
 31.300000     -0.17998429
 31.400000     -0.18057867
 31.500000     -0.17981484
 31.600000     -0.17904374
 31.700000     -0.17847086
 31.800000     -0.17820790
 31.900000     -0.17790571
 32.000000     -0.17763537
 32.100000     -0.17710494
 32.200000     -0.17358392
 32.300000     -0.16912825
 32.400000     -0.16583305
 32.500000     -0.16398759
 32.600000     -0.16268233
 32.700000     -0.16147242
 32.800000     -0.16001464
 32.900000     -0.15844835
 33.000000     -0.15654706
 33.100000     -0.15458104
 33.200000     -0.15273847
 33.300000     -0.15124672
 33.400000     -0.15043047
 33.500000     -0.15187471
 33.600000     -0.15341662
 33.700000     -0.15389067
 33.800000     -0.15398001
 33.900000     -0.15387806
 34.000000     -0.15316511
 34.100000     -0.15277574
 34.200000     -0.15348643
 34.300000     -0.15485964
 34.400000     -0.15686544
 34.500000     -0.15963248
 34.600000     -0.16262408
 34.700000     -0.16543198
 34.800000     -0.16778147
 34.900000     -0.16952471
 35.000000     -0.16997570
 35.100000     -0.16969476
 35.200000     -0.17189182
 35.300000     -0.17019938
 35.400000     -0.16987886
 35.500000     -0.16816615
 35.600000     -0.16496975
 35.700000     -0.16113413
 35.800000     -0.15726084
 35.900000     -0.15316765
 36.000000     -0.14996916
 36.100000     -0.14690570
 36.200000     -0.14398618
 36.300000     -0.14129449
 36.400000     -0.13850117
 36.500000     -0.13558525
 36.600000     -0.13288974
 36.700000     -0.13042951
 36.800000     -0.12780100
 36.900000     -0.12520262
 37.000000     -0.12256002
 37.100000     -0.11997973
 37.200000     -0.11772796
 37.300000     -0.11554648
 37.400000     -0.11333837
 37.500000     -0.11101866
 37.600000     -0.10866751
 37.700000     -0.10658441
 37.800000     -0.10470504
 37.900000     -0.10311236
 38.000000     -0.10188281
 38.100000     -0.10070730
 38.200000     -0.09993732
 38.300000     -0.09974511
 38.400000     -0.09963320
 38.500000     -0.09936755
 38.600000     -0.09890465
 38.700000     -0.09833826
 38.800000     -0.09741714
 38.900000     -0.09646831
 39.000000     -0.09575984
 39.100000     -0.09547735
 39.200000     -0.09489227
 39.300000     -0.09425186
 39.400000     -0.09344832
 39.500000     -0.09234419
 39.600000     -0.09100068
 39.700000     -0.08937331
 39.800000     -0.08759222
 39.900000     -0.08559889
