  0.000000     -0.01235616
  0.100000     -0.01215813
  0.200000     -0.01198811
  0.300000     -0.01180481
  0.400000     -0.01160760
  0.500000     -0.01146412
  0.600000     -0.01143781
  0.700000     -0.01141688
  0.800000     -0.01148506
  0.900000     -0.01135737
  1.000000     -0.01116426
  1.100000     -0.01093008
  1.200000     -0.01087887
  1.300000     -0.01066327
  1.400000     -0.01047329
  1.500000     -0.01034976
  1.600000     -0.00999567
  1.700000     -0.01025168
  1.800000     -0.01023873
  1.900000     -0.01013706
  2.000000     -0.01015406
  2.100000     -0.01008955
  2.200000     -0.00971184
  2.300000     -0.00929925
  2.400000     -0.00900604
  2.500000     -0.00895455
  2.600000     -0.00895601
  2.700000     -0.00904752
  2.800000     -0.00899007
  2.900000     -0.00911578
  3.000000     -0.00934761
  3.100000     -0.00924311
  3.200000     -0.00914457
  3.300000     -0.00955201
  3.400000     -0.00961889
  3.500000     -0.00976765
  3.600000     -0.00967963
  3.700000     -0.00952135
  3.800000     -0.00920189
  3.900000     -0.00909793
  4.000000     -0.00938930
  4.100000     -0.00927194
  4.200000     -0.00930496
  4.300000     -0.00946552
  4.400000     -0.00961628
  4.500000     -0.00989492
  4.600000     -0.00999527
  4.700000     -0.01017212
  4.800000     -0.01026384
  4.900000     -0.01074074
  5.000000     -0.01083808
  5.100000     -0.01102041
  5.200000     -0.01127598
  5.300000     -0.01161274
  5.400000     -0.01192780
  5.500000     -0.01279363
  5.600000     -0.01336504
  5.700000     -0.01376557
  5.800000     -0.01413301
  5.900000     -0.01459794
  6.000000     -0.01569995
  6.100000     -0.01600546
  6.200000     -0.01676042
  6.300000     -0.01745808
  6.400000     -0.01815078
  6.500000     -0.01888557
  6.600000     -0.01974595
  6.700000     -0.02066689
  6.800000     -0.02169484
  6.900000     -0.02275652
  7.000000     -0.02383948
  7.100000     -0.02501047
  7.200000     -0.02633198
  7.300000     -0.02773842
  7.400000     -0.02901910
  7.500000     -0.03038911
  7.600000     -0.03201450
  7.700000     -0.03376155
  7.800000     -0.03550403
  7.900000     -0.03717136
  8.000000     -0.03885601
  8.100000     -0.04079555
  8.200000     -0.04258332
  8.300000     -0.04443571
  8.400000     -0.04648260
  8.500000     -0.04851626
  8.600000     -0.05056987
  8.700000     -0.05269202
  8.800000     -0.05488071
  8.900000     -0.05736525
  9.000000     -0.05973931
  9.100000     -0.06208231
  9.200000     -0.06449036
  9.300000     -0.06695197
  9.400000     -0.06944610
  9.500000     -0.07196393
  9.600000     -0.07445107
  9.700000     -0.07699212
  9.800000     -0.07953325
  9.900000     -0.08206128
 10.000000     -0.08457075
 10.100000     -0.08704654
 10.200000     -0.08947612
 10.300000     -0.09184636
 10.400000     -0.09406406
 10.500000     -0.09642769
 10.600000     -0.09875017
 10.700000     -0.10137807
 10.800000     -0.10351434
 10.900000     -0.10523237
 11.000000     -0.10677833
 11.100000     -0.10813127
 11.200000     -0.10940243
 11.300000     -0.11029456
 11.400000     -0.11092352
 11.500000     -0.11126726
 11.600000     -0.11127601
 11.700000     -0.11098595
 11.800000     -0.11033417
 11.900000     -0.10929319
 12.000000     -0.10783474
 12.100000     -0.10593399
 12.200000     -0.10356489
 12.300000     -0.10070055
 12.400000     -0.09731499
 12.500000     -0.09338084
 12.600000     -0.08887649
 12.700000     -0.08377855
 12.800000     -0.07806191
 12.900000     -0.07170367
 13.000000     -0.06468072
 13.100000     -0.05697019
 13.200000     -0.04855347
 13.300000     -0.03940566
 13.400000     -0.02950539
 13.500000     -0.01883327
 13.600000     -0.00736458
 13.700000      0.00491961
 13.800000      0.01803102
 13.900000      0.03198714
 14.000000      0.04680662
 14.100000      0.06249937
 14.200000      0.07907128
 14.300000      0.09652861
 14.400000      0.11487007
 14.500000      0.13409589
 14.600000      0.15420119
 14.700000      0.17517208
 14.800000      0.19699111
 14.900000      0.21964037
 15.000000      0.24309409
 15.100000      0.26732468
 15.200000      0.29229726
 15.300000      0.31797412
 15.400000      0.34430764
 15.500000      0.37124893
 15.600000      0.39874197
 15.700000      0.42672463
 15.800000      0.45512698
 15.900000      0.48387562
 16.000000      0.51288948
 16.100000      0.54208079
 16.200000      0.57135576
 16.300000      0.60061533
 16.400000      0.62975631
 16.500000      0.65866560
 16.600000      0.68723022
 16.700000      0.71533255
 16.800000      0.74285174
 16.900000      0.76965926
 17.000000      0.79562607
 17.100000      0.82062447
 17.200000      0.84452136
 17.300000      0.86718256
 17.400000      0.88848257
 17.500000      0.90827841
 17.600000      0.92646041
 17.700000      0.94290397
 17.800000      0.95739014
 17.900000      0.96980868
 18.000000      0.98033396
 18.100000      0.98864113
 18.200000      0.99480025
 18.300000      0.99857424
 18.400000      1.00000000
 18.500000      0.99900853
 18.600000      0.99551417
 18.700000      0.98951587
 18.800000      0.98102247
 18.900000      0.97003840
 19.000000      0.95658139
 19.100000      0.94069115
 19.200000      0.92240907
 19.300000      0.90178463
 19.400000      0.87889245
 19.500000      0.85382028
 19.600000      0.82667404
 19.700000      0.79756729
 19.800000      0.76662277
 19.900000      0.73396148
 20.000000      0.69971156
 20.100000      0.66399287
 20.200000      0.62691735
 20.300000      0.58858332
 20.400000      0.54908183
 20.500000      0.50850762
 20.600000      0.46697177
 20.700000      0.42461515
 20.800000      0.38158378
 20.900000      0.33804349
 21.000000      0.29417731
 21.100000      0.25017413
 21.200000      0.20621712
 21.300000      0.16248784
 21.400000      0.11916058
 21.500000      0.07639156
 21.600000      0.03431601
 21.700000     -0.00695033
 21.800000     -0.04731994
 21.900000     -0.08672152
 22.000000     -0.12509500
 22.100000     -0.16238945
 22.200000     -0.19855246
 22.300000     -0.23352911
 22.400000     -0.26726019
 22.500000     -0.29968057
 22.600000     -0.33072471
 22.700000     -0.36031797
 22.800000     -0.38839875
 22.900000     -0.41490929
 23.000000     -0.43981036
 23.100000     -0.46306788
 23.200000     -0.48466612
 23.300000     -0.50458796
 23.400000     -0.52283792
 23.500000     -0.53941939
 23.600000     -0.55433570
 23.700000     -0.56760751
 23.800000     -0.57925969
 23.900000     -0.58931872
 24.000000     -0.59781308
 24.100000     -0.60477939
 24.200000     -0.61028717
 24.300000     -0.61437187
 24.400000     -0.61709550
 24.500000     -0.61857925
 24.600000     -0.61884714
 24.700000     -0.61796403
 24.800000     -0.61601008
 24.900000     -0.61310395
 25.000000     -0.60936642
 25.100000     -0.60479528
 25.200000     -0.59942821
 25.300000     -0.59342121
 25.400000     -0.58672522
 25.500000     -0.57939493
 25.600000     -0.57148326
 25.700000     -0.56305175
 25.800000     -0.55415593
 25.900000     -0.54484780
 26.000000     -0.53517765
 26.100000     -0.52519323
 26.200000     -0.51494175
 26.300000     -0.50446892
 26.400000     -0.49381616
 26.500000     -0.48302114
 26.600000     -0.47212475
 26.700000     -0.46115997
 26.800000     -0.45015718
 26.900000     -0.43915196
 27.000000     -0.42817083
 27.100000     -0.41724234
 27.200000     -0.40639278
 27.300000     -0.39565972
 27.400000     -0.38505839
 27.500000     -0.37457116
 27.600000     -0.36431267
 27.700000     -0.35430921
 27.800000     -0.34449941
 27.900000     -0.33489925
 28.000000     -0.32552167
 28.100000     -0.31637771
 28.200000     -0.30703098
 28.300000     -0.29825445
 28.400000     -0.28984642
 28.500000     -0.28170712
 28.600000     -0.27384413
 28.700000     -0.26625914
 28.800000     -0.25895208
 28.900000     -0.25192314
 29.000000     -0.24499101
 29.100000     -0.23842237
 29.200000     -0.23223525
 29.300000     -0.22632207
 29.400000     -0.22068018
 29.500000     -0.21530183
 29.600000     -0.21017978
 29.700000     -0.20506413
 29.800000     -0.20026609
 29.900000     -0.19601865
 30.000000     -0.19166496
 30.100000     -0.18696187
 30.200000     -0.18336856
 30.300000     -0.17993446
 30.400000     -0.17665140
 30.500000     -0.17352060
 30.600000     -0.17053441
 30.700000     -0.16767638
 30.800000     -0.16493601
 30.900000     -0.16230747
 31.000000     -0.15978290
 31.100000     -0.15735450
 31.200000     -0.15500947
 31.300000     -0.15274118
 31.400000     -0.15054359
 31.500000     -0.14841247
 31.600000     -0.14633854
 31.700000     -0.14431751
 31.800000     -0.14234395
 31.900000     -0.14041109
 32.000000     -0.13851671
 32.100000     -0.13665669
 32.200000     -0.13482539
 32.300000     -0.13301951
 32.400000     -0.13123655
 32.500000     -0.12947663
 32.600000     -0.12770827
 32.700000     -0.12594237
 32.800000     -0.12425076
 32.900000     -0.12241321
 33.000000     -0.12063134
 33.100000     -0.11804499
 33.200000     -0.11617570
 33.300000     -0.11380374
 33.400000     -0.11096355
 33.500000     -0.10931614
 33.600000     -0.10766361
 33.700000     -0.10600150
 33.800000     -0.10422531
 33.900000     -0.10232233
 34.000000     -0.10063552
 34.100000     -0.09893139
 34.200000     -0.09720548
 34.300000     -0.09546032
 34.400000     -0.09370576
 34.500000     -0.09210418
 34.600000     -0.09034353
 34.700000     -0.08844528
 34.800000     -0.08614041
 34.900000     -0.08401034
 35.000000     -0.08157308
 35.100000     -0.07951327
 35.200000     -0.07754906
 35.300000     -0.07549729
 35.400000     -0.07356392
 35.500000     -0.07133532
 35.600000     -0.06884331
 35.700000     -0.06693506
 35.800000     -0.06507257
 35.900000     -0.06311146
 36.000000     -0.06093208
 36.100000     -0.05840361
 36.200000     -0.05588637
 36.300000     -0.05379893
 36.400000     -0.05124009
 36.500000     -0.04902517
 36.600000     -0.04684996
 36.700000     -0.04521210
 36.800000     -0.04320580
 36.900000     -0.04065686
 37.000000     -0.03851763
 37.100000     -0.03655274
 37.200000     -0.03468346
 37.300000     -0.03271794
 37.400000     -0.03082507
 37.500000     -0.02931280
 37.600000     -0.02889180
 37.700000     -0.02748965
 37.800000     -0.02566420
 37.900000     -0.02383671
 38.000000     -0.02202148
 38.100000     -0.02127416
 38.200000     -0.01974685
 38.300000     -0.01874278
 38.400000     -0.01744547
 38.500000     -0.01607376
 38.600000     -0.01506453
 38.700000     -0.01376594
 38.800000     -0.01250715
 38.900000     -0.01143005
 39.000000     -0.01029732
 39.100000     -0.00932426
 39.200000     -0.00806539
 39.300000     -0.00707555
 39.400000     -0.00621967
 39.500000     -0.00568105
 39.600000     -0.00466517
 39.700000     -0.00372748
 39.800000     -0.00262143
 39.900000     -0.00119667
