  0.000000     -0.14018469
  0.100000     -0.13830992
  0.200000     -0.13636769
  0.300000     -0.13435730
  0.400000     -0.13235864
  0.500000     -0.13043108
  0.600000     -0.12845073
  0.700000     -0.12641487
  0.800000     -0.12445518
  0.900000     -0.12246194
  1.000000     -0.12041091
  1.100000     -0.11830134
  1.200000     -0.11613377
  1.300000     -0.11389750
  1.400000     -0.11160512
  1.500000     -0.10926002
  1.600000     -0.10686374
  1.700000     -0.10440975
  1.800000     -0.10190426
  1.900000     -0.09934984
  2.000000     -0.09642323
  2.100000     -0.09340527
  2.200000     -0.09068218
  2.300000     -0.08795650
  2.400000     -0.08523685
  2.500000     -0.08253462
  2.600000     -0.07985999
  2.700000     -0.07721626
  2.800000     -0.07462181
  2.900000     -0.07209333
  3.000000     -0.06965012
  3.100000     -0.06729653
  3.200000     -0.06509085
  3.300000     -0.06303073
  3.400000     -0.06109688
  3.500000     -0.05930143
  3.600000     -0.05770303
  3.700000     -0.05629682
  3.800000     -0.05508210
  3.900000     -0.05404848
  4.000000     -0.05320554
  4.100000     -0.05256066
  4.200000     -0.05212082
  4.300000     -0.05192936
  4.400000     -0.05200520
  4.500000     -0.05229452
  4.600000     -0.05280840
  4.700000     -0.05354830
  4.800000     -0.05450411
  4.900000     -0.05567293
  5.000000     -0.05705276
  5.100000     -0.05863940
  5.200000     -0.06042597
  5.300000     -0.06240515
  5.400000     -0.06457419
  5.500000     -0.06692598
  5.600000     -0.06944618
  5.700000     -0.07213701
  5.800000     -0.07497563
  5.900000     -0.07795178
  6.000000     -0.08105539
  6.100000     -0.08427290
  6.200000     -0.08758943
  6.300000     -0.09100117
  6.400000     -0.09449042
  6.500000     -0.09804398
  6.600000     -0.10165071
  6.700000     -0.10531028
  6.800000     -0.10900657
  6.900000     -0.11272012
  7.000000     -0.11643812
  7.100000     -0.12014618
  7.200000     -0.12383471
  7.300000     -0.12749329
  7.400000     -0.13111198
  7.500000     -0.13467952
  7.600000     -0.13820010
  7.700000     -0.14179076
  7.800000     -0.14528890
  7.900000     -0.14868398
  8.000000     -0.15196736
  8.100000     -0.15513928
  8.200000     -0.15826975
  8.300000     -0.16132011
  8.400000     -0.16425987
  8.500000     -0.16708985
  8.600000     -0.16981261
  8.700000     -0.17242984
  8.800000     -0.17494313
  8.900000     -0.17736372
  9.000000     -0.17969615
  9.100000     -0.18194600
  9.200000     -0.18411422
  9.300000     -0.18620192
  9.400000     -0.18821328
  9.500000     -0.19014526
  9.600000     -0.19199606
  9.700000     -0.19376308
  9.800000     -0.19545386
  9.900000     -0.19707071
 10.000000     -0.19861582
 10.100000     -0.20008891
 10.200000     -0.20149013
 10.300000     -0.20282277
 10.400000     -0.20408663
 10.500000     -0.20527599
 10.600000     -0.20639312
 10.700000     -0.20742612
 10.800000     -0.20837413
 10.900000     -0.20922765
 11.000000     -0.20997469
 11.100000     -0.21060476
 11.200000     -0.21110288
 11.300000     -0.21143923
 11.400000     -0.21160382
 11.500000     -0.21157166
 11.600000     -0.21131645
 11.700000     -0.21080420
 11.800000     -0.21001471
 11.900000     -0.20891777
 12.000000     -0.20747668
 12.100000     -0.20565807
 12.200000     -0.20342460
 12.300000     -0.20073496
 12.400000     -0.19754659
 12.500000     -0.19381418
 12.600000     -0.18948756
 12.700000     -0.18452663
 12.800000     -0.17889573
 12.900000     -0.17252912
 13.000000     -0.16537329
 13.100000     -0.15739696
 13.200000     -0.14855596
 13.300000     -0.13880475
 13.400000     -0.12808400
 13.500000     -0.11636250
 13.600000     -0.10359576
 13.700000     -0.08975975
 13.800000     -0.07481390
 13.900000     -0.05871240
 14.000000     -0.04146200
 14.100000     -0.02304922
 14.200000     -0.00344836
 14.300000      0.01733548
 14.400000      0.03932196
 14.500000      0.06248480
 14.600000      0.08680778
 14.700000      0.11225367
 14.800000      0.13877789
 14.900000      0.16636697
 15.000000      0.19492602
 15.100000      0.22439877
 15.200000      0.25472809
 15.300000      0.28580485
 15.400000      0.31753111
 15.500000      0.34980578
 15.600000      0.38249992
 15.700000      0.41549481
 15.800000      0.44867110
 15.900000      0.48189430
 16.000000      0.51503773
 16.100000      0.54797562
 16.200000      0.58058169
 16.300000      0.61272098
 16.400000      0.64427117
 16.500000      0.67512145
 16.600000      0.70517096
 16.700000      0.73429855
 16.800000      0.76237182
 16.900000      0.78931416
 17.000000      0.81504688
 17.100000      0.83942318
 17.200000      0.86235394
 17.300000      0.88376570
 17.400000      0.90354971
 17.500000      0.92165329
 17.600000      0.93801602
 17.700000      0.95254471
 17.800000      0.96519739
 17.900000      0.97595006
 18.000000      0.98474229
 18.100000      0.99153401
 18.200000      0.99633691
 18.300000      0.99917780
 18.400000      1.00000000
 18.500000      0.99883984
 18.600000      0.99571566
 18.700000      0.99058745
 18.800000      0.98345304
 18.900000      0.97436463
 19.000000      0.96339008
 19.100000      0.95054468
 19.200000      0.93586581
 19.300000      0.91939568
 19.400000      0.90117282
 19.500000      0.88121370
 19.600000      0.85955564
 19.700000      0.83626426
 19.800000      0.81139048
 19.900000      0.78504563
 20.000000      0.75730008
 20.100000      0.72822666
 20.200000      0.69789151
 20.300000      0.66640110
 20.400000      0.63386219
 20.500000      0.60036308
 20.600000      0.56602169
 20.700000      0.53090786
 20.800000      0.49517007
 20.900000      0.45894387
 21.000000      0.42234345
 21.100000      0.38549875
 21.200000      0.34853150
 21.300000      0.31157978
 21.400000      0.27477092
 21.500000      0.23822868
 21.600000      0.20209104
 21.700000      0.16650112
 21.800000      0.13156757
 21.900000      0.09739913
 22.000000      0.06411014
 22.100000      0.03181060
 22.200000      0.00058255
 22.300000     -0.02948249
 22.400000     -0.05830966
 22.500000     -0.08581599
 22.600000     -0.11194133
 22.700000     -0.13664301
 22.800000     -0.15989265
 22.900000     -0.18162866
 23.000000     -0.20179248
 23.100000     -0.22038496
 23.200000     -0.23740720
 23.300000     -0.25283822
 23.400000     -0.26666354
 23.500000     -0.27887789
 23.600000     -0.28949948
 23.700000     -0.29853414
 23.800000     -0.30596991
 23.900000     -0.31187473
 24.000000     -0.31629647
 24.100000     -0.31927789
 24.200000     -0.32794460
 24.300000     -0.32806540
 24.400000     -0.32686838
 24.500000     -0.32442903
 24.600000     -0.32082361
 24.700000     -0.31611917
 24.800000     -0.31040304
 24.900000     -0.30374703
 25.000000     -0.29623458
 25.100000     -0.28793895
 25.200000     -0.27891656
 25.300000     -0.26924766
 25.400000     -0.25902575
 25.500000     -0.24833903
 25.600000     -0.23725409
 25.700000     -0.22583976
 25.800000     -0.21417570
 25.900000     -0.20232603
 26.000000     -0.19035554
 26.100000     -0.17832474
 26.200000     -0.16629245
 26.300000     -0.15433089
 26.400000     -0.14248133
 26.500000     -0.13080461
 26.600000     -0.11933639
 26.700000     -0.10872361
 26.800000     -0.09839339
 26.900000     -0.08776651
 27.000000     -0.07747736
 27.100000     -0.06757289
 27.200000     -0.05807551
 27.300000     -0.04900072
 27.400000     -0.04036635
 27.500000     -0.03004901
 27.600000     -0.01377971
 27.700000     -0.00664854
 27.800000     -0.00005028
 27.900000      0.00600579
 28.000000      0.01149790
 28.100000      0.01642254
 28.200000      0.02078442
 28.300000      0.02459072
 28.400000      0.02783513
 28.500000      0.03053048
 28.600000      0.03267319
 28.700000      0.03425447
 28.800000      0.03528001
 28.900000      0.03578028
 29.000000      0.03577718
 29.100000      0.03528112
 29.200000      0.03431595
 29.300000      0.03840828
 29.400000      0.04040546
 29.500000      0.03819846
 29.600000      0.03564191
 29.700000      0.03276231
 29.800000      0.02958929
 29.900000      0.02616011
 30.000000      0.02250724
 30.100000      0.01866281
 30.200000      0.01465198
 30.300000      0.01050823
 30.400000      0.00626464
 30.500000      0.00195143
 30.600000     -0.00241400
 30.700000     -0.00681721
 30.800000     -0.01123422
 30.900000     -0.01563231
 31.000000     -0.01999202
 31.100000     -0.02430678
 31.200000     -0.02856761
 31.300000     -0.03273537
 31.400000     -0.03331120
 31.500000     -0.03400127
 31.600000     -0.03745179
 31.700000     -0.04084080
 31.800000     -0.04417004
 31.900000     -0.04743104
 32.000000     -0.05060628
 32.100000     -0.05369089
 32.200000     -0.05668180
 32.300000     -0.05957524
 32.400000     -0.06208602
 32.500000     -0.05579203
 32.600000     -0.05806359
 32.700000     -0.06027953
 32.800000     -0.06243889
 32.900000     -0.06453859
 33.000000     -0.06657312
 33.100000     -0.06853000
 33.200000     -0.07041341
 33.300000     -0.07221832
 33.400000     -0.07394703
 33.500000     -0.07277807
 33.600000     -0.07171664
 33.700000     -0.07389563
 33.800000     -0.07592567
 33.900000     -0.07780708
 34.000000     -0.07952879
 34.100000     -0.08108058
 34.200000     -0.08245497
 34.300000     -0.08364566
 34.400000     -0.08464364
 34.500000     -0.08543344
 34.600000     -0.08601337
 34.700000     -0.08637600
 34.800000     -0.08652179
 34.900000     -0.08644832
 35.000000     -0.08615480
 35.100000     -0.08564106
 35.200000     -0.08490439
 35.300000     -0.08394931
 35.400000     -0.08278241
 35.500000     -0.08140881
 35.600000     -0.07983668
 35.700000     -0.07806942
 35.800000     -0.07611992
 35.900000     -0.07399648
 36.000000     -0.07171090
 36.100000     -0.06927218
 36.200000     -0.06668747
 36.300000     -0.06397275
 36.400000     -0.06114375
 36.500000     -0.05821351
 36.600000     -0.05519484
 36.700000     -0.05209736
 36.800000     -0.04893857
 36.900000     -0.04573182
 37.000000     -0.04248901
 37.100000     -0.03921890
 37.200000     -0.03594055
 37.300000     -0.03266706
 37.400000     -0.02941231
 37.500000     -0.02618769
 37.600000     -0.02300522
 37.700000     -0.01987430
 37.800000     -0.01680975
 37.900000     -0.01382313
 38.000000     -0.01092630
 38.100000     -0.00813570
 38.200000     -0.00545927
 38.300000     -0.02639723
 38.400000     -0.02471731
 38.500000     -0.02209575
 38.600000     -0.01952931
 38.700000     -0.01630276
 38.800000      0.00354904
 38.900000      0.00622595
 39.000000      0.00882050
 39.100000      0.01132576
 39.200000      0.01373485
 39.300000      0.01604109
 39.400000      0.01823801
 39.500000      0.02030962
 39.600000      0.02225741
 39.700000      0.02407361
 39.800000      0.02566677
 39.900000      0.02673259
