  0.000000      0.00365443
  0.100000      0.00392434
  0.200000      0.00416667
  0.300000      0.00443124
  0.400000      0.00481328
  0.500000      0.00536880
  0.600000      0.00589040
  0.700000      0.00634705
  0.800000      0.00684264
  0.900000      0.00741668
  1.000000      0.00777006
  1.100000      0.00788112
  1.200000      0.00771720
  1.300000      0.00744201
  1.400000      0.00718846
  1.500000      0.00680716
  1.600000      0.00633906
  1.700000      0.00584515
  1.800000      0.00524450
  1.900000      0.00451590
  2.000000      0.00396136
  2.100000      0.00358845
  2.200000      0.00348399
  2.300000      0.00334166
  2.400000      0.00326129
  2.500000      0.00340432
  2.600000      0.00349834
  2.700000      0.00332080
  2.800000      0.00315564
  2.900000      0.00290809
  3.000000      0.00262242
  3.100000      0.00219338
  3.200000      0.00184484
  3.300000      0.00155515
  3.400000      0.00119252
  3.500000      0.00087521
  3.600000      0.00053963
  3.700000      0.00007286
  3.800000     -0.00017822
  3.900000     -0.00061659
  4.000000     -0.00084585
  4.100000     -0.00083102
  4.200000     -0.00041030
  4.300000     -0.00005576
  4.400000      0.00018300
  4.500000      0.00039262
  4.600000      0.00058730
  4.700000      0.00082608
  4.800000      0.00121680
  4.900000      0.00185482
  5.000000      0.00250180
  5.100000      0.00318573
  5.200000      0.00401325
  5.300000      0.00494369
  5.400000      0.00553707
  5.500000      0.00606916
  5.600000      0.00659238
  5.700000      0.00680795
  5.800000      0.00670192
  5.900000      0.00623233
  6.000000      0.00563241
  6.100000      0.00491014
  6.200000      0.00405395
  6.300000      0.00327805
  6.400000      0.00300802
  6.500000      0.00306506
  6.600000      0.00306611
  6.700000      0.00267711
  6.800000      0.00177694
  6.900000      0.00039317
  7.000000     -0.00102877
  7.100000     -0.00270352
  7.200000     -0.00462697
  7.300000     -0.00637007
  7.400000     -0.00849516
  7.500000     -0.01111247
  7.600000     -0.01356964
  7.700000     -0.01623553
  7.800000     -0.01942638
  7.900000     -0.02252838
  8.000000     -0.02543440
  8.100000     -0.02886391
  8.200000     -0.03303006
  8.300000     -0.03714782
  8.400000     -0.04138525
  8.500000     -0.04614197
  8.600000     -0.05127069
  8.700000     -0.05622058
  8.800000     -0.06094592
  8.900000     -0.06528284
  9.000000     -0.06893554
  9.100000     -0.07196342
  9.200000     -0.07403194
  9.300000     -0.07488876
  9.400000     -0.07411840
  9.500000     -0.07127333
  9.600000     -0.06590433
  9.700000     -0.05737873
  9.800000     -0.04466647
  9.900000     -0.02688999
 10.000000     -0.00294230
 10.100000      0.02851396
 10.200000      0.06890781
 10.300000      0.11943196
 10.400000      0.18032958
 10.500000      0.25135969
 10.600000      0.33177446
 10.700000      0.41973408
 10.800000      0.51249280
 10.900000      0.60612746
 11.000000      0.69669569
 11.100000      0.78032869
 11.200000      0.85300224
 11.300000      0.91243934
 11.400000      0.95701367
 11.500000      0.98557384
 11.600000      1.00000000
 11.700000      0.99938648
 11.800000      0.98495666
 11.900000      0.95879385
 12.000000      0.92124728
 12.100000      0.87243224
 12.200000      0.81290319
 12.300000      0.74313001
 12.400000      0.66486509
 12.500000      0.57926555
 12.600000      0.48814015
 12.700000      0.39364626
 12.800000      0.29778900
 12.900000      0.20363789
 13.000000      0.11386736
 13.100000      0.03018532
 13.200000     -0.04615604
 13.300000     -0.11421871
 13.400000     -0.17371081
 13.500000     -0.22526421
 13.600000     -0.26913083
 13.700000     -0.30624347
 13.800000     -0.33804935
 13.900000     -0.36465309
 14.000000     -0.38649473
 14.100000     -0.40373722
 14.200000     -0.41693792
 14.300000     -0.42641622
 14.400000     -0.43230250
 14.500000     -0.43441313
 14.600000     -0.43335984
 14.700000     -0.42999819
 14.800000     -0.42451271
 14.900000     -0.41732793
 15.000000     -0.40819386
 15.100000     -0.39812956
 15.200000     -0.38744690
 15.300000     -0.37609552
 15.400000     -0.36420240
 15.500000     -0.35214520
 15.600000     -0.34035150
 15.700000     -0.32858137
 15.800000     -0.31646514
 15.900000     -0.30468966
 16.000000     -0.29316826
 16.100000     -0.28174730
 16.200000     -0.27026381
 16.300000     -0.25920712
 16.400000     -0.24850276
 16.500000     -0.23808318
 16.600000     -0.22823033
 16.700000     -0.21906192
 16.800000     -0.21015041
 16.900000     -0.20112370
 17.000000     -0.19194131
 17.100000     -0.18353211
 17.200000     -0.17587326
 17.300000     -0.16866486
 17.400000     -0.16212072
 17.500000     -0.15592856
 17.600000     -0.14971723
 17.700000     -0.14299494
 17.800000     -0.13583289
 17.900000     -0.12890538
 18.000000     -0.12261938
 18.100000     -0.11652739
 18.200000     -0.11080145
 18.300000     -0.10522265
 18.400000     -0.10050726
 18.500000     -0.09617600
 18.600000     -0.09258094
 18.700000     -0.08975980
 18.800000     -0.08733591
 18.900000     -0.08487194
 19.000000     -0.08274319
 19.100000     -0.08089265
 19.200000     -0.07952225
 19.300000     -0.07837696
 19.400000     -0.07732618
 19.500000     -0.07640182
 19.600000     -0.07563975
 19.700000     -0.07497900
 19.800000     -0.07467763
 19.900000     -0.07445035
 20.000000     -0.07395338
 20.100000     -0.07355124
 20.200000     -0.07292449
 20.300000     -0.07206334
 20.400000     -0.07073237
 20.500000     -0.06914986
 20.600000     -0.06769274
 20.700000     -0.06621363
 20.800000     -0.06445239
 20.900000     -0.06249326
 21.000000     -0.06058397
 21.100000     -0.05834852
 21.200000     -0.05575231
 21.300000     -0.05320615
 21.400000     -0.05099706
 21.500000     -0.04883594
 21.600000     -0.04636237
 21.700000     -0.04400548
 21.800000     -0.04169816
 21.900000     -0.03947696
 22.000000     -0.03720534
 22.100000     -0.03511724
 22.200000     -0.03338233
 22.300000     -0.03193481
 22.400000     -0.03088172
 22.500000     -0.02977829
 22.600000     -0.02892576
 22.700000     -0.02790307
 22.800000     -0.02698385
 22.900000     -0.02585274
 23.000000     -0.02499011
 23.100000     -0.02465107
 23.200000     -0.02451178
 23.300000     -0.02444228
 23.400000     -0.02457525
 23.500000     -0.02426902
 23.600000     -0.02396509
 23.700000     -0.02403957
 23.800000     -0.02431509
 23.900000     -0.02458382
 24.000000     -0.02517107
 24.100000     -0.02595479
 24.200000     -0.02680839
 24.300000     -0.02760829
 24.400000     -0.02824062
 24.500000     -0.02885005
 24.600000     -0.02963403
 24.700000     -0.03052578
 24.800000     -0.03136377
 24.900000     -0.03211196
 25.000000     -0.03269006
 25.100000     -0.03294252
 25.200000     -0.03305063
 25.300000     -0.03274029
 25.400000     -0.03221425
 25.500000     -0.03150842
 25.600000     -0.03086513
 25.700000     -0.03039778
 25.800000     -0.03023220
 25.900000     -0.03005162
 26.000000     -0.02982025
 26.100000     -0.02943614
 26.200000     -0.02896595
 26.300000     -0.02820620
 26.400000     -0.02700606
 26.500000     -0.02577620
 26.600000     -0.02451031
 26.700000     -0.02345397
 26.800000     -0.02240099
 26.900000     -0.02148705
 27.000000     -0.02081389
 27.100000     -0.02051580
 27.200000     -0.02027848
 27.300000     -0.02006757
 27.400000     -0.01975230
 27.500000     -0.01934866
 27.600000     -0.01896063
 27.700000     -0.01849744
 27.800000     -0.01796160
 27.900000     -0.01738936
 28.000000     -0.01669012
 28.100000     -0.01565962
 28.200000     -0.01429092
 28.300000     -0.01348290
 28.400000     -0.01213899
 28.500000     -0.01052309
 28.600000     -0.00857173
 28.700000     -0.00686018
 28.800000     -0.00573888
 28.900000     -0.00518194
 29.000000     -0.00507632
 29.100000     -0.00529645
 29.200000     -0.00586156
 29.300000     -0.00669930
 29.400000     -0.00786375
 29.500000     -0.00914184
 29.600000     -0.01037592
 29.700000     -0.01119313
 29.800000     -0.01174892
 29.900000     -0.01191900
 30.000000     -0.01180227
 30.100000     -0.01157025
 30.200000     -0.01119746
 30.300000     -0.01067835
 30.400000     -0.00994235
 30.500000     -0.00907555
 30.600000     -0.00797166
 30.700000     -0.00644055
 30.800000     -0.00490643
 30.900000     -0.00344766
 31.000000     -0.00215637
 31.100000     -0.00131781
 31.200000     -0.00065087
 31.300000     -0.00000338
 31.400000      0.00056269
 31.500000      0.00113961
 31.600000      0.00182337
 31.700000      0.00251831
 31.800000      0.00334509
 31.900000      0.00408902
 32.000000      0.00497341
 32.100000      0.00570693
 32.200000      0.00623010
 32.300000      0.00689789
 32.400000      0.00776049
 32.500000      0.00857373
 32.600000      0.00926126
 32.700000      0.00987571
 32.800000      0.01027972
 32.900000      0.01051669
 33.000000      0.01092223
 33.100000      0.01127387
 33.200000      0.01163627
 33.300000      0.01218389
 33.400000      0.01288611
 33.500000      0.01331950
 33.600000      0.01363170
 33.700000      0.01367225
 33.800000      0.01363131
 33.900000      0.01343167
 34.000000      0.01315038
 34.100000      0.01286108
 34.200000      0.01241958
 34.300000      0.01184652
 34.400000      0.01133805
 34.500000      0.01104139
 34.600000      0.01098062
 34.700000      0.01077912
 34.800000      0.01056024
 34.900000      0.01029664
 35.000000      0.00995257
 35.100000      0.00940601
 35.200000      0.00887650
 35.300000      0.00832486
 35.400000      0.00766780
 35.500000      0.00728553
 35.600000      0.00716566
 35.700000      0.00723745
 35.800000      0.00729133
 35.900000      0.00733059
 36.000000      0.00722852
 36.100000      0.00721857
 36.200000      0.00708648
 36.300000      0.00708464
 36.400000      0.00721077
 36.500000      0.00749287
 36.600000      0.00777192
 36.700000      0.00783974
 36.800000      0.00778931
 36.900000      0.00770291
 37.000000      0.00750026
 37.100000      0.00705027
 37.200000      0.00652189
 37.300000      0.00598648
 37.400000      0.00549768
 37.500000      0.00492396
 37.600000      0.00451689
 37.700000      0.00405872
 37.800000      0.00368960
 37.900000      0.00345296
 38.000000      0.00338900
 38.100000      0.00361308
 38.200000      0.00398942
 38.300000      0.00459826
 38.400000      0.00520160
 38.500000      0.00557040
 38.600000      0.00579710
 38.700000      0.00596752
 38.800000      0.00606381
 38.900000      0.00591379
 39.000000      0.00578738
 39.100000      0.00558211
 39.200000      0.00522863
 39.300000      0.00491741
 39.400000      0.00484788
 39.500000      0.00497442
 39.600000      0.00519894
 39.700000      0.00544893
 39.800000      0.00576008
 39.900000      0.00582971
