  0.000000     -0.00126888
  0.100000     -0.00129078
  0.200000     -0.00125073
  0.300000     -0.00142706
  0.400000     -0.00173510
  0.500000     -0.00167704
  0.600000     -0.00132471
  0.700000     -0.00103343
  0.800000     -0.00064823
  0.900000     -0.00063914
  1.000000     -0.00075793
  1.100000     -0.00058528
  1.200000     -0.00017693
  1.300000      0.00014084
  1.400000      0.00045122
  1.500000      0.00078589
  1.600000      0.00186829
  1.700000      0.00267070
  1.800000      0.00333535
  1.900000      0.00361253
  2.000000      0.00426365
  2.100000      0.00455693
  2.200000      0.00495036
  2.300000      0.00502028
  2.400000      0.00556531
  2.500000      0.00613930
  2.600000      0.00659160
  2.700000      0.00663091
  2.800000      0.00662396
  2.900000      0.00702556
  3.000000      0.00704341
  3.100000      0.00664748
  3.200000      0.00622742
  3.300000      0.00556841
  3.400000      0.00485912
  3.500000      0.00414833
  3.600000      0.00351806
  3.700000      0.00333523
  3.800000      0.00332202
  3.900000      0.00333717
  4.000000      0.00350356
  4.100000      0.00356523
  4.200000      0.00321160
  4.300000      0.00291529
  4.400000      0.00319660
  4.500000      0.00390817
  4.600000      0.00479361
  4.700000      0.00518479
  4.800000      0.00554097
  4.900000      0.00584873
  5.000000      0.00582593
  5.100000      0.00643843
  5.200000      0.00713926
  5.300000      0.00818012
  5.400000      0.00992998
  5.500000      0.01111322
  5.600000      0.01239312
  5.700000      0.01440537
  5.800000      0.01690359
  5.900000      0.01825550
  6.000000      0.01991666
  6.100000      0.02010276
  6.200000      0.02005864
  6.300000      0.02001250
  6.400000      0.02018353
  6.500000      0.01882786
  6.600000      0.01773332
  6.700000      0.01613103
  6.800000      0.01500196
  6.900000      0.01474517
  7.000000      0.01398881
  7.100000      0.01299316
  7.200000      0.01108060
  7.300000      0.00944831
  7.400000      0.00873084
  7.500000      0.00824848
  7.600000      0.00708768
  7.700000      0.00561696
  7.800000      0.00463678
  7.900000      0.00362295
  8.000000      0.00231455
  8.100000      0.00188561
  8.200000      0.00097196
  8.300000     -0.00039294
  8.400000     -0.00080037
  8.500000     -0.00140954
  8.600000     -0.00169192
  8.700000     -0.00075198
  8.800000      0.00058775
  8.900000      0.00178252
  9.000000      0.00256128
  9.100000      0.00314952
  9.200000      0.00502436
  9.300000      0.00595918
  9.400000      0.00533898
  9.500000      0.00481892
  9.600000      0.00579954
  9.700000      0.00633566
  9.800000      0.00548836
  9.900000      0.00436774
 10.000000      0.00406964
 10.100000      0.00261340
 10.200000      0.00073163
 10.300000     -0.00144675
 10.400000     -0.00238985
 10.500000     -0.00354255
 10.600000     -0.00502756
 10.700000     -0.00669567
 10.800000     -0.00753212
 10.900000     -0.00831301
 11.000000     -0.00956120
 11.100000     -0.01129723
 11.200000     -0.01337733
 11.300000     -0.01533697
 11.400000     -0.01687657
 11.500000     -0.01767185
 11.600000     -0.01939595
 11.700000     -0.02197427
 11.800000     -0.02289916
 11.900000     -0.02405079
 12.000000     -0.02635029
 12.100000     -0.02810895
 12.200000     -0.03011417
 12.300000     -0.03369874
 12.400000     -0.03641279
 12.500000     -0.03812564
 12.600000     -0.04031973
 12.700000     -0.04263936
 12.800000     -0.04431614
 12.900000     -0.04628680
 13.000000     -0.04791531
 13.100000     -0.05011164
 13.200000     -0.05257739
 13.300000     -0.05518130
 13.400000     -0.05928049
 13.500000     -0.06198780
 13.600000     -0.06322680
 13.700000     -0.06443607
 13.800000     -0.06543873
 13.900000     -0.06576040
 14.000000     -0.06594725
 14.100000     -0.06637954
 14.200000     -0.06628645
 14.300000     -0.06486801
 14.400000     -0.06207613
 14.500000     -0.05787710
 14.600000     -0.05319836
 14.700000     -0.04765960
 14.800000     -0.04025463
 14.900000     -0.03112626
 15.000000     -0.02027118
 15.100000     -0.00725489
 15.200000      0.00824098
 15.300000      0.02633050
 15.400000      0.04744190
 15.500000      0.07232607
 15.600000      0.10140082
 15.700000      0.13455841
 15.800000      0.17228323
 15.900000      0.21477754
 16.000000      0.26111096
 16.100000      0.31114905
 16.200000      0.36382930
 16.300000      0.41960027
 16.400000      0.47839709
 16.500000      0.53773288
 16.600000      0.59678928
 16.700000      0.65411786
 16.800000      0.70811932
 16.900000      0.75994611
 17.000000      0.80735254
 17.100000      0.85021654
 17.200000      0.88857282
 17.300000      0.92030757
 17.400000      0.94758353
 17.500000      0.96876177
 17.600000      0.98427889
 17.700000      0.99500027
 17.800000      1.00000000
 17.900000      0.99931300
 18.000000      0.99294320
 18.100000      0.97930502
 18.200000      0.95983588
 18.300000      0.93492041
 18.400000      0.90320668
 18.500000      0.86609558
 18.600000      0.82147363
 18.700000      0.77014825
 18.800000      0.71203889
 18.900000      0.64803683
 19.000000      0.57741333
 19.100000      0.50335679
 19.200000      0.42616981
 19.300000      0.34577926
 19.400000      0.26499840
 19.500000      0.18512843
 19.600000      0.10713225
 19.700000      0.03219817
 19.800000     -0.03884729
 19.900000     -0.10608054
 20.000000     -0.16878483
 20.100000     -0.22601031
 20.200000     -0.27825142
 20.300000     -0.32484530
 20.400000     -0.36632044
 20.500000     -0.40122824
 20.600000     -0.43057888
 20.700000     -0.45462629
 20.800000     -0.47556525
 20.900000     -0.49178847
 21.000000     -0.50406692
 21.100000     -0.51393214
 21.200000     -0.52014915
 21.300000     -0.52394355
 21.400000     -0.52509610
 21.500000     -0.52311805
 21.600000     -0.51881145
 21.700000     -0.51255650
 21.800000     -0.50506876
 21.900000     -0.49595519
 22.000000     -0.48607733
 22.100000     -0.47394397
 22.200000     -0.46087106
 22.300000     -0.44748172
 22.400000     -0.43406748
 22.500000     -0.42095961
 22.600000     -0.40746838
 22.700000     -0.39349448
 22.800000     -0.37953744
 22.900000     -0.36600925
 23.000000     -0.35353180
 23.100000     -0.34101496
 23.200000     -0.32925409
 23.300000     -0.31937226
 23.400000     -0.30975689
 23.500000     -0.30158965
 23.600000     -0.29384319
 23.700000     -0.28658994
 23.800000     -0.28045102
 23.900000     -0.27395049
 24.000000     -0.26674474
 24.100000     -0.25984585
 24.200000     -0.25307680
 24.300000     -0.24652168
 24.400000     -0.24056383
 24.500000     -0.23480565
 24.600000     -0.22904815
 24.700000     -0.22382022
 24.800000     -0.21823247
 24.900000     -0.21293859
 25.000000     -0.20786452
 25.100000     -0.20293891
 25.200000     -0.19809031
 25.300000     -0.19352503
 25.400000     -0.19000405
 25.500000     -0.18671064
 25.600000     -0.18345106
 25.700000     -0.18150331
 25.800000     -0.17982647
 25.900000     -0.17681257
 26.000000     -0.17361982
 26.100000     -0.17124110
 26.200000     -0.16930173
 26.300000     -0.16701253
 26.400000     -0.16437702
 26.500000     -0.16284162
 26.600000     -0.16168376
 26.700000     -0.15905931
 26.800000     -0.15604919
 26.900000     -0.15297324
 27.000000     -0.14918721
 27.100000     -0.14507850
 27.200000     -0.14029811
 27.300000     -0.13605311
 27.400000     -0.13063418
 27.500000     -0.12529845
 27.600000     -0.12046729
 27.700000     -0.11524290
 27.800000     -0.11109734
 27.900000     -0.10826485
 28.000000     -0.10449807
 28.100000     -0.10165025
 28.200000     -0.09990082
 28.300000     -0.09882297
 28.400000     -0.09640575
 28.500000     -0.09497569
 28.600000     -0.09445874
 28.700000     -0.09233017
 28.800000     -0.09111075
 28.900000     -0.08941486
 29.000000     -0.08779087
 29.100000     -0.08674123
 29.200000     -0.08575394
 29.300000     -0.08460682
 29.400000     -0.08327273
 29.500000     -0.08326697
 29.600000     -0.08253363
 29.700000     -0.08246131
 29.800000     -0.08222777
 29.900000     -0.08105770
 30.000000     -0.08105615
 30.100000     -0.08124854
 30.200000     -0.08066705
 30.300000     -0.07925114
 30.400000     -0.07792439
 30.500000     -0.07686561
 30.600000     -0.07592999
 30.700000     -0.07547071
 30.800000     -0.07471407
 30.900000     -0.07441693
 31.000000     -0.07352695
 31.100000     -0.07243007
 31.200000     -0.07258867
 31.300000     -0.07120785
 31.400000     -0.06897844
 31.500000     -0.06733309
 31.600000     -0.06548147
 31.700000     -0.06266951
 31.800000     -0.06037010
 31.900000     -0.05768282
 32.000000     -0.05507757
 32.100000     -0.05197045
 32.200000     -0.04904118
 32.300000     -0.04675615
 32.400000     -0.04413135
 32.500000     -0.04092117
 32.600000     -0.03836591
 32.700000     -0.03723264
 32.800000     -0.03617046
 32.900000     -0.03427603
 33.000000     -0.03303609
 33.100000     -0.03259655
 33.200000     -0.03182228
 33.300000     -0.02996357
 33.400000     -0.02871609
 33.500000     -0.02770712
 33.600000     -0.02750907
 33.700000     -0.02739551
 33.800000     -0.02608754
 33.900000     -0.02508910
 34.000000     -0.02383124
 34.100000     -0.02293578
 34.200000     -0.02195721
 34.300000     -0.02076980
 34.400000     -0.01868509
 34.500000     -0.01688625
 34.600000     -0.01513615
 34.700000     -0.01371096
 34.800000     -0.01232913
 34.900000     -0.01047323
 35.000000     -0.00809823
 35.100000     -0.00560769
 35.200000     -0.00466078
 35.300000     -0.00367509
 35.400000     -0.00227023
 35.500000     -0.00100256
 35.600000     -0.00079734
 35.700000     -0.00044198
 35.800000      0.00029017
 35.900000      0.00015984
 36.000000     -0.00037143
 36.100000     -0.00073036
 36.200000     -0.00074097
 36.300000     -0.00071669
 36.400000     -0.00045200
 36.500000     -0.00053381
 36.600000     -0.00117721
 36.700000     -0.00167616
 36.800000     -0.00213777
 36.900000     -0.00235801
 37.000000     -0.00229863
 37.100000     -0.00227502
 37.200000     -0.00245900
 37.300000     -0.00266559
 37.400000     -0.00368556
 37.500000     -0.00478921
 37.600000     -0.00572072
 37.700000     -0.00666077
 37.800000     -0.00698531
 37.900000     -0.00728861
 38.000000     -0.00801472
 38.100000     -0.00792038
 38.200000     -0.00732639
 38.300000     -0.00717068
 38.400000     -0.00674141
 38.500000     -0.00544398
 38.600000     -0.00478210
 38.700000     -0.00424668
 38.800000     -0.00366841
 38.900000     -0.00356183
 39.000000     -0.00345782
 39.100000     -0.00310375
 39.200000     -0.00237235
 39.300000     -0.00203372
 39.400000     -0.00188757
 39.500000     -0.00195794
 39.600000     -0.00155886
 39.700000     -0.00060911
 39.800000      0.00063940
 39.900000      0.00233328
