  0.000000     -0.09371419
  0.100000     -0.09300969
  0.200000     -0.09334878
  0.300000     -0.09409325
  0.400000     -0.09477226
  0.500000     -0.09537165
  0.600000     -0.09578687
  0.700000     -0.09614789
  0.800000     -0.09639154
  0.900000     -0.09628932
  1.000000     -0.09568311
  1.100000     -0.09469476
  1.200000     -0.09335694
  1.300000     -0.09159015
  1.400000     -0.08917386
  1.500000     -0.08625057
  1.600000     -0.08275011
  1.700000     -0.07860857
  1.800000     -0.07427690
  1.900000     -0.07021287
  2.000000     -0.06614959
  2.100000     -0.06226589
  2.200000     -0.05899091
  2.300000     -0.05642042
  2.400000     -0.05430406
  2.500000     -0.05261501
  2.600000     -0.05138628
  2.700000     -0.05048362
  2.800000     -0.04998831
  2.900000     -0.04989978
  3.000000     -0.05005861
  3.100000     -0.05025843
  3.200000     -0.05045391
  3.300000     -0.05064599
  3.400000     -0.05057847
  3.500000     -0.05039143
  3.600000     -0.05085881
  3.700000     -0.05154065
  3.800000     -0.05181503
  3.900000     -0.05230489
  4.000000     -0.05324940
  4.100000     -0.05400410
  4.200000     -0.05498404
  4.300000     -0.05644999
  4.400000     -0.05825619
  4.500000     -0.05974004
  4.600000     -0.06073423
  4.700000     -0.06245337
  4.800000     -0.06388705
  4.900000     -0.06468319
  5.000000     -0.06525063
  5.100000     -0.06615320
  5.200000     -0.06679142
  5.300000     -0.06645329
  5.400000     -0.06611102
  5.500000     -0.06567584
  5.600000     -0.06455567
  5.700000     -0.06249947
  5.800000     -0.06017614
  5.900000     -0.05756210
  6.000000     -0.05459503
  6.100000     -0.05100988
  6.200000     -0.04771328
  6.300000     -0.04457678
  6.400000     -0.04184739
  6.500000     -0.03952578
  6.600000     -0.03771731
  6.700000     -0.03618675
  6.800000     -0.03477853
  6.900000     -0.03416470
  7.000000     -0.03376702
  7.100000     -0.03356802
  7.200000     -0.03325940
  7.300000     -0.03297510
  7.400000     -0.03260205
  7.500000     -0.03199014
  7.600000     -0.03073648
  7.700000     -0.02961014
  7.800000     -0.02883264
  7.900000     -0.02692878
  8.000000     -0.02535072
  8.100000     -0.02358937
  8.200000     -0.02237650
  8.300000     -0.02166569
  8.400000     -0.02066945
  8.500000     -0.01881194
  8.600000     -0.01814800
  8.700000     -0.01802707
  8.800000     -0.01950565
  8.900000     -0.02062218
  9.000000     -0.02177992
  9.100000     -0.02346162
  9.200000     -0.02477867
  9.300000     -0.02599742
  9.400000     -0.02666901
  9.500000     -0.02654816
  9.600000     -0.02641227
  9.700000     -0.02472541
  9.800000     -0.02266107
  9.900000     -0.02050547
 10.000000     -0.01796911
 10.100000     -0.01474673
 10.200000     -0.01137898
 10.300000     -0.00818813
 10.400000     -0.00411511
 10.500000     -0.00002701
 10.600000      0.00286562
 10.700000      0.00441372
 10.800000      0.00708260
 10.900000      0.01014743
 11.000000      0.01368829
 11.100000      0.01828698
 11.200000      0.02240710
 11.300000      0.02109735
 11.400000      0.01822558
 11.500000      0.01655792
 11.600000      0.01495794
 11.700000      0.01423075
 11.800000      0.01510068
 11.900000      0.01714538
 12.000000      0.01975325
 12.100000      0.02184932
 12.200000      0.02426670
 12.300000      0.02639541
 12.400000      0.02585503
 12.500000      0.02410473
 12.600000      0.02197150
 12.700000      0.01894972
 12.800000      0.01585751
 12.900000      0.01404269
 13.000000      0.01494598
 13.100000      0.01625941
 13.200000      0.01823991
 13.300000      0.02140667
 13.400000      0.02637024
 13.500000      0.03293259
 13.600000      0.03992218
 13.700000      0.04742523
 13.800000      0.05627763
 13.900000      0.06444968
 14.000000      0.06978743
 14.100000      0.07128423
 14.200000      0.07060573
 14.300000      0.06898347
 14.400000      0.06643661
 14.500000      0.06347236
 14.600000      0.05867873
 14.700000      0.05276470
 14.800000      0.04782353
 14.900000      0.04427849
 15.000000      0.04215987
 15.100000      0.04208520
 15.200000      0.04095093
 15.300000      0.03908732
 15.400000      0.03659886
 15.500000      0.03395042
 15.600000      0.03198327
 15.700000      0.03066147
 15.800000      0.02978661
 15.900000      0.02946226
 16.000000      0.03021055
 16.100000      0.03162645
 16.200000      0.03504593
 16.300000      0.03960046
 16.400000      0.04547422
 16.500000      0.05339022
 16.600000      0.06404222
 16.700000      0.07858350
 16.800000      0.09754462
 16.900000      0.11789099
 17.000000      0.13752703
 17.100000      0.15535490
 17.200000      0.16946428
 17.300000      0.18086817
 17.400000      0.19074774
 17.500000      0.20201376
 17.600000      0.21579711
 17.700000      0.23125894
 17.800000      0.24958228
 17.900000      0.26903290
 18.000000      0.28968653
 18.100000      0.30987807
 18.200000      0.32838161
 18.300000      0.34565617
 18.400000      0.36178974
 18.500000      0.37703555
 18.600000      0.39117689
 18.700000      0.40530450
 18.800000      0.42040577
 18.900000      0.43780975
 19.000000      0.45808973
 19.100000      0.48083880
 19.200000      0.50540765
 19.300000      0.53145472
 19.400000      0.55666191
 19.500000      0.58018696
 19.600000      0.60230183
 19.700000      0.62372060
 19.800000      0.64421584
 19.900000      0.66452878
 20.000000      0.68359400
 20.100000      0.70024245
 20.200000      0.71484593
 20.300000      0.72682644
 20.400000      0.73493976
 20.500000      0.74213865
 20.600000      0.75148506
 20.700000      0.76270756
 20.800000      0.77541641
 20.900000      0.78828071
 21.000000      0.80003698
 21.100000      0.80983954
 21.200000      0.81808180
 21.300000      0.82599656
 21.400000      0.83268218
 21.500000      0.84058394
 21.600000      0.84949988
 21.700000      0.85900693
 21.800000      0.86813423
 21.900000      0.87649668
 22.000000      0.88472031
 22.100000      0.89134306
 22.200000      0.89602166
 22.300000      0.89956569
 22.400000      0.90231860
 22.500000      0.90533856
 22.600000      0.91054379
 22.700000      0.91699716
 22.800000      0.92365389
 22.900000      0.92994616
 23.000000      0.93581832
 23.100000      0.94214431
 23.200000      0.95056793
 23.300000      0.95962070
 23.400000      0.96840204
 23.500000      0.97536661
 23.600000      0.98123136
 23.700000      0.98544561
 23.800000      0.98818728
 23.900000      0.98949618
 24.000000      0.98960445
 24.100000      0.98967798
 24.200000      0.99118706
 24.300000      0.99506978
 24.400000      0.99815890
 24.500000      1.00000000
 24.600000      0.99887305
 24.700000      0.99503034
 24.800000      0.98857661
 24.900000      0.97884790
 25.000000      0.96701540
 25.100000      0.95359821
 25.200000      0.93964547
 25.300000      0.92671779
 25.400000      0.91441652
 25.500000      0.90066737
 25.600000      0.88557939
 25.700000      0.87105191
 25.800000      0.85450506
 25.900000      0.83814673
 26.000000      0.82119685
 26.100000      0.80326680
 26.200000      0.78436517
 26.300000      0.76284154
 26.400000      0.73920749
 26.500000      0.71363209
 26.600000      0.68361385
 26.700000      0.65048695
 26.800000      0.61555483
 26.900000      0.58185264
 27.000000      0.55144754
 27.100000      0.52051539
 27.200000      0.48960792
 27.300000      0.45994115
 27.400000      0.42892633
 27.500000      0.39600730
 27.600000      0.36272231
 27.700000      0.32858706
 27.800000      0.29275421
 27.900000      0.25537574
 28.000000      0.21698169
 28.100000      0.18004880
 28.200000      0.14510933
 28.300000      0.11036551
 28.400000      0.07828077
 28.500000      0.04775981
 28.600000      0.01900568
 28.700000     -0.00626595
 28.800000     -0.02755872
 28.900000     -0.04587606
 29.000000     -0.06121180
 29.100000     -0.07450651
 29.200000     -0.08719531
 29.300000     -0.10085467
 29.400000     -0.11612204
 29.500000     -0.13252268
 29.600000     -0.15147439
 29.700000     -0.17179605
 29.800000     -0.19105844
 29.900000     -0.21000465
 30.000000     -0.22708534
 30.100000     -0.24196034
 30.200000     -0.25573454
 30.300000     -0.26950269
 30.400000     -0.28526371
 30.500000     -0.30225353
 30.600000     -0.32177173
 30.700000     -0.34071190
 30.800000     -0.35722492
 30.900000     -0.37135019
 31.000000     -0.38388865
 31.100000     -0.39397974
 31.200000     -0.40378340
 31.300000     -0.41398595
 31.400000     -0.42568372
 31.500000     -0.43919864
 31.600000     -0.45458076
 31.700000     -0.46826972
 31.800000     -0.47996725
 31.900000     -0.48780197
 32.000000     -0.49125478
 32.100000     -0.49009293
 32.200000     -0.48538060
 32.300000     -0.47836687
 32.400000     -0.47228173
 32.500000     -0.46601327
 32.600000     -0.46046906
 32.700000     -0.45683897
 32.800000     -0.45586253
 32.900000     -0.45801817
 33.000000     -0.46283485
 33.100000     -0.46753632
 33.200000     -0.46968930
 33.300000     -0.47043027
 33.400000     -0.46990724
 33.500000     -0.47088929
 33.600000     -0.47354077
 33.700000     -0.47660203
 33.800000     -0.48016283
 33.900000     -0.48463125
 34.000000     -0.48821602
 34.100000     -0.49074397
 34.200000     -0.49254569
 34.300000     -0.49409813
 34.400000     -0.49601938
 34.500000     -0.49728165
 34.600000     -0.49957060
 34.700000     -0.50166796
 34.800000     -0.50450610
 34.900000     -0.50833197
 35.000000     -0.51247178
 35.100000     -0.51562884
 35.200000     -0.51886053
 35.300000     -0.52323375
 35.400000     -0.52734006
 35.500000     -0.52821775
 35.600000     -0.52727718
 35.700000     -0.52610136
 35.800000     -0.52509285
 35.900000     -0.52424082
 36.000000     -0.52314257
 36.100000     -0.52194214
 36.200000     -0.51997975
 36.300000     -0.51777848
 36.400000     -0.51560294
 36.500000     -0.51380595
 36.600000     -0.51189957
 36.700000     -0.51017538
 36.800000     -0.50922908
 36.900000     -0.50889197
 37.000000     -0.50848503
 37.100000     -0.50776077
 37.200000     -0.50773902
 37.300000     -0.50769226
 37.400000     -0.50673716
 37.500000     -0.50601987
 37.600000     -0.50587655
 37.700000     -0.50580953
 37.800000     -0.50576460
 37.900000     -0.50578090
 38.000000     -0.50596302
 38.100000     -0.50620744
 38.200000     -0.50644758
 38.300000     -0.50663755
 38.400000     -0.50662497
 38.500000     -0.50686084
 38.600000     -0.50752605
 38.700000     -0.50840306
 38.800000     -0.50961632
 38.900000     -0.51112658
 39.000000     -0.51253013
 39.100000     -0.51415192
 39.200000     -0.51570334
 39.300000     -0.51659151
 39.400000     -0.51718460
 39.500000     -0.51778291
 39.600000     -0.51796345
 39.700000     -0.51795804
 39.800000     -0.51798493
 39.900000     -0.51802105
