  0.000000     -0.01513753
  0.100000     -0.01494723
  0.200000     -0.01491253
  0.300000     -0.01462425
  0.400000     -0.01405367
  0.500000     -0.01351417
  0.600000     -0.01310232
  0.700000     -0.01271973
  0.800000     -0.01272608
  0.900000     -0.01266291
  1.000000     -0.01257762
  1.100000     -0.01254741
  1.200000     -0.01306471
  1.300000     -0.01446828
  1.400000     -0.01586398
  1.500000     -0.01760287
  1.600000     -0.01959415
  1.700000     -0.02123314
  1.800000     -0.02214106
  1.900000     -0.02237189
  2.000000     -0.02204309
  2.100000     -0.02107054
  2.200000     -0.01970793
  2.300000     -0.01826620
  2.400000     -0.01702756
  2.500000     -0.01594706
  2.600000     -0.01457892
  2.700000     -0.01340170
  2.800000     -0.01251899
  2.900000     -0.01183080
  3.000000     -0.01122764
  3.100000     -0.00972143
  3.200000     -0.00692000
  3.300000     -0.00415949
  3.400000     -0.00189572
  3.500000     -0.00017576
  3.600000      0.00113184
  3.700000      0.00158614
  3.800000      0.00122290
  3.900000      0.00045030
  4.000000     -0.00034008
  4.100000     -0.00150096
  4.200000     -0.00339920
  4.300000     -0.00549394
  4.400000     -0.00763210
  4.500000     -0.00943647
  4.600000     -0.01055497
  4.700000     -0.01181954
  4.800000     -0.01269770
  4.900000     -0.01273774
  5.000000     -0.01227702
  5.100000     -0.01129593
  5.200000     -0.01034373
  5.300000     -0.00959465
  5.400000     -0.00876700
  5.500000     -0.00788914
  5.600000     -0.00739928
  5.700000     -0.00825167
  5.800000     -0.00928072
  5.900000     -0.01041434
  6.000000     -0.01185561
  6.100000     -0.01296398
  6.200000     -0.01418574
  6.300000     -0.01541694
  6.400000     -0.01651446
  6.500000     -0.01736941
  6.600000     -0.01805073
  6.700000     -0.01827586
  6.800000     -0.01865212
  6.900000     -0.01937194
  7.000000     -0.02001754
  7.100000     -0.02013672
  7.200000     -0.01946668
  7.300000     -0.01823496
  7.400000     -0.01721112
  7.500000     -0.01680143
  7.600000     -0.01641245
  7.700000     -0.01618035
  7.800000     -0.01634856
  7.900000     -0.01658526
  8.000000     -0.01661432
  8.100000     -0.01619829
  8.200000     -0.01562035
  8.300000     -0.01516794
  8.400000     -0.01447102
  8.500000     -0.01369652
  8.600000     -0.01249377
  8.700000     -0.01096590
  8.800000     -0.00944892
  8.900000     -0.00722382
  9.000000     -0.00387709
  9.100000      0.00020325
  9.200000      0.00458104
  9.300000      0.00969317
  9.400000      0.01495991
  9.500000      0.02048589
  9.600000      0.02667835
  9.700000      0.03305147
  9.800000      0.03900626
  9.900000      0.04581528
 10.000000      0.05313731
 10.100000      0.05982512
 10.200000      0.06550240
 10.300000      0.06946833
 10.400000      0.07202033
 10.500000      0.07394346
 10.600000      0.07447871
 10.700000      0.07418471
 10.800000      0.07200645
 10.900000      0.06874537
 11.000000      0.06485762
 11.100000      0.06097762
 11.200000      0.05688545
 11.300000      0.05342723
 11.400000      0.05188709
 11.500000      0.05200684
 11.600000      0.05320637
 11.700000      0.05792571
 11.800000      0.06632771
 11.900000      0.07553754
 12.000000      0.08360684
 12.100000      0.09454495
 12.200000      0.10946568
 12.300000      0.12605395
 12.400000      0.14087214
 12.500000      0.15613817
 12.600000      0.17188076
 12.700000      0.18585655
 12.800000      0.19593917
 12.900000      0.20261705
 13.000000      0.20595001
 13.100000      0.20659311
 13.200000      0.20253971
 13.300000      0.19558177
 13.400000      0.18571165
 13.500000      0.17255692
 13.600000      0.15700173
 13.700000      0.14055386
 13.800000      0.12106330
 13.900000      0.09851450
 14.000000      0.06910520
 14.100000      0.03968894
 14.200000      0.01620352
 14.300000     -0.00327471
 14.400000     -0.02003783
 14.500000     -0.03842831
 14.600000     -0.06079321
 14.700000     -0.08220467
 14.800000     -0.09565689
 14.900000     -0.10055086
 15.000000     -0.10144612
 15.100000     -0.09118773
 15.200000     -0.06349923
 15.300000     -0.02606006
 15.400000      0.02173689
 15.500000      0.08044557
 15.600000      0.15016367
 15.700000      0.22919133
 15.800000      0.32545347
 15.900000      0.43300829
 16.000000      0.54341632
 16.100000      0.64625948
 16.200000      0.73914695
 16.300000      0.81836051
 16.400000      0.88215707
 16.500000      0.93450327
 16.600000      0.97248614
 16.700000      0.99480783
 16.800000      1.00000000
 16.900000      0.98411807
 17.000000      0.94877141
 17.100000      0.89857128
 17.200000      0.84052116
 17.300000      0.76949451
 17.400000      0.68373967
 17.500000      0.58770265
 17.600000      0.48353247
 17.700000      0.36929104
 17.800000      0.24924135
 17.900000      0.13298070
 18.000000      0.02467183
 18.100000     -0.06715295
 18.200000     -0.13977384
 18.300000     -0.19568065
 18.400000     -0.25619161
 18.500000     -0.31656151
 18.600000     -0.37138095
 18.700000     -0.41822759
 18.800000     -0.45377203
 18.900000     -0.47751730
 19.000000     -0.50199213
 19.100000     -0.53110809
 19.200000     -0.55594390
 19.300000     -0.56852037
 19.400000     -0.57211113
 19.500000     -0.56194487
 19.600000     -0.54064724
 19.700000     -0.52510622
 19.800000     -0.52584921
 19.900000     -0.53565545
 20.000000     -0.54381434
 20.100000     -0.53472914
 20.200000     -0.51457225
 20.300000     -0.49257746
 20.400000     -0.47244704
 20.500000     -0.45752798
 20.600000     -0.43611362
 20.700000     -0.40442703
 20.800000     -0.37233449
 20.900000     -0.34693992
 21.000000     -0.33084428
 21.100000     -0.31302577
 21.200000     -0.29794872
 21.300000     -0.28816218
 21.400000     -0.27976432
 21.500000     -0.27498858
 21.600000     -0.26410467
 21.700000     -0.24809411
 21.800000     -0.22939588
 21.900000     -0.21382327
 22.000000     -0.20252704
 22.100000     -0.19327586
 22.200000     -0.17759354
 22.300000     -0.16224983
 22.400000     -0.14597005
 22.500000     -0.11999492
 22.600000     -0.09798497
 22.700000     -0.08810399
 22.800000     -0.08620536
 22.900000     -0.08257135
 23.000000     -0.07352736
 23.100000     -0.06406490
 23.200000     -0.05471975
 23.300000     -0.04889010
 23.400000     -0.05025195
 23.500000     -0.05632556
 23.600000     -0.06484985
 23.700000     -0.07682602
 23.800000     -0.09085535
 23.900000     -0.10435196
 24.000000     -0.11356523
 24.100000     -0.12038953
 24.200000     -0.12744380
 24.300000     -0.13450600
 24.400000     -0.13945329
 24.500000     -0.14108028
 24.600000     -0.14092432
 24.700000     -0.14121300
 24.800000     -0.14214581
 24.900000     -0.14540560
 25.000000     -0.15006213
 25.100000     -0.15594325
 25.200000     -0.15941038
 25.300000     -0.15930641
 25.400000     -0.15657035
 25.500000     -0.15382680
 25.600000     -0.15159693
 25.700000     -0.15107574
 25.800000     -0.15114366
 25.900000     -0.14953595
 26.000000     -0.14522653
 26.100000     -0.13830375
 26.200000     -0.13036339
 26.300000     -0.12061206
 26.400000     -0.10885678
 26.500000     -0.10004117
 26.600000     -0.09336509
 26.700000     -0.08681029
 26.800000     -0.08049628
 26.900000     -0.07528714
 27.000000     -0.07159389
 27.100000     -0.06855931
 27.200000     -0.06697344
 27.300000     -0.06611183
 27.400000     -0.06677874
 27.500000     -0.06840365
 27.600000     -0.07090554
 27.700000     -0.07486386
 27.800000     -0.07905911
 27.900000     -0.08349228
 28.000000     -0.08781654
 28.100000     -0.09129143
 28.200000     -0.09426800
 28.300000     -0.09716197
 28.400000     -0.09979013
 28.500000     -0.10121101
 28.600000     -0.10087262
 28.700000     -0.09897167
 28.800000     -0.09738512
 28.900000     -0.09609528
 29.000000     -0.09448278
 29.100000     -0.09310275
 29.200000     -0.09300852
 29.300000     -0.09444496
 29.400000     -0.09653867
 29.500000     -0.09846596
 29.600000     -0.10053503
 29.700000     -0.10285453
 29.800000     -0.10490576
 29.900000     -0.10666898
 30.000000     -0.10814690
 30.100000     -0.10898052
 30.200000     -0.10905470
 30.300000     -0.10847769
 30.400000     -0.10689584
 30.500000     -0.10407572
 30.600000     -0.10042817
 30.700000     -0.09565440
 30.800000     -0.09038147
 30.900000     -0.08490695
 31.000000     -0.07960041
 31.100000     -0.07479313
 31.200000     -0.07066883
 31.300000     -0.06719638
 31.400000     -0.06423531
 31.500000     -0.06244895
 31.600000     -0.06165875
 31.700000     -0.06194143
 31.800000     -0.06359719
 31.900000     -0.06673367
 32.000000     -0.07117090
 32.100000     -0.07626998
 32.200000     -0.08164605
 32.300000     -0.08664330
 32.400000     -0.09169332
 32.500000     -0.09641679
 32.600000     -0.10039916
 32.700000     -0.10340741
 32.800000     -0.10489942
 32.900000     -0.10527259
 33.000000     -0.10466725
 33.100000     -0.10164235
 33.200000     -0.09715147
 33.300000     -0.09251303
 33.400000     -0.08818742
 33.500000     -0.08384846
 33.600000     -0.07974090
 33.700000     -0.07568705
 33.800000     -0.07233148
 33.900000     -0.07023028
 34.000000     -0.06905383
 34.100000     -0.06820987
 34.200000     -0.06791483
 34.300000     -0.06747567
 34.400000     -0.06522584
 34.500000     -0.06315314
 34.600000     -0.06159680
 34.700000     -0.06070805
 34.800000     -0.06050826
 34.900000     -0.06101400
 35.000000     -0.06193997
 35.100000     -0.06319728
 35.200000     -0.06465825
 35.300000     -0.06657950
 35.400000     -0.06909382
 35.500000     -0.07169714
 35.600000     -0.07472724
 35.700000     -0.07765263
 35.800000     -0.08048183
 35.900000     -0.08353399
 36.000000     -0.08672938
 36.100000     -0.08983952
 36.200000     -0.09284071
 36.300000     -0.09578589
 36.400000     -0.09818629
 36.500000     -0.09988016
 36.600000     -0.10069613
 36.700000     -0.10121217
 36.800000     -0.10093567
 36.900000     -0.09931146
 37.000000     -0.09674238
 37.100000     -0.09356453
 37.200000     -0.08965896
 37.300000     -0.08556070
 37.400000     -0.08168695
 37.500000     -0.07758747
 37.600000     -0.07334635
 37.700000     -0.06894155
 37.800000     -0.06455079
 37.900000     -0.06048868
 38.000000     -0.05642815
 38.100000     -0.05269094
 38.200000     -0.04988438
 38.300000     -0.04818680
 38.400000     -0.04729489
 38.500000     -0.04655561
 38.600000     -0.04618743
 38.700000     -0.04613649
 38.800000     -0.04620123
 38.900000     -0.04653111
 39.000000     -0.04680487
 39.100000     -0.04658103
 39.200000     -0.04595700
 39.300000     -0.04555002
 39.400000     -0.04554087
 39.500000     -0.04575362
 39.600000     -0.04583757
 39.700000     -0.04640757
 39.800000     -0.04752291
 39.900000     -0.04876598
