  0.000000      0.04273575
  0.100000      0.04140890
  0.200000      0.04027368
  0.300000      0.03898581
  0.400000      0.03739513
  0.500000      0.03579923
  0.600000      0.03404307
  0.700000      0.03208439
  0.800000      0.03000264
  0.900000      0.02787895
  1.000000      0.02472431
  1.100000      0.02244293
  1.200000      0.02090108
  1.300000      0.01989622
  1.400000      0.01936065
  1.500000      0.01892312
  1.600000      0.01873496
  1.700000      0.01889737
  1.800000      0.01994240
  1.900000      0.02124545
  2.000000      0.02338716
  2.100000      0.02558481
  2.200000      0.02817496
  2.300000      0.03081718
  2.400000      0.03381873
  2.500000      0.03732183
  2.600000      0.04117077
  2.700000      0.04519954
  2.800000      0.04913910
  2.900000      0.05267047
  3.000000      0.05582018
  3.100000      0.05857700
  3.200000      0.06103116
  3.300000      0.06388002
  3.400000      0.06693797
  3.500000      0.06985253
  3.600000      0.07241435
  3.700000      0.07461804
  3.800000      0.07601304
  3.900000      0.07755095
  4.000000      0.07883673
  4.100000      0.07966901
  4.200000      0.07921883
  4.300000      0.07809661
  4.400000      0.07664371
  4.500000      0.07456509
  4.600000      0.07186536
  4.700000      0.06833535
  4.800000      0.06462361
  4.900000      0.06033497
  5.000000      0.05559564
  5.100000      0.05069125
  5.200000      0.04566669
  5.300000      0.04024685
  5.400000      0.03478660
  5.500000      0.02965547
  5.600000      0.02559159
  5.700000      0.02238200
  5.800000      0.01963343
  5.900000      0.01732449
  6.000000      0.01519528
  6.100000      0.01293105
  6.200000      0.00828988
  6.300000      0.00151602
  6.400000     -0.00579558
  6.500000     -0.01314417
  6.600000     -0.02014554
  6.700000     -0.02699796
  6.800000     -0.03380190
  6.900000     -0.04061403
  7.000000     -0.04696511
  7.100000     -0.05273968
  7.200000     -0.05778731
  7.300000     -0.06202445
  7.400000     -0.06535655
  7.500000     -0.06638198
  7.600000     -0.06526759
  7.700000     -0.06195606
  7.800000     -0.05635742
  7.900000     -0.04914628
  8.000000     -0.04028053
  8.100000     -0.03044323
  8.200000     -0.01941889
  8.300000     -0.00747417
  8.400000      0.00541320
  8.500000      0.01936818
  8.600000      0.03394198
  8.700000      0.04932159
  8.800000      0.06586365
  8.900000      0.08346321
  9.000000      0.10310584
  9.100000      0.12531815
  9.200000      0.15033375
  9.300000      0.17867046
  9.400000      0.21043774
  9.500000      0.24484976
  9.600000      0.28140383
  9.700000      0.31876671
  9.800000      0.35634065
  9.900000      0.39508691
 10.000000      0.43475978
 10.100000      0.47510793
 10.200000      0.51594138
 10.300000      0.55647747
 10.400000      0.59580945
 10.500000      0.63315235
 10.600000      0.66897725
 10.700000      0.70267093
 10.800000      0.73376673
 10.900000      0.76190693
 11.000000      0.78739424
 11.100000      0.80993334
 11.200000      0.82848683
 11.300000      0.84264354
 11.400000      0.85430654
 11.500000      0.86555420
 11.600000      0.87732184
 11.700000      0.88969924
 11.800000      0.90137248
 11.900000      0.91247924
 12.000000      0.92365502
 12.100000      0.93496417
 12.200000      0.94644667
 12.300000      0.95826626
 12.400000      0.97052636
 12.500000      0.98295392
 12.600000      0.99291554
 12.700000      0.99893879
 12.800000      1.00000000
 12.900000      0.99605388
 13.000000      0.98673028
 13.100000      0.97280652
 13.200000      0.95471519
 13.300000      0.93319761
 13.400000      0.90795118
 13.500000      0.88009007
 13.600000      0.85050802
 13.700000      0.82088310
 13.800000      0.78940227
 13.900000      0.75496298
 14.000000      0.71575087
 14.100000      0.67121132
 14.200000      0.62118939
 14.300000      0.56684038
 14.400000      0.51299786
 14.500000      0.45966855
 14.600000      0.40525671
 14.700000      0.35136979
 14.800000      0.29829085
 14.900000      0.24691241
 15.000000      0.19708343
 15.100000      0.14828564
 15.200000      0.10250007
 15.300000      0.06087145
 15.400000      0.02232298
 15.500000     -0.01417810
 15.600000     -0.04839550
 15.700000     -0.07872720
 15.800000     -0.10540193
 15.900000     -0.12934527
 16.000000     -0.15062191
 16.100000     -0.16868406
 16.200000     -0.18142268
 16.300000     -0.19056667
 16.400000     -0.19480095
 16.500000     -0.19624942
 16.600000     -0.19781753
 16.700000     -0.20104173
 16.800000     -0.20717840
 16.900000     -0.21528758
 17.000000     -0.22310560
 17.100000     -0.22899156
 17.200000     -0.23215244
 17.300000     -0.23532352
 17.400000     -0.23951500
 17.500000     -0.24521312
 17.600000     -0.25424392
 17.700000     -0.26563975
 17.800000     -0.27773591
 17.900000     -0.28914076
 18.000000     -0.29910661
 18.100000     -0.30767050
 18.200000     -0.31326265
 18.300000     -0.31810051
 18.400000     -0.32391954
 18.500000     -0.32942297
 18.600000     -0.33258594
 18.700000     -0.33287545
 18.800000     -0.33035762
 18.900000     -0.31876451
 19.000000     -0.32900634
 19.100000     -0.34108184
 19.200000     -0.34438217
 19.300000     -0.34721522
 19.400000     -0.34770844
 19.500000     -0.34733138
 19.600000     -0.34631311
 19.700000     -0.34506530
 19.800000     -0.34440435
 19.900000     -0.34508369
 20.000000     -0.34795897
 20.100000     -0.35158706
 20.200000     -0.35311636
 20.300000     -0.35242914
 20.400000     -0.35310791
 20.500000     -0.34974322
 20.600000     -0.34240528
 20.700000     -0.33143335
 20.800000     -0.31953830
 20.900000     -0.30515151
 21.000000     -0.29048187
 21.100000     -0.27525014
 21.200000     -0.26129953
 21.300000     -0.24854317
 21.400000     -0.23698482
 21.500000     -0.22743436
 21.600000     -0.21951597
 21.700000     -0.21343398
 21.800000     -0.20929644
 21.900000     -0.20669046
 22.000000     -0.20526320
 22.100000     -0.20308576
 22.200000     -0.19999558
 22.300000     -0.19598876
 22.400000     -0.19098339
 22.500000     -0.18493267
 22.600000     -0.17807697
 22.700000     -0.17006646
 22.800000     -0.16276121
 22.900000     -0.15604796
 23.000000     -0.15126620
 23.100000     -0.14728127
 23.200000     -0.14431769
 23.300000     -0.14279382
 23.400000     -0.14305508
 23.500000     -0.14561374
 23.600000     -0.14918676
 23.700000     -0.15345709
 23.800000     -0.15792385
 23.900000     -0.16311914
 24.000000     -0.16796132
 24.100000     -0.17300595
 24.200000     -0.17855372
 24.300000     -0.18562981
 24.400000     -0.19502140
 24.500000     -0.20551383
 24.600000     -0.21549382
 24.700000     -0.22447790
 24.800000     -0.23219777
 24.900000     -0.23924832
 25.000000     -0.24605666
 25.100000     -0.25172633
 25.200000     -0.25613256
 25.300000     -0.25900426
 25.400000     -0.26127927
 25.500000     -0.26421356
 25.600000     -0.26851713
 25.700000     -0.27504950
 25.800000     -0.28412084
 25.900000     -0.29533325
 26.000000     -0.30713041
 26.100000     -0.31853797
 26.200000     -0.32865088
 26.300000     -0.34001115
 26.400000     -0.35308956
 26.500000     -0.36961354
 26.600000     -0.38822158
 26.700000     -0.40911637
 26.800000     -0.43076378
 26.900000     -0.45366862
 27.000000     -0.47684569
 27.100000     -0.50092464
 27.200000     -0.52579332
 27.300000     -0.55178378
 27.400000     -0.57795837
 27.500000     -0.60364711
 27.600000     -0.62781574
 27.700000     -0.65022391
 27.800000     -0.67084513
 27.900000     -0.69083872
 28.000000     -0.71020307
 28.100000     -0.72539897
 28.200000     -0.73803795
 28.300000     -0.74809078
 28.400000     -0.75565173
 28.500000     -0.76133878
 28.600000     -0.76509733
 28.700000     -0.76727147
 28.800000     -0.76632855
 28.900000     -0.76256120
 29.000000     -0.75653108
 29.100000     -0.74973221
 29.200000     -0.74217333
 29.300000     -0.73463107
 29.400000     -0.72610350
 29.500000     -0.71740251
 29.600000     -0.70804532
 29.700000     -0.69989962
 29.800000     -0.69206180
 29.900000     -0.68428611
 30.000000     -0.67626400
 30.100000     -0.66737287
 30.200000     -0.65879057
 30.300000     -0.65047156
 30.400000     -0.64229346
 30.500000     -0.63611909
 30.600000     -0.63172464
 30.700000     -0.62896407
 30.800000     -0.62754453
 30.900000     -0.62604697
 31.000000     -0.62242104
 31.100000     -0.61781203
 31.200000     -0.61183338
 31.300000     -0.60431115
 31.400000     -0.59496629
 31.500000     -0.58438312
 31.600000     -0.57346446
 31.700000     -0.56289986
 31.800000     -0.55370019
 31.900000     -0.54607663
 32.000000     -0.53736028
 32.100000     -0.52757850
 32.200000     -0.51754019
 32.300000     -0.50483325
 32.400000     -0.49230997
 32.500000     -0.48018804
 32.600000     -0.46813537
 32.700000     -0.45663099
 32.800000     -0.44651685
 32.900000     -0.43812661
 33.000000     -0.43333040
 33.100000     -0.43081439
 33.200000     -0.42990569
 33.300000     -0.43006720
 33.400000     -0.43177117
 33.500000     -0.43382814
 33.600000     -0.43563817
 33.700000     -0.43647653
 33.800000     -0.43637454
 33.900000     -0.43538570
 34.000000     -0.43395334
 34.100000     -0.43211645
 34.200000     -0.42943241
 34.300000     -0.42554938
 34.400000     -0.42043545
 34.500000     -0.41452909
 34.600000     -0.40842155
 34.700000     -0.40191121
 34.800000     -0.39569389
 34.900000     -0.38995323
 35.000000     -0.38492361
 35.100000     -0.37991055
 35.200000     -0.37502316
 35.300000     -0.37023394
 35.400000     -0.36623034
 35.500000     -0.36304764
 35.600000     -0.36038414
 35.700000     -0.35782511
 35.800000     -0.35499182
 35.900000     -0.35228228
 36.000000     -0.35123076
 36.100000     -0.35067796
 36.200000     -0.35054466
 36.300000     -0.35063745
 36.400000     -0.35020833
 36.500000     -0.34873537
 36.600000     -0.34633900
 36.700000     -0.34356618
 36.800000     -0.34103375
 36.900000     -0.33834379
 37.000000     -0.33568434
 37.100000     -0.33261900
 37.200000     -0.32966786
 37.300000     -0.32681895
 37.400000     -0.32390576
 37.500000     -0.32074331
 37.600000     -0.31723306
 37.700000     -0.31350008
 37.800000     -0.30979688
 37.900000     -0.30650929
 38.000000     -0.30354124
 38.100000     -0.30259094
 38.200000     -0.30210158
 38.300000     -0.30221545
 38.400000     -0.30255543
 38.500000     -0.30358000
 38.600000     -0.30591372
 38.700000     -0.30865321
 38.800000     -0.31283528
 38.900000     -0.31778751
 39.000000     -0.32376758
 39.100000     -0.33052323
 39.200000     -0.33762030
 39.300000     -0.34478535
 39.400000     -0.35160823
 39.500000     -0.35766913
 39.600000     -0.36372441
 39.700000     -0.36916836
 39.800000     -0.37442378
 39.900000     -0.37945032
