  0.000000      0.03241324
  0.100000      0.03174177
  0.200000      0.03116865
  0.300000      0.03097663
  0.400000      0.03060722
  0.500000      0.03034154
  0.600000      0.02957127
  0.700000      0.02812895
  0.800000      0.02611953
  0.900000      0.02368943
  1.000000      0.02102187
  1.100000      0.01854070
  1.200000      0.01636073
  1.300000      0.01493301
  1.400000      0.01438406
  1.500000      0.01357371
  1.600000      0.01229073
  1.700000      0.01108076
  1.800000      0.01033042
  1.900000      0.00975758
  2.000000      0.00877924
  2.100000      0.00751896
  2.200000      0.00640144
  2.300000      0.00595703
  2.400000      0.00515621
  2.500000      0.00476994
  2.600000      0.00479581
  2.700000      0.00502199
  2.800000      0.00584605
  2.900000      0.00669854
  3.000000      0.00700210
  3.100000      0.00643548
  3.200000      0.00576748
  3.300000      0.00531223
  3.400000      0.00396801
  3.500000      0.00270581
  3.600000      0.00153886
  3.700000     -0.00032508
  3.800000     -0.00228547
  3.900000     -0.00458041
  4.000000     -0.00683143
  4.100000     -0.00856697
  4.200000     -0.01136165
  4.300000     -0.01452692
  4.400000     -0.01803606
  4.500000     -0.02213321
  4.600000     -0.02668313
  4.700000     -0.03153007
  4.800000     -0.03674954
  4.900000     -0.04205117
  5.000000     -0.04666127
  5.100000     -0.05119677
  5.200000     -0.05582793
  5.300000     -0.06017035
  5.400000     -0.06559845
  5.500000     -0.07092750
  5.600000     -0.07473543
  5.700000     -0.07647401
  5.800000     -0.07654546
  5.900000     -0.07588034
  6.000000     -0.07548337
  6.100000     -0.07598005
  6.200000     -0.07750838
  6.300000     -0.07820651
  6.400000     -0.07830899
  6.500000     -0.07740163
  6.600000     -0.07439485
  6.700000     -0.06961836
  6.800000     -0.06326113
  6.900000     -0.05605668
  7.000000     -0.04908058
  7.100000     -0.04339981
  7.200000     -0.03758354
  7.300000     -0.03095060
  7.400000     -0.02287343
  7.500000     -0.01297441
  7.600000     -0.00448699
  7.700000      0.00135270
  7.800000      0.00380554
  7.900000      0.00285507
  8.000000      0.00195018
  8.100000      0.00198720
  8.200000      0.00277496
  8.300000      0.00272300
  8.400000      0.00164143
  8.500000      0.00098267
  8.600000      0.00248563
  8.700000      0.00409993
  8.800000      0.00591920
  8.900000      0.00655089
  9.000000      0.00622999
  9.100000      0.00449752
  9.200000     -0.00002415
  9.300000     -0.00681856
  9.400000     -0.01369743
  9.500000     -0.01992714
  9.600000     -0.02593961
  9.700000     -0.03332036
  9.800000     -0.04336526
  9.900000     -0.05435570
 10.000000     -0.06701851
 10.100000     -0.08108465
 10.200000     -0.09676903
 10.300000     -0.11293870
 10.400000     -0.12706803
 10.500000     -0.13837354
 10.600000     -0.14532271
 10.700000     -0.14905453
 10.800000     -0.14946994
 10.900000     -0.14868848
 11.000000     -0.14651945
 11.100000     -0.14303862
 11.200000     -0.13929882
 11.300000     -0.13692260
 11.400000     -0.13749427
 11.500000     -0.14173921
 11.600000     -0.14765640
 11.700000     -0.15294050
 11.800000     -0.15655866
 11.900000     -0.15561850
 12.000000     -0.15009558
 12.100000     -0.13972607
 12.200000     -0.12647087
 12.300000     -0.10682101
 12.400000     -0.07959054
 12.500000     -0.04534099
 12.600000     -0.00516863
 12.700000      0.04445755
 12.800000      0.10247311
 12.900000      0.16664829
 13.000000      0.23630095
 13.100000      0.31216640
 13.200000      0.38989752
 13.300000      0.47015413
 13.400000      0.55008108
 13.500000      0.62475990
 13.600000      0.69505343
 13.700000      0.75705003
 13.800000      0.81285613
 13.900000      0.86199506
 14.000000      0.90773094
 14.100000      0.94702944
 14.200000      0.97627409
 14.300000      0.99298817
 14.400000      1.00000000
 14.500000      0.99737657
 14.600000      0.98077504
 14.700000      0.95281495
 14.800000      0.91287461
 14.900000      0.86085918
 15.000000      0.79963463
 15.100000      0.73120912
 15.200000      0.65855981
 15.300000      0.58393603
 15.400000      0.50405977
 15.500000      0.42017869
 15.600000      0.33456840
 15.700000      0.24919744
 15.800000      0.16393226
 15.900000      0.08314988
 16.000000      0.01042106
 16.100000     -0.05240798
 16.200000     -0.10843053
 16.300000     -0.15337518
 16.400000     -0.18959870
 16.500000     -0.21751700
 16.600000     -0.23700888
 16.700000     -0.25126241
 16.800000     -0.25902062
 16.900000     -0.26175213
 17.000000     -0.26179833
 17.100000     -0.26053169
 17.200000     -0.26087242
 17.300000     -0.26220389
 17.400000     -0.26214459
 17.500000     -0.26449551
 17.600000     -0.26986233
 17.700000     -0.27554975
 17.800000     -0.27888685
 17.900000     -0.27986133
 18.000000     -0.27737677
 18.100000     -0.26942860
 18.200000     -0.25599116
 18.300000     -0.24014410
 18.400000     -0.22574515
 18.500000     -0.21184901
 18.600000     -0.19696347
 18.700000     -0.18403506
 18.800000     -0.17310011
 18.900000     -0.16383152
 19.000000     -0.15680462
 19.100000     -0.15148447
 19.200000     -0.14638840
 19.300000     -0.14217299
 19.400000     -0.13719851
 19.500000     -0.13203136
 19.600000     -0.12652910
 19.700000     -0.12029280
 19.800000     -0.11279527
 19.900000     -0.10497955
 20.000000     -0.09820012
 20.100000     -0.09050166
 20.200000     -0.08225388
 20.300000     -0.07316566
 20.400000     -0.06472308
 20.500000     -0.05739595
 20.600000     -0.05024478
 20.700000     -0.04211150
 20.800000     -0.03413077
 20.900000     -0.02687339
 21.000000     -0.02373669
 21.100000     -0.02541592
 21.200000     -0.02979832
 21.300000     -0.03491997
 21.400000     -0.03995440
 21.500000     -0.04431743
 21.600000     -0.04863226
 21.700000     -0.05331645
 21.800000     -0.05921293
 21.900000     -0.06659764
 22.000000     -0.07326074
 22.100000     -0.07864973
 22.200000     -0.08156949
 22.300000     -0.08170192
 22.400000     -0.07809716
 22.500000     -0.07304981
 22.600000     -0.06895289
 22.700000     -0.06651465
 22.800000     -0.06395846
 22.900000     -0.06030187
 23.000000     -0.05751638
 23.100000     -0.05656198
 23.200000     -0.05609387
 23.300000     -0.05535423
 23.400000     -0.05492652
 23.500000     -0.05419361
 23.600000     -0.05360078
 23.700000     -0.05396688
 23.800000     -0.05550124
 23.900000     -0.05878036
 24.000000     -0.06089195
 24.100000     -0.06058370
 24.200000     -0.05890265
 24.300000     -0.05827347
 24.400000     -0.05761271
 24.500000     -0.05647545
 24.600000     -0.05646358
 24.700000     -0.05854661
 24.800000     -0.06090425
 24.900000     -0.06291735
 25.000000     -0.06448104
 25.100000     -0.06512484
 25.200000     -0.06591620
 25.300000     -0.06660420
 25.400000     -0.06677323
 25.500000     -0.06605001
 25.600000     -0.06303448
 25.700000     -0.05861004
 25.800000     -0.05372088
 25.900000     -0.05028227
 26.000000     -0.05072438
 26.100000     -0.05414087
 26.200000     -0.05928934
 26.300000     -0.06387272
 26.400000     -0.06619252
 26.500000     -0.06735053
 26.600000     -0.06719653
 26.700000     -0.06723062
 26.800000     -0.06758635
 26.900000     -0.06798314
 27.000000     -0.06819965
 27.100000     -0.06848790
 27.200000     -0.06892757
 27.300000     -0.06891770
 27.400000     -0.06830245
 27.500000     -0.06791197
 27.600000     -0.06804446
 27.700000     -0.06712068
 27.800000     -0.06642897
 27.900000     -0.06642883
 28.000000     -0.06839095
 28.100000     -0.06980940
 28.200000     -0.07098030
 28.300000     -0.07226320
 28.400000     -0.07487990
 28.500000     -0.07842351
 28.600000     -0.08307976
 28.700000     -0.08808363
 28.800000     -0.09395046
 28.900000     -0.10013855
 29.000000     -0.10592027
 29.100000     -0.11199712
 29.200000     -0.11907272
 29.300000     -0.12547751
 29.400000     -0.13063788
 29.500000     -0.13486494
 29.600000     -0.13873166
 29.700000     -0.14356002
 29.800000     -0.14842263
 29.900000     -0.15272757
 30.000000     -0.15672195
 30.100000     -0.16114714
 30.200000     -0.16678753
 30.300000     -0.17310503
 30.400000     -0.18108966
 30.500000     -0.18814473
 30.600000     -0.19383144
 30.700000     -0.19779241
 30.800000     -0.20097731
 30.900000     -0.20395259
 31.000000     -0.20528901
 31.100000     -0.20584105
 31.200000     -0.20560573
 31.300000     -0.20509038
 31.400000     -0.20389358
 31.500000     -0.20197738
 31.600000     -0.19997677
 31.700000     -0.19763726
 31.800000     -0.19339551
 31.900000     -0.18690504
 32.000000     -0.17707350
 32.100000     -0.16539450
 32.200000     -0.15297173
 32.300000     -0.14012943
 32.400000     -0.12701944
 32.500000     -0.11573445
 32.600000     -0.10671718
 32.700000     -0.09990678
 32.800000     -0.09485931
 32.900000     -0.09055810
 33.000000     -0.08628637
 33.100000     -0.08233632
 33.200000     -0.07877849
 33.300000     -0.07499951
 33.400000     -0.07225003
 33.500000     -0.07061788
 33.600000     -0.07029759
 33.700000     -0.07081211
 33.800000     -0.07218453
 33.900000     -0.07409553
 34.000000     -0.07736191
 34.100000     -0.08238121
 34.200000     -0.08902582
 34.300000     -0.09676712
 34.400000     -0.10597504
 34.500000     -0.11643782
 34.600000     -0.12692155
 34.700000     -0.13820483
 34.800000     -0.14942645
 34.900000     -0.15985918
 35.000000     -0.16943152
 35.100000     -0.17743698
 35.200000     -0.18378704
 35.300000     -0.18888895
 35.400000     -0.19234287
 35.500000     -0.19453994
 35.600000     -0.19577719
 35.700000     -0.19587073
 35.800000     -0.19487411
 35.900000     -0.19315976
 36.000000     -0.19129090
 36.100000     -0.19024117
 36.200000     -0.19068508
 36.300000     -0.19089969
 36.400000     -0.19135361
 36.500000     -0.19213782
 36.600000     -0.19326407
 36.700000     -0.19400323
 36.800000     -0.19449632
 36.900000     -0.19512179
 37.000000     -0.19600223
 37.100000     -0.19667424
 37.200000     -0.19755476
 37.300000     -0.19855525
 37.400000     -0.19835758
 37.500000     -0.19817591
 37.600000     -0.19814662
 37.700000     -0.19831329
 37.800000     -0.19860163
 37.900000     -0.19904329
 38.000000     -0.19964600
 38.100000     -0.19978126
 38.200000     -0.20012723
 38.300000     -0.20015661
 38.400000     -0.20003132
 38.500000     -0.19938324
 38.600000     -0.19813260
 38.700000     -0.19638059
 38.800000     -0.19427329
 38.900000     -0.19224174
 39.000000     -0.18991469
 39.100000     -0.18775794
 39.200000     -0.18642602
 39.300000     -0.18588656
 39.400000     -0.18606667
 39.500000     -0.18639937
 39.600000     -0.18674618
 39.700000     -0.18704176
 39.800000     -0.18746099
 39.900000     -0.18802017
