  0.000000      0.00385813
  0.100000      0.00377595
  0.200000      0.00369048
  0.300000      0.00359862
  0.400000      0.00380139
  0.500000      0.00410346
  0.600000      0.00454285
  0.700000      0.00513799
  0.800000      0.00555315
  0.900000      0.00594699
  1.000000      0.00645741
  1.100000      0.00698844
  1.200000      0.00740695
  1.300000      0.00753493
  1.400000      0.00746066
  1.500000      0.00732469
  1.600000      0.00725631
  1.700000      0.00707212
  1.800000      0.00679383
  1.900000      0.00661134
  2.000000      0.00648059
  2.100000      0.00619545
  2.200000      0.00595019
  2.300000      0.00569281
  2.400000      0.00543452
  2.500000      0.00491533
  2.600000      0.00411715
  2.700000      0.00324910
  2.800000      0.00249687
  2.900000      0.00223799
  3.000000      0.00219692
  3.100000      0.00228210
  3.200000      0.00231072
  3.300000      0.00189924
  3.400000      0.00110670
  3.500000      0.00021309
  3.600000     -0.00080234
  3.700000     -0.00201394
  3.800000     -0.00309694
  3.900000     -0.00437749
  4.000000     -0.00584870
  4.100000     -0.00710934
  4.200000     -0.00820148
  4.300000     -0.00949123
  4.400000     -0.01096310
  4.500000     -0.01236917
  4.600000     -0.01376952
  4.700000     -0.01519452
  4.800000     -0.01643389
  4.900000     -0.01795779
  5.000000     -0.01981896
  5.100000     -0.02200324
  5.200000     -0.02453285
  5.300000     -0.02674908
  5.400000     -0.02893855
  5.500000     -0.03090477
  5.600000     -0.03256575
  5.700000     -0.03431690
  5.800000     -0.03596992
  5.900000     -0.03787288
  6.000000     -0.03974467
  6.100000     -0.04125442
  6.200000     -0.04248614
  6.300000     -0.04391699
  6.400000     -0.04465021
  6.500000     -0.04449315
  6.600000     -0.04328385
  6.700000     -0.04099239
  6.800000     -0.03770918
  6.900000     -0.03230539
  7.000000     -0.02424076
  7.100000     -0.01350989
  7.200000      0.00037818
  7.300000      0.01789004
  7.400000      0.03952259
  7.500000      0.06690445
  7.600000      0.09937089
  7.700000      0.13785363
  7.800000      0.18234827
  7.900000      0.23265523
  8.000000      0.28830452
  8.100000      0.34830412
  8.200000      0.41120633
  8.300000      0.47609433
  8.400000      0.54156200
  8.500000      0.60646700
  8.600000      0.67027875
  8.700000      0.73131892
  8.800000      0.78794643
  8.900000      0.83983727
  9.000000      0.88616604
  9.100000      0.92526785
  9.200000      0.95656837
  9.300000      0.97948598
  9.400000      0.99373483
  9.500000      1.00000000
  9.600000      0.99668132
  9.700000      0.98399497
  9.800000      0.96163506
  9.900000      0.92930121
 10.000000      0.88653725
 10.100000      0.83467270
 10.200000      0.77443539
 10.300000      0.70607511
 10.400000      0.63114226
 10.500000      0.55016867
 10.600000      0.46335515
 10.700000      0.37198160
 10.800000      0.27731242
 10.900000      0.18130700
 11.000000      0.08638802
 11.100000     -0.00555797
 11.200000     -0.09252538
 11.300000     -0.17369488
 11.400000     -0.24751229
 11.500000     -0.31335849
 11.600000     -0.37179554
 11.700000     -0.42213041
 11.800000     -0.46519684
 11.900000     -0.50206679
 12.000000     -0.53204235
 12.100000     -0.55525368
 12.200000     -0.57248583
 12.300000     -0.58415394
 12.400000     -0.58983056
 12.500000     -0.59042991
 12.600000     -0.58718008
 12.700000     -0.57976401
 12.800000     -0.56874187
 12.900000     -0.55511932
 13.000000     -0.53987895
 13.100000     -0.52369325
 13.200000     -0.50721995
 13.300000     -0.49084954
 13.400000     -0.47418750
 13.500000     -0.45783571
 13.600000     -0.44207451
 13.700000     -0.42712479
 13.800000     -0.41313021
 13.900000     -0.39981928
 14.000000     -0.38710436
 14.100000     -0.37496382
 14.200000     -0.36298338
 14.300000     -0.35117928
 14.400000     -0.33985631
 14.500000     -0.32820045
 14.600000     -0.31695548
 14.700000     -0.30657699
 14.800000     -0.29608508
 14.900000     -0.28555311
 15.000000     -0.27560489
 15.100000     -0.26628255
 15.200000     -0.25774702
 15.300000     -0.25020820
 15.400000     -0.24266087
 15.500000     -0.23451597
 15.600000     -0.22531648
 15.700000     -0.21587645
 15.800000     -0.20647479
 15.900000     -0.19717879
 16.000000     -0.18810637
 16.100000     -0.17917432
 16.200000     -0.17057632
 16.300000     -0.16232603
 16.400000     -0.15426760
 16.500000     -0.14663871
 16.600000     -0.13964706
 16.700000     -0.13293952
 16.800000     -0.12613187
 16.900000     -0.11940991
 17.000000     -0.11257665
 17.100000     -0.10608167
 17.200000     -0.10063503
 17.300000     -0.09600319
 17.400000     -0.09223480
 17.500000     -0.08951592
 17.600000     -0.08801933
 17.700000     -0.08701449
 17.800000     -0.08603218
 17.900000     -0.08527126
 18.000000     -0.08380023
 18.100000     -0.08201825
 18.200000     -0.07998002
 18.300000     -0.07782521
 18.400000     -0.07585688
 18.500000     -0.07378555
 18.600000     -0.07262207
 18.700000     -0.07214463
 18.800000     -0.07226293
 18.900000     -0.07274382
 19.000000     -0.07299368
 19.100000     -0.07221607
 19.200000     -0.07129195
 19.300000     -0.06961336
 19.400000     -0.06699654
 19.500000     -0.06366385
 19.600000     -0.06014771
 19.700000     -0.05665780
 19.800000     -0.05296584
 19.900000     -0.04853395
 20.000000     -0.04365194
 20.100000     -0.03873754
 20.200000     -0.03418859
 20.300000     -0.03003790
 20.400000     -0.02599410
 20.500000     -0.02228107
 20.600000     -0.01888177
 20.700000     -0.01538182
 20.800000     -0.01220428
 20.900000     -0.00963134
 21.000000     -0.00778507
 21.100000     -0.00630983
 21.200000     -0.00548750
 21.300000     -0.00533653
 21.400000     -0.00531196
 21.500000     -0.00614246
 21.600000     -0.00697905
 21.700000     -0.00847306
 21.800000     -0.01018171
 21.900000     -0.01163695
 22.000000     -0.01295785
 22.100000     -0.01330296
 22.200000     -0.01342377
 22.300000     -0.01324681
 22.400000     -0.01288152
 22.500000     -0.01218402
 22.600000     -0.01181066
 22.700000     -0.01153608
 22.800000     -0.01082159
 22.900000     -0.00984926
 23.000000     -0.00908132
 23.100000     -0.00841047
 23.200000     -0.00789351
 23.300000     -0.00758327
 23.400000     -0.00722264
 23.500000     -0.00672618
 23.600000     -0.00604855
 23.700000     -0.00504325
 23.800000     -0.00348795
 23.900000     -0.00083625
 24.000000      0.00218255
 24.100000      0.00541572
 24.200000      0.00843450
 24.300000      0.01081998
 24.400000      0.01324662
 24.500000      0.01597664
 24.600000      0.01843614
 24.700000      0.02057934
 24.800000      0.02232211
 24.900000      0.02312325
 25.000000      0.02309341
 25.100000      0.02204073
 25.200000      0.02065797
 25.300000      0.01883810
 25.400000      0.01666887
 25.500000      0.01482098
 25.600000      0.01315895
 25.700000      0.01149988
 25.800000      0.00979204
 25.900000      0.00791142
 26.000000      0.00555426
 26.100000      0.00273288
 26.200000     -0.00064274
 26.300000     -0.00383940
 26.400000     -0.00682638
 26.500000     -0.00963201
 26.600000     -0.01211713
 26.700000     -0.01465688
 26.800000     -0.01744878
 26.900000     -0.02016431
 27.000000     -0.02251053
 27.100000     -0.02418745
 27.200000     -0.02506017
 27.300000     -0.02557257
 27.400000     -0.02611814
 27.500000     -0.02628762
 27.600000     -0.02593352
 27.700000     -0.02556918
 27.800000     -0.02508647
 27.900000     -0.02437481
 28.000000     -0.02368590
 28.100000     -0.02317076
 28.200000     -0.02265347
 28.300000     -0.02214823
 28.400000     -0.02104077
 28.500000     -0.01991397
 28.600000     -0.01874241
 28.700000     -0.01757292
 28.800000     -0.01704922
 28.900000     -0.01644172
 29.000000     -0.01598993
 29.100000     -0.01563738
 29.200000     -0.01446385
 29.300000     -0.01261840
 29.400000     -0.01042790
 29.500000     -0.00765671
 29.600000     -0.00494441
 29.700000     -0.00236746
 29.800000      0.00009327
 29.900000      0.00232184
 30.000000      0.00449015
 30.100000      0.00653850
 30.200000      0.00792139
 30.300000      0.00910863
 30.400000      0.00978395
 30.500000      0.01057407
 30.600000      0.01136484
 30.700000      0.01190968
 30.800000      0.01229268
 30.900000      0.01243904
 31.000000      0.01258466
 31.100000      0.01284600
 31.200000      0.01328591
 31.300000      0.01382504
 31.400000      0.01394771
 31.500000      0.01369149
 31.600000      0.01332975
 31.700000      0.01252774
 31.800000      0.01163482
 31.900000      0.01051472
 32.000000      0.00898436
 32.100000      0.00757336
 32.200000      0.00583454
 32.300000      0.00420478
 32.400000      0.00316000
 32.500000      0.00210059
 32.600000      0.00141324
 32.700000      0.00066531
 32.800000     -0.00015867
 32.900000     -0.00070005
 33.000000     -0.00150647
 33.100000     -0.00182176
 33.200000     -0.00213236
 33.300000     -0.00257139
 33.400000     -0.00272863
 33.500000     -0.00321511
 33.600000     -0.00330089
 33.700000     -0.00339081
 33.800000     -0.00356123
 33.900000     -0.00367697
 34.000000     -0.00394843
 34.100000     -0.00423615
 34.200000     -0.00431662
 34.300000     -0.00412865
 34.400000     -0.00366657
 34.500000     -0.00306216
 34.600000     -0.00191658
 34.700000     -0.00098182
 34.800000     -0.00025550
 34.900000      0.00058085
 35.000000      0.00125198
 35.100000      0.00167821
 35.200000      0.00190835
 35.300000      0.00203061
 35.400000      0.00227387
 35.500000      0.00228185
 35.600000      0.00195003
 35.700000      0.00180643
 35.800000      0.00169214
 35.900000      0.00153025
 36.000000      0.00122517
 36.100000      0.00106924
 36.200000      0.00073472
 36.300000      0.00003557
 36.400000     -0.00066026
 36.500000     -0.00130078
 36.600000     -0.00187001
 36.700000     -0.00240148
 36.800000     -0.00326248
 36.900000     -0.00436829
 37.000000     -0.00591005
 37.100000     -0.00759939
 37.200000     -0.00921048
 37.300000     -0.01050488
 37.400000     -0.01181259
 37.500000     -0.01315076
 37.600000     -0.01400378
 37.700000     -0.01418398
 37.800000     -0.01390581
 37.900000     -0.01367561
 38.000000     -0.01340391
 38.100000     -0.01295609
 38.200000     -0.01238305
 38.300000     -0.01161762
 38.400000     -0.01085255
 38.500000     -0.01016348
 38.600000     -0.00957897
 38.700000     -0.00914860
 38.800000     -0.00868610
 38.900000     -0.00827778
 39.000000     -0.00792142
 39.100000     -0.00754792
 39.200000     -0.00712353
 39.300000     -0.00670001
 39.400000     -0.00629951
 39.500000     -0.00598906
 39.600000     -0.00569548
 39.700000     -0.00547704
 39.800000     -0.00527311
 39.900000     -0.00501668
