  0.000000     -0.00051620
  0.100000     -0.00011498
  0.200000      0.00028489
  0.300000      0.00068701
  0.400000      0.00108531
  0.500000      0.00147735
  0.600000      0.00188099
  0.700000      0.00230080
  0.800000      0.00270139
  0.900000      0.00314088
  1.000000      0.00359444
  1.100000      0.00403880
  1.200000      0.00447913
  1.300000      0.00498845
  1.400000      0.00541961
  1.500000      0.00561056
  1.600000      0.00604839
  1.700000      0.00641063
  1.800000      0.00680123
  1.900000      0.00718629
  2.000000      0.00753919
  2.100000      0.00788153
  2.200000      0.00822864
  2.300000      0.00856893
  2.400000      0.00889811
  2.500000      0.00924556
  2.600000      0.00964447
  2.700000      0.01003831
  2.800000      0.01029399
  2.900000      0.01051014
  3.000000      0.01077115
  3.100000      0.01103931
  3.200000      0.01128420
  3.300000      0.01148186
  3.400000      0.01170725
  3.500000      0.01190372
  3.600000      0.01207701
  3.700000      0.01221076
  3.800000      0.01228182
  3.900000      0.01237147
  4.000000      0.01245954
  4.100000      0.01253557
  4.200000      0.01264295
  4.300000      0.01266919
  4.400000      0.01266863
  4.500000      0.01252809
  4.600000      0.01257321
  4.700000      0.01278012
  4.800000      0.01278154
  4.900000      0.01259474
  5.000000      0.01238842
  5.100000      0.01223138
  5.200000      0.01196824
  5.300000      0.01164092
  5.400000      0.01128004
  5.500000      0.01087501
  5.600000      0.01040792
  5.700000      0.00990087
  5.800000      0.00934794
  5.900000      0.00878271
  6.000000      0.00817613
  6.100000      0.00751544
  6.200000      0.00684578
  6.300000      0.00609740
  6.400000      0.00530903
  6.500000      0.00447999
  6.600000      0.00362354
  6.700000      0.00271503
  6.800000      0.00175600
  6.900000      0.00074585
  7.000000     -0.00031395
  7.100000     -0.00142690
  7.200000     -0.00259466
  7.300000     -0.00379436
  7.400000     -0.00507252
  7.500000     -0.00640898
  7.600000     -0.00777734
  7.700000     -0.00919767
  7.800000     -0.01066861
  7.900000     -0.01218312
  8.000000     -0.01379873
  8.100000     -0.01542090
  8.200000     -0.01714254
  8.300000     -0.01890361
  8.400000     -0.02066090
  8.500000     -0.02246000
  8.600000     -0.02429807
  8.700000     -0.02617182
  8.800000     -0.02807727
  8.900000     -0.03001025
  9.000000     -0.03196658
  9.100000     -0.03394144
  9.200000     -0.03592899
  9.300000     -0.03794519
  9.400000     -0.03996771
  9.500000     -0.04196117
  9.600000     -0.04394221
  9.700000     -0.04590379
  9.800000     -0.04783897
  9.900000     -0.04973995
 10.000000     -0.05159872
 10.100000     -0.05340660
 10.200000     -0.05515404
 10.300000     -0.05683139
 10.400000     -0.05842943
 10.500000     -0.05993780
 10.600000     -0.06134582
 10.700000     -0.06264269
 10.800000     -0.06381666
 10.900000     -0.06485602
 11.000000     -0.06574886
 11.100000     -0.06648277
 11.200000     -0.06704347
 11.300000     -0.06741785
 11.400000     -0.06759286
 11.500000     -0.06755343
 11.600000     -0.06728458
 11.700000     -0.06677178
 11.800000     -0.06599929
 11.900000     -0.06495234
 12.000000     -0.06361373
 12.100000     -0.06196745
 12.200000     -0.05999739
 12.300000     -0.05768626
 12.400000     -0.05501711
 12.500000     -0.05197369
 12.600000     -0.04853918
 12.700000     -0.04469699
 12.800000     -0.04042929
 12.900000     -0.03571728
 13.000000     -0.03054720
 13.100000     -0.02490438
 13.200000     -0.01877061
 13.300000     -0.01213140
 13.400000     -0.00497327
 13.500000      0.00271922
 13.600000      0.01095994
 13.700000      0.01976102
 13.800000      0.02913414
 13.900000      0.03908942
 14.000000      0.04963608
 14.100000      0.06078297
 14.200000      0.07253630
 14.300000      0.08490248
 14.400000      0.09787216
 14.500000      0.11145536
 14.600000      0.12568276
 14.700000      0.14052948
 14.800000      0.15598993
 14.900000      0.17206252
 15.000000      0.18874004
 15.100000      0.20601306
 15.200000      0.22386860
 15.300000      0.24229162
 15.400000      0.26126429
 15.500000      0.28076741
 15.600000      0.30077771
 15.700000      0.32126833
 15.800000      0.34220969
 15.900000      0.36357006
 16.000000      0.38531368
 16.100000      0.40740253
 16.200000      0.42979622
 16.300000      0.45244986
 16.400000      0.47531554
 16.500000      0.49834407
 16.600000      0.52148278
 16.700000      0.54467683
 16.800000      0.56786870
 16.900000      0.59099877
 17.000000      0.61400567
 17.100000      0.63682582
 17.200000      0.65939480
 17.300000      0.68164678
 17.400000      0.70351441
 17.500000      0.72492999
 17.600000      0.74582540
 17.700000      0.76613310
 17.800000      0.78578474
 17.900000      0.80471297
 18.000000      0.82285282
 18.100000      0.84013657
 18.200000      0.85649985
 18.300000      0.87188453
 18.400000      0.88623036
 18.500000      0.89948101
 18.600000      0.91158364
 18.700000      0.92248642
 18.800000      0.93214366
 18.900000      0.94051123
 19.000000      0.94755038
 19.100000      0.95322814
 19.200000      0.95751556
 19.300000      0.96038489
 19.400000      0.96180788
 19.500000      0.96174656
 19.600000      0.96017182
 19.700000      0.95709502
 19.800000      0.95252803
 19.900000      0.94646984
 20.000000      0.93892339
 20.100000      0.92988710
 20.200000      0.91936660
 20.300000      0.90737802
 20.400000      0.89393657
 20.500000      0.87906069
 20.600000      0.86278015
 20.700000      0.84511766
 20.800000      0.82610829
 20.900000      0.80578525
 21.000000      0.78418712
 21.100000      0.76135466
 21.200000      0.73733009
 21.300000      0.71215683
 21.400000      0.68588714
 21.500000      0.65856740
 21.600000      0.63024912
 21.700000      0.60098579
 21.800000      0.57083127
 21.900000      0.53984174
 22.000000      0.50807204
 22.100000      0.47557858
 22.200000      0.44241863
 22.300000      0.40864787
 22.400000      0.37432416
 22.500000      0.33950510
 22.600000      0.30424686
 22.700000      0.26860628
 22.800000      0.23263787
 22.900000      0.19639547
 23.000000      0.15993555
 23.100000      0.12331135
 23.200000      0.08657682
 23.300000      0.04978224
 23.400000      0.01298017
 23.500000     -0.02377947
 23.600000     -0.06044546
 23.700000     -0.09696910
 23.800000     -0.13330065
 23.900000     -0.16939287
 24.000000     -0.20519706
 24.100000     -0.24066656
 24.200000     -0.27575412
 24.300000     -0.31041454
 24.400000     -0.34460172
 24.500000     -0.37826892
 24.600000     -0.41136756
 24.700000     -0.44385909
 24.800000     -0.47570294
 24.900000     -0.50685617
 25.000000     -0.53727854
 25.100000     -0.56692800
 25.200000     -0.59576752
 25.300000     -0.62376365
 25.400000     -0.65088186
 25.500000     -0.67708839
 25.600000     -0.70235210
 25.700000     -0.72664740
 25.800000     -0.74995070
 25.900000     -0.77223875
 26.000000     -0.79349282
 26.100000     -0.81369647
 26.200000     -0.83283546
 26.300000     -0.85089794
 26.400000     -0.86788397
 26.500000     -0.88378796
 26.600000     -0.89860831
 26.700000     -0.91235042
 26.800000     -0.92501920
 26.900000     -0.93662230
 27.000000     -0.94717387
 27.100000     -0.95669142
 27.200000     -0.96519387
 27.300000     -0.97270365
 27.400000     -0.97923888
 27.500000     -0.98482717
 27.600000     -0.98949149
 27.700000     -0.99326223
 27.800000     -0.99616878
 27.900000     -0.99824003
 28.000000     -0.99950772
 28.100000     -1.00000000
 28.200000     -0.99971331
 28.300000     -0.99861171
 28.400000     -0.99696135
 28.500000     -0.99465853
 28.600000     -0.99173153
 28.700000     -0.98820606
 28.800000     -0.98411159
 28.900000     -0.97947629
 29.000000     -0.97433308
 29.100000     -0.96869765
 29.200000     -0.96259547
 29.300000     -0.95604737
 29.400000     -0.94907350
 29.500000     -0.94168900
 29.600000     -0.93380649
 29.700000     -0.92546194
 29.800000     -0.91695471
 29.900000     -0.90810673
 30.000000     -0.89893271
 30.100000     -0.88944124
 30.200000     -0.87964333
 30.300000     -0.86955190
 30.400000     -0.85917499
 30.500000     -0.84850172
 30.600000     -0.83753180
 30.700000     -0.82637776
 30.800000     -0.81497726
 30.900000     -0.80335881
 31.000000     -0.79150588
 31.100000     -0.77939952
 31.200000     -0.76711777
 31.300000     -0.75449313
 31.400000     -0.74181469
 31.500000     -0.72894717
 31.600000     -0.71590425
 31.700000     -0.70267601
 31.800000     -0.68926954
 31.900000     -0.67569035
 32.000000     -0.66195380
 32.100000     -0.64808470
 32.200000     -0.63407402
 32.300000     -0.61994602
 32.400000     -0.60569796
 32.500000     -0.59134440
 32.600000     -0.57691346
 32.700000     -0.56239277
 32.800000     -0.54769493
 32.900000     -0.53296861
 33.000000     -0.51827120
 33.100000     -0.50357112
 33.200000     -0.48885202
 33.300000     -0.47407197
 33.400000     -0.45919130
 33.500000     -0.44439525
 33.600000     -0.42962594
 33.700000     -0.41483805
 33.800000     -0.40005887
 33.900000     -0.38527941
 34.000000     -0.37049962
 34.100000     -0.35573377
 34.200000     -0.34099385
 34.300000     -0.32627590
 34.400000     -0.31156442
 34.500000     -0.29696644
 34.600000     -0.28228387
 34.700000     -0.26761832
 34.800000     -0.25302223
 34.900000     -0.23845478
 35.000000     -0.22391873
 35.100000     -0.20895109
 35.200000     -0.19444025
 35.300000     -0.18007940
 35.400000     -0.16581567
 35.500000     -0.15153556
 35.600000     -0.13719108
 35.700000     -0.12301253
 35.800000     -0.10887269
 35.900000     -0.09475167
 36.000000     -0.08054285
 36.100000     -0.06655642
 36.200000     -0.05262204
 36.300000     -0.03870993
 36.400000     -0.02482350
 36.500000     -0.01150709
 36.600000      0.00210051
 36.700000      0.01577456
 36.800000      0.02946149
 36.900000      0.04298586
 37.000000      0.05638040
 37.100000      0.06969243
 37.200000      0.08292158
 37.300000      0.09556091
 37.400000      0.10819575
 37.500000      0.12097324
 37.600000      0.13367163
 37.700000      0.14607054
 37.800000      0.15829684
 37.900000      0.17035666
 38.000000      0.18027669
 38.100000      0.19169761
 38.200000      0.20310376
 38.300000      0.21363315
 38.400000      0.22337320
 38.500000      0.23395652
 38.600000      0.24411190
 38.700000      0.25417143
 38.800000      0.26387120
 38.900000      0.27316893
 39.000000      0.28213912
 39.100000      0.28922511
 39.200000      0.29728782
 39.300000      0.30345491
 39.400000      0.31096125
 39.500000      0.31721968
 39.600000      0.32399232
 39.700000      0.32946901
 39.800000      0.33550611
 39.900000      0.34084571
