  0.000000      0.01972265
  0.100000      0.02132716
  0.200000      0.02200809
  0.300000      0.02133681
  0.400000      0.01954697
  0.500000      0.01758001
  0.600000      0.01615842
  0.700000      0.01538110
  0.800000      0.01532590
  0.900000      0.01521500
  1.000000      0.01441930
  1.100000      0.01376324
  1.200000      0.01303240
  1.300000      0.01169879
  1.400000      0.00979849
  1.500000      0.00739430
  1.600000      0.00425624
  1.700000      0.00060875
  1.800000     -0.00314673
  1.900000     -0.00667797
  2.000000     -0.01011107
  2.100000     -0.01367241
  2.200000     -0.01714466
  2.300000     -0.01959074
  2.400000     -0.02115181
  2.500000     -0.02257666
  2.600000     -0.02449500
  2.700000     -0.02615542
  2.800000     -0.02734691
  2.900000     -0.02816190
  3.000000     -0.02884063
  3.100000     -0.02964143
  3.200000     -0.03019824
  3.300000     -0.02974532
  3.400000     -0.02777162
  3.500000     -0.02440721
  3.600000     -0.02080554
  3.700000     -0.01724726
  3.800000     -0.01372186
  3.900000     -0.01031413
  4.000000     -0.00648198
  4.100000     -0.00235314
  4.200000      0.00089943
  4.300000      0.00274257
  4.400000      0.00398937
  4.500000      0.00562259
  4.600000      0.00781771
  4.700000      0.01054112
  4.800000      0.01315194
  4.900000      0.01410411
  5.000000      0.01289922
  5.100000      0.00991783
  5.200000      0.00625459
  5.300000      0.00349557
  5.400000      0.00201900
  5.500000      0.00108281
  5.600000      0.00035971
  5.700000      0.00005809
  5.800000      0.00036853
  5.900000      0.00147509
  6.000000      0.00255698
  6.100000      0.00292028
  6.200000      0.00283574
  6.300000      0.00304607
  6.400000      0.00355061
  6.500000      0.00400328
  6.600000      0.00393651
  6.700000      0.00335531
  6.800000      0.00315232
  6.900000      0.00386004
  7.000000      0.00500962
  7.100000      0.00585044
  7.200000      0.00661360
  7.300000      0.00732409
  7.400000      0.00787142
  7.500000      0.00780623
  7.600000      0.00690099
  7.700000      0.00683297
  7.800000      0.00877368
  7.900000      0.01222506
  8.000000      0.01585564
  8.100000      0.01879751
  8.200000      0.02043874
  8.300000      0.02139719
  8.400000      0.02214708
  8.500000      0.02284156
  8.600000      0.02463418
  8.700000      0.02762727
  8.800000      0.03112785
  8.900000      0.03513329
  9.000000      0.03850683
  9.100000      0.04065914
  9.200000      0.04289791
  9.300000      0.04496120
  9.400000      0.04697994
  9.500000      0.04956174
  9.600000      0.05373484
  9.700000      0.05595534
  9.800000      0.05482346
  9.900000      0.05287890
 10.000000      0.04923301
 10.100000      0.04628714
 10.200000      0.04339602
 10.300000      0.04019902
 10.400000      0.03517513
 10.500000      0.03087369
 10.600000      0.02498809
 10.700000      0.02121069
 10.800000      0.01668389
 10.900000      0.01361190
 11.000000      0.00896596
 11.100000      0.00515145
 11.200000      0.00383015
 11.300000      0.00167513
 11.400000     -0.00100751
 11.500000     -0.00399628
 11.600000     -0.00802695
 11.700000     -0.01225451
 11.800000     -0.01533334
 11.900000     -0.01932683
 12.000000     -0.02361985
 12.100000     -0.02695485
 12.200000     -0.03171243
 12.300000     -0.03507316
 12.400000     -0.03806315
 12.500000     -0.04023484
 12.600000     -0.04207645
 12.700000     -0.04244312
 12.800000     -0.04373401
 12.900000     -0.04655148
 13.000000     -0.05095906
 13.100000     -0.05334746
 13.200000     -0.05523897
 13.300000     -0.05590006
 13.400000     -0.05792642
 13.500000     -0.05873479
 13.600000     -0.05855170
 13.700000     -0.05686676
 13.800000     -0.05650851
 13.900000     -0.05527118
 14.000000     -0.05564995
 14.100000     -0.05490976
 14.200000     -0.05068219
 14.300000     -0.04499036
 14.400000     -0.04002271
 14.500000     -0.03287786
 14.600000     -0.02403341
 14.700000     -0.01408293
 14.800000      0.00064990
 14.900000      0.01968260
 15.000000      0.04417858
 15.100000      0.07746850
 15.200000      0.11759013
 15.300000      0.16521825
 15.400000      0.21983879
 15.500000      0.28195445
 15.600000      0.35298138
 15.700000      0.42627901
 15.800000      0.50467782
 15.900000      0.58337233
 16.000000      0.65839892
 16.100000      0.72582111
 16.200000      0.79382941
 16.300000      0.86126035
 16.400000      0.90772323
 16.500000      0.94312500
 16.600000      0.97008573
 16.700000      0.98872479
 16.800000      0.99818850
 16.900000      1.00000000
 17.000000      0.99337364
 17.100000      0.97935858
 17.200000      0.95742263
 17.300000      0.92975634
 17.400000      0.89223192
 17.500000      0.84634661
 17.600000      0.79382425
 17.700000      0.73472989
 17.800000      0.66872818
 17.900000      0.59512405
 18.000000      0.51343513
 18.100000      0.42629351
 18.200000      0.33756031
 18.300000      0.24943249
 18.400000      0.16337097
 18.500000      0.08139010
 18.600000      0.00601799
 18.700000     -0.06089766
 18.800000     -0.11945521
 18.900000     -0.17010775
 19.000000     -0.21297886
 19.100000     -0.24755683
 19.200000     -0.27356553
 19.300000     -0.29261161
 19.400000     -0.30771822
 19.500000     -0.31901615
 19.600000     -0.32443977
 19.700000     -0.32873273
 19.800000     -0.33051871
 19.900000     -0.32723758
 20.000000     -0.32150980
 20.100000     -0.31291856
 20.200000     -0.30071450
 20.300000     -0.28620175
 20.400000     -0.27190974
 20.500000     -0.25948637
 20.600000     -0.24930945
 20.700000     -0.24323180
 20.800000     -0.24043110
 20.900000     -0.23814787
 21.000000     -0.23727928
 21.100000     -0.23821260
 21.200000     -0.23812795
 21.300000     -0.23750110
 21.400000     -0.23472732
 21.500000     -0.22976740
 21.600000     -0.22478394
 21.700000     -0.21963728
 21.800000     -0.21332401
 21.900000     -0.20560477
 22.000000     -0.19718217
 22.100000     -0.18849063
 22.200000     -0.17818547
 22.300000     -0.16645744
 22.400000     -0.15355503
 22.500000     -0.14028514
 22.600000     -0.12898845
 22.700000     -0.11986413
 22.800000     -0.11297947
 22.900000     -0.10691436
 23.000000     -0.10064092
 23.100000     -0.09532345
 23.200000     -0.09139104
 23.300000     -0.08777457
 23.400000     -0.08438910
 23.500000     -0.08257309
 23.600000     -0.07981677
 23.700000     -0.07420296
 23.800000     -0.06925670
 23.900000     -0.06664904
 24.000000     -0.06526840
 24.100000     -0.06519003
 24.200000     -0.06674139
 24.300000     -0.06951544
 24.400000     -0.07338931
 24.500000     -0.07725936
 24.600000     -0.07818717
 24.700000     -0.07538049
 24.800000     -0.07183231
 24.900000     -0.06895425
 25.000000     -0.06712063
 25.100000     -0.06777546
 25.200000     -0.06783647
 25.300000     -0.06576833
 25.400000     -0.06278028
 25.500000     -0.05956366
 25.600000     -0.05746813
 25.700000     -0.05587077
 25.800000     -0.05373837
 25.900000     -0.04922838
 26.000000     -0.04188979
 26.100000     -0.03312273
 26.200000     -0.02423725
 26.300000     -0.01560735
 26.400000     -0.00787989
 26.500000     -0.00145011
 26.600000      0.00374096
 26.700000      0.00728642
 26.800000      0.00917205
 26.900000      0.01051947
 27.000000      0.01165540
 27.100000      0.01232264
 27.200000      0.01331877
 27.300000      0.01489378
 27.400000      0.01684872
 27.500000      0.01893146
 27.600000      0.02100419
 27.700000      0.02413472
 27.800000      0.02724635
 27.900000      0.02984348
 28.000000      0.03283506
 28.100000      0.03544585
 28.200000      0.03682318
 28.300000      0.03672781
 28.400000      0.03548593
 28.500000      0.03321394
 28.600000      0.03031772
 28.700000      0.02768167
 28.800000      0.02513775
 28.900000      0.02289031
 29.000000      0.02153495
 29.100000      0.01965555
 29.200000      0.01692750
 29.300000      0.01355630
 29.400000      0.00993742
 29.500000      0.00666932
 29.600000      0.00380701
 29.700000      0.00167203
 29.800000      0.00077130
 29.900000      0.00142605
 30.000000      0.00382517
 30.100000      0.00697278
 30.200000      0.00914994
 30.300000      0.00933890
 30.400000      0.00776801
 30.500000      0.00556613
 30.600000      0.00371860
 30.700000      0.00253220
 30.800000      0.00196172
 30.900000      0.00105881
 31.000000     -0.00055518
 31.100000     -0.00210526
 31.200000     -0.00371328
 31.300000     -0.00660356
 31.400000     -0.01104623
 31.500000     -0.01523871
 31.600000     -0.01982546
 31.700000     -0.02855644
 31.800000     -0.03785601
 31.900000     -0.04200983
 32.000000     -0.04336068
 32.100000     -0.04464904
 32.200000     -0.04554328
 32.300000     -0.04592815
 32.400000     -0.04722153
 32.500000     -0.04942137
 32.600000     -0.05143715
 32.700000     -0.05326244
 32.800000     -0.05561466
 32.900000     -0.05997417
 33.000000     -0.06560420
 33.100000     -0.06727087
 33.200000     -0.06602749
 33.300000     -0.06508697
 33.400000     -0.06416968
 33.500000     -0.06071645
 33.600000     -0.05556382
 33.700000     -0.05063257
 33.800000     -0.04685841
 33.900000     -0.04390717
 34.000000     -0.04254711
 34.100000     -0.04235347
 34.200000     -0.04156914
 34.300000     -0.03963461
 34.400000     -0.03825369
 34.500000     -0.03694849
 34.600000     -0.03523957
 34.700000     -0.03317614
 34.800000     -0.03112258
 34.900000     -0.03026937
 35.000000     -0.03149018
 35.100000     -0.03305107
 35.200000     -0.03434126
 35.300000     -0.03637703
 35.400000     -0.03867641
 35.500000     -0.03971157
 35.600000     -0.03942109
 35.700000     -0.04025306
 35.800000     -0.04092584
 35.900000     -0.03916051
 36.000000     -0.03793301
 36.100000     -0.03677916
 36.200000     -0.03510879
 36.300000     -0.03297034
 36.400000     -0.03186420
 36.500000     -0.03204327
 36.600000     -0.03214702
 36.700000     -0.03277082
 36.800000     -0.03420957
 36.900000     -0.03636207
 37.000000     -0.03842387
 37.100000     -0.04018367
 37.200000     -0.04187247
 37.300000     -0.04291846
 37.400000     -0.04444574
 37.500000     -0.04594478
 37.600000     -0.04732472
 37.700000     -0.04850224
 37.800000     -0.04961869
 37.900000     -0.05106909
 38.000000     -0.05286920
 38.100000     -0.05483051
 38.200000     -0.05672557
 38.300000     -0.05704038
 38.400000     -0.05705213
 38.500000     -0.05715676
 38.600000     -0.05779701
 38.700000     -0.05844843
 38.800000     -0.05834807
 38.900000     -0.05733496
 39.000000     -0.05615488
 39.100000     -0.05540020
 39.200000     -0.05462459
 39.300000     -0.05383987
 39.400000     -0.05415994
 39.500000     -0.05489422
 39.600000     -0.05430112
 39.700000     -0.05292997
 39.800000     -0.05106373
 39.900000     -0.04871769
