  0.000000     -0.00776092
  0.100000     -0.00664958
  0.200000     -0.00545950
  0.300000     -0.00430323
  0.400000     -0.00273704
  0.500000     -0.00181531
  0.600000     -0.00078055
  0.700000      0.00043130
  0.800000      0.00086408
  0.900000      0.00037043
  1.000000     -0.00010823
  1.100000     -0.00084877
  1.200000     -0.00283947
  1.300000     -0.00324698
  1.400000     -0.00288673
  1.500000     -0.00424101
  1.600000     -0.00537149
  1.700000     -0.00628817
  1.800000     -0.00792179
  1.900000     -0.00892504
  2.000000     -0.00943575
  2.100000     -0.01045916
  2.200000     -0.01164135
  2.300000     -0.01262710
  2.400000     -0.01425936
  2.500000     -0.01719524
  2.600000     -0.01928627
  2.700000     -0.01943000
  2.800000     -0.01836175
  2.900000     -0.01897287
  3.000000     -0.02316004
  3.100000     -0.02387584
  3.200000     -0.02460029
  3.300000     -0.02707225
  3.400000     -0.02840261
  3.500000     -0.02924060
  3.600000     -0.02896171
  3.700000     -0.03037530
  3.800000     -0.03327263
  3.900000     -0.03418770
  4.000000     -0.03348793
  4.100000     -0.03823713
  4.200000     -0.03832492
  4.300000     -0.03454020
  4.400000     -0.03580547
  4.500000     -0.04024022
  4.600000     -0.04435423
  4.700000     -0.04718359
  4.800000     -0.04925669
  4.900000     -0.05254120
  5.000000     -0.05637007
  5.100000     -0.05789408
  5.200000     -0.05812668
  5.300000     -0.06031485
  5.400000     -0.05869899
  5.500000     -0.05600770
  5.600000     -0.05612186
  5.700000     -0.05790319
  5.800000     -0.06118967
  5.900000     -0.06040101
  6.000000     -0.06163738
  6.100000     -0.06230367
  6.200000     -0.06289874
  6.300000     -0.06352381
  6.400000     -0.06317026
  6.500000     -0.06405642
  6.600000     -0.06797417
  6.700000     -0.06986763
  6.800000     -0.07435634
  6.900000     -0.07953903
  7.000000     -0.08630741
  7.100000     -0.09034563
  7.200000     -0.09337305
  7.300000     -0.09842728
  7.400000     -0.10239228
  7.500000     -0.10031416
  7.600000     -0.09766296
  7.700000     -0.10040194
  7.800000     -0.09705099
  7.900000     -0.09454895
  8.000000     -0.09233041
  8.100000     -0.08897436
  8.200000     -0.07862136
  8.300000     -0.07300873
  8.400000     -0.06725991
  8.500000     -0.06730635
  8.600000     -0.06598185
  8.700000     -0.06388865
  8.800000     -0.06077708
  8.900000     -0.05935399
  9.000000     -0.06271651
  9.100000     -0.06094112
  9.200000     -0.06037760
  9.300000     -0.06550827
  9.400000     -0.06889194
  9.500000     -0.06691388
  9.600000     -0.06769481
  9.700000     -0.06961447
  9.800000     -0.07159266
  9.900000     -0.07016970
 10.000000     -0.06690313
 10.100000     -0.05566244
 10.200000     -0.04817384
 10.300000     -0.04527564
 10.400000     -0.04839805
 10.500000     -0.04786494
 10.600000     -0.04359344
 10.700000     -0.03423259
 10.800000     -0.03129811
 10.900000     -0.02833984
 11.000000     -0.01954487
 11.100000     -0.00755036
 11.200000     -0.00074763
 11.300000      0.00680067
 11.400000      0.02008335
 11.500000      0.02887460
 11.600000      0.03569330
 11.700000      0.04526248
 11.800000      0.05778630
 11.900000      0.07222433
 12.000000      0.08779928
 12.100000      0.10680517
 12.200000      0.12875218
 12.300000      0.14425302
 12.400000      0.15771234
 12.500000      0.17044279
 12.600000      0.19016154
 12.700000      0.20453258
 12.800000      0.22403470
 12.900000      0.24202197
 13.000000      0.26184796
 13.100000      0.27586291
 13.200000      0.29176444
 13.300000      0.31372810
 13.400000      0.34474001
 13.500000      0.37230194
 13.600000      0.39229126
 13.700000      0.41397119
 13.800000      0.43871138
 13.900000      0.46646565
 14.000000      0.49895413
 14.100000      0.53414445
 14.200000      0.56768393
 14.300000      0.60320282
 14.400000      0.63551608
 14.500000      0.67775080
 14.600000      0.71573617
 14.700000      0.75078227
 14.800000      0.77870862
 14.900000      0.80594706
 15.000000      0.83108275
 15.100000      0.85300339
 15.200000      0.87255172
 15.300000      0.90059738
 15.400000      0.92658654
 15.500000      0.95123932
 15.600000      0.96817306
 15.700000      0.97624540
 15.800000      0.98650817
 15.900000      0.99279216
 16.000000      0.99683177
 16.100000      1.00000000
 16.200000      0.99380310
 16.300000      0.98853636
 16.400000      0.98001607
 16.500000      0.97562818
 16.600000      0.97369837
 16.700000      0.95855898
 16.800000      0.94669321
 16.900000      0.93519530
 17.000000      0.92093940
 17.100000      0.89975970
 17.200000      0.87341911
 17.300000      0.85814647
 17.400000      0.84156852
 17.500000      0.81919695
 17.600000      0.79110481
 17.700000      0.76249505
 17.800000      0.73756530
 17.900000      0.70446979
 18.000000      0.66933974
 18.100000      0.63522143
 18.200000      0.59797980
 18.300000      0.55259765
 18.400000      0.50672939
 18.500000      0.46349772
 18.600000      0.41092132
 18.700000      0.35469294
 18.800000      0.30434012
 18.900000      0.25729361
 19.000000      0.20416932
 19.100000      0.15113744
 19.200000      0.09748853
 19.300000      0.05193255
 19.400000      0.00589222
 19.500000     -0.03643420
 19.600000     -0.07853946
 19.700000     -0.11493206
 19.800000     -0.15301323
 19.900000     -0.19017323
 20.000000     -0.22790918
 20.100000     -0.26456474
 20.200000     -0.30623400
 20.300000     -0.34555220
 20.400000     -0.38127712
 20.500000     -0.41404489
 20.600000     -0.44875549
 20.700000     -0.48327058
 20.800000     -0.50970716
 20.900000     -0.53050044
 21.000000     -0.55427833
 21.100000     -0.57776177
 21.200000     -0.59889571
 21.300000     -0.62244524
 21.400000     -0.64243057
 21.500000     -0.66928094
 21.600000     -0.69956732
 21.700000     -0.71980106
 21.800000     -0.73280889
 21.900000     -0.74884748
 22.000000     -0.76348089
 22.100000     -0.77951215
 22.200000     -0.79687168
 22.300000     -0.80800278
 22.400000     -0.81093560
 22.500000     -0.80638578
 22.600000     -0.79950306
 22.700000     -0.79195253
 22.800000     -0.77790182
 22.900000     -0.75856305
 23.000000     -0.73581790
 23.100000     -0.71799729
 23.200000     -0.69674886
 23.300000     -0.67380031
 23.400000     -0.64674829
 23.500000     -0.62415243
 23.600000     -0.60534325
 23.700000     -0.59238603
 23.800000     -0.57200442
 23.900000     -0.55283282
 24.000000     -0.54198175
 24.100000     -0.52661844
 24.200000     -0.51137388
 24.300000     -0.49739560
 24.400000     -0.48635266
 24.500000     -0.47081195
 24.600000     -0.45194743
 24.700000     -0.43602082
 24.800000     -0.42089228
 24.900000     -0.40418209
 25.000000     -0.39138322
 25.100000     -0.38180713
 25.200000     -0.37411063
 25.300000     -0.36279081
 25.400000     -0.35383566
 25.500000     -0.34850376
 25.600000     -0.34265439
 25.700000     -0.33044474
 25.800000     -0.32283264
 25.900000     -0.31215233
 26.000000     -0.29850958
 26.100000     -0.28771447
 26.200000     -0.27755741
 26.300000     -0.26864924
 26.400000     -0.26211422
 26.500000     -0.25593373
 26.600000     -0.25519617
 26.700000     -0.25600878
 26.800000     -0.24819884
 26.900000     -0.24052470
 27.000000     -0.22932017
 27.100000     -0.21953700
 27.200000     -0.20935949
 27.300000     -0.19694128
 27.400000     -0.18539423
 27.500000     -0.17728080
 27.600000     -0.16514633
 27.700000     -0.15452273
 27.800000     -0.14816627
 27.900000     -0.14182942
 28.000000     -0.13422558
 28.100000     -0.12786373
 28.200000     -0.12444469
 28.300000     -0.12071853
 28.400000     -0.11567885
 28.500000     -0.10782324
 28.600000     -0.10385957
 28.700000     -0.09918480
 28.800000     -0.09554444
 28.900000     -0.09120045
 29.000000     -0.09188878
 29.100000     -0.09128659
 29.200000     -0.09008131
 29.300000     -0.08721553
 29.400000     -0.08767641
 29.500000     -0.08692843
 29.600000     -0.08191205
 29.700000     -0.07539936
 29.800000     -0.06926018
 29.900000     -0.06403029
 30.000000     -0.06147473
 30.100000     -0.05718836
 30.200000     -0.05695009
 30.300000     -0.05971285
 30.400000     -0.06018866
 30.500000     -0.05741154
 30.600000     -0.05829928
 30.700000     -0.05841847
 30.800000     -0.05686330
 30.900000     -0.05736255
 31.000000     -0.05734764
 31.100000     -0.05859236
 31.200000     -0.05357080
 31.300000     -0.05172260
 31.400000     -0.05188883
 31.500000     -0.05184053
 31.600000     -0.04857494
 31.700000     -0.04867704
 31.800000     -0.04649325
 31.900000     -0.04459689
 32.000000     -0.04155729
 32.100000     -0.03737238
 32.200000     -0.03591068
 32.300000     -0.03514943
 32.400000     -0.03002409
 32.500000     -0.02431079
 32.600000     -0.02341133
 32.700000     -0.02117703
 32.800000     -0.01954298
 32.900000     -0.01357174
 33.000000     -0.01168300
 33.100000     -0.01347773
 33.200000     -0.01166592
 33.300000     -0.00724691
 33.400000     -0.00706780
 33.500000     -0.00512975
 33.600000     -0.00059756
 33.700000      0.00199167
 33.800000      0.00071884
 33.900000      0.00119442
 34.000000      0.00432677
 34.100000      0.00433076
 34.200000     -0.00170213
 34.300000     -0.00496596
 34.400000     -0.00597798
 34.500000     -0.00892222
 34.600000     -0.01449599
 34.700000     -0.01629135
 34.800000     -0.01672924
 34.900000     -0.01768523
 35.000000     -0.01536042
 35.100000     -0.01516734
 35.200000     -0.01067677
 35.300000     -0.00604805
 35.400000     -0.00625369
 35.500000     -0.00279806
 35.600000     -0.00022582
 35.700000      0.00102999
 35.800000      0.00272694
 35.900000      0.00337041
 36.000000      0.00631888
 36.100000      0.00939340
 36.200000      0.00863899
 36.300000      0.00828483
 36.400000      0.01052583
 36.500000      0.01126125
 36.600000      0.01238948
 36.700000      0.01345274
 36.800000      0.01592459
 36.900000      0.01809871
 37.000000      0.01853902
 37.100000      0.01949262
 37.200000      0.02044374
 37.300000      0.02087205
 37.400000      0.02191422
 37.500000      0.02314842
 37.600000      0.02440140
 37.700000      0.02583352
 37.800000      0.02731841
 37.900000      0.02839481
 38.000000      0.02877944
 38.100000      0.02901063
 38.200000      0.03035793
 38.300000      0.03145227
 38.400000      0.03302591
 38.500000      0.03468962
 38.600000      0.03587455
 38.700000      0.03652504
 38.800000      0.03727606
 38.900000      0.03756309
 39.000000      0.03785334
 39.100000      0.03843458
 39.200000      0.03983895
 39.300000      0.04202302
 39.400000      0.04499641
 39.500000      0.04810866
 39.600000      0.05166291
 39.700000      0.05576932
 39.800000      0.05973653
 39.900000      0.06322731
