  0.000000      0.00019992
  0.100000      0.00028175
  0.200000      0.00038434
  0.300000      0.00051408
  0.400000      0.00065421
  0.500000      0.00078883
  0.600000      0.00090331
  0.700000      0.00100667
  0.800000      0.00108649
  0.900000      0.00116401
  1.000000      0.00125679
  1.100000      0.00134262
  1.200000      0.00140393
  1.300000      0.00143758
  1.400000      0.00145702
  1.500000      0.00146363
  1.600000      0.00143863
  1.700000      0.00138696
  1.800000      0.00131477
  1.900000      0.00123698
  2.000000      0.00114187
  2.100000      0.00101697
  2.200000      0.00084342
  2.300000      0.00066084
  2.400000      0.00044992
  2.500000      0.00020754
  2.600000     -0.00004491
  2.700000     -0.00030533
  2.800000     -0.00063314
  2.900000     -0.00100633
  3.000000     -0.00138532
  3.100000     -0.00176932
  3.200000     -0.00214725
  3.300000     -0.00249896
  3.400000     -0.00281689
  3.500000     -0.00307908
  3.600000     -0.00332114
  3.700000     -0.00355929
  3.800000     -0.00379070
  3.900000     -0.00402955
  4.000000     -0.00427186
  4.100000     -0.00456176
  4.200000     -0.00486995
  4.300000     -0.00522515
  4.400000     -0.00556351
  4.500000     -0.00589659
  4.600000     -0.00627163
  4.700000     -0.00668959
  4.800000     -0.00714517
  4.900000     -0.00761637
  5.000000     -0.00810208
  5.100000     -0.00859306
  5.200000     -0.00908181
  5.300000     -0.00953492
  5.400000     -0.01003944
  5.500000     -0.01057966
  5.600000     -0.01112741
  5.700000     -0.01169392
  5.800000     -0.01227571
  5.900000     -0.01285943
  6.000000     -0.01339893
  6.100000     -0.01390152
  6.200000     -0.01441871
  6.300000     -0.01493695
  6.400000     -0.01545050
  6.500000     -0.01593233
  6.600000     -0.01639826
  6.700000     -0.01685445
  6.800000     -0.01724269
  6.900000     -0.01754753
  7.000000     -0.01776980
  7.100000     -0.01783728
  7.200000     -0.01780052
  7.300000     -0.01767769
  7.400000     -0.01747405
  7.500000     -0.01720338
  7.600000     -0.01683373
  7.700000     -0.01637388
  7.800000     -0.01578562
  7.900000     -0.01498049
  8.000000     -0.01397665
  8.100000     -0.01276822
  8.200000     -0.01134639
  8.300000     -0.00965633
  8.400000     -0.00772251
  8.500000     -0.00548155
  8.600000     -0.00288011
  8.700000      0.00008295
  8.800000      0.00344673
  8.900000      0.00726812
  9.000000      0.01159230
  9.100000      0.01646088
  9.200000      0.02196391
  9.300000      0.02812919
  9.400000      0.03503616
  9.500000      0.04270751
  9.600000      0.05122070
  9.700000      0.06065158
  9.800000      0.07108549
  9.900000      0.08257415
 10.000000      0.09510404
 10.100000      0.10874120
 10.200000      0.12350819
 10.300000      0.13941749
 10.400000      0.15654686
 10.500000      0.17486869
 10.600000      0.19438862
 10.700000      0.21509733
 10.800000      0.23695001
 10.900000      0.25991843
 11.000000      0.28397413
 11.100000      0.30907539
 11.200000      0.33515854
 11.300000      0.36206076
 11.400000      0.38974879
 11.500000      0.41808070
 11.600000      0.44693838
 11.700000      0.47625418
 11.800000      0.50585865
 11.900000      0.53564277
 12.000000      0.56545634
 12.100000      0.59519493
 12.200000      0.62467556
 12.300000      0.65384760
 12.400000      0.68260399
 12.500000      0.71081085
 12.600000      0.73831844
 12.700000      0.76497060
 12.800000      0.79063468
 12.900000      0.81524974
 13.000000      0.83866666
 13.100000      0.86074335
 13.200000      0.88140460
 13.300000      0.90062533
 13.400000      0.91833345
 13.500000      0.93445133
 13.600000      0.94885612
 13.700000      0.96161149
 13.800000      0.97259010
 13.900000      0.98173050
 14.000000      0.98901769
 14.100000      0.99451078
 14.200000      0.99812742
 14.300000      1.00000000
 14.400000      0.99989554
 14.500000      0.99787111
 14.600000      0.99408996
 14.700000      0.98853600
 14.800000      0.98109914
 14.900000      0.97195212
 15.000000      0.96116580
 15.100000      0.94871065
 15.200000      0.93458747
 15.300000      0.91887907
 15.400000      0.90173173
 15.500000      0.88323605
 15.600000      0.86325444
 15.700000      0.84173400
 15.800000      0.81887608
 15.900000      0.79466516
 16.000000      0.76905416
 16.100000      0.74220339
 16.200000      0.71420690
 16.300000      0.68510601
 16.400000      0.65490228
 16.500000      0.62366787
 16.600000      0.59140681
 16.700000      0.55812224
 16.800000      0.52397826
 16.900000      0.48902615
 17.000000      0.45334618
 17.100000      0.41692990
 17.200000      0.37983432
 17.300000      0.34221210
 17.400000      0.30407570
 17.500000      0.26570692
 17.600000      0.22712423
 17.700000      0.18835675
 17.800000      0.14949032
 17.900000      0.11065366
 18.000000      0.07198117
 18.100000      0.03345925
 18.200000     -0.00481398
 18.300000     -0.04271531
 18.400000     -0.08017535
 18.500000     -0.11720100
 18.600000     -0.15363127
 18.700000     -0.18953592
 18.800000     -0.22489455
 18.900000     -0.25968104
 19.000000     -0.29376145
 19.100000     -0.32714419
 19.200000     -0.35981956
 19.300000     -0.39180436
 19.400000     -0.42296197
 19.500000     -0.45330483
 19.600000     -0.48286275
 19.700000     -0.51143953
 19.800000     -0.53899809
 19.900000     -0.56570048
 20.000000     -0.59132402
 20.100000     -0.61574299
 20.200000     -0.63897801
 20.300000     -0.66094786
 20.400000     -0.68178712
 20.500000     -0.70138800
 20.600000     -0.71969089
 20.700000     -0.73669015
 20.800000     -0.75241038
 20.900000     -0.76680507
 21.000000     -0.77988099
 21.100000     -0.79167178
 21.200000     -0.80218652
 21.300000     -0.81142448
 21.400000     -0.81946388
 21.500000     -0.82629770
 21.600000     -0.83193342
 21.700000     -0.83644057
 21.800000     -0.83985169
 21.900000     -0.84207634
 22.000000     -0.84326197
 22.100000     -0.84351158
 22.200000     -0.84271946
 22.300000     -0.84092599
 22.400000     -0.83825094
 22.500000     -0.83470820
 22.600000     -0.83038395
 22.700000     -0.82521894
 22.800000     -0.81925151
 22.900000     -0.81253894
 23.000000     -0.80513477
 23.100000     -0.79700872
 23.200000     -0.78820805
 23.300000     -0.77883114
 23.400000     -0.76900597
 23.500000     -0.75873315
 23.600000     -0.74810299
 23.700000     -0.73709686
 23.800000     -0.72572889
 23.900000     -0.71406139
 24.000000     -0.70210307
 24.100000     -0.68988872
 24.200000     -0.67748603
 24.300000     -0.66490537
 24.400000     -0.65219534
 24.500000     -0.63938910
 24.600000     -0.62650792
 24.700000     -0.61351973
 24.800000     -0.60042384
 24.900000     -0.58721609
 25.000000     -0.57389625
 25.100000     -0.56049185
 25.200000     -0.54702627
 25.300000     -0.53353152
 25.400000     -0.52003770
 25.500000     -0.50657190
 25.600000     -0.49318257
 25.700000     -0.47986323
 25.800000     -0.46659699
 25.900000     -0.45337719
 26.000000     -0.44026283
 26.100000     -0.42724019
 26.200000     -0.41429193
 26.300000     -0.40148183
 26.400000     -0.38885370
 26.500000     -0.37640192
 26.600000     -0.36414051
 26.700000     -0.35210909
 26.800000     -0.34034958
 26.900000     -0.32886984
 27.000000     -0.31761506
 27.100000     -0.30660944
 27.200000     -0.29589372
 27.300000     -0.28540188
 27.400000     -0.27515640
 27.500000     -0.26521127
 27.600000     -0.25554996
 27.700000     -0.24618566
 27.800000     -0.23712282
 27.900000     -0.22839445
 28.000000     -0.21997588
 28.100000     -0.21177642
 28.200000     -0.20384849
 28.300000     -0.19621222
 28.400000     -0.18886084
 28.500000     -0.18182646
 28.600000     -0.17509063
 28.700000     -0.16863037
 28.800000     -0.16250359
 28.900000     -0.15664979
 29.000000     -0.15106127
 29.100000     -0.14563206
 29.200000     -0.14035401
 29.300000     -0.13520945
 29.400000     -0.13023139
 29.500000     -0.12544189
 29.600000     -0.12081576
 29.700000     -0.11638973
 29.800000     -0.11218418
 29.900000     -0.10812570
 30.000000     -0.10422694
 30.100000     -0.10049176
 30.200000     -0.09689607
 30.300000     -0.09332535
 30.400000     -0.08982907
 30.500000     -0.08646886
 30.600000     -0.08327601
 30.700000     -0.08016266
 30.800000     -0.07717990
 30.900000     -0.07432210
 31.000000     -0.07159896
 31.100000     -0.06899087
 31.200000     -0.06648421
 31.300000     -0.06405853
 31.400000     -0.06172072
 31.500000     -0.05951721
 31.600000     -0.05743232
 31.700000     -0.05544497
 31.800000     -0.05356126
 31.900000     -0.05171875
 32.000000     -0.04989334
 32.100000     -0.04822301
 32.200000     -0.04661258
 32.300000     -0.04508813
 32.400000     -0.04360888
 32.500000     -0.04216211
 32.600000     -0.04074107
 32.700000     -0.03934980
 32.800000     -0.03798780
 32.900000     -0.03664443
 33.000000     -0.03531766
 33.100000     -0.03401097
 33.200000     -0.03269340
 33.300000     -0.03138733
 33.400000     -0.03008430
 33.500000     -0.02873621
 33.600000     -0.02745566
 33.700000     -0.02624718
 33.800000     -0.02506688
 33.900000     -0.02387279
 34.000000     -0.02265181
 34.100000     -0.02138092
 34.200000     -0.02006856
 34.300000     -0.01870792
 34.400000     -0.01726106
 34.500000     -0.01575221
 34.600000     -0.01417103
 34.700000     -0.01250982
 34.800000     -0.01082434
 34.900000     -0.00911199
 35.000000     -0.00735402
 35.100000     -0.00554636
 35.200000     -0.00376332
 35.300000     -0.00199877
 35.400000     -0.00020335
 35.500000      0.00156377
 35.600000      0.00328695
 35.700000      0.00500505
 35.800000      0.00670958
 35.900000      0.00833773
 36.000000      0.00988177
 36.100000      0.01136819
 36.200000      0.01273561
 36.300000      0.01407131
 36.400000      0.01534194
 36.500000      0.01658180
 36.600000      0.01779316
 36.700000      0.01898154
 36.800000      0.02016036
 36.900000      0.02131946
 37.000000      0.02247846
 37.100000      0.02361928
 37.200000      0.02472951
 37.300000      0.02581516
 37.400000      0.02688051
 37.500000      0.02793136
 37.600000      0.02894468
 37.700000      0.02996564
 37.800000      0.03097924
 37.900000      0.03198641
 38.000000      0.03299237
 38.100000      0.03399134
 38.200000      0.03497817
 38.300000      0.03597669
 38.400000      0.03694715
 38.500000      0.03791583
 38.600000      0.03884151
 38.700000      0.03975485
 38.800000      0.04065430
 38.900000      0.04158432
 39.000000      0.04251542
 39.100000      0.04345630
 39.200000      0.04439926
 39.300000      0.04529204
 39.400000      0.04618821
 39.500000      0.04707050
 39.600000      0.04796787
 39.700000      0.04884318
 39.800000      0.04970516
 39.900000      0.05057455
