  0.000000     -0.05895557
  0.100000     -0.05929343
  0.200000     -0.05954547
  0.300000     -0.05973858
  0.400000     -0.05989631
  0.500000     -0.06004078
  0.600000     -0.06019054
  0.700000     -0.06033478
  0.800000     -0.06046010
  0.900000     -0.06057079
  1.000000     -0.06083101
  1.100000     -0.06115074
  1.200000     -0.06147623
  1.300000     -0.06188057
  1.400000     -0.06232177
  1.500000     -0.06284148
  1.600000     -0.06345700
  1.700000     -0.06417451
  1.800000     -0.06498842
  1.900000     -0.06587467
  2.000000     -0.06699888
  2.100000     -0.06831363
  2.200000     -0.06966281
  2.300000     -0.07097740
  2.400000     -0.07219359
  2.500000     -0.07329728
  2.600000     -0.07437226
  2.700000     -0.07544726
  2.800000     -0.07651934
  2.900000     -0.07763284
  3.000000     -0.07880600
  3.100000     -0.08002343
  3.200000     -0.08124079
  3.300000     -0.08241167
  3.400000     -0.08344127
  3.500000     -0.08427894
  3.600000     -0.08490665
  3.700000     -0.08532693
  3.800000     -0.08556872
  3.900000     -0.08563359
  4.000000     -0.08558066
  4.100000     -0.08543328
  4.200000     -0.08531669
  4.300000     -0.08540525
  4.400000     -0.08559916
  4.500000     -0.08593739
  4.600000     -0.08637106
  4.700000     -0.08685706
  4.800000     -0.08734213
  4.900000     -0.08772197
  5.000000     -0.08798993
  5.100000     -0.08821572
  5.200000     -0.08834339
  5.300000     -0.08824995
  5.400000     -0.08793368
  5.500000     -0.08738368
  5.600000     -0.08651549
  5.700000     -0.08532384
  5.800000     -0.08403655
  5.900000     -0.08259443
  6.000000     -0.08106007
  6.100000     -0.07947492
  6.200000     -0.07782895
  6.300000     -0.07607037
  6.400000     -0.07422644
  6.500000     -0.07238445
  6.600000     -0.07038512
  6.700000     -0.06820855
  6.800000     -0.06576122
  6.900000     -0.06300704
  7.000000     -0.05992750
  7.100000     -0.05644231
  7.200000     -0.05246741
  7.300000     -0.04790165
  7.400000     -0.04278239
  7.500000     -0.03729974
  7.600000     -0.03157386
  7.700000     -0.02559917
  7.800000     -0.01940012
  7.900000     -0.01284592
  8.000000     -0.00610996
  8.100000      0.00102457
  8.200000      0.00876605
  8.300000      0.01705686
  8.400000      0.02582212
  8.500000      0.03503972
  8.600000      0.04487311
  8.700000      0.05554672
  8.800000      0.06726947
  8.900000      0.08002415
  9.000000      0.09390693
  9.100000      0.10900134
  9.200000      0.12548581
  9.300000      0.14349866
  9.400000      0.16248841
  9.500000      0.18221668
  9.600000      0.20248058
  9.700000      0.22319144
  9.800000      0.24437363
  9.900000      0.26585573
 10.000000      0.28792578
 10.100000      0.31068092
 10.200000      0.33457732
 10.300000      0.35960767
 10.400000      0.38567033
 10.500000      0.41254073
 10.600000      0.43994870
 10.700000      0.46788955
 10.800000      0.49637967
 10.900000      0.52532630
 11.000000      0.55444109
 11.100000      0.58345431
 11.200000      0.61245865
 11.300000      0.64147025
 11.400000      0.67056068
 11.500000      0.69956232
 11.600000      0.72814909
 11.700000      0.75578564
 11.800000      0.78236918
 11.900000      0.80805204
 12.000000      0.83295501
 12.100000      0.85673062
 12.200000      0.87933927
 12.300000      0.90065101
 12.400000      0.92030514
 12.500000      0.93811519
 12.600000      0.95403728
 12.700000      0.96824305
 12.800000      0.98010865
 12.900000      0.98929157
 13.000000      0.99557619
 13.100000      0.99904755
 13.200000      1.00000000
 13.300000      0.99811693
 13.400000      0.99367025
 13.500000      0.98715363
 13.600000      0.97873850
 13.700000      0.96862218
 13.800000      0.95698528
 13.900000      0.94401249
 14.000000      0.92922082
 14.100000      0.91214137
 14.200000      0.89234376
 14.300000      0.87030105
 14.400000      0.84619161
 14.500000      0.82029051
 14.600000      0.79324285
 14.700000      0.76517095
 14.800000      0.73586696
 14.900000      0.70382069
 15.000000      0.67005233
 15.100000      0.63536842
 15.200000      0.59920231
 15.300000      0.56112726
 15.400000      0.52151487
 15.500000      0.48030139
 15.600000      0.43771338
 15.700000      0.39555184
 15.800000      0.35347464
 15.900000      0.31117519
 16.000000      0.26851444
 16.100000      0.22703772
 16.200000      0.18593636
 16.300000      0.14558986
 16.400000      0.10700309
 16.500000      0.06949667
 16.600000      0.03346889
 16.700000      0.00027220
 16.800000     -0.03057566
 16.900000     -0.06013190
 17.000000     -0.08851654
 17.100000     -0.11610800
 17.200000     -0.14292118
 17.300000     -0.16810858
 17.400000     -0.19170192
 17.500000     -0.21373247
 17.600000     -0.23468883
 17.700000     -0.25474610
 17.800000     -0.27408117
 17.900000     -0.29180042
 18.000000     -0.30734083
 18.100000     -0.32210980
 18.200000     -0.33561204
 18.300000     -0.34795118
 18.400000     -0.35906648
 18.500000     -0.36974372
 18.600000     -0.37940291
 18.700000     -0.38890660
 18.800000     -0.39810288
 18.900000     -0.40609870
 19.000000     -0.41305103
 19.100000     -0.41831571
 19.200000     -0.42315262
 19.300000     -0.42756115
 19.400000     -0.43171429
 19.500000     -0.43547850
 19.600000     -0.43824528
 19.700000     -0.44078397
 19.800000     -0.44322740
 19.900000     -0.44484097
 20.000000     -0.44620745
 20.100000     -0.44757400
 20.200000     -0.44802018
 20.300000     -0.44818336
 20.400000     -0.44817252
 20.500000     -0.44807573
 20.600000     -0.44758238
 20.700000     -0.44649757
 20.800000     -0.44472562
 20.900000     -0.44263095
 21.000000     -0.44042961
 21.100000     -0.43851470
 21.200000     -0.43670193
 21.300000     -0.43526954
 21.400000     -0.43451632
 21.500000     -0.43431396
 21.600000     -0.43464284
 21.700000     -0.43469256
 21.800000     -0.43448188
 21.900000     -0.43439116
 22.000000     -0.43412616
 22.100000     -0.43392640
 22.200000     -0.43421984
 22.300000     -0.43509072
 22.400000     -0.43614946
 22.500000     -0.43706267
 22.600000     -0.43767542
 22.700000     -0.43806656
 22.800000     -0.43822487
 22.900000     -0.43803764
 23.000000     -0.43760315
 23.100000     -0.43697950
 23.200000     -0.43614820
 23.300000     -0.43510538
 23.400000     -0.43369455
 23.500000     -0.43200719
 23.600000     -0.43016983
 23.700000     -0.42823062
 23.800000     -0.42636816
 23.900000     -0.42452802
 24.000000     -0.42267875
 24.100000     -0.42075529
 24.200000     -0.41871607
 24.300000     -0.41655314
 24.400000     -0.41439867
 24.500000     -0.41225418
 24.600000     -0.41000138
 24.700000     -0.40766705
 24.800000     -0.40514031
 24.900000     -0.40250019
 25.000000     -0.39966345
 25.100000     -0.39655369
 25.200000     -0.39342416
 25.300000     -0.39005799
 25.400000     -0.38664856
 25.500000     -0.38305522
 25.600000     -0.37936894
 25.700000     -0.37569642
 25.800000     -0.37198310
 25.900000     -0.36819695
 26.000000     -0.36427273
 26.100000     -0.36018442
 26.200000     -0.35587781
 26.300000     -0.35143620
 26.400000     -0.34687914
 26.500000     -0.34224367
 26.600000     -0.33749082
 26.700000     -0.33267565
 26.800000     -0.32773450
 26.900000     -0.32264381
 27.000000     -0.31743735
 27.100000     -0.31209162
 27.200000     -0.30673545
 27.300000     -0.30139010
 27.400000     -0.29612534
 27.500000     -0.29106598
 27.600000     -0.28616199
 27.700000     -0.28134979
 27.800000     -0.27662297
 27.900000     -0.27201227
 28.000000     -0.26744276
 28.100000     -0.26288618
 28.200000     -0.25826243
 28.300000     -0.25374300
 28.400000     -0.24926326
 28.500000     -0.24473719
 28.600000     -0.24023412
 28.700000     -0.23566387
 28.800000     -0.23117541
 28.900000     -0.22687502
 29.000000     -0.22291085
 29.100000     -0.21890142
 29.200000     -0.21491681
 29.300000     -0.21089713
 29.400000     -0.20684916
 29.500000     -0.20270949
 29.600000     -0.19855814
 29.700000     -0.19437769
 29.800000     -0.19025587
 29.900000     -0.18619597
 30.000000     -0.18225896
 30.100000     -0.17841926
 30.200000     -0.17468706
 30.300000     -0.17110336
 30.400000     -0.16766925
 30.500000     -0.16443154
 30.600000     -0.16144703
 30.700000     -0.15871865
 30.800000     -0.15617165
 30.900000     -0.15371680
 31.000000     -0.15127638
 31.100000     -0.14893914
 31.200000     -0.14665864
 31.300000     -0.14449721
 31.400000     -0.14248043
 31.500000     -0.14060591
 31.600000     -0.13889486
 31.700000     -0.13726498
 31.800000     -0.13570450
 31.900000     -0.13407225
 32.000000     -0.13234288
 32.100000     -0.13048639
 32.200000     -0.12847191
 32.300000     -0.12624105
 32.400000     -0.12380301
 32.500000     -0.12115108
 32.600000     -0.11838367
 32.700000     -0.11553197
 32.800000     -0.11270349
 32.900000     -0.10994761
 33.000000     -0.10729129
 33.100000     -0.10488072
 33.200000     -0.10272358
 33.300000     -0.10084834
 33.400000     -0.09920567
 33.500000     -0.09779410
 33.600000     -0.09655284
 33.700000     -0.09539731
 33.800000     -0.09421608
 33.900000     -0.09303163
 34.000000     -0.09182969
 34.100000     -0.09057189
 34.200000     -0.08923424
 34.300000     -0.08779315
 34.400000     -0.08623612
 34.500000     -0.08461689
 34.600000     -0.08289677
 34.700000     -0.08098093
 34.800000     -0.07887402
 34.900000     -0.07653207
 35.000000     -0.07401467
 35.100000     -0.07147864
 35.200000     -0.06890409
 35.300000     -0.06626180
 35.400000     -0.06351747
 35.500000     -0.06066730
 35.600000     -0.05762078
 35.700000     -0.05442885
 35.800000     -0.05108659
 35.900000     -0.04754181
 36.000000     -0.04412450
 36.100000     -0.04073743
 36.200000     -0.03731282
 36.300000     -0.03393689
 36.400000     -0.03058488
 36.500000     -0.02729116
 36.600000     -0.02404356
 36.700000     -0.02082261
 36.800000     -0.01764225
 36.900000     -0.01444352
 37.000000     -0.01123835
 37.100000     -0.00800054
 37.200000     -0.00474254
 37.300000     -0.00145370
 37.400000      0.00181363
 37.500000      0.00507132
 37.600000      0.00832883
 37.700000      0.01154494
 37.800000      0.01473578
 37.900000      0.01786843
 38.000000      0.02095545
 38.100000      0.02395618
 38.200000      0.02672941
 38.300000      0.02936919
 38.400000      0.03187858
 38.500000      0.03425023
 38.600000      0.03653879
 38.700000      0.03871156
 38.800000      0.04082033
 38.900000      0.04285214
 39.000000      0.04478690
 39.100000      0.04664339
 39.200000      0.04835508
 39.300000      0.04997455
 39.400000      0.05144004
 39.500000      0.05279449
 39.600000      0.05405755
 39.700000      0.05522326
 39.800000      0.05633289
 39.900000      0.05735073
