  0.000000     -0.05161971
  0.100000     -0.05430027
  0.200000     -0.05421459
  0.300000     -0.05303439
  0.400000     -0.05184243
  0.500000     -0.05064344
  0.600000     -0.04943985
  0.700000     -0.04823534
  0.800000     -0.04703303
  0.900000     -0.04584164
  1.000000     -0.04465883
  1.100000     -0.04348944
  1.200000     -0.04233684
  1.300000     -0.04121119
  1.400000     -0.04010784
  1.500000     -0.03902882
  1.600000     -0.03349003
  1.700000     -0.04732750
  1.800000     -0.04657806
  1.900000     -0.04587401
  2.000000     -0.04523324
  2.100000     -0.04464979
  2.200000     -0.04411678
  2.300000     -0.04363502
  2.400000     -0.04320651
  2.500000     -0.04284557
  2.600000     -0.04003923
  2.700000     -0.03654592
  2.800000     -0.03566403
  2.900000     -0.03488182
  3.000000     -0.03621370
  3.100000     -0.03620597
  3.200000     -0.03528860
  3.300000     -0.03446454
  3.400000     -0.03373843
  3.500000     -0.03311734
  3.600000     -0.03259504
  3.700000     -0.03216137
  3.800000     -0.03182128
  3.900000     -0.03157433
  4.000000     -0.03140616
  4.100000     -0.03131187
  4.200000     -0.03130855
  4.300000     -0.03138116
  4.400000     -0.03151831
  4.500000     -0.03170195
  4.600000     -0.03194649
  4.700000     -0.03224699
  4.800000     -0.03259118
  4.900000     -0.03297759
  5.000000     -0.03338922
  5.100000     -0.03383072
  5.200000     -0.03428896
  5.300000     -0.03435974
  5.400000     -0.03438956
  5.500000     -0.03451211
  5.600000     -0.03467517
  5.700000     -0.03483847
  5.800000     -0.03500127
  5.900000     -0.03516068
  6.000000     -0.03531364
  6.100000     -0.03546362
  6.200000     -0.03555657
  6.300000     -0.03542786
  6.400000     -0.03532045
  6.500000     -0.03524102
  6.600000     -0.03519339
  6.700000     -0.03518853
  6.800000     -0.03522369
  6.900000     -0.03530617
  7.000000     -0.03544535
  7.100000     -0.03563777
  7.200000     -0.03550553
  7.300000     -0.03529884
  7.400000     -0.03513359
  7.500000     -0.03501629
  7.600000     -0.03492073
  7.700000     -0.03484265
  7.800000     -0.03477757
  7.900000     -0.03471571
  8.000000     -0.03465379
  8.100000     -0.03458053
  8.200000     -0.03447777
  8.300000     -0.03435656
  8.400000     -0.03421071
  8.500000     -0.03405539
  8.600000     -0.03388931
  8.700000     -0.03371398
  8.800000     -0.03354539
  8.900000     -0.03343692
  9.000000     -0.03348541
  9.100000     -0.03362516
  9.200000     -0.03385988
  9.300000     -0.03421920
  9.400000     -0.03471627
  9.500000     -0.03537055
  9.600000     -0.03618480
  9.700000     -0.03717442
  9.800000     -0.03833331
  9.900000     -0.03966157
 10.000000     -0.04115163
 10.100000     -0.04279621
 10.200000     -0.04459645
 10.300000     -0.04652242
 10.400000     -0.04855624
 10.500000     -0.05066477
 10.600000     -0.05281600
 10.700000     -0.05500224
 10.800000     -0.05719757
 10.900000     -0.05936648
 11.000000     -0.06144576
 11.100000     -0.06343124
 11.200000     -0.06529665
 11.300000     -0.06700604
 11.400000     -0.06852389
 11.500000     -0.06981450
 11.600000     -0.07087321
 11.700000     -0.07165697
 11.800000     -0.07215422
 11.900000     -0.07234250
 12.000000     -0.07218981
 12.100000     -0.07166739
 12.200000     -0.07076634
 12.300000     -0.06948596
 12.400000     -0.06780715
 12.500000     -0.06566664
 12.600000     -0.06310372
 12.700000     -0.06010294
 12.800000     -0.05665215
 12.900000     -0.05269765
 13.000000     -0.04825473
 13.100000     -0.04333476
 13.200000     -0.03791541
 13.300000     -0.03196628
 13.400000     -0.02550580
 13.500000     -0.01849460
 13.600000     -0.01094493
 13.700000     -0.00281061
 13.800000      0.00587582
 13.900000      0.01511670
 14.000000      0.02497363
 14.100000      0.03543297
 14.200000      0.04648755
 14.300000      0.05813936
 14.400000      0.07039598
 14.500000      0.08332005
 14.600000      0.09686265
 14.700000      0.11101442
 14.800000      0.12579245
 14.900000      0.14121500
 15.000000      0.15726484
 15.100000      0.17391953
 15.200000      0.19115159
 15.300000      0.20898904
 15.400000      0.22739852
 15.500000      0.24637346
 15.600000      0.26589721
 15.700000      0.28595225
 15.800000      0.30650118
 15.900000      0.32753057
 16.000000      0.34901801
 16.100000      0.37094578
 16.200000      0.39326462
 16.300000      0.41592471
 16.400000      0.43890538
 16.500000      0.46217847
 16.600000      0.48567145
 16.700000      0.50933596
 16.800000      0.53311609
 16.900000      0.55696971
 17.000000      0.58082690
 17.100000      0.60462239
 17.200000      0.62829626
 17.300000      0.65178232
 17.400000      0.67502144
 17.500000      0.69792524
 17.600000      0.72045431
 17.700000      0.74252309
 17.800000      0.76408239
 17.900000      0.78506467
 18.000000      0.80540001
 18.100000      0.82500535
 18.200000      0.84383517
 18.300000      0.86178405
 18.400000      0.87898744
 18.500000      0.89530089
 18.600000      0.91074550
 18.700000      0.92524141
 18.800000      0.93864521
 18.900000      0.95083677
 19.000000      0.96178918
 19.100000      0.97146383
 19.200000      0.97982706
 19.300000      0.98677663
 19.400000      0.99232812
 19.500000      0.99637440
 19.600000      0.99896475
 19.700000      1.00000000
 19.800000      0.99954242
 19.900000      0.99758724
 20.000000      0.99407491
 20.100000      0.98896739
 20.200000      0.98235253
 20.300000      0.97430910
 20.400000      0.96487353
 20.500000      0.95387943
 20.600000      0.94152527
 20.700000      0.92790182
 20.800000      0.91305540
 20.900000      0.89696201
 21.000000      0.87968967
 21.100000      0.86150829
 21.200000      0.84254457
 21.300000      0.82280556
 21.400000      0.80243177
 21.500000      0.78144628
 21.600000      0.75995649
 21.700000      0.73785944
 21.800000      0.71520286
 21.900000      0.69188556
 22.000000      0.66779348
 22.100000      0.64276401
 22.200000      0.61675818
 22.300000      0.58969647
 22.400000      0.56154213
 22.500000      0.53221140
 22.600000      0.50185438
 22.700000      0.47053466
 22.800000      0.43835308
 22.900000      0.40542329
 23.000000      0.37196202
 23.100000      0.33813978
 23.200000      0.30412182
 23.300000      0.27004078
 23.400000      0.23606318
 23.500000      0.20230718
 23.600000      0.16885888
 23.700000      0.13581563
 23.800000      0.10321604
 23.900000      0.07108747
 24.000000      0.03947996
 24.100000      0.00843126
 24.200000     -0.02204423
 24.300000     -0.05196021
 24.400000     -0.08128791
 24.500000     -0.10994172
 24.600000     -0.13794440
 24.700000     -0.16526781
 24.800000     -0.19186691
 24.900000     -0.21765838
 25.000000     -0.24268388
 25.100000     -0.26693900
 25.200000     -0.29043359
 25.300000     -0.31313095
 25.400000     -0.33511710
 25.500000     -0.35632599
 25.600000     -0.37679484
 25.700000     -0.39652410
 25.800000     -0.41558813
 25.900000     -0.43362678
 26.000000     -0.45048850
 26.100000     -0.46656233
 26.200000     -0.48189378
 26.300000     -0.49650255
 26.400000     -0.51000337
 26.500000     -0.52242931
 26.600000     -0.53413147
 26.700000     -0.54510540
 26.800000     -0.55536722
 26.900000     -0.56484538
 27.000000     -0.57355042
 27.100000     -0.58152835
 27.200000     -0.58878244
 27.300000     -0.59524624
 27.400000     -0.60095460
 27.500000     -0.60584816
 27.600000     -0.61000358
 27.700000     -0.61335520
 27.800000     -0.61594674
 27.900000     -0.61775927
 28.000000     -0.61876858
 28.100000     -0.61862284
 28.200000     -0.61772846
 28.300000     -0.61571409
 28.400000     -0.60783589
 28.500000     -0.60454833
 28.600000     -0.60067038
 28.700000     -0.59622034
 28.800000     -0.59123134
 28.900000     -0.58570840
 29.000000     -0.57969440
 29.100000     -0.57325486
 29.200000     -0.56641756
 29.300000     -0.55919535
 29.400000     -0.55165665
 29.500000     -0.54379639
 29.600000     -0.53568063
 29.700000     -0.52729992
 29.800000     -0.51871195
 29.900000     -0.50992653
 30.000000     -0.50093786
 30.100000     -0.49177209
 30.200000     -0.48246896
 30.300000     -0.47303081
 30.400000     -0.46346641
 30.500000     -0.45374314
 30.600000     -0.44391133
 30.700000     -0.43397633
 30.800000     -0.42394562
 30.900000     -0.41382123
 31.000000     -0.40360515
 31.100000     -0.39332146
 31.200000     -0.38297785
 31.300000     -0.37258957
 31.400000     -0.35313286
 31.500000     -0.34184577
 31.600000     -0.33073510
 31.700000     -0.31964695
 31.800000     -0.30858180
 31.900000     -0.29756564
 32.000000     -0.28659341
 32.100000     -0.27256813
 32.200000     -0.26206883
 32.300000     -0.25164459
 32.400000     -0.24130046
 32.500000     -0.23107122
 32.600000     -0.22093871
 32.700000     -0.21091161
 32.800000     -0.18376195
 32.900000     -0.16273526
 33.000000     -0.15343283
 33.100000     -0.14427420
 33.200000     -0.13526645
 33.300000     -0.12644236
 33.400000     -0.11777823
 33.500000     -0.10930108
 33.600000     -0.10100686
 33.700000     -0.09292755
 33.800000     -0.07511909
 33.900000     -0.06019975
 34.000000     -0.05268573
 34.100000     -0.03429564
 34.200000     -0.02343994
 34.300000     -0.01623872
 34.400000     -0.00925985
 34.500000     -0.00254546
 34.600000      0.00395618
 34.700000      0.01024248
 34.800000      0.01629688
 34.900000      0.02210114
 35.000000      0.02765866
 35.100000      0.03299567
 35.200000      0.03809517
 35.300000      0.04294628
 35.400000      0.04756990
 35.500000      0.05194176
 35.600000      0.05608278
 35.700000      0.05998206
 35.800000      0.06365522
 35.900000      0.06710662
 36.000000      0.07031500
 36.100000      0.07329507
 36.200000      0.07605667
 36.300000      0.07861267
 36.400000      0.08096928
 36.500000      0.08309712
 36.600000      0.08503152
 36.700000      0.08678525
 36.800000      0.08836676
 36.900000      0.08977258
 37.000000      0.09099111
 37.100000      0.09205988
 37.200000      0.09298504
 37.300000      0.09376194
 37.400000      0.09440042
 37.500000      0.09488884
 37.600000      0.09525250
 37.700000      0.09548494
 37.800000      0.09559626
 37.900000      0.09559471
 38.000000      0.09545391
 38.100000      0.09519129
 38.200000      0.09482017
 38.300000      0.09434354
 38.400000      0.09375886
 38.500000      0.09304230
 38.600000      0.09223235
 38.700000      0.09133226
 38.800000      0.09033842
 38.900000      0.08924712
 39.000000      0.08806897
 39.100000      0.08682053
 39.200000      0.08549966
 39.300000      0.08410157
 39.400000      0.08264824
 39.500000      0.08113956
 39.600000      0.07958212
 39.700000      0.07796833
 39.800000      0.07631608
 39.900000      0.07462599
