  0.000000      0.06852656
  0.100000      0.06819723
  0.200000      0.06749800
  0.300000      0.06686264
  0.400000      0.06636440
  0.500000      0.06562153
  0.600000      0.06465991
  0.700000      0.06359318
  0.800000      0.06231001
  0.900000      0.06113797
  1.000000      0.06018856
  1.100000      0.05882961
  1.200000      0.05760514
  1.300000      0.05676560
  1.400000      0.05610195
  1.500000      0.05511421
  1.600000      0.05436556
  1.700000      0.05382798
  1.800000      0.05348133
  1.900000      0.05301237
  2.000000      0.05214658
  2.100000      0.05175495
  2.200000      0.05187146
  2.300000      0.05260505
  2.400000      0.05324402
  2.500000      0.05358255
  2.600000      0.05337075
  2.700000      0.05306883
  2.800000      0.05285607
  2.900000      0.05245378
  3.000000      0.05170328
  3.100000      0.05036826
  3.200000      0.04846074
  3.300000      0.04635311
  3.400000      0.04429904
  3.500000      0.04193264
  3.600000      0.03976249
  3.700000      0.03791929
  3.800000      0.03609439
  3.900000      0.03426031
  4.000000      0.03257248
  4.100000      0.03099016
  4.200000      0.02908604
  4.300000      0.02723697
  4.400000      0.02522791
  4.500000      0.02340846
  4.600000      0.02212898
  4.700000      0.02121015
  4.800000      0.02027807
  4.900000      0.01924975
  5.000000      0.01867405
  5.100000      0.01817640
  5.200000      0.01799434
  5.300000      0.01834237
  5.400000      0.01910056
  5.500000      0.02003668
  5.600000      0.02041424
  5.700000      0.02035273
  5.800000      0.02017875
  5.900000      0.02003292
  6.000000      0.02054165
  6.100000      0.02109922
  6.200000      0.02172640
  6.300000      0.02260724
  6.400000      0.02336748
  6.500000      0.02414827
  6.600000      0.02498158
  6.700000      0.02565471
  6.800000      0.02618101
  6.900000      0.02682577
  7.000000      0.02734383
  7.100000      0.02815393
  7.200000      0.02941232
  7.300000      0.03113034
  7.400000      0.03307418
  7.500000      0.03537260
  7.600000      0.03822075
  7.700000      0.04117442
  7.800000      0.04429984
  7.900000      0.04724214
  8.000000      0.05004555
  8.100000      0.05306250
  8.200000      0.05639926
  8.300000      0.06022680
  8.400000      0.06433919
  8.500000      0.06880312
  8.600000      0.07363338
  8.700000      0.07916641
  8.800000      0.08554748
  8.900000      0.09292808
  9.000000      0.10121784
  9.100000      0.11078002
  9.200000      0.12155546
  9.300000      0.13379627
  9.400000      0.14782604
  9.500000      0.16358344
  9.600000      0.18084045
  9.700000      0.19953026
  9.800000      0.21911071
  9.900000      0.23964313
 10.000000      0.26143808
 10.100000      0.28415413
 10.200000      0.30792758
 10.300000      0.33246153
 10.400000      0.35722854
 10.500000      0.38147029
 10.600000      0.40449899
 10.700000      0.42381558
 10.800000      0.44386779
 10.900000      0.46349437
 11.000000      0.48144202
 11.100000      0.50185163
 11.200000      0.52267675
 11.300000      0.54385879
 11.400000      0.56420919
 11.500000      0.58008002
 11.600000      0.59161653
 11.700000      0.60027740
 11.800000      0.60869891
 11.900000      0.62131261
 12.000000      0.63564491
 12.100000      0.64690663
 12.200000      0.65932735
 12.300000      0.67381157
 12.400000      0.68914791
 12.500000      0.70448839
 12.600000      0.71672351
 12.700000      0.72782038
 12.800000      0.73925612
 12.900000      0.75182639
 13.000000      0.76394469
 13.100000      0.77285961
 13.200000      0.78405770
 13.300000      0.79546103
 13.400000      0.80690209
 13.500000      0.82488514
 13.600000      0.84322142
 13.700000      0.85607833
 13.800000      0.86852446
 13.900000      0.87628688
 14.000000      0.88210958
 14.100000      0.88374684
 14.200000      0.88036780
 14.300000      0.87515014
 14.400000      0.86983310
 14.500000      0.86295922
 14.600000      0.85508960
 14.700000      0.84425489
 14.800000      0.83623434
 14.900000      0.83725986
 15.000000      0.85759867
 15.100000      0.89370393
 15.200000      0.92975912
 15.300000      0.94726615
 15.400000      0.94053723
 15.500000      0.91924793
 15.600000      0.88720065
 15.700000      0.85090834
 15.800000      0.80707110
 15.900000      0.75791353
 16.000000      0.71122924
 16.100000      0.67504962
 16.200000      0.64911165
 16.300000      0.63275651
 16.400000      0.62287699
 16.500000      0.61541730
 16.600000      0.60990310
 16.700000      0.60027027
 16.800000      0.58808919
 16.900000      0.56853784
 17.000000      0.53508671
 17.100000      0.49665645
 17.200000      0.46298191
 17.300000      0.43718428
 17.400000      0.41284691
 17.500000      0.38672785
 17.600000      0.35888085
 17.700000      0.32887304
 17.800000      0.30279738
 17.900000      0.28083272
 18.000000      0.25743658
 18.100000      0.24048335
 18.200000      0.22815848
 18.300000      0.21858839
 18.400000      0.20761653
 18.500000      0.19312762
 18.600000      0.17568279
 18.700000      0.15508730
 18.800000      0.13875034
 18.900000      0.12240299
 19.000000      0.10664766
 19.100000      0.08894960
 19.200000      0.07040502
 19.300000      0.05468140
 19.400000      0.04129876
 19.500000      0.02451658
 19.600000      0.00668994
 19.700000     -0.00188684
 19.800000     -0.01126078
 19.900000     -0.02066530
 20.000000     -0.03366471
 20.100000     -0.05624678
 20.200000     -0.07540157
 20.300000     -0.09601166
 20.400000     -0.11783561
 20.500000     -0.13376766
 20.600000     -0.14487217
 20.700000     -0.14599113
 20.800000     -0.14301839
 20.900000     -0.13925728
 21.000000     -0.13768301
 21.100000     -0.14008644
 21.200000     -0.14362577
 21.300000     -0.14599108
 21.400000     -0.14019464
 21.500000     -0.12735782
 21.600000     -0.11344284
 21.700000     -0.10144564
 21.800000     -0.09410492
 21.900000     -0.09476101
 22.000000     -0.10616174
 22.100000     -0.12637099
 22.200000     -0.15771487
 22.300000     -0.19174740
 22.400000     -0.22374915
 22.500000     -0.25415875
 22.600000     -0.27706560
 22.700000     -0.29484513
 22.800000     -0.30559652
 22.900000     -0.31141941
 23.000000     -0.31983266
 23.100000     -0.33338791
 23.200000     -0.33971288
 23.300000     -0.34302406
 23.400000     -0.34627772
 23.500000     -0.34982906
 23.600000     -0.35370610
 23.700000     -0.35782644
 23.800000     -0.36245303
 23.900000     -0.36720332
 24.000000     -0.37152941
 24.100000     -0.37525788
 24.200000     -0.37846250
 24.300000     -0.38079787
 24.400000     -0.38275628
 24.500000     -0.38403948
 24.600000     -0.38446068
 24.700000     -0.38387166
 24.800000     -0.38297169
 24.900000     -0.38153070
 25.000000     -0.38004079
 25.100000     -0.37884927
 25.200000     -0.37767776
 25.300000     -0.37631522
 25.400000     -0.37475817
 25.500000     -0.37332928
 25.600000     -0.37235296
 25.700000     -0.37153429
 25.800000     -0.37116362
 25.900000     -0.37132534
 26.000000     -0.37234947
 26.100000     -0.37424462
 26.200000     -0.37705792
 26.300000     -0.38072318
 26.400000     -0.38483385
 26.500000     -0.38897374
 26.600000     -0.39311264
 26.700000     -0.39793568
 26.800000     -0.40337621
 26.900000     -0.40905300
 27.000000     -0.41472564
 27.100000     -0.41999192
 27.200000     -0.42507510
 27.300000     -0.42975234
 27.400000     -0.43416111
 27.500000     -0.43794334
 27.600000     -0.44122318
 27.700000     -0.44357200
 27.800000     -0.44462016
 27.900000     -0.44472728
 28.000000     -0.44382948
 28.100000     -0.44195295
 28.200000     -0.43889382
 28.300000     -0.43478252
 28.400000     -0.43009799
 28.500000     -0.42478353
 28.600000     -0.41922742
 28.700000     -0.41378059
 28.800000     -0.40848530
 28.900000     -0.40297055
 29.000000     -0.39741145
 29.100000     -0.39226096
 29.200000     -0.38782113
 29.300000     -0.38418602
 29.400000     -0.38101324
 29.500000     -0.37835852
 29.600000     -0.37641775
 29.700000     -0.37522082
 29.800000     -0.37452504
 29.900000     -0.37496538
 30.000000     -0.37575683
 30.100000     -0.37668970
 30.200000     -0.37752860
 30.300000     -0.37836555
 30.400000     -0.37921906
 30.500000     -0.38010291
 30.600000     -0.38139923
 30.700000     -0.38275680
 30.800000     -0.38405672
 30.900000     -0.38527108
 31.000000     -0.38670020
 31.100000     -0.38872992
 31.200000     -0.39124655
 31.300000     -0.39375619
 31.400000     -0.39594467
 31.500000     -0.39786260
 31.600000     -0.39983073
 31.700000     -0.40204163
 31.800000     -0.40452003
 31.900000     -0.40735054
 32.000000     -0.41038783
 32.100000     -0.41366363
 32.200000     -0.41697054
 32.300000     -0.42146549
 32.400000     -0.42659521
 32.500000     -0.43219346
 32.600000     -0.43817863
 32.700000     -0.44439428
 32.800000     -0.45092055
 32.900000     -0.45794786
 33.000000     -0.46518623
 33.100000     -0.47246863
 33.200000     -0.47990672
 33.300000     -0.48739991
 33.400000     -0.49501752
 33.500000     -0.50276473
 33.600000     -0.51083719
 33.700000     -0.51924811
 33.800000     -0.52894505
 33.900000     -0.53917527
 34.000000     -0.54966786
 34.100000     -0.56075831
 34.200000     -0.57291121
 34.300000     -0.58584976
 34.400000     -0.59934098
 34.500000     -0.61343247
 34.600000     -0.62778088
 34.700000     -0.64209642
 34.800000     -0.65639420
 34.900000     -0.67072777
 35.000000     -0.68464972
 35.100000     -0.69780136
 35.200000     -0.70968457
 35.300000     -0.72108965
 35.400000     -0.73213818
 35.500000     -0.74238520
 35.600000     -0.75169157
 35.700000     -0.76029347
 35.800000     -0.76808295
 35.900000     -0.77485358
 36.000000     -0.78088853
 36.100000     -0.78630601
 36.200000     -0.79027877
 36.300000     -0.79333573
 36.400000     -0.79610885
 36.500000     -0.79851687
 36.600000     -0.80038810
 36.700000     -0.80170894
 36.800000     -0.80273812
 36.900000     -0.80377819
 37.000000     -0.80474661
 37.100000     -0.80582018
 37.200000     -0.80721318
 37.300000     -0.80893836
 37.400000     -0.81098231
 37.500000     -0.81324691
 37.600000     -0.81603188
 37.700000     -0.81921681
 37.800000     -0.82337740
 37.900000     -0.82849497
 38.000000     -0.83442540
 38.100000     -0.84096126
 38.200000     -0.84712074
 38.300000     -0.85376692
 38.400000     -0.86078277
 38.500000     -0.86823904
 38.600000     -0.87570221
 38.700000     -0.88352180
 38.800000     -0.89190909
 38.900000     -0.90104066
 39.000000     -0.91068826
 39.100000     -0.92028237
 39.200000     -0.93038323
 39.300000     -0.94064948
 39.400000     -0.95079879
 39.500000     -0.96103439
 39.600000     -0.97110171
 39.700000     -0.98101426
 39.800000     -0.99065879
 39.900000     -1.00000000
