  0.000000     -0.01195153
  0.100000     -0.01104592
  0.200000     -0.01059252
  0.300000     -0.01018469
  0.400000     -0.00978223
  0.500000     -0.00933144
  0.600000     -0.00881039
  0.700000     -0.00824857
  0.800000     -0.00779649
  0.900000     -0.00724121
  1.000000     -0.00661935
  1.100000     -0.00611774
  1.200000     -0.00561883
  1.300000     -0.00513078
  1.400000     -0.00461026
  1.500000     -0.00414555
  1.600000     -0.00364201
  1.700000     -0.00301528
  1.800000     -0.00250538
  1.900000     -0.00202387
  2.000000     -0.00156596
  2.100000     -0.00107577
  2.200000     -0.00058928
  2.300000     -0.00008338
  2.400000      0.00040732
  2.500000      0.00084046
  2.600000      0.00127517
  2.700000      0.00169520
  2.800000      0.00210976
  2.900000      0.00252152
  3.000000      0.00292908
  3.100000      0.00332371
  3.200000      0.00369712
  3.300000      0.00402952
  3.400000      0.00436997
  3.500000      0.00472005
  3.600000      0.00505703
  3.700000      0.00541797
  3.800000      0.00588546
  3.900000      0.00617556
  4.000000      0.00642383
  4.100000      0.00664146
  4.200000      0.00684383
  4.300000      0.00700749
  4.400000      0.00713579
  4.500000      0.00725320
  4.600000      0.00734892
  4.700000      0.00739551
  4.800000      0.00738184
  4.900000      0.00733002
  5.000000      0.00726385
  5.100000      0.00715926
  5.200000      0.00702014
  5.300000      0.00684780
  5.400000      0.00666025
  5.500000      0.00658154
  5.600000      0.00627761
  5.700000      0.00591735
  5.800000      0.00549940
  5.900000      0.00503117
  6.000000      0.00451515
  6.100000      0.00394902
  6.200000      0.00332840
  6.300000      0.00265206
  6.400000      0.00191854
  6.500000      0.00112978
  6.600000      0.00028586
  6.700000     -0.00061827
  6.800000     -0.00158728
  6.900000     -0.00261782
  7.000000     -0.00370872
  7.100000     -0.00486323
  7.200000     -0.00606754
  7.300000     -0.00733615
  7.400000     -0.00866992
  7.500000     -0.01006591
  7.600000     -0.01152785
  7.700000     -0.01305200
  7.800000     -0.01463740
  7.900000     -0.01628639
  8.000000     -0.01799135
  8.100000     -0.01975849
  8.200000     -0.02158797
  8.300000     -0.02347681
  8.400000     -0.02542414
  8.500000     -0.02742638
  8.600000     -0.02948375
  8.700000     -0.03159022
  8.800000     -0.03374295
  8.900000     -0.03593570
  9.000000     -0.03816459
  9.100000     -0.04042390
  9.200000     -0.04270836
  9.300000     -0.04500966
  9.400000     -0.04732189
  9.500000     -0.04963771
  9.600000     -0.05194752
  9.700000     -0.05424434
  9.800000     -0.05651806
  9.900000     -0.05875841
 10.000000     -0.06095387
 10.100000     -0.06309465
 10.200000     -0.06516849
 10.300000     -0.06716374
 10.400000     -0.06906812
 10.500000     -0.07086802
 10.600000     -0.07255000
 10.700000     -0.07408123
 10.800000     -0.07546011
 10.900000     -0.07667627
 11.000000     -0.07771461
 11.100000     -0.07855674
 11.200000     -0.07918747
 11.300000     -0.07958737
 11.400000     -0.07973830
 11.500000     -0.07962125
 11.600000     -0.07921642
 11.700000     -0.07850418
 11.800000     -0.07746161
 11.900000     -0.07606855
 12.000000     -0.07430431
 12.100000     -0.07214406
 12.200000     -0.06956283
 12.300000     -0.06653956
 12.400000     -0.06305135
 12.500000     -0.05907273
 12.600000     -0.05457907
 12.700000     -0.04954560
 12.800000     -0.04394871
 12.900000     -0.03776484
 13.000000     -0.03097135
 13.100000     -0.02354660
 13.200000     -0.01546766
 13.300000     -0.00671402
 13.400000      0.00273460
 13.500000      0.01288745
 13.600000      0.02376124
 13.700000      0.03536843
 13.800000      0.04772015
 13.900000      0.06081748
 14.000000      0.07466099
 14.100000      0.08924621
 14.200000      0.10457018
 14.300000      0.12062030
 14.400000      0.13737765
 14.500000      0.15481857
 14.600000      0.17291676
 14.700000      0.19164765
 14.800000      0.21097822
 14.900000      0.23087196
 15.000000      0.25128429
 15.100000      0.27217103
 15.200000      0.29348166
 15.300000      0.31516467
 15.400000      0.33716519
 15.500000      0.35942594
 15.600000      0.38188827
 15.700000      0.40449172
 15.800000      0.42717294
 15.900000      0.44987004
 16.000000      0.47251960
 16.100000      0.49506200
 16.200000      0.51743211
 16.300000      0.53956770
 16.400000      0.56140150
 16.500000      0.58287315
 16.600000      0.60391930
 16.700000      0.62447527
 16.800000      0.64447918
 16.900000      0.66387155
 17.000000      0.68258837
 17.100000      0.70057115
 17.200000      0.71775516
 17.300000      0.73407849
 17.400000      0.74948131
 17.500000      0.76389899
 17.600000      0.77726289
 17.700000      0.78951242
 17.800000      0.80058850
 17.900000      0.81043215
 18.000000      0.81898996
 18.100000      0.82621034
 18.200000      0.83204625
 18.300000      0.83645633
 18.400000      0.83939879
 18.500000      0.84083310
 18.600000      0.84071247
 18.700000      0.83899753
 18.800000      0.83564578
 18.900000      0.83063793
 19.000000      0.82396580
 19.100000      0.81561055
 19.200000      0.80555673
 19.300000      0.79379503
 19.400000      0.78031346
 19.500000      0.76511261
 19.600000      0.74819484
 19.700000      0.72907388
 19.800000      0.70735355
 19.900000      0.68454443
 20.000000      0.66084748
 20.100000      0.63550248
 20.200000      0.60853888
 20.300000      0.57998599
 20.400000      0.54988879
 20.500000      0.51724678
 20.600000      0.48387981
 20.700000      0.44943333
 20.800000      0.41366124
 20.900000      0.37663795
 21.000000      0.33844011
 21.100000      0.29915027
 21.200000      0.25885919
 21.300000      0.21766233
 21.400000      0.17566206
 21.500000      0.13296577
 21.600000      0.08968338
 21.700000      0.04593136
 21.800000      0.00182434
 21.900000     -0.04251793
 22.000000     -0.08697832
 22.100000     -0.13143877
 22.200000     -0.17578290
 22.300000     -0.21989762
 22.400000     -0.26367422
 22.500000     -0.30700143
 22.600000     -0.34977249
 22.700000     -0.39188385
 22.800000     -0.43323313
 22.900000     -0.47372117
 23.000000     -0.51325174
 23.100000     -0.55173206
 23.200000     -0.58907180
 23.300000     -0.62538012
 23.400000     -0.66026536
 23.500000     -0.69377201
 23.600000     -0.72582251
 23.700000     -0.75634344
 23.800000     -0.78526636
 23.900000     -0.81254013
 24.000000     -0.83811897
 24.100000     -0.86195895
 24.200000     -0.88401408
 24.300000     -0.90425844
 24.400000     -0.92266532
 24.500000     -0.93883243
 24.600000     -0.95333620
 24.700000     -0.96612400
 24.800000     -0.97703085
 24.900000     -0.98606066
 25.000000     -0.99212667
 25.100000     -0.99698065
 25.200000     -0.99992063
 25.300000     -1.00000000
 25.400000     -0.99966642
 25.500000     -0.99775118
 25.600000     -0.99379021
 25.700000     -0.98727906
 25.800000     -0.98010989
 25.900000     -0.97140494
 26.000000     -0.96049919
 26.100000     -0.94854697
 26.200000     -0.93436892
 26.300000     -0.91720247
 26.400000     -0.90030287
 26.500000     -0.88176426
 26.600000     -0.86216391
 26.700000     -0.83690051
 26.800000     -0.81094984
 26.900000     -0.78699892
 27.000000     -0.76277881
 27.100000     -0.73777399
 27.200000     -0.71006946
 27.300000     -0.68147294
 27.400000     -0.65286696
 27.500000     -0.62479983
 27.600000     -0.59457287
 27.700000     -0.56623545
 27.800000     -0.53547601
 27.900000     -0.50236239
 28.000000     -0.47016415
 28.100000     -0.43916264
 28.200000     -0.40738633
 28.300000     -0.37866219
 28.400000     -0.34794262
 28.500000     -0.31874755
 28.600000     -0.28908888
 28.700000     -0.25823061
 28.800000     -0.23083509
 28.900000     -0.20421511
 29.000000     -0.17864982
 29.100000     -0.15334652
 29.200000     -0.12712115
 29.300000     -0.10001197
 29.400000     -0.07702543
 29.500000     -0.05239764
 29.600000     -0.02822845
 29.700000     -0.00643516
 29.800000      0.01618241
 29.900000      0.03851376
 30.000000      0.05854096
 30.100000      0.07778448
 30.200000      0.09543383
 30.300000      0.11270911
 30.400000      0.12776303
 30.500000      0.14286193
 30.600000      0.15719141
 30.700000      0.17049177
 30.800000      0.18295442
 30.900000      0.19460650
 31.000000      0.20551525
 31.100000      0.21576568
 31.200000      0.22444701
 31.300000      0.23296465
 31.400000      0.24073034
 31.500000      0.24707837
 31.600000      0.25236402
 31.700000      0.25728478
 31.800000      0.26147153
 31.900000      0.26490117
 32.000000      0.26762738
 32.100000      0.26962054
 32.200000      0.27082408
 32.300000      0.27152794
 32.400000      0.27135996
 32.500000      0.27071305
 32.600000      0.26943227
 32.700000      0.26716285
 32.800000      0.26375745
 32.900000      0.25981857
 33.000000      0.25647032
 33.100000      0.25260492
 33.200000      0.24825369
 33.300000      0.24345327
 33.400000      0.23825435
 33.500000      0.23278085
 33.600000      0.22672033
 33.700000      0.22029737
 33.800000      0.21357824
 33.900000      0.20646478
 34.000000      0.19907845
 34.100000      0.19147307
 34.200000      0.18361240
 34.300000      0.17551612
 34.400000      0.16719453
 34.500000      0.15866478
 34.600000      0.14997495
 34.700000      0.14073520
 34.800000      0.13134304
 34.900000      0.12194572
 35.000000      0.11230066
 35.100000      0.10275660
 35.200000      0.09333609
 35.300000      0.08397070
 35.400000      0.07458870
 35.500000      0.06520545
 35.600000      0.05584051
 35.700000      0.04660662
 35.800000      0.03739438
 35.900000      0.02697613
 36.000000      0.01788920
 36.100000      0.00889878
 36.200000      0.00004653
 36.300000     -0.00869184
 36.400000     -0.01733858
 36.500000     -0.02737615
 36.600000     -0.03623594
 36.700000     -0.04464192
 36.800000     -0.05223377
 36.900000     -0.06102131
 37.000000     -0.06857334
 37.100000     -0.07871739
 37.200000     -0.08791153
 37.300000     -0.09649757
 37.400000     -0.10194882
 37.500000     -0.10827089
 37.600000     -0.11513143
 37.700000     -0.12092056
 37.800000     -0.12639422
 37.900000     -0.13219327
 38.000000     -0.13834734
 38.100000     -0.14322005
 38.200000     -0.15075956
 38.300000     -0.15575702
 38.400000     -0.15878672
 38.500000     -0.16253476
 38.600000     -0.16473249
 38.700000     -0.16766687
 38.800000     -0.17062431
 38.900000     -0.17282362
 39.000000     -0.17539761
 39.100000     -0.17753469
 39.200000     -0.17886096
 39.300000     -0.17984003
 39.400000     -0.18060175
 39.500000     -0.18037334
 39.600000     -0.18070986
 39.700000     -0.18125801
 39.800000     -0.18119762
 39.900000     -0.18060265
