  0.000000      0.10707251
  0.100000      0.10820975
  0.200000      0.10905288
  0.300000      0.10962276
  0.400000      0.11023089
  0.500000      0.11091712
  0.600000      0.11100485
  0.700000      0.11151526
  0.800000      0.11199070
  0.900000      0.11515170
  1.000000      0.11706586
  1.100000      0.11650866
  1.200000      0.11709567
  1.300000      0.11569308
  1.400000      0.11480951
  1.500000      0.11202202
  1.600000      0.11001337
  1.700000      0.10921412
  1.800000      0.10801973
  1.900000      0.10609080
  2.000000      0.10270554
  2.100000      0.09882980
  2.200000      0.09511809
  2.300000      0.09212724
  2.400000      0.09091413
  2.500000      0.09027874
  2.600000      0.09079718
  2.700000      0.08996503
  2.800000      0.08909697
  2.900000      0.08965477
  3.000000      0.09389715
  3.100000      0.09647956
  3.200000      0.09913003
  3.300000      0.10239866
  3.400000      0.10721986
  3.500000      0.11129568
  3.600000      0.11340954
  3.700000      0.11717958
  3.800000      0.11955148
  3.900000      0.12418743
  4.000000      0.12905788
  4.100000      0.13039225
  4.200000      0.13239357
  4.300000      0.13581803
  4.400000      0.13871720
  4.500000      0.14192290
  4.600000      0.14417229
  4.700000      0.14831699
  4.800000      0.15345643
  4.900000      0.15637189
  5.000000      0.16103012
  5.100000      0.16492165
  5.200000      0.16765528
  5.300000      0.17023339
  5.400000      0.17273824
  5.500000      0.17604166
  5.600000      0.17903625
  5.700000      0.18053239
  5.800000      0.18357416
  5.900000      0.18554537
  6.000000      0.18716263
  6.100000      0.19063830
  6.200000      0.19244837
  6.300000      0.19565660
  6.400000      0.20006687
  6.500000      0.20359337
  6.600000      0.21016438
  6.700000      0.21657221
  6.800000      0.22515309
  6.900000      0.23519894
  7.000000      0.24285826
  7.100000      0.25735528
  7.200000      0.26988808
  7.300000      0.28587755
  7.400000      0.30394420
  7.500000      0.32166012
  7.600000      0.34095461
  7.700000      0.36279589
  7.800000      0.38477266
  7.900000      0.40837330
  8.000000      0.43436407
  8.100000      0.45749433
  8.200000      0.47928872
  8.300000      0.50449840
  8.400000      0.52886250
  8.500000      0.55252494
  8.600000      0.57374302
  8.700000      0.59385406
  8.800000      0.61350790
  8.900000      0.63186727
  9.000000      0.64973000
  9.100000      0.66853053
  9.200000      0.68483831
  9.300000      0.70110061
  9.400000      0.71904479
  9.500000      0.73477706
  9.600000      0.74940226
  9.700000      0.76350362
  9.800000      0.77920018
  9.900000      0.79398896
 10.000000      0.81186524
 10.100000      0.82892329
 10.200000      0.84436572
 10.300000      0.85902590
 10.400000      0.87344544
 10.500000      0.89118925
 10.600000      0.90835715
 10.700000      0.92193213
 10.800000      0.93256818
 10.900000      0.94599920
 11.000000      0.95549961
 11.100000      0.96158132
 11.200000      0.97082391
 11.300000      0.97620030
 11.400000      0.98246897
 11.500000      0.98844040
 11.600000      0.99199500
 11.700000      0.99602364
 11.800000      0.99766369
 11.900000      1.00000000
 12.000000      0.99923967
 12.100000      0.99562725
 12.200000      0.99564010
 12.300000      0.99297598
 12.400000      0.98933049
 12.500000      0.98741179
 12.600000      0.98344374
 12.700000      0.97755622
 12.800000      0.97306391
 12.900000      0.96617036
 13.000000      0.95944465
 13.100000      0.95491449
 13.200000      0.94748880
 13.300000      0.94229633
 13.400000      0.93219099
 13.500000      0.91908064
 13.600000      0.90723178
 13.700000      0.89403401
 13.800000      0.88084967
 13.900000      0.86925115
 14.000000      0.85618049
 14.100000      0.84230666
 14.200000      0.82995053
 14.300000      0.82129344
 14.400000      0.81238617
 14.500000      0.80670760
 14.600000      0.80481087
 14.700000      0.80166680
 14.800000      0.79727666
 14.900000      0.79556898
 15.000000      0.79567177
 15.100000      0.79331338
 15.200000      0.78919642
 15.300000      0.78391558
 15.400000      0.77847069
 15.500000      0.77362072
 15.600000      0.76570915
 15.700000      0.75482087
 15.800000      0.74115913
 15.900000      0.72840444
 16.000000      0.71204066
 16.100000      0.69066289
 16.200000      0.66424650
 16.300000      0.63544459
 16.400000      0.60096253
 16.500000      0.56269838
 16.600000      0.52162696
 16.700000      0.47345926
 16.800000      0.42271356
 16.900000      0.36816964
 17.000000      0.30987703
 17.100000      0.24883883
 17.200000      0.18486835
 17.300000      0.11937449
 17.400000      0.05240932
 17.500000     -0.01204225
 17.600000     -0.07376430
 17.700000     -0.13509153
 17.800000     -0.19573221
 17.900000     -0.24898904
 18.000000     -0.30571714
 18.100000     -0.35899023
 18.200000     -0.40557800
 18.300000     -0.45391668
 18.400000     -0.49633763
 18.500000     -0.53789612
 18.600000     -0.57562477
 18.700000     -0.60834218
 18.800000     -0.63938168
 18.900000     -0.66817185
 19.000000     -0.69223629
 19.100000     -0.71662584
 19.200000     -0.73543790
 19.300000     -0.75112521
 19.400000     -0.76719995
 19.500000     -0.77520286
 19.600000     -0.78843915
 19.700000     -0.79906190
 19.800000     -0.80358303
 19.900000     -0.81129831
 20.000000     -0.81148846
 20.100000     -0.81485150
 20.200000     -0.81880746
 20.300000     -0.81798469
 20.400000     -0.81803631
 20.500000     -0.81766431
 20.600000     -0.81230565
 20.700000     -0.80485884
 20.800000     -0.79756095
 20.900000     -0.78689644
 21.000000     -0.77832318
 21.100000     -0.76706660
 21.200000     -0.75302042
 21.300000     -0.74037481
 21.400000     -0.72828020
 21.500000     -0.71667853
 21.600000     -0.70225049
 21.700000     -0.69121707
 21.800000     -0.68061568
 21.900000     -0.66880174
 22.000000     -0.66091362
 22.100000     -0.65013951
 22.200000     -0.64249054
 22.300000     -0.63361422
 22.400000     -0.62175550
 22.500000     -0.61376912
 22.600000     -0.60340789
 22.700000     -0.59267836
 22.800000     -0.58146410
 22.900000     -0.56864924
 23.000000     -0.56059296
 23.100000     -0.55269470
 23.200000     -0.54273042
 23.300000     -0.53956815
 23.400000     -0.53658968
 23.500000     -0.53102639
 23.600000     -0.53096317
 23.700000     -0.52955961
 23.800000     -0.52840833
 23.900000     -0.52643987
 24.000000     -0.52699847
 24.100000     -0.52515351
 24.200000     -0.52329339
 24.300000     -0.52082508
 24.400000     -0.51822708
 24.500000     -0.51812726
 24.600000     -0.51284966
 24.700000     -0.50798920
 24.800000     -0.50415053
 24.900000     -0.49941860
 25.000000     -0.49644503
 25.100000     -0.49309952
 25.200000     -0.49276677
 25.300000     -0.48979771
 25.400000     -0.48731825
 25.500000     -0.48368759
 25.600000     -0.47980575
 25.700000     -0.47824501
 25.800000     -0.47584061
 25.900000     -0.47346836
 26.000000     -0.47344727
 26.100000     -0.47271107
 26.200000     -0.47190194
 26.300000     -0.47280211
 26.400000     -0.47187443
 26.500000     -0.47229167
 26.600000     -0.47172455
 26.700000     -0.46817517
 26.800000     -0.46840275
 26.900000     -0.46840118
 27.000000     -0.46680569
 27.100000     -0.46780118
 27.200000     -0.46917285
 27.300000     -0.47060876
 27.400000     -0.47211591
 27.500000     -0.47299179
 27.600000     -0.47513624
 27.700000     -0.47848160
 27.800000     -0.47824692
 27.900000     -0.48044113
 28.000000     -0.48097880
 28.100000     -0.48005797
 28.200000     -0.47905804
 28.300000     -0.47805042
 28.400000     -0.47527599
 28.500000     -0.47169815
 28.600000     -0.47013376
 28.700000     -0.46908098
 28.800000     -0.46519587
 28.900000     -0.46103294
 29.000000     -0.45498237
 29.100000     -0.45041606
 29.200000     -0.44470439
 29.300000     -0.43934978
 29.400000     -0.43260455
 29.500000     -0.42518698
 29.600000     -0.41850171
 29.700000     -0.41116272
 29.800000     -0.40487096
 29.900000     -0.39636673
 30.000000     -0.38693094
 30.100000     -0.37921886
 30.200000     -0.36718541
 30.300000     -0.35487484
 30.400000     -0.34513271
 30.500000     -0.33252313
 30.600000     -0.32110239
 30.700000     -0.31446469
 30.800000     -0.30355911
 30.900000     -0.29452115
 31.000000     -0.28782163
 31.100000     -0.28248681
 31.200000     -0.27861074
 31.300000     -0.27324928
 31.400000     -0.26949420
 31.500000     -0.26750921
 31.600000     -0.26444827
 31.700000     -0.26284436
 31.800000     -0.26066978
 31.900000     -0.25594848
 32.000000     -0.25233104
 32.100000     -0.25028768
 32.200000     -0.24877401
 32.300000     -0.24789386
 32.400000     -0.24529532
 32.500000     -0.24307724
 32.600000     -0.24032338
 32.700000     -0.23817003
 32.800000     -0.23845725
 32.900000     -0.23608105
 33.000000     -0.23513288
 33.100000     -0.23004781
 33.200000     -0.22357788
 33.300000     -0.21988422
 33.400000     -0.21580422
 33.500000     -0.20958538
 33.600000     -0.20602827
 33.700000     -0.20331595
 33.800000     -0.19950398
 33.900000     -0.19573871
 34.000000     -0.18831031
 34.100000     -0.18231391
 34.200000     -0.17680190
 34.300000     -0.17367014
 34.400000     -0.16972457
 34.500000     -0.16593332
 34.600000     -0.16489941
 34.700000     -0.16263705
 34.800000     -0.15993262
 34.900000     -0.15930470
 35.000000     -0.15562351
 35.100000     -0.15422012
 35.200000     -0.15472723
 35.300000     -0.15527229
 35.400000     -0.15275404
 35.500000     -0.15095398
 35.600000     -0.15534943
 35.700000     -0.15714410
 35.800000     -0.16007294
 35.900000     -0.16234804
 36.000000     -0.16285425
 36.100000     -0.16197278
 36.200000     -0.15981833
 36.300000     -0.15680600
 36.400000     -0.15416451
 36.500000     -0.14945880
 36.600000     -0.14413384
 36.700000     -0.14097946
 36.800000     -0.13485564
 36.900000     -0.12964106
 37.000000     -0.12387187
 37.100000     -0.11669379
 37.200000     -0.11277042
 37.300000     -0.10744278
 37.400000     -0.10278494
 37.500000     -0.09751898
 37.600000     -0.09174714
 37.700000     -0.08831091
 37.800000     -0.08409252
 37.900000     -0.07851509
 38.000000     -0.07600336
 38.100000     -0.07562012
 38.200000     -0.07739507
 38.300000     -0.07797902
 38.400000     -0.07740455
 38.500000     -0.07605420
 38.600000     -0.07215728
 38.700000     -0.06970854
 38.800000     -0.06725687
 38.900000     -0.06376675
 39.000000     -0.06114521
 39.100000     -0.05971646
 39.200000     -0.05835846
 39.300000     -0.05501948
 39.400000     -0.04968382
 39.500000     -0.04265835
 39.600000     -0.03485496
 39.700000     -0.02660366
 39.800000     -0.02053033
 39.900000     -0.01566242
