  0.000000     -0.02386699
  0.100000     -0.02266910
  0.200000     -0.02054706
  0.300000     -0.01759679
  0.400000     -0.01387211
  0.500000     -0.00943579
  0.600000     -0.00432557
  0.700000      0.00140118
  0.800000      0.00776277
  0.900000      0.01440242
  1.000000      0.02141215
  1.100000      0.02850028
  1.200000      0.03515435
  1.300000      0.04141632
  1.400000      0.04726578
  1.500000      0.05266239
  1.600000      0.05740003
  1.700000      0.06112681
  1.800000      0.06381996
  1.900000      0.06568115
  2.000000      0.06666074
  2.100000      0.06656377
  2.200000      0.06580112
  2.300000      0.06492886
  2.400000      0.06298442
  2.500000      0.06023278
  2.600000      0.05708737
  2.700000      0.05296339
  2.800000      0.04870500
  2.900000      0.04406066
  3.000000      0.03879636
  3.100000      0.03501811
  3.200000      0.03443394
  3.300000      0.03329665
  3.400000      0.03182648
  3.500000      0.03004001
  3.600000      0.02770021
  3.700000      0.02552228
  3.800000      0.02361932
  3.900000      0.02136136
  4.000000      0.01892107
  4.100000      0.01593574
  4.200000      0.01260697
  4.300000      0.00951820
  4.400000      0.00642000
  4.500000      0.00305116
  4.600000     -0.00029368
  4.700000     -0.00356860
  4.800000     -0.00630259
  4.900000     -0.00813490
  5.000000     -0.00967338
  5.100000     -0.01164603
  5.200000     -0.01401502
  5.300000     -0.01635225
  5.400000     -0.01862179
  5.500000     -0.02127261
  5.600000     -0.02409671
  5.700000     -0.02708342
  5.800000     -0.03069892
  5.900000     -0.03451577
  6.000000     -0.03822255
  6.100000     -0.04068317
  6.200000     -0.04146116
  6.300000     -0.04109361
  6.400000     -0.03981384
  6.500000     -0.03721824
  6.600000     -0.03290934
  6.700000     -0.02716719
  6.800000     -0.02037961
  6.900000     -0.01253273
  7.000000     -0.00530525
  7.100000      0.00163152
  7.200000      0.00740304
  7.300000      0.01089291
  7.400000      0.01229855
  7.500000      0.01256428
  7.600000      0.01263919
  7.700000      0.01421914
  7.800000      0.01701031
  7.900000      0.01982902
  8.000000      0.02365414
  8.100000      0.02778372
  8.200000      0.03186432
  8.300000      0.03484056
  8.400000      0.03581030
  8.500000      0.03399810
  8.600000      0.02911102
  8.700000      0.02202910
  8.800000      0.01311326
  8.900000      0.00332560
  9.000000     -0.00704401
  9.100000     -0.01860741
  9.200000     -0.03093736
  9.300000     -0.04250507
  9.400000     -0.05282409
  9.500000     -0.06125139
  9.600000     -0.06657095
  9.700000     -0.06688169
  9.800000     -0.06256506
  9.900000     -0.05208668
 10.000000     -0.03735110
 10.100000     -0.02003269
 10.200000     -0.00207397
 10.300000      0.01582858
 10.400000      0.03232152
 10.500000      0.04661827
 10.600000      0.05801103
 10.700000      0.06700990
 10.800000      0.07269544
 10.900000      0.07492976
 11.000000      0.07422495
 11.100000      0.07025016
 11.200000      0.06438396
 11.300000      0.05756277
 11.400000      0.04971280
 11.500000      0.04122323
 11.600000      0.03144795
 11.700000      0.02047883
 11.800000      0.00903598
 11.900000     -0.00174230
 12.000000     -0.01309504
 12.100000     -0.02446637
 12.200000     -0.03670008
 12.300000     -0.04828792
 12.400000     -0.05934718
 12.500000     -0.07087011
 12.600000     -0.08103682
 12.700000     -0.08786991
 12.800000     -0.09302785
 12.900000     -0.09615035
 13.000000     -0.09673182
 13.100000     -0.09620026
 13.200000     -0.09561421
 13.300000     -0.09477836
 13.400000     -0.09489444
 13.500000     -0.09628620
 13.600000     -0.09928918
 13.700000     -0.10305708
 13.800000     -0.10642445
 13.900000     -0.10864807
 14.000000     -0.10375863
 14.100000     -0.08991142
 14.200000     -0.07259562
 14.300000     -0.06537059
 14.400000     -0.08250530
 14.500000     -0.10189828
 14.600000     -0.11309345
 14.700000     -0.10783832
 14.800000     -0.09457631
 14.900000     -0.09330664
 15.000000     -0.09580056
 15.100000     -0.09444775
 15.200000     -0.09256165
 15.300000     -0.08285914
 15.400000     -0.05407087
 15.500000     -0.01678209
 15.600000      0.02532499
 15.700000      0.07434798
 15.800000      0.13580143
 15.900000      0.21064326
 16.000000      0.29239557
 16.100000      0.38325312
 16.200000      0.47811844
 16.300000      0.57350979
 16.400000      0.66547589
 16.500000      0.75206805
 16.600000      0.82887220
 16.700000      0.89475572
 16.800000      0.94566225
 16.900000      0.98103475
 17.000000      1.00000000
 17.100000      0.99824924
 17.200000      0.97724652
 17.300000      0.93838976
 17.400000      0.88818413
 17.500000      0.83704078
 17.600000      0.78196324
 17.700000      0.71032102
 17.800000      0.62151850
 17.900000      0.52648361
 18.000000      0.43044972
 18.100000      0.33188109
 18.200000      0.22729643
 18.300000      0.12075177
 18.400000      0.02054382
 18.500000     -0.06762449
 18.600000     -0.14431064
 18.700000     -0.20753834
 18.800000     -0.26047588
 18.900000     -0.30169224
 19.000000     -0.32915671
 19.100000     -0.34458483
 19.200000     -0.35157733
 19.300000     -0.35124922
 19.400000     -0.34800283
 19.500000     -0.34369944
 19.600000     -0.33514898
 19.700000     -0.32310482
 19.800000     -0.31206328
 19.900000     -0.30436794
 20.000000     -0.29803880
 20.100000     -0.29327324
 20.200000     -0.28910903
 20.300000     -0.28298548
 20.400000     -0.27211842
 20.500000     -0.25652313
 20.600000     -0.23431286
 20.700000     -0.20785809
 20.800000     -0.18027898
 20.900000     -0.15568119
 21.000000     -0.13546370
 21.100000     -0.11900702
 21.200000     -0.10372409
 21.300000     -0.08779656
 21.400000     -0.07078155
 21.500000     -0.05526149
 21.600000     -0.04365341
 21.700000     -0.03649902
 21.800000     -0.03667512
 21.900000     -0.04502718
 22.000000     -0.05832853
 22.100000     -0.07120485
 22.200000     -0.08248343
 22.300000     -0.09040642
 22.400000     -0.09571585
 22.500000     -0.09930043
 22.600000     -0.10030912
 22.700000     -0.09955086
 22.800000     -0.10031668
 22.900000     -0.10391052
 23.000000     -0.10850414
 23.100000     -0.11300533
 23.200000     -0.11689194
 23.300000     -0.11774122
 23.400000     -0.11673181
 23.500000     -0.11275315
 23.600000     -0.10630430
 23.700000     -0.09965085
 23.800000     -0.09146081
 23.900000     -0.08123320
 24.000000     -0.06961951
 24.100000     -0.05970821
 24.200000     -0.05309372
 24.300000     -0.05100848
 24.400000     -0.05447062
 24.500000     -0.06179411
 24.600000     -0.07110067
 24.700000     -0.07943074
 24.800000     -0.08694848
 24.900000     -0.09401271
 25.000000     -0.09959723
 25.100000     -0.10294612
 25.200000     -0.10430995
 25.300000     -0.10591608
 25.400000     -0.10831488
 25.500000     -0.11148916
 25.600000     -0.11465293
 25.700000     -0.11626915
 25.800000     -0.11651890
 25.900000     -0.11477121
 26.000000     -0.11409907
 26.100000     -0.11357939
 26.200000     -0.11421921
 26.300000     -0.11442002
 26.400000     -0.11137257
 26.500000     -0.10377971
 26.600000     -0.09205503
 26.700000     -0.07893585
 26.800000     -0.06688589
 26.900000     -0.05523472
 27.000000     -0.04249754
 27.100000     -0.02838514
 27.200000     -0.01413243
 27.300000     -0.00266379
 27.400000      0.00578040
 27.500000      0.01065810
 27.600000      0.01537285
 27.700000      0.01666307
 27.800000      0.01543354
 27.900000      0.01157632
 28.000000      0.00725613
 28.100000      0.00293841
 28.200000     -0.00035397
 28.300000     -0.00288911
 28.400000     -0.00365028
 28.500000     -0.00344574
 28.600000     -0.00301250
 28.700000     -0.00256814
 28.800000     -0.00136792
 28.900000      0.00082339
 29.000000      0.00355622
 29.100000      0.00532425
 29.200000      0.00523599
 29.300000      0.00314172
 29.400000     -0.00134760
 29.500000     -0.00738666
 29.600000     -0.01533755
 29.700000     -0.02458975
 29.800000     -0.03504624
 29.900000     -0.04741677
 30.000000     -0.06265659
 30.100000     -0.08054988
 30.200000     -0.09893035
 30.300000     -0.11540707
 30.400000     -0.12802125
 30.500000     -0.13532544
 30.600000     -0.13848459
 30.700000     -0.14104842
 30.800000     -0.14317029
 30.900000     -0.14360050
 31.000000     -0.14061616
 31.100000     -0.13459824
 31.200000     -0.12679805
 31.300000     -0.11800193
 31.400000     -0.10872819
 31.500000     -0.10003445
 31.600000     -0.09336413
 31.700000     -0.08980716
 31.800000     -0.09002206
 31.900000     -0.09385624
 32.000000     -0.09963612
 32.100000     -0.10578624
 32.200000     -0.11071585
 32.300000     -0.11400090
 32.400000     -0.11587661
 32.500000     -0.11701345
 32.600000     -0.11734416
 32.700000     -0.11596353
 32.800000     -0.11152495
 32.900000     -0.10347639
 33.000000     -0.09153846
 33.100000     -0.07646370
 33.200000     -0.05832336
 33.300000     -0.04061590
 33.400000     -0.02403676
 33.500000     -0.00963283
 33.600000      0.00240509
 33.700000      0.01278433
 33.800000      0.02255047
 33.900000      0.03097980
 34.000000      0.03766980
 34.100000      0.04217906
 34.200000      0.04310720
 34.300000      0.04001030
 34.400000      0.03464043
 34.500000      0.02774211
 34.600000      0.01945295
 34.700000      0.01061748
 34.800000      0.00143300
 34.900000     -0.00817472
 35.000000     -0.01776766
 35.100000     -0.02695471
 35.200000     -0.03461281
 35.300000     -0.03954133
 35.400000     -0.04140112
 35.500000     -0.04014098
 35.600000     -0.03588340
 35.700000     -0.03052482
 35.800000     -0.02457682
 35.900000     -0.01801499
 36.000000     -0.01114701
 36.100000     -0.00461017
 36.200000      0.00142386
 36.300000      0.00627303
 36.400000      0.00942386
 36.500000      0.01103270
 36.600000      0.01126157
 36.700000      0.00985451
 36.800000      0.00664639
 36.900000      0.00158328
 37.000000     -0.00554835
 37.100000     -0.01411470
 37.200000     -0.02338474
 37.300000     -0.03355253
 37.400000     -0.04461253
 37.500000     -0.05644648
 37.600000     -0.06880715
 37.700000     -0.08126352
 37.800000     -0.09325874
 37.900000     -0.10410066
 38.000000     -0.11318767
 38.100000     -0.11970425
 38.200000     -0.12293473
 38.300000     -0.12323793
 38.400000     -0.12386935
 38.500000     -0.12339201
 38.600000     -0.12123405
 38.700000     -0.11729710
 38.800000     -0.11152021
 38.900000     -0.10402077
 39.000000     -0.09519955
 39.100000     -0.08534808
 39.200000     -0.07465139
 39.300000     -0.06324183
 39.400000     -0.05131593
 39.500000     -0.03937543
 39.600000     -0.02747541
 39.700000     -0.01614684
 39.800000     -0.00620476
 39.900000      0.00210326
