  0.000000      0.14615774
  0.100000      0.15076284
  0.200000      0.15420535
  0.300000      0.15854216
  0.400000      0.16243191
  0.500000      0.16816860
  0.600000      0.17577305
  0.700000      0.18112525
  0.800000      0.18516684
  0.900000      0.18834275
  1.000000      0.19138201
  1.100000      0.19577313
  1.200000      0.19917238
  1.300000      0.20314698
  1.400000      0.20865411
  1.500000      0.21317576
  1.600000      0.21356554
  1.700000      0.21333165
  1.800000      0.21492838
  1.900000      0.21563597
  2.000000      0.21536630
  2.100000      0.21743070
  2.200000      0.22013515
  2.300000      0.22090127
  2.400000      0.22200357
  2.500000      0.22391785
  2.600000      0.22716261
  2.700000      0.23011741
  2.800000      0.22893100
  2.900000      0.22631802
  3.000000      0.22681453
  3.100000      0.22818996
  3.200000      0.22975704
  3.300000      0.22956330
  3.400000      0.22932254
  3.500000      0.22818986
  3.600000      0.22635685
  3.700000      0.22438429
  3.800000      0.21927773
  3.900000      0.20981476
  4.000000      0.20318937
  4.100000      0.19897628
  4.200000      0.19551013
  4.300000      0.18671656
  4.400000      0.18060377
  4.500000      0.17677454
  4.600000      0.16964423
  4.700000      0.16256936
  4.800000      0.15574539
  4.900000      0.14859446
  5.000000      0.13763004
  5.100000      0.12940958
  5.200000      0.12324210
  5.300000      0.11354441
  5.400000      0.10226034
  5.500000      0.09558246
  5.600000      0.09127694
  5.700000      0.08459469
  5.800000      0.07416738
  5.900000      0.06166306
  6.000000      0.04708107
  6.100000      0.03493417
  6.200000      0.02173035
  6.300000      0.00713442
  6.400000     -0.00843591
  6.500000     -0.01904475
  6.600000     -0.02465134
  6.700000     -0.02622914
  6.800000     -0.02583075
  6.900000     -0.02912564
  7.000000     -0.03185914
  7.100000     -0.03655463
  7.200000     -0.04085990
  7.300000     -0.03432048
  7.400000     -0.02950808
  7.500000     -0.02347720
  7.600000     -0.01899165
  7.700000     -0.01092746
  7.800000     -0.00539982
  7.900000      0.00254582
  8.000000      0.01989690
  8.100000      0.03603811
  8.200000      0.05020022
  8.300000      0.07511080
  8.400000      0.10221935
  8.500000      0.12920967
  8.600000      0.15347914
  8.700000      0.17943591
  8.800000      0.21597272
  8.900000      0.25756060
  9.000000      0.30072048
  9.100000      0.34623343
  9.200000      0.39418460
  9.300000      0.44634225
  9.400000      0.49755073
  9.500000      0.55146523
  9.600000      0.61483458
  9.700000      0.66795675
  9.800000      0.71155685
  9.900000      0.75420357
 10.000000      0.79124545
 10.100000      0.81888576
 10.200000      0.85073325
 10.300000      0.87652018
 10.400000      0.90375611
 10.500000      0.92301543
 10.600000      0.94220554
 10.700000      0.96336653
 10.800000      0.98274534
 10.900000      1.00000000
 11.000000      0.99612809
 11.100000      0.98550678
 11.200000      0.95634157
 11.300000      0.92625574
 11.400000      0.89780246
 11.500000      0.87670965
 11.600000      0.85369197
 11.700000      0.81980241
 11.800000      0.77825811
 11.900000      0.73755216
 12.000000      0.68737426
 12.100000      0.62890179
 12.200000      0.57604441
 12.300000      0.52120561
 12.400000      0.46352655
 12.500000      0.40288752
 12.600000      0.34624137
 12.700000      0.29333684
 12.800000      0.23113936
 12.900000      0.16798235
 13.000000      0.11320984
 13.100000      0.05917181
 13.200000      0.00875132
 13.300000     -0.04257441
 13.400000     -0.08495111
 13.500000     -0.12428300
 13.600000     -0.16366976
 13.700000     -0.19975776
 13.800000     -0.23245665
 13.900000     -0.25659893
 14.000000     -0.27799621
 14.100000     -0.29267167
 14.200000     -0.30717834
 14.300000     -0.32569161
 14.400000     -0.34855394
 14.500000     -0.35839384
 14.600000     -0.37532127
 14.700000     -0.38165324
 14.800000     -0.39640838
 14.900000     -0.40654019
 15.000000     -0.41713250
 15.100000     -0.41864238
 15.200000     -0.41529597
 15.300000     -0.40105315
 15.400000     -0.40144607
 15.500000     -0.39979730
 15.600000     -0.38806173
 15.700000     -0.37663981
 15.800000     -0.36222616
 15.900000     -0.35149456
 16.000000     -0.34294582
 16.100000     -0.33724632
 16.200000     -0.33583958
 16.300000     -0.33279781
 16.400000     -0.33815364
 16.500000     -0.34498220
 16.600000     -0.34968615
 16.700000     -0.34746744
 16.800000     -0.34824897
 16.900000     -0.34705573
 17.000000     -0.33338634
 17.100000     -0.31616875
 17.200000     -0.29506793
 17.300000     -0.27024595
 17.400000     -0.24597323
 17.500000     -0.23046727
 17.600000     -0.22245271
 17.700000     -0.20611246
 17.800000     -0.19284799
 17.900000     -0.18209405
 18.000000     -0.18204592
 18.100000     -0.18687882
 18.200000     -0.19088042
 18.300000     -0.19401625
 18.400000     -0.19331241
 18.500000     -0.20163862
 18.600000     -0.20434528
 18.700000     -0.20258484
 18.800000     -0.19811562
 18.900000     -0.18268974
 19.000000     -0.17570635
 19.100000     -0.16781871
 19.200000     -0.16685547
 19.300000     -0.16588021
 19.400000     -0.16514865
 19.500000     -0.16422797
 19.600000     -0.16424645
 19.700000     -0.16771630
 19.800000     -0.17435494
 19.900000     -0.17735031
 20.000000     -0.18156899
 20.100000     -0.18727234
 20.200000     -0.18706209
 20.300000     -0.18866452
 20.400000     -0.19144513
 20.500000     -0.18540262
 20.600000     -0.18190015
 20.700000     -0.17628143
 20.800000     -0.17091813
 20.900000     -0.16901142
 21.000000     -0.16712004
 21.100000     -0.17304501
 21.200000     -0.17627069
 21.300000     -0.18256243
 21.400000     -0.19009534
 21.500000     -0.19756426
 21.600000     -0.19592345
 21.700000     -0.19379205
 21.800000     -0.19352316
 21.900000     -0.19243328
 22.000000     -0.19204380
 22.100000     -0.19880215
 22.200000     -0.21471143
 22.300000     -0.22543557
 22.400000     -0.23316895
 22.500000     -0.23451033
 22.600000     -0.23769698
 22.700000     -0.24022634
 22.800000     -0.24171205
 22.900000     -0.24316385
 23.000000     -0.24285499
 23.100000     -0.23868098
 23.200000     -0.23842752
 23.300000     -0.23813833
 23.400000     -0.23624750
 23.500000     -0.23881843
 23.600000     -0.23374482
 23.700000     -0.22538979
 23.800000     -0.21992577
 23.900000     -0.21515196
 24.000000     -0.21048773
 24.100000     -0.20677646
 24.200000     -0.20257847
 24.300000     -0.19770131
 24.400000     -0.18511577
 24.500000     -0.17150588
 24.600000     -0.16634227
 24.700000     -0.16074682
 24.800000     -0.15926208
 24.900000     -0.15679270
 25.000000     -0.15509127
 25.100000     -0.15896117
 25.200000     -0.16273726
 25.300000     -0.16578984
 25.400000     -0.16509177
 25.500000     -0.16368564
 25.600000     -0.16564394
 25.700000     -0.16923965
 25.800000     -0.17223091
 25.900000     -0.17239877
 26.000000     -0.17573605
 26.100000     -0.17801223
 26.200000     -0.17955365
 26.300000     -0.18202773
 26.400000     -0.18224127
 26.500000     -0.17339153
 26.600000     -0.16080691
 26.700000     -0.15110207
 26.800000     -0.14559951
 26.900000     -0.13933114
 27.000000     -0.13631246
 27.100000     -0.13167506
 27.200000     -0.13094598
 27.300000     -0.13136920
 27.400000     -0.13234376
 27.500000     -0.12935737
 27.600000     -0.12674623
 27.700000     -0.12565490
 27.800000     -0.12258050
 27.900000     -0.11855355
 28.000000     -0.11461211
 28.100000     -0.11546083
 28.200000     -0.10912637
 28.300000     -0.10107111
 28.400000     -0.09664776
 28.500000     -0.09177453
 28.600000     -0.08798570
 28.700000     -0.08379505
 28.800000     -0.07930869
 28.900000     -0.07648493
 29.000000     -0.07347020
 29.100000     -0.06980578
 29.200000     -0.06734756
 29.300000     -0.06657372
 29.400000     -0.06487676
 29.500000     -0.06302618
 29.600000     -0.06170862
 29.700000     -0.05929115
 29.800000     -0.05754394
 29.900000     -0.05634890
 30.000000     -0.05507918
 30.100000     -0.05289190
 30.200000     -0.05291400
 30.300000     -0.05015571
 30.400000     -0.04235233
 30.500000     -0.03892686
 30.600000     -0.03728937
 30.700000     -0.03438685
 30.800000     -0.03211213
 30.900000     -0.03036503
 31.000000     -0.03157604
 31.100000     -0.03347917
 31.200000     -0.03261616
 31.300000     -0.03239166
 31.400000     -0.03372598
 31.500000     -0.03462636
 31.600000     -0.03574744
 31.700000     -0.03964028
 31.800000     -0.04268353
 31.900000     -0.04279587
 32.000000     -0.04241406
 32.100000     -0.04295986
 32.200000     -0.04601201
 32.300000     -0.04896871
 32.400000     -0.05142849
 32.500000     -0.05466426
 32.600000     -0.06039741
 32.700000     -0.06455812
 32.800000     -0.06652099
 32.900000     -0.06708946
 33.000000     -0.06775049
 33.100000     -0.07050339
 33.200000     -0.07184602
 33.300000     -0.07301348
 33.400000     -0.07451454
 33.500000     -0.07492847
 33.600000     -0.07556166
 33.700000     -0.07579523
 33.800000     -0.07540941
 33.900000     -0.07538421
 34.000000     -0.07490341
 34.100000     -0.07594042
 34.200000     -0.07687549
 34.300000     -0.07727289
 34.400000     -0.07743380
 34.500000     -0.07617184
 34.600000     -0.07469747
 34.700000     -0.07402976
 34.800000     -0.07328660
 34.900000     -0.06977056
 35.000000     -0.06494266
 35.100000     -0.06105443
 35.200000     -0.05598192
 35.300000     -0.05083261
 35.400000     -0.04713131
 35.500000     -0.04389784
 35.600000     -0.04128750
 35.700000     -0.03950465
 35.800000     -0.03683187
 35.900000     -0.03436941
 36.000000     -0.03192486
 36.100000     -0.02938209
 36.200000     -0.02572776
 36.300000     -0.02080294
 36.400000     -0.01558759
 36.500000     -0.01247097
 36.600000     -0.00948509
 36.700000     -0.00399189
 36.800000     -0.00024135
 36.900000      0.00140330
 37.000000      0.00340567
 37.100000      0.00646299
 37.200000      0.00848664
 37.300000      0.01081749
 37.400000      0.01463049
 37.500000      0.01924528
 37.600000      0.01963593
 37.700000      0.01879260
 37.800000      0.01839082
 37.900000      0.01740651
 38.000000      0.01575493
 38.100000      0.01415697
 38.200000      0.01266116
 38.300000      0.00807950
 38.400000      0.00225170
 38.500000     -0.00172878
 38.600000     -0.00415929
 38.700000     -0.00655527
 38.800000     -0.00992373
 38.900000     -0.01394179
 39.000000     -0.01683819
 39.100000     -0.02062777
 39.200000     -0.02457965
 39.300000     -0.02728793
 39.400000     -0.02998236
 39.500000     -0.03586040
 39.600000     -0.04036275
 39.700000     -0.04056319
 39.800000     -0.04274980
 39.900000     -0.04545153
