  0.000000     -0.00424060
  0.100000     -0.00416458
  0.200000     -0.00438131
  0.300000     -0.00456647
  0.400000     -0.00431398
  0.500000     -0.00402332
  0.600000     -0.00359790
  0.700000     -0.00342202
  0.800000     -0.00345846
  0.900000     -0.00353633
  1.000000     -0.00345954
  1.100000     -0.00326541
  1.200000     -0.00299249
  1.300000     -0.00297804
  1.400000     -0.00350447
  1.500000     -0.00388566
  1.600000     -0.00401070
  1.700000     -0.00444498
  1.800000     -0.00485579
  1.900000     -0.00520932
  2.000000     -0.00590812
  2.100000     -0.00586282
  2.200000     -0.00571462
  2.300000     -0.00575126
  2.400000     -0.00578381
  2.500000     -0.00591622
  2.600000     -0.00591845
  2.700000     -0.00563758
  2.800000     -0.00559252
  2.900000     -0.00574660
  3.000000     -0.00599554
  3.100000     -0.00572494
  3.200000     -0.00496845
  3.300000     -0.00496778
  3.400000     -0.00511166
  3.500000     -0.00511219
  3.600000     -0.00559715
  3.700000     -0.00614708
  3.800000     -0.00643004
  3.900000     -0.00674387
  4.000000     -0.00724869
  4.100000     -0.00776109
  4.200000     -0.00839041
  4.300000     -0.00887630
  4.400000     -0.00905792
  4.500000     -0.00891524
  4.600000     -0.00903977
  4.700000     -0.00975323
  4.800000     -0.00987158
  4.900000     -0.01010621
  5.000000     -0.01028541
  5.100000     -0.00977581
  5.200000     -0.00916447
  5.300000     -0.00899631
  5.400000     -0.00877954
  5.500000     -0.00793744
  5.600000     -0.00708140
  5.700000     -0.00641128
  5.800000     -0.00618566
  5.900000     -0.00559989
  6.000000     -0.00505110
  6.100000     -0.00512027
  6.200000     -0.00493801
  6.300000     -0.00497751
  6.400000     -0.00474893
  6.500000     -0.00403385
  6.600000     -0.00360286
  6.700000     -0.00378074
  6.800000     -0.00395135
  6.900000     -0.00384546
  7.000000     -0.00352124
  7.100000     -0.00297528
  7.200000     -0.00188382
  7.300000     -0.00169021
  7.400000     -0.00162458
  7.500000     -0.00149836
  7.600000     -0.00074836
  7.700000     -0.00040176
  7.800000     -0.00009987
  7.900000      0.00006039
  8.000000      0.00072935
  8.100000      0.00139496
  8.200000      0.00143771
  8.300000      0.00158516
  8.400000      0.00182700
  8.500000      0.00196098
  8.600000      0.00220327
  8.700000      0.00253907
  8.800000      0.00315557
  8.900000      0.00336251
  9.000000      0.00353678
  9.100000      0.00380084
  9.200000      0.00369419
  9.300000      0.00364327
  9.400000      0.00396117
  9.500000      0.00397988
  9.600000      0.00421535
  9.700000      0.00470405
  9.800000      0.00489244
  9.900000      0.00549215
 10.000000      0.00628897
 10.100000      0.00659082
 10.200000      0.00712405
 10.300000      0.00757783
 10.400000      0.00777035
 10.500000      0.00781094
 10.600000      0.00835562
 10.700000      0.00851500
 10.800000      0.00815971
 10.900000      0.00826229
 11.000000      0.00840282
 11.100000      0.00834099
 11.200000      0.00897095
 11.300000      0.00911422
 11.400000      0.00953658
 11.500000      0.01071616
 11.600000      0.01171233
 11.700000      0.01242766
 11.800000      0.01315310
 11.900000      0.01361433
 12.000000      0.01475205
 12.100000      0.01613501
 12.200000      0.01738843
 12.300000      0.01860815
 12.400000      0.01984636
 12.500000      0.02034130
 12.600000      0.02051961
 12.700000      0.02124366
 12.800000      0.02235449
 12.900000      0.02337845
 13.000000      0.02469524
 13.100000      0.02581349
 13.200000      0.02656290
 13.300000      0.02819718
 13.400000      0.02971345
 13.500000      0.03115879
 13.600000      0.03261242
 13.700000      0.03425936
 13.800000      0.03613939
 13.900000      0.03807151
 14.000000      0.04006721
 14.100000      0.04115682
 14.200000      0.04229260
 14.300000      0.04400455
 14.400000      0.04550231
 14.500000      0.04653554
 14.600000      0.04813647
 14.700000      0.04996234
 14.800000      0.05055679
 14.900000      0.05154645
 15.000000      0.05354967
 15.100000      0.05512943
 15.200000      0.05618323
 15.300000      0.05770511
 15.400000      0.05931576
 15.500000      0.06100733
 15.600000      0.06220201
 15.700000      0.06352736
 15.800000      0.06523403
 15.900000      0.06640604
 16.000000      0.06751504
 16.100000      0.06870539
 16.200000      0.06951809
 16.300000      0.07034768
 16.400000      0.07160593
 16.500000      0.07233844
 16.600000      0.07307158
 16.700000      0.07414167
 16.800000      0.07514108
 16.900000      0.07580762
 17.000000      0.07629687
 17.100000      0.07743473
 17.200000      0.07808817
 17.300000      0.07813047
 17.400000      0.07789382
 17.500000      0.07849928
 17.600000      0.07964928
 17.700000      0.08053715
 17.800000      0.08136837
 17.900000      0.08283219
 18.000000      0.08450302
 18.100000      0.08544702
 18.200000      0.08704395
 18.300000      0.08978561
 18.400000      0.09251784
 18.500000      0.09610955
 18.600000      0.10113951
 18.700000      0.10624147
 18.800000      0.11219336
 18.900000      0.11903557
 19.000000      0.12653284
 19.100000      0.13568343
 19.200000      0.14633692
 19.300000      0.15785146
 19.400000      0.17028774
 19.500000      0.18486604
 19.600000      0.20093328
 19.700000      0.21764145
 19.800000      0.23583273
 19.900000      0.25586523
 20.000000      0.27696948
 20.100000      0.29911234
 20.200000      0.32259272
 20.300000      0.34748858
 20.400000      0.37329260
 20.500000      0.40012459
 20.600000      0.42804033
 20.700000      0.45630453
 20.800000      0.48493985
 20.900000      0.51421161
 21.000000      0.54315216
 21.100000      0.57214453
 21.200000      0.60185203
 21.300000      0.63075782
 21.400000      0.65930783
 21.500000      0.68680454
 21.600000      0.71282517
 21.700000      0.73783865
 21.800000      0.76264808
 21.900000      0.78612980
 22.000000      0.80730256
 22.100000      0.82726923
 22.200000      0.84581713
 22.300000      0.86184809
 22.400000      0.87569677
 22.500000      0.88799349
 22.600000      0.89784687
 22.700000      0.90595380
 22.800000      0.91255495
 22.900000      0.91638755
 23.000000      0.91689958
 23.100000      0.91531529
 23.200000      0.91083695
 23.300000      0.90339072
 23.400000      0.89322896
 23.500000      0.88039823
 23.600000      0.86502033
 23.700000      0.84648727
 23.800000      0.82538424
 23.900000      0.80066229
 24.000000      0.77297674
 24.100000      0.74230029
 24.200000      0.70846087
 24.300000      0.67172807
 24.400000      0.63270465
 24.500000      0.59175803
 24.600000      0.54703051
 24.700000      0.49937564
 24.800000      0.45000408
 24.900000      0.39882390
 25.000000      0.34675128
 25.100000      0.29320494
 25.200000      0.23840557
 25.300000      0.18298775
 25.400000      0.12788602
 25.500000      0.07256004
 25.600000      0.01733790
 25.700000     -0.03737811
 25.800000     -0.09250552
 25.900000     -0.14711544
 26.000000     -0.20058399
 26.100000     -0.25260153
 26.200000     -0.30331317
 26.300000     -0.35316304
 26.400000     -0.40168372
 26.500000     -0.44818147
 26.600000     -0.49388879
 26.700000     -0.53845385
 26.800000     -0.58147095
 26.900000     -0.62311579
 27.000000     -0.66284987
 27.100000     -0.70032250
 27.200000     -0.73593055
 27.300000     -0.77017075
 27.400000     -0.80286382
 27.500000     -0.83360026
 27.600000     -0.86205562
 27.700000     -0.88768372
 27.800000     -0.91017532
 27.900000     -0.93095906
 28.000000     -0.94963490
 28.100000     -0.96490734
 28.200000     -0.97736997
 28.300000     -0.98740890
 28.400000     -0.99423538
 28.500000     -0.99804264
 28.600000     -1.00000000
 28.700000     -0.99952060
 28.800000     -0.99625419
 28.900000     -0.99045117
 29.000000     -0.98247366
 29.100000     -0.97227010
 29.200000     -0.95992033
 29.300000     -0.94499638
 29.400000     -0.92832741
 29.500000     -0.90981977
 29.600000     -0.88917835
 29.700000     -0.86750544
 29.800000     -0.84432265
 29.900000     -0.81980055
 30.000000     -0.79391080
 30.100000     -0.76727023
 30.200000     -0.73998807
 30.300000     -0.71180265
 30.400000     -0.68371293
 30.500000     -0.65540189
 30.600000     -0.62737020
 30.700000     -0.59973166
 30.800000     -0.57239473
 30.900000     -0.54481917
 31.000000     -0.51772224
 31.100000     -0.49188063
 31.200000     -0.46665979
 31.300000     -0.44254799
 31.400000     -0.42012010
 31.500000     -0.39740433
 31.600000     -0.37574813
 31.700000     -0.35570314
 31.800000     -0.33664636
 31.900000     -0.31829613
 32.000000     -0.30115008
 32.100000     -0.28475014
 32.200000     -0.26926569
 32.300000     -0.25489067
 32.400000     -0.24173853
 32.500000     -0.22894104
 32.600000     -0.21687695
 32.700000     -0.20532885
 32.800000     -0.19521905
 32.900000     -0.18585249
 33.000000     -0.17654580
 33.100000     -0.16813960
 33.200000     -0.16122938
 33.300000     -0.15477945
 33.400000     -0.14889867
 33.500000     -0.14397695
 33.600000     -0.13959045
 33.700000     -0.13600215
 33.800000     -0.13311678
 33.900000     -0.12989585
 34.000000     -0.12718997
 34.100000     -0.12521683
 34.200000     -0.12315785
 34.300000     -0.12092038
 34.400000     -0.11877954
 34.500000     -0.11708375
 34.600000     -0.11486410
 34.700000     -0.11246652
 34.800000     -0.11095833
 34.900000     -0.10828529
 35.000000     -0.10535990
 35.100000     -0.10348119
 35.200000     -0.10120850
 35.300000     -0.09946287
 35.400000     -0.09727241
 35.500000     -0.09502604
 35.600000     -0.09268545
 35.700000     -0.09042600
 35.800000     -0.08790358
 35.900000     -0.08544805
 36.000000     -0.08315894
 36.100000     -0.08142961
 36.200000     -0.07946321
 36.300000     -0.07702414
 36.400000     -0.07441525
 36.500000     -0.07172403
 36.600000     -0.06915824
 36.700000     -0.06654406
 36.800000     -0.06377306
 36.900000     -0.06130418
 37.000000     -0.05902594
 37.100000     -0.05672469
 37.200000     -0.05429215
 37.300000     -0.05272579
 37.400000     -0.05065944
 37.500000     -0.04797925
 37.600000     -0.04581859
 37.700000     -0.04393069
 37.800000     -0.04205302
 37.900000     -0.03983550
 38.000000     -0.03751203
 38.100000     -0.03499903
 38.200000     -0.03324748
 38.300000     -0.03193789
 38.400000     -0.02921213
 38.500000     -0.02635628
 38.600000     -0.02421608
 38.700000     -0.02223591
 38.800000     -0.01956602
 38.900000     -0.01643546
 39.000000     -0.01344476
 39.100000     -0.01053274
 39.200000     -0.00760446
 39.300000     -0.00452988
 39.400000     -0.00105770
 39.500000      0.00285884
 39.600000      0.00619003
 39.700000      0.00936831
 39.800000      0.01306555
 39.900000      0.01635411
