  0.000000      0.03336374
  0.100000      0.03264037
  0.200000      0.03185497
  0.300000      0.03157280
  0.400000      0.03221434
  0.500000      0.03292890
  0.600000      0.03307612
  0.700000      0.03200331
  0.800000      0.03009333
  0.900000      0.02826275
  1.000000      0.02686524
  1.100000      0.02593578
  1.200000      0.02493116
  1.300000      0.02380053
  1.400000      0.02239148
  1.500000      0.02073689
  1.600000      0.01882245
  1.700000      0.01683521
  1.800000      0.01519077
  1.900000      0.01372620
  2.000000      0.01240422
  2.100000      0.01077981
  2.200000      0.00906539
  2.300000      0.00741991
  2.400000      0.00613328
  2.500000      0.00572735
  2.600000      0.00605473
  2.700000      0.00646093
  2.800000      0.00690960
  2.900000      0.00735734
  3.000000      0.00768452
  3.100000      0.00786371
  3.200000      0.00811754
  3.300000      0.00826732
  3.400000      0.00810160
  3.500000      0.00769695
  3.600000      0.00714289
  3.700000      0.00704346
  3.800000      0.00705496
  3.900000      0.00680072
  4.000000      0.00598096
  4.100000      0.00469447
  4.200000      0.00307720
  4.300000      0.00089659
  4.400000     -0.00118183
  4.500000     -0.00300786
  4.600000     -0.00513112
  4.700000     -0.00791697
  4.800000     -0.01094649
  4.900000     -0.01422564
  5.000000     -0.01751766
  5.100000     -0.02046415
  5.200000     -0.02297160
  5.300000     -0.02533309
  5.400000     -0.02745161
  5.500000     -0.02930445
  5.600000     -0.03126069
  5.700000     -0.03361848
  5.800000     -0.03599830
  5.900000     -0.03807621
  6.000000     -0.04003240
  6.100000     -0.04202522
  6.200000     -0.04399429
  6.300000     -0.04593765
  6.400000     -0.04799295
  6.500000     -0.05027364
  6.600000     -0.05298518
  6.700000     -0.05541835
  6.800000     -0.05710508
  6.900000     -0.05808921
  7.000000     -0.05881244
  7.100000     -0.05988030
  7.200000     -0.06166707
  7.300000     -0.06350274
  7.400000     -0.06535946
  7.500000     -0.06709646
  7.600000     -0.06893591
  7.700000     -0.07025726
  7.800000     -0.07146681
  7.900000     -0.07273863
  8.000000     -0.07388525
  8.100000     -0.07533632
  8.200000     -0.07758472
  8.300000     -0.07936231
  8.400000     -0.08019368
  8.500000     -0.07988521
  8.600000     -0.07989853
  8.700000     -0.08048980
  8.800000     -0.08120143
  8.900000     -0.08189055
  9.000000     -0.08253418
  9.100000     -0.08326926
  9.200000     -0.08423610
  9.300000     -0.08533834
  9.400000     -0.08740463
  9.500000     -0.08982809
  9.600000     -0.09170595
  9.700000     -0.09345618
  9.800000     -0.09552124
  9.900000     -0.09821017
 10.000000     -0.10134295
 10.100000     -0.10395081
 10.200000     -0.10632202
 10.300000     -0.10888494
 10.400000     -0.11185058
 10.500000     -0.11376317
 10.600000     -0.11475802
 10.700000     -0.11607859
 10.800000     -0.11726685
 10.900000     -0.11883936
 11.000000     -0.12078950
 11.100000     -0.12269571
 11.200000     -0.12443826
 11.300000     -0.12583418
 11.400000     -0.12700136
 11.500000     -0.12816347
 11.600000     -0.12898649
 11.700000     -0.12992660
 11.800000     -0.13181586
 11.900000     -0.13400636
 12.000000     -0.13635075
 12.100000     -0.13914087
 12.200000     -0.14187074
 12.300000     -0.14412031
 12.400000     -0.14659555
 12.500000     -0.14895153
 12.600000     -0.15122664
 12.700000     -0.15310004
 12.800000     -0.15563457
 12.900000     -0.15904536
 13.000000     -0.16283954
 13.100000     -0.16744107
 13.200000     -0.17222865
 13.300000     -0.17627686
 13.400000     -0.18002820
 13.500000     -0.18309135
 13.600000     -0.18661506
 13.700000     -0.19078620
 13.800000     -0.19444025
 13.900000     -0.19843188
 14.000000     -0.20219727
 14.100000     -0.20590439
 14.200000     -0.21004594
 14.300000     -0.21416367
 14.400000     -0.21887521
 14.500000     -0.22520141
 14.600000     -0.23111427
 14.700000     -0.23634652
 14.800000     -0.24095881
 14.900000     -0.24467465
 15.000000     -0.24855826
 15.100000     -0.25223086
 15.200000     -0.25475772
 15.300000     -0.25595891
 15.400000     -0.25643551
 15.500000     -0.25649452
 15.600000     -0.25599412
 15.700000     -0.25377365
 15.800000     -0.25130887
 15.900000     -0.24905884
 16.000000     -0.24566559
 16.100000     -0.24174080
 16.200000     -0.23597938
 16.300000     -0.22902730
 16.400000     -0.22273680
 16.500000     -0.21737290
 16.600000     -0.21331369
 16.700000     -0.21051263
 16.800000     -0.20770030
 16.900000     -0.20482551
 17.000000     -0.20187102
 17.100000     -0.19825573
 17.200000     -0.19704193
 17.300000     -0.19627140
 17.400000     -0.19583899
 17.500000     -0.19599020
 17.600000     -0.19509884
 17.700000     -0.19360001
 17.800000     -0.19171044
 17.900000     -0.19076333
 18.000000     -0.19061124
 18.100000     -0.19011129
 18.200000     -0.18880045
 18.300000     -0.18717469
 18.400000     -0.18485192
 18.500000     -0.18294654
 18.600000     -0.18174904
 18.700000     -0.18171262
 18.800000     -0.18375778
 18.900000     -0.18685746
 19.000000     -0.18821771
 19.100000     -0.18799950
 19.200000     -0.18911637
 19.300000     -0.19162115
 19.400000     -0.19334648
 19.500000     -0.19447756
 19.600000     -0.19410958
 19.700000     -0.19449089
 19.800000     -0.19523956
 19.900000     -0.19441817
 20.000000     -0.19354589
 20.100000     -0.19265872
 20.200000     -0.19399089
 20.300000     -0.19358278
 20.400000     -0.19455187
 20.500000     -0.19693178
 20.600000     -0.19779181
 20.700000     -0.19788386
 20.800000     -0.19597327
 20.900000     -0.19237847
 21.000000     -0.19069609
 21.100000     -0.19108542
 21.200000     -0.19269159
 21.300000     -0.19584815
 21.400000     -0.19960473
 21.500000     -0.20390952
 21.600000     -0.21099544
 21.700000     -0.21180016
 21.800000     -0.20994092
 21.900000     -0.20960425
 22.000000     -0.20897094
 22.100000     -0.20715261
 22.200000     -0.20371992
 22.300000     -0.19819681
 22.400000     -0.19248301
 22.500000     -0.19462307
 22.600000     -0.19853043
 22.700000     -0.20070524
 22.800000     -0.19868382
 22.900000     -0.19481438
 23.000000     -0.18805611
 23.100000     -0.18052296
 23.200000     -0.17494654
 23.300000     -0.17179352
 23.400000     -0.17009635
 23.500000     -0.16988432
 23.600000     -0.17054631
 23.700000     -0.17339868
 23.800000     -0.17467952
 23.900000     -0.17263361
 24.000000     -0.16725698
 24.100000     -0.15562828
 24.200000     -0.14008745
 24.300000     -0.12609975
 24.400000     -0.11305313
 24.500000     -0.09604066
 24.600000     -0.07783939
 24.700000     -0.06173615
 24.800000     -0.04736769
 24.900000     -0.03468423
 25.000000     -0.02196840
 25.100000     -0.00790918
 25.200000      0.01197097
 25.300000      0.03422273
 25.400000      0.05687152
 25.500000      0.08205771
 25.600000      0.10936038
 25.700000      0.13650935
 25.800000      0.16483134
 25.900000      0.19362090
 26.000000      0.22349900
 26.100000      0.25429155
 26.200000      0.28277949
 26.300000      0.31090363
 26.400000      0.33751905
 26.500000      0.36572885
 26.600000      0.39837412
 26.700000      0.43586537
 26.800000      0.47981436
 26.900000      0.52322920
 27.000000      0.56567734
 27.100000      0.60701738
 27.200000      0.64831066
 27.300000      0.69051207
 27.400000      0.72955649
 27.500000      0.76782429
 27.600000      0.80356469
 27.700000      0.83397440
 27.800000      0.85999325
 27.900000      0.88189589
 28.000000      0.90107069
 28.100000      0.92048367
 28.200000      0.93858308
 28.300000      0.95469648
 28.400000      0.96929840
 28.500000      0.98205362
 28.600000      0.99069811
 28.700000      0.99534598
 28.800000      0.99844824
 28.900000      1.00000000
 29.000000      0.99808870
 29.100000      0.99451030
 29.200000      0.98831502
 29.300000      0.97947771
 29.400000      0.96840157
 29.500000      0.95430314
 29.600000      0.93864267
 29.700000      0.92122230
 29.800000      0.90120418
 29.900000      0.87845992
 30.000000      0.85360940
 30.100000      0.82598046
 30.200000      0.79582170
 30.300000      0.76421941
 30.400000      0.73225795
 30.500000      0.69700455
 30.600000      0.65919047
 30.700000      0.61976148
 30.800000      0.57729013
 30.900000      0.53282892
 31.000000      0.48750721
 31.100000      0.44388654
 31.200000      0.40117527
 31.300000      0.35933347
 31.400000      0.31739976
 31.500000      0.27706322
 31.600000      0.23831985
 31.700000      0.20123934
 31.800000      0.16779266
 31.900000      0.13769808
 32.000000      0.10871860
 32.100000      0.08240046
 32.200000      0.05833555
 32.300000      0.03535734
 32.400000      0.01479793
 32.500000     -0.00384072
 32.600000     -0.02131405
 32.700000     -0.03568873
 32.800000     -0.04713299
 32.900000     -0.05609613
 33.000000     -0.06418383
 33.100000     -0.07328365
 33.200000     -0.08264450
 33.300000     -0.09205868
 33.400000     -0.10227874
 33.500000     -0.11166599
 33.600000     -0.11913220
 33.700000     -0.12354741
 33.800000     -0.12476873
 33.900000     -0.12498991
 34.000000     -0.12554000
 34.100000     -0.12671788
 34.200000     -0.12908451
 34.300000     -0.13058838
 34.400000     -0.12879909
 34.500000     -0.12642837
 34.600000     -0.12364787
 34.700000     -0.12042762
 34.800000     -0.11663551
 34.900000     -0.11305449
 35.000000     -0.10922397
 35.100000     -0.10444529
 35.200000     -0.09828950
 35.300000     -0.09231544
 35.400000     -0.08659200
 35.500000     -0.08117737
 35.600000     -0.07645414
 35.700000     -0.07126688
 35.800000     -0.06650098
 35.900000     -0.06179980
 36.000000     -0.05672705
 36.100000     -0.05181195
 36.200000     -0.04725947
 36.300000     -0.04269362
 36.400000     -0.03824899
 36.500000     -0.03438117
 36.600000     -0.03057336
 36.700000     -0.02663183
 36.800000     -0.02265734
 36.900000     -0.01802226
 37.000000     -0.01303169
 37.100000     -0.00823643
 37.200000     -0.00314664
 37.300000      0.00089757
 37.400000      0.00343083
 37.500000      0.00631771
 37.600000      0.00947993
 37.700000      0.01275533
 37.800000      0.01583980
 37.900000      0.01840113
 38.000000      0.01966855
 38.100000      0.02025447
 38.200000      0.02086966
 38.300000      0.02173227
 38.400000      0.02250995
 38.500000      0.02332806
 38.600000      0.02409672
 38.700000      0.02506927
 38.800000      0.02593993
 38.900000      0.02663193
 39.000000      0.02770192
 39.100000      0.02902189
 39.200000      0.03010856
 39.300000      0.03084480
 39.400000      0.03146089
 39.500000      0.03230093
 39.600000      0.03293117
 39.700000      0.03305826
 39.800000      0.03302320
 39.900000      0.03329088
