  0.000000     -0.01231660
  0.100000     -0.01222727
  0.200000     -0.01213803
  0.300000     -0.01230924
  0.400000     -0.01222528
  0.500000     -0.01215706
  0.600000     -0.01211055
  0.700000     -0.01195038
  0.800000     -0.01188664
  0.900000     -0.01183605
  1.000000     -0.01207694
  1.100000     -0.01221628
  1.200000     -0.01240554
  1.300000     -0.01235303
  1.400000     -0.01236989
  1.500000     -0.01254303
  1.600000     -0.01278806
  1.700000     -0.01287636
  1.800000     -0.01284619
  1.900000     -0.01266847
  2.000000     -0.01249165
  2.100000     -0.01255579
  2.200000     -0.01247478
  2.300000     -0.01245517
  2.400000     -0.01230857
  2.500000     -0.01249230
  2.600000     -0.01255331
  2.700000     -0.01235523
  2.800000     -0.01244051
  2.900000     -0.01247048
  3.000000     -0.01261038
  3.100000     -0.01248193
  3.200000     -0.01253280
  3.300000     -0.01246941
  3.400000     -0.01278439
  3.500000     -0.01285679
  3.600000     -0.01299168
  3.700000     -0.01305669
  3.800000     -0.01294509
  3.900000     -0.01308730
  4.000000     -0.01363759
  4.100000     -0.01399796
  4.200000     -0.01416770
  4.300000     -0.01445224
  4.400000     -0.01455131
  4.500000     -0.01468822
  4.600000     -0.01499769
  4.700000     -0.01528266
  4.800000     -0.01539634
  4.900000     -0.01597523
  5.000000     -0.01581581
  5.100000     -0.01581045
  5.200000     -0.01594400
  5.300000     -0.01612222
  5.400000     -0.01645472
  5.500000     -0.01728864
  5.600000     -0.01757114
  5.700000     -0.01806733
  5.800000     -0.01917853
  5.900000     -0.01987488
  6.000000     -0.02063615
  6.100000     -0.02148948
  6.200000     -0.02223525
  6.300000     -0.02306655
  6.400000     -0.02380990
  6.500000     -0.02479227
  6.600000     -0.02532052
  6.700000     -0.02611082
  6.800000     -0.02732139
  6.900000     -0.02848513
  7.000000     -0.02977058
  7.100000     -0.03106714
  7.200000     -0.03247220
  7.300000     -0.03376967
  7.400000     -0.03514681
  7.500000     -0.03658396
  7.600000     -0.03844865
  7.700000     -0.03994043
  7.800000     -0.04145305
  7.900000     -0.04306993
  8.000000     -0.04473321
  8.100000     -0.04658520
  8.200000     -0.04840009
  8.300000     -0.05023249
  8.400000     -0.05218252
  8.500000     -0.05411648
  8.600000     -0.05598402
  8.700000     -0.05788536
  8.800000     -0.05985528
  8.900000     -0.06204230
  9.000000     -0.06403304
  9.100000     -0.06583870
  9.200000     -0.06766403
  9.300000     -0.06965007
  9.400000     -0.07171392
  9.500000     -0.07367649
  9.600000     -0.07582671
  9.700000     -0.07773293
  9.800000     -0.07959401
  9.900000     -0.08145223
 10.000000     -0.08326486
 10.100000     -0.08494910
 10.200000     -0.08654770
 10.300000     -0.08804837
 10.400000     -0.08943872
 10.500000     -0.09070529
 10.600000     -0.09183404
 10.700000     -0.09280930
 10.800000     -0.09361711
 10.900000     -0.09424133
 11.000000     -0.09466511
 11.100000     -0.09487306
 11.200000     -0.09484859
 11.300000     -0.09457485
 11.400000     -0.09403406
 11.500000     -0.09320826
 11.600000     -0.09208027
 11.700000     -0.09063101
 11.800000     -0.08884112
 11.900000     -0.08669182
 12.000000     -0.08416275
 12.100000     -0.08123509
 12.200000     -0.07789118
 12.300000     -0.07410998
 12.400000     -0.06986986
 12.500000     -0.06514961
 12.600000     -0.05993006
 12.700000     -0.05419100
 12.800000     -0.04791098
 12.900000     -0.04107159
 13.000000     -0.03365255
 13.100000     -0.02563421
 13.200000     -0.01699599
 13.300000     -0.00772107
 13.400000      0.00220769
 13.500000      0.01280616
 13.600000      0.02409306
 13.700000      0.03608537
 13.800000      0.04879466
 13.900000      0.06222795
 14.000000      0.07639433
 14.100000      0.09130515
 14.200000      0.10696698
 14.300000      0.12338650
 14.400000      0.14056226
 14.500000      0.15848942
 14.600000      0.17716592
 14.700000      0.19658741
 14.800000      0.21674280
 14.900000      0.23761542
 15.000000      0.25919049
 15.100000      0.28144602
 15.200000      0.30435748
 15.300000      0.32789414
 15.400000      0.35202232
 15.500000      0.37670252
 15.600000      0.40188871
 15.700000      0.42753295
 15.800000      0.45358131
 15.900000      0.47997459
 16.000000      0.50664820
 16.100000      0.53353303
 16.200000      0.56055520
 16.300000      0.58763642
 16.400000      0.61469226
 16.500000      0.64163612
 16.600000      0.66837764
 16.700000      0.69482112
 16.800000      0.72086814
 16.900000      0.74641830
 17.000000      0.77136493
 17.100000      0.79560273
 17.200000      0.81902340
 17.300000      0.84151538
 17.400000      0.86296893
 17.500000      0.88326610
 17.600000      0.90229558
 17.700000      0.91994833
 17.800000      0.93611065
 17.900000      0.95067611
 18.000000      0.96354257
 18.100000      0.97461118
 18.200000      0.98379043
 18.300000      0.99099860
 18.400000      0.99615710
 18.500000      0.99918676
 18.600000      1.00000000
 18.700000      0.99851696
 18.800000      0.99469834
 18.900000      0.98855003
 19.000000      0.98005842
 19.100000      0.96920974
 19.200000      0.95600333
 19.300000      0.94044811
 19.400000      0.92256334
 19.500000      0.90238212
 19.600000      0.87995248
 19.700000      0.85533118
 19.800000      0.82859612
 19.900000      0.79982729
 20.000000      0.76911809
 20.100000      0.73656986
 20.200000      0.70228803
 20.300000      0.66638750
 20.400000      0.62899633
 20.500000      0.59023965
 20.600000      0.55025029
 20.700000      0.50916582
 20.800000      0.46712791
 20.900000      0.42428115
 21.000000      0.38076330
 21.100000      0.33672234
 21.200000      0.29230081
 21.300000      0.24764382
 21.400000      0.20288999
 21.500000      0.15817757
 21.600000      0.11364197
 21.700000      0.06941315
 21.800000      0.02561771
 21.900000     -0.01762134
 22.000000     -0.06018991
 22.100000     -0.10197935
 22.200000     -0.14289032
 22.300000     -0.18282662
 22.400000     -0.22169745
 22.500000     -0.25941954
 22.600000     -0.29592066
 22.700000     -0.33113463
 22.800000     -0.36499781
 22.900000     -0.39746419
 23.000000     -0.42848375
 23.100000     -0.45801746
 23.200000     -0.48602932
 23.300000     -0.51249881
 23.400000     -0.53740726
 23.500000     -0.56074305
 23.600000     -0.58248752
 23.700000     -0.60263562
 23.800000     -0.62118891
 23.900000     -0.63816807
 24.000000     -0.65358423
 24.100000     -0.66744961
 24.200000     -0.67977982
 24.300000     -0.69059373
 24.400000     -0.69992467
 24.500000     -0.70780815
 24.600000     -0.71427270
 24.700000     -0.71934783
 24.800000     -0.72307109
 24.900000     -0.72549010
 25.000000     -0.72664245
 25.100000     -0.72657370
 25.200000     -0.72532441
 25.300000     -0.72294475
 25.400000     -0.71948168
 25.500000     -0.71498095
 25.600000     -0.70949712
 25.700000     -0.70307588
 25.800000     -0.69577041
 25.900000     -0.68763068
 26.000000     -0.67870798
 26.100000     -0.66905186
 26.200000     -0.65871161
 26.300000     -0.64773710
 26.400000     -0.63618145
 26.500000     -0.62409138
 26.600000     -0.61151891
 26.700000     -0.59850869
 26.800000     -0.58510975
 26.900000     -0.57136769
 27.000000     -0.55732748
 27.100000     -0.54303429
 27.200000     -0.52853043
 27.300000     -0.51385407
 27.400000     -0.49904754
 27.500000     -0.48414848
 27.600000     -0.46919545
 27.700000     -0.45422555
 27.800000     -0.43927418
 27.900000     -0.42437320
 28.000000     -0.40955277
 28.100000     -0.39484433
 28.200000     -0.38027720
 28.300000     -0.36587991
 28.400000     -0.35167550
 28.500000     -0.33768768
 28.600000     -0.32394154
 28.700000     -0.31045992
 28.800000     -0.29726683
 28.900000     -0.28437297
 29.000000     -0.27179172
 29.100000     -0.25953748
 29.200000     -0.24762158
 29.300000     -0.23605684
 29.400000     -0.22485338
 29.500000     -0.21401750
 29.600000     -0.20355536
 29.700000     -0.19347580
 29.800000     -0.18377802
 29.900000     -0.17446650
 30.000000     -0.16554424
 30.100000     -0.15700994
 30.200000     -0.14886346
 30.300000     -0.14110440
 30.400000     -0.13372631
 30.500000     -0.12672835
 30.600000     -0.12010495
 30.700000     -0.11385630
 30.800000     -0.10796931
 30.900000     -0.10243564
 31.000000     -0.09746324
 31.100000     -0.09264534
 31.200000     -0.08812974
 31.300000     -0.08393123
 31.400000     -0.08003881
 31.500000     -0.07644609
 31.600000     -0.07313693
 31.700000     -0.07010191
 31.800000     -0.06725594
 31.900000     -0.06470191
 32.000000     -0.06241718
 32.100000     -0.06036062
 32.200000     -0.05852790
 32.300000     -0.05695734
 32.400000     -0.05561396
 32.500000     -0.05438483
 32.600000     -0.05333667
 32.700000     -0.05244966
 32.800000     -0.05172265
 32.900000     -0.05114665
 33.000000     -0.05070743
 33.100000     -0.05038456
 33.200000     -0.05015626
 33.300000     -0.04980831
 33.400000     -0.04959224
 33.500000     -0.04962350
 33.600000     -0.04973253
 33.700000     -0.04991049
 33.800000     -0.05015116
 33.900000     -0.05044691
 34.000000     -0.05078734
 34.100000     -0.05137288
 34.200000     -0.05182061
 34.300000     -0.05224489
 34.400000     -0.05268244
 34.500000     -0.05312305
 34.600000     -0.05355311
 34.700000     -0.05396316
 34.800000     -0.05420263
 34.900000     -0.05451271
 35.000000     -0.05484571
 35.100000     -0.05512632
 35.200000     -0.05535339
 35.300000     -0.05549407
 35.400000     -0.05559281
 35.500000     -0.05563130
 35.600000     -0.05538835
 35.700000     -0.05522354
 35.800000     -0.05514978
 35.900000     -0.05485386
 36.000000     -0.05436191
 36.100000     -0.05360289
 36.200000     -0.05307812
 36.300000     -0.05246636
 36.400000     -0.05177168
 36.500000     -0.05096530
 36.600000     -0.05014724
 36.700000     -0.04889584
 36.800000     -0.04769059
 36.900000     -0.04654766
 37.000000     -0.04538066
 37.100000     -0.04423838
 37.200000     -0.04287471
 37.300000     -0.04154511
 37.400000     -0.04006494
 37.500000     -0.03870086
 37.600000     -0.03738359
 37.700000     -0.03633302
 37.800000     -0.03506791
 37.900000     -0.03395725
 38.000000     -0.03299198
 38.100000     -0.03146415
 38.200000     -0.02970746
 38.300000     -0.02793959
 38.400000     -0.02619313
 38.500000     -0.02428179
 38.600000     -0.02169266
 38.700000     -0.01955969
 38.800000     -0.01787064
 38.900000     -0.01615383
 39.000000     -0.01446675
 39.100000     -0.01290995
 39.200000     -0.01112837
 39.300000     -0.00930998
 39.400000     -0.00780388
 39.500000     -0.00608372
 39.600000     -0.00452604
 39.700000     -0.00296200
 39.800000     -0.00146766
 39.900000      0.00013715
