  0.000000     -0.02660937
  0.100000     -0.02675914
  0.200000     -0.02689547
  0.300000     -0.02717643
  0.400000     -0.02754361
  0.500000     -0.02797359
  0.600000     -0.02850876
  0.700000     -0.02866285
  0.800000     -0.02835693
  0.900000     -0.02777090
  1.000000     -0.02725734
  1.100000     -0.02678480
  1.200000     -0.02617163
  1.300000     -0.02524697
  1.400000     -0.02432866
  1.500000     -0.02349728
  1.600000     -0.02282952
  1.700000     -0.02277062
  1.800000     -0.02336798
  1.900000     -0.02476003
  2.000000     -0.02685081
  2.100000     -0.02938324
  2.200000     -0.03231693
  2.300000     -0.03574163
  2.400000     -0.03928277
  2.500000     -0.04242806
  2.600000     -0.04555295
  2.700000     -0.04858481
  2.800000     -0.05127795
  2.900000     -0.05335572
  3.000000     -0.05491576
  3.100000     -0.05589407
  3.200000     -0.05656107
  3.300000     -0.05673451
  3.400000     -0.05628676
  3.500000     -0.05525966
  3.600000     -0.05381847
  3.700000     -0.05191026
  3.800000     -0.04947836
  3.900000     -0.04682873
  4.000000     -0.04409832
  4.100000     -0.04155599
  4.200000     -0.03936461
  4.300000     -0.03763826
  4.400000     -0.03634734
  4.500000     -0.03525178
  4.600000     -0.03409238
  4.700000     -0.03267023
  4.800000     -0.03102542
  4.900000     -0.02880623
  5.000000     -0.02639626
  5.100000     -0.02380880
  5.200000     -0.02148250
  5.300000     -0.01888106
  5.400000     -0.01625334
  5.500000     -0.01382543
  5.600000     -0.01159908
  5.700000     -0.00958860
  5.800000     -0.00815459
  5.900000     -0.00711620
  6.000000     -0.00631399
  6.100000     -0.00562027
  6.200000     -0.00484103
  6.300000     -0.00413403
  6.400000     -0.00352073
  6.500000     -0.00323534
  6.600000     -0.00314583
  6.700000     -0.00315053
  6.800000     -0.00324251
  6.900000     -0.00349835
  7.000000     -0.00367762
  7.100000     -0.00389222
  7.200000     -0.00436807
  7.300000     -0.00503925
  7.400000     -0.00570185
  7.500000     -0.00639611
  7.600000     -0.00711616
  7.700000     -0.00759286
  7.800000     -0.00800712
  7.900000     -0.00834043
  8.000000     -0.00860427
  8.100000     -0.00893194
  8.200000     -0.00913248
  8.300000     -0.00919638
  8.400000     -0.00935429
  8.500000     -0.00960176
  8.600000     -0.00980990
  8.700000     -0.00962655
  8.800000     -0.00925709
  8.900000     -0.00867646
  9.000000     -0.00781157
  9.100000     -0.00687441
  9.200000     -0.00554536
  9.300000     -0.00391476
  9.400000     -0.00187533
  9.500000      0.00043045
  9.600000      0.00285160
  9.700000      0.00540186
  9.800000      0.00799464
  9.900000      0.01002706
 10.000000      0.01153331
 10.100000      0.01252166
 10.200000      0.01332644
 10.300000      0.01384774
 10.400000      0.01421172
 10.500000      0.01430589
 10.600000      0.01446351
 10.700000      0.01432062
 10.800000      0.01395782
 10.900000      0.01340608
 11.000000      0.01281704
 11.100000      0.01211640
 11.200000      0.01149239
 11.300000      0.01101241
 11.400000      0.01083909
 11.500000      0.01103790
 11.600000      0.01139593
 11.700000      0.01210626
 11.800000      0.01310560
 11.900000      0.01416545
 12.000000      0.01537110
 12.100000      0.01637372
 12.200000      0.01719185
 12.300000      0.01795642
 12.400000      0.01851427
 12.500000      0.01894862
 12.600000      0.01923893
 12.700000      0.01917280
 12.800000      0.01860887
 12.900000      0.01718838
 13.000000      0.01612836
 13.100000      0.01554423
 13.200000      0.01621425
 13.300000      0.01600749
 13.400000      0.01543909
 13.500000      0.01350625
 13.600000      0.01116146
 13.700000      0.00912340
 13.800000      0.00735213
 13.900000      0.00855029
 14.000000      0.01376709
 14.100000      0.02072001
 14.200000      0.02927350
 14.300000      0.04101086
 14.400000      0.05716652
 14.500000      0.07564004
 14.600000      0.09502124
 14.700000      0.11540622
 14.800000      0.14153998
 14.900000      0.17781281
 15.000000      0.22264074
 15.100000      0.27538585
 15.200000      0.33453571
 15.300000      0.39997182
 15.400000      0.47027689
 15.500000      0.54148332
 15.600000      0.61070475
 15.700000      0.67576319
 15.800000      0.73591539
 15.900000      0.79046360
 16.000000      0.84022321
 16.100000      0.88663306
 16.200000      0.92950353
 16.300000      0.96351549
 16.400000      0.98692454
 16.500000      0.99935835
 16.600000      1.00000000
 16.700000      0.98639493
 16.800000      0.95872333
 16.900000      0.92047569
 17.000000      0.87187244
 17.100000      0.81345515
 17.200000      0.74381393
 17.300000      0.66205127
 17.400000      0.57322331
 17.500000      0.48164196
 17.600000      0.38961216
 17.700000      0.29768008
 17.800000      0.20884269
 17.900000      0.12701226
 18.000000      0.05274604
 18.100000     -0.01701232
 18.200000     -0.08260132
 18.300000     -0.14287921
 18.400000     -0.19494865
 18.500000     -0.23662353
 18.600000     -0.26756855
 18.700000     -0.28948051
 18.800000     -0.30347734
 18.900000     -0.31245197
 19.000000     -0.31685262
 19.100000     -0.32051035
 19.200000     -0.32249105
 19.300000     -0.31164773
 19.400000     -0.29727705
 19.500000     -0.28077784
 19.600000     -0.26482766
 19.700000     -0.24959411
 19.800000     -0.23724710
 19.900000     -0.22627673
 20.000000     -0.21526924
 20.100000     -0.20581642
 20.200000     -0.19812334
 20.300000     -0.19288350
 20.400000     -0.18998977
 20.500000     -0.18938279
 20.600000     -0.18975192
 20.700000     -0.19157440
 20.800000     -0.19287493
 20.900000     -0.19378186
 21.000000     -0.19444275
 21.100000     -0.19475509
 21.200000     -0.19426871
 21.300000     -0.19293155
 21.400000     -0.18997904
 21.500000     -0.18605922
 21.600000     -0.18135235
 21.700000     -0.17624497
 21.800000     -0.17126989
 21.900000     -0.16643488
 22.000000     -0.16270887
 22.100000     -0.16068926
 22.200000     -0.15991999
 22.300000     -0.16031499
 22.400000     -0.16122690
 22.500000     -0.16234641
 22.600000     -0.16332192
 22.700000     -0.16428863
 22.800000     -0.16453715
 22.900000     -0.16491079
 23.000000     -0.16482478
 23.100000     -0.16486741
 23.200000     -0.16523866
 23.300000     -0.16526612
 23.400000     -0.16600477
 23.500000     -0.16602505
 23.600000     -0.16582984
 23.700000     -0.16471301
 23.800000     -0.16275104
 23.900000     -0.15978920
 24.000000     -0.15544130
 24.100000     -0.15008899
 24.200000     -0.14429361
 24.300000     -0.13872646
 24.400000     -0.13367096
 24.500000     -0.12950554
 24.600000     -0.12552928
 24.700000     -0.12220653
 24.800000     -0.11869877
 24.900000     -0.11598329
 25.000000     -0.11346280
 25.100000     -0.11128069
 25.200000     -0.10952542
 25.300000     -0.10773147
 25.400000     -0.10687268
 25.500000     -0.10653946
 25.600000     -0.10751104
 25.700000     -0.10874215
 25.800000     -0.11031962
 25.900000     -0.11203944
 26.000000     -0.11293515
 26.100000     -0.11384515
 26.200000     -0.11446054
 26.300000     -0.11438906
 26.400000     -0.11390010
 26.500000     -0.11245158
 26.600000     -0.11084094
 26.700000     -0.10876238
 26.800000     -0.10649668
 26.900000     -0.10502929
 27.000000     -0.10436725
 27.100000     -0.10495020
 27.200000     -0.10688559
 27.300000     -0.10989178
 27.400000     -0.11398971
 27.500000     -0.11806781
 27.600000     -0.12235191
 27.700000     -0.12608093
 27.800000     -0.12911322
 27.900000     -0.13171532
 28.000000     -0.13325511
 28.100000     -0.13414740
 28.200000     -0.13469208
 28.300000     -0.13503933
 28.400000     -0.13549850
 28.500000     -0.13546176
 28.600000     -0.13508302
 28.700000     -0.13383360
 28.800000     -0.13159803
 28.900000     -0.12773680
 29.000000     -0.12266954
 29.100000     -0.11633292
 29.200000     -0.10932077
 29.300000     -0.10229796
 29.400000     -0.09527324
 29.500000     -0.08903174
 29.600000     -0.08368290
 29.700000     -0.07926385
 29.800000     -0.07592460
 29.900000     -0.07331516
 30.000000     -0.07078478
 30.100000     -0.06799338
 30.200000     -0.06457054
 30.300000     -0.06028041
 30.400000     -0.05543520
 30.500000     -0.05031099
 30.600000     -0.04514536
 30.700000     -0.03999053
 30.800000     -0.03551632
 30.900000     -0.03212032
 31.000000     -0.02982563
 31.100000     -0.02879049
 31.200000     -0.02861009
 31.300000     -0.02946999
 31.400000     -0.03115505
 31.500000     -0.03391863
 31.600000     -0.03711936
 31.700000     -0.04038670
 31.800000     -0.04339858
 31.900000     -0.04579909
 32.000000     -0.04761076
 32.100000     -0.04807913
 32.200000     -0.04729870
 32.300000     -0.04509225
 32.400000     -0.04177989
 32.500000     -0.03766369
 32.600000     -0.03235588
 32.700000     -0.02659880
 32.800000     -0.02052667
 32.900000     -0.01472143
 33.000000     -0.00900504
 33.100000     -0.00367041
 33.200000      0.00118743
 33.300000      0.00596657
 33.400000      0.01013436
 33.500000      0.01386725
 33.600000      0.01710616
 33.700000      0.01971816
 33.800000      0.02144766
 33.900000      0.02210498
 34.000000      0.02158138
 34.100000      0.02028374
 34.200000      0.01840303
 34.300000      0.01614534
 34.400000      0.01370846
 34.500000      0.01105592
 34.600000      0.00887113
 34.700000      0.00682894
 34.800000      0.00531864
 34.900000      0.00429801
 35.000000      0.00349572
 35.100000      0.00264624
 35.200000      0.00158885
 35.300000      0.00078872
 35.400000      0.00030575
 35.500000      0.00030439
 35.600000      0.00097407
 35.700000      0.00265965
 35.800000      0.00480635
 35.900000      0.00732776
 36.000000      0.00976574
 36.100000      0.01207560
 36.200000      0.01398808
 36.300000      0.01558310
 36.400000      0.01672007
 36.500000      0.01623855
 36.600000      0.01467869
 36.700000      0.01234581
 36.800000      0.00859964
 36.900000      0.00481332
 37.000000      0.00067102
 37.100000     -0.00340353
 37.200000     -0.00740058
 37.300000     -0.01117246
 37.400000     -0.01440826
 37.500000     -0.01755083
 37.600000     -0.02031035
 37.700000     -0.02237296
 37.800000     -0.02384571
 37.900000     -0.02453870
 38.000000     -0.02383727
 38.100000     -0.02247682
 38.200000     -0.02000269
 38.300000     -0.01691583
 38.400000     -0.01338128
 38.500000     -0.00910499
 38.600000     -0.00449820
 38.700000      0.00055526
 38.800000      0.00538149
 38.900000      0.00971240
 39.000000      0.01322915
 39.100000      0.01609585
 39.200000      0.01845047
 39.300000      0.02038046
 39.400000      0.02200826
 39.500000      0.02299250
 39.600000      0.02352237
 39.700000      0.02367554
 39.800000      0.02358830
 39.900000      0.02332586
