  0.000000      0.01076472
  0.100000      0.01095226
  0.200000      0.01099514
  0.300000      0.01082430
  0.400000      0.01068595
  0.500000      0.01110703
  0.600000      0.01108388
  0.700000      0.01073102
  0.800000      0.01058927
  0.900000      0.01050986
  1.000000      0.01020929
  1.100000      0.01055654
  1.200000      0.01134588
  1.300000      0.01191104
  1.400000      0.01239748
  1.500000      0.01321158
  1.600000      0.01416860
  1.700000      0.01442586
  1.800000      0.01465046
  1.900000      0.01457613
  2.000000      0.01395306
  2.100000      0.01288783
  2.200000      0.01222303
  2.300000      0.01177715
  2.400000      0.01094181
  2.500000      0.01000499
  2.600000      0.00933124
  2.700000      0.00867418
  2.800000      0.00762244
  2.900000      0.00694924
  3.000000      0.00588159
  3.100000      0.00473542
  3.200000      0.00396713
  3.300000      0.00375396
  3.400000      0.00307418
  3.500000      0.00308785
  3.600000      0.00231633
  3.700000      0.00098378
  3.800000     -0.00041589
  3.900000     -0.00107146
  4.000000     -0.00211057
  4.100000     -0.00275821
  4.200000     -0.00346753
  4.300000     -0.00418314
  4.400000     -0.00424320
  4.500000     -0.00296034
  4.600000     -0.00134607
  4.700000      0.00056873
  4.800000      0.00248564
  4.900000      0.00412397
  5.000000      0.00534807
  5.100000      0.00645046
  5.200000      0.00731627
  5.300000      0.00789940
  5.400000      0.00869732
  5.500000      0.00976562
  5.600000      0.01100736
  5.700000      0.01286054
  5.800000      0.01412012
  5.900000      0.01323550
  6.000000      0.01178360
  6.100000      0.01100974
  6.200000      0.00962416
  6.300000      0.00810939
  6.400000      0.00645833
  6.500000      0.00472815
  6.600000      0.00223891
  6.700000     -0.00059315
  6.800000     -0.00369282
  6.900000     -0.00578748
  7.000000     -0.00693513
  7.100000     -0.00733543
  7.200000     -0.00722324
  7.300000     -0.00775769
  7.400000     -0.01018831
  7.500000     -0.01267208
  7.600000     -0.01459463
  7.700000     -0.01578396
  7.800000     -0.01724313
  7.900000     -0.01780910
  8.000000     -0.01787679
  8.100000     -0.01858880
  8.200000     -0.01983044
  8.300000     -0.02145181
  8.400000     -0.02353052
  8.500000     -0.02594351
  8.600000     -0.02810775
  8.700000     -0.03082976
  8.800000     -0.03325318
  8.900000     -0.03510761
  9.000000     -0.03796394
  9.100000     -0.04096532
  9.200000     -0.04436913
  9.300000     -0.04852267
  9.400000     -0.05053748
  9.500000     -0.05159213
  9.600000     -0.05404118
  9.700000     -0.05843414
  9.800000     -0.06187870
  9.900000     -0.06661229
 10.000000     -0.07109251
 10.100000     -0.07490162
 10.200000     -0.07787982
 10.300000     -0.07869245
 10.400000     -0.07755118
 10.500000     -0.07512995
 10.600000     -0.07210208
 10.700000     -0.06716213
 10.800000     -0.05809307
 10.900000     -0.04650285
 11.000000     -0.03125226
 11.100000     -0.01188531
 11.200000      0.01287552
 11.300000      0.04314314
 11.400000      0.08098487
 11.500000      0.12370170
 11.600000      0.17083801
 11.700000      0.22420297
 11.800000      0.28220479
 11.900000      0.34238939
 12.000000      0.40504662
 12.100000      0.46937179
 12.200000      0.53466632
 12.300000      0.59936140
 12.400000      0.66272817
 12.500000      0.72443806
 12.600000      0.78316563
 12.700000      0.83541596
 12.800000      0.88224184
 12.900000      0.92183773
 13.000000      0.95213350
 13.100000      0.97373183
 13.200000      0.98876280
 13.300000      0.99758490
 13.400000      1.00000000
 13.500000      0.99491419
 13.600000      0.98497013
 13.700000      0.96499420
 13.800000      0.93830457
 13.900000      0.90567386
 14.000000      0.86896013
 14.100000      0.82696118
 14.200000      0.78018032
 14.300000      0.72734120
 14.400000      0.67072719
 14.500000      0.60746479
 14.600000      0.53862879
 14.700000      0.46597798
 14.800000      0.39029872
 14.900000      0.31257204
 15.000000      0.23480742
 15.100000      0.15792937
 15.200000      0.08186877
 15.300000      0.00950489
 15.400000     -0.05766738
 15.500000     -0.11933655
 15.600000     -0.17792113
 15.700000     -0.23368528
 15.800000     -0.28506103
 15.900000     -0.33158419
 16.000000     -0.37443142
 16.100000     -0.40965596
 16.200000     -0.44380408
 16.300000     -0.47352546
 16.400000     -0.50010503
 16.500000     -0.52554941
 16.600000     -0.54964073
 16.700000     -0.57230065
 16.800000     -0.59219543
 16.900000     -0.60765155
 17.000000     -0.61683261
 17.100000     -0.62013716
 17.200000     -0.61792531
 17.300000     -0.61187556
 17.400000     -0.60390893
 17.500000     -0.59434315
 17.600000     -0.58455116
 17.700000     -0.57357827
 17.800000     -0.56110780
 17.900000     -0.54619762
 18.000000     -0.53026219
 18.100000     -0.51357654
 18.200000     -0.49464265
 18.300000     -0.47409712
 18.400000     -0.45451000
 18.500000     -0.43459098
 18.600000     -0.41614146
 18.700000     -0.39710035
 18.800000     -0.37689939
 18.900000     -0.35626793
 19.000000     -0.33612225
 19.100000     -0.31626190
 19.200000     -0.29746937
 19.300000     -0.28013882
 19.400000     -0.26401621
 19.500000     -0.24493004
 19.600000     -0.22704226
 19.700000     -0.21064353
 19.800000     -0.19442090
 19.900000     -0.17955243
 20.000000     -0.16600353
 20.100000     -0.15223021
 20.200000     -0.13995787
 20.300000     -0.12851194
 20.400000     -0.11603855
 20.500000     -0.10452679
 20.600000     -0.09473351
 20.700000     -0.08449307
 20.800000     -0.07414430
 20.900000     -0.06396536
 21.000000     -0.05379650
 21.100000     -0.04437995
 21.200000     -0.03734332
 21.300000     -0.03244993
 21.400000     -0.02868534
 21.500000     -0.02462345
 21.600000     -0.02032995
 21.700000     -0.01503579
 21.800000     -0.00865676
 21.900000     -0.00157457
 22.000000      0.00602122
 22.100000      0.01363256
 22.200000      0.02025111
 22.300000      0.02553232
 22.400000      0.03033260
 22.500000      0.03396465
 22.600000      0.03654478
 22.700000      0.03810321
 22.800000      0.03836277
 22.900000      0.03756446
 23.000000      0.03599945
 23.100000      0.03215085
 23.200000      0.02639516
 23.300000      0.02033082
 23.400000      0.01393716
 23.500000      0.00794243
 23.600000      0.00342575
 23.700000     -0.00007750
 23.800000     -0.00280065
 23.900000     -0.00425928
 24.000000     -0.00387895
 24.100000     -0.00486326
 24.200000     -0.00597767
 24.300000     -0.00636768
 24.400000     -0.00646548
 24.500000     -0.00779212
 24.600000     -0.00914842
 24.700000     -0.01096367
 24.800000     -0.01258241
 24.900000     -0.01411245
 25.000000     -0.01515091
 25.100000     -0.01614326
 25.200000     -0.01586555
 25.300000     -0.01553000
 25.400000     -0.01575619
 25.500000     -0.01675033
 25.600000     -0.01738786
 25.700000     -0.01973361
 25.800000     -0.02156926
 25.900000     -0.02329800
 26.000000     -0.02533700
 26.100000     -0.02763062
 26.200000     -0.02969695
 26.300000     -0.03257068
 26.400000     -0.03618318
 26.500000     -0.03921332
 26.600000     -0.04121522
 26.700000     -0.04224074
 26.800000     -0.04234532
 26.900000     -0.04185911
 27.000000     -0.04136669
 27.100000     -0.04034279
 27.200000     -0.03900529
 27.300000     -0.03789070
 27.400000     -0.03666803
 27.500000     -0.03507319
 27.600000     -0.03320816
 27.700000     -0.03097792
 27.800000     -0.02844803
 27.900000     -0.02564137
 28.000000     -0.02236339
 28.100000     -0.01864971
 28.200000     -0.01527136
 28.300000     -0.01210826
 28.400000     -0.00836673
 28.500000     -0.00586955
 28.600000     -0.00323790
 28.700000     -0.00145511
 28.800000     -0.00141736
 28.900000     -0.00300500
 29.000000     -0.00506392
 29.100000     -0.00782972
 29.200000     -0.00991884
 29.300000     -0.01179775
 29.400000     -0.01392225
 29.500000     -0.01589050
 29.600000     -0.01732651
 29.700000     -0.01847961
 29.800000     -0.01962694
 29.900000     -0.02035024
 30.000000     -0.02100903
 30.100000     -0.02206950
 30.200000     -0.02339530
 30.300000     -0.02457004
 30.400000     -0.02689339
 30.500000     -0.02966686
 30.600000     -0.03232472
 30.700000     -0.03515953
 30.800000     -0.03826938
 30.900000     -0.04108109
 31.000000     -0.04324468
 31.100000     -0.04427192
 31.200000     -0.04462142
 31.300000     -0.04422800
 31.400000     -0.04311523
 31.500000     -0.04164709
 31.600000     -0.04007597
 31.700000     -0.03895506
 31.800000     -0.03821193
 31.900000     -0.03683775
 32.000000     -0.03592577
 32.100000     -0.03516575
 32.200000     -0.03398948
 32.300000     -0.03282065
 32.400000     -0.03220537
 32.500000     -0.03161230
 32.600000     -0.03076569
 32.700000     -0.02983442
 32.800000     -0.02897147
 32.900000     -0.02806041
 33.000000     -0.02657929
 33.100000     -0.02495088
 33.200000     -0.02274421
 33.300000     -0.02016258
 33.400000     -0.01755123
 33.500000     -0.01469801
 33.600000     -0.01244990
 33.700000     -0.01019600
 33.800000     -0.00866445
 33.900000     -0.00782208
 34.000000     -0.00709564
 34.100000     -0.00661766
 34.200000     -0.00708232
 34.300000     -0.00736732
 34.400000     -0.00754264
 34.500000     -0.00794859
 34.600000     -0.00875884
 34.700000     -0.00963779
 34.800000     -0.00916179
 34.900000     -0.01006427
 35.000000     -0.01048779
 35.100000     -0.00992271
 35.200000     -0.00926589
 35.300000     -0.00975261
 35.400000     -0.00903227
 35.500000     -0.00936850
 35.600000     -0.01037942
 35.700000     -0.01147459
 35.800000     -0.01228441
 35.900000     -0.01342346
 36.000000     -0.01374888
 36.100000     -0.01380557
 36.200000     -0.01395004
 36.300000     -0.01429258
 36.400000     -0.01483566
 36.500000     -0.01457327
 36.600000     -0.01408055
 36.700000     -0.01428396
 36.800000     -0.01435609
 36.900000     -0.01402316
 37.000000     -0.01388601
 37.100000     -0.01319832
 37.200000     -0.01297582
 37.300000     -0.01261326
 37.400000     -0.01171929
 37.500000     -0.01049500
 37.600000     -0.01009377
 37.700000     -0.00886517
 37.800000     -0.00759375
 37.900000     -0.00657994
 38.000000     -0.00590232
 38.100000     -0.00503818
 38.200000     -0.00410868
 38.300000     -0.00471836
 38.400000     -0.00549026
 38.500000     -0.00603926
 38.600000     -0.00668099
 38.700000     -0.00799708
 38.800000     -0.00922492
 38.900000     -0.01032953
 39.000000     -0.01170820
 39.100000     -0.01311189
 39.200000     -0.01427325
 39.300000     -0.01541689
 39.400000     -0.01603744
 39.500000     -0.01652392
 39.600000     -0.01697589
 39.700000     -0.01678940
 39.800000     -0.01574278
 39.900000     -0.01538561
