  0.000000      0.01311930
  0.100000      0.01377686
  0.200000      0.01429230
  0.300000      0.01440860
  0.400000      0.01425637
  0.500000      0.01378964
  0.600000      0.01343072
  0.700000      0.01314112
  0.800000      0.01251904
  0.900000      0.01150986
  1.000000      0.01009571
  1.100000      0.00835676
  1.200000      0.00688570
  1.300000      0.00539440
  1.400000      0.00385377
  1.500000      0.00244552
  1.600000      0.00124602
  1.700000      0.00058137
  1.800000      0.00052439
  1.900000      0.00042065
  2.000000      0.00003260
  2.100000     -0.00038409
  2.200000     -0.00090458
  2.300000     -0.00138673
  2.400000     -0.00151368
  2.500000     -0.00154675
  2.600000     -0.00137121
  2.700000     -0.00126878
  2.800000     -0.00146642
  2.900000     -0.00176043
  3.000000     -0.00242281
  3.100000     -0.00312039
  3.200000     -0.00342543
  3.300000     -0.00377013
  3.400000     -0.00355212
  3.500000     -0.00349332
  3.600000     -0.00283490
  3.700000     -0.00231906
  3.800000     -0.00128854
  3.900000      0.00007537
  4.000000      0.00116461
  4.100000      0.00260578
  4.200000      0.00349310
  4.300000      0.00396255
  4.400000      0.00407929
  4.500000      0.00373439
  4.600000      0.00312815
  4.700000      0.00287352
  4.800000      0.00235770
  4.900000      0.00180609
  5.000000      0.00103115
  5.100000     -0.00042375
  5.200000     -0.00155879
  5.300000     -0.00268384
  5.400000     -0.00402863
  5.500000     -0.00472088
  5.600000     -0.00482265
  5.700000     -0.00491974
  5.800000     -0.00469796
  5.900000     -0.00413662
  6.000000     -0.00288133
  6.100000     -0.00224835
  6.200000     -0.00065112
  6.300000      0.00116521
  6.400000      0.00239356
  6.500000      0.00320074
  6.600000      0.00442353
  6.700000      0.00525642
  6.800000      0.00493842
  6.900000      0.00449389
  7.000000      0.00512799
  7.100000      0.00601871
  7.200000      0.00767478
  7.300000      0.00978957
  7.400000      0.01178224
  7.500000      0.01353204
  7.600000      0.01532824
  7.700000      0.01733255
  7.800000      0.01888195
  7.900000      0.01861204
  8.000000      0.01794270
  8.100000      0.01746611
  8.200000      0.01579378
  8.300000      0.01405720
  8.400000      0.01275243
  8.500000      0.01164176
  8.600000      0.01107688
  8.700000      0.01068894
  8.800000      0.00954198
  8.900000      0.00850363
  9.000000      0.00809202
  9.100000      0.00757281
  9.200000      0.00734378
  9.300000      0.00736917
  9.400000      0.00744807
  9.500000      0.00743092
  9.600000      0.00790179
  9.700000      0.00846321
  9.800000      0.00990537
  9.900000      0.01143266
 10.000000      0.01272746
 10.100000      0.01562871
 10.200000      0.01834758
 10.300000      0.02068841
 10.400000      0.02302171
 10.500000      0.02495373
 10.600000      0.02558399
 10.700000      0.02631589
 10.800000      0.02678772
 10.900000      0.02674304
 11.000000      0.02732056
 11.100000      0.02814240
 11.200000      0.02966491
 11.300000      0.03055676
 11.400000      0.02935058
 11.500000      0.02730285
 11.600000      0.02560243
 11.700000      0.02380941
 11.800000      0.02187372
 11.900000      0.01969680
 12.000000      0.01550110
 12.100000      0.01127879
 12.200000      0.00634185
 12.300000      0.00154845
 12.400000     -0.00379117
 12.500000     -0.00993113
 12.600000     -0.01656136
 12.700000     -0.02368063
 12.800000     -0.03205497
 12.900000     -0.04048543
 13.000000     -0.04812524
 13.100000     -0.05516346
 13.200000     -0.06155816
 13.300000     -0.06796891
 13.400000     -0.07446323
 13.500000     -0.07866079
 13.600000     -0.08201318
 13.700000     -0.08456950
 13.800000     -0.08603138
 13.900000     -0.08592055
 14.000000     -0.08588894
 14.100000     -0.08513111
 14.200000     -0.08377937
 14.300000     -0.07998444
 14.400000     -0.07479991
 14.500000     -0.06871739
 14.600000     -0.06032190
 14.700000     -0.04669807
 14.800000     -0.02625043
 14.900000      0.00004443
 15.000000      0.03364790
 15.100000      0.07122494
 15.200000      0.11639244
 15.300000      0.16935176
 15.400000      0.22901156
 15.500000      0.29276139
 15.600000      0.36197495
 15.700000      0.43543949
 15.800000      0.51167096
 15.900000      0.58731977
 16.000000      0.66058083
 16.100000      0.72954195
 16.200000      0.79255771
 16.300000      0.85005102
 16.400000      0.90028603
 16.500000      0.94197019
 16.600000      0.97259556
 16.700000      0.99211418
 16.800000      1.00000000
 16.900000      0.99778509
 17.000000      0.98397345
 17.100000      0.95892199
 17.200000      0.92299325
 17.300000      0.87689650
 17.400000      0.82249568
 17.500000      0.75912673
 17.600000      0.68678019
 17.700000      0.60651530
 17.800000      0.52353882
 17.900000      0.43772371
 18.000000      0.35206691
 18.100000      0.26615294
 18.200000      0.18041484
 18.300000      0.09666679
 18.400000      0.01651853
 18.500000     -0.05865765
 18.600000     -0.12992262
 18.700000     -0.19733856
 18.800000     -0.26015943
 18.900000     -0.31614810
 19.000000     -0.36631601
 19.100000     -0.41032837
 19.200000     -0.44768207
 19.300000     -0.47670768
 19.400000     -0.49997198
 19.500000     -0.52161896
 19.600000     -0.54053485
 19.700000     -0.54889559
 19.800000     -0.55060291
 19.900000     -0.55056395
 20.000000     -0.54952996
 20.100000     -0.54611086
 20.200000     -0.54168034
 20.300000     -0.53279692
 20.400000     -0.52241114
 20.500000     -0.50842789
 20.600000     -0.49196757
 20.700000     -0.47583905
 20.800000     -0.45911799
 20.900000     -0.43999208
 21.000000     -0.42125157
 21.100000     -0.40242875
 21.200000     -0.38391680
 21.300000     -0.36667850
 21.400000     -0.35022583
 21.500000     -0.33387304
 21.600000     -0.31802657
 21.700000     -0.30178473
 21.800000     -0.28447576
 21.900000     -0.26779208
 22.000000     -0.25119337
 22.100000     -0.23408775
 22.200000     -0.21765457
 22.300000     -0.20098116
 22.400000     -0.18397765
 22.500000     -0.16688094
 22.600000     -0.15199489
 22.700000     -0.13828253
 22.800000     -0.12490868
 22.900000     -0.11228438
 23.000000     -0.10121568
 23.100000     -0.09107167
 23.200000     -0.08145985
 23.300000     -0.07201158
 23.400000     -0.06290740
 23.500000     -0.05520469
 23.600000     -0.04919066
 23.700000     -0.04437205
 23.800000     -0.04213888
 23.900000     -0.04178778
 24.000000     -0.04181514
 24.100000     -0.04133711
 24.200000     -0.04080442
 24.300000     -0.03952825
 24.400000     -0.03833104
 24.500000     -0.03673772
 24.600000     -0.03536992
 24.700000     -0.03403376
 24.800000     -0.03138721
 24.900000     -0.02804799
 25.000000     -0.02573618
 25.100000     -0.02398699
 25.200000     -0.02280434
 25.300000     -0.02306018
 25.400000     -0.02398134
 25.500000     -0.02684210
 25.600000     -0.03012002
 25.700000     -0.03232605
 25.800000     -0.03475986
 25.900000     -0.03714991
 26.000000     -0.03896567
 26.100000     -0.04073949
 26.200000     -0.04350061
 26.300000     -0.04513673
 26.400000     -0.04715084
 26.500000     -0.04917551
 26.600000     -0.05210721
 26.700000     -0.05460393
 26.800000     -0.05664117
 26.900000     -0.05852158
 27.000000     -0.05970023
 27.100000     -0.06121744
 27.200000     -0.06418987
 27.300000     -0.06647426
 27.400000     -0.06760443
 27.500000     -0.06865443
 27.600000     -0.06968539
 27.700000     -0.07117499
 27.800000     -0.07231884
 27.900000     -0.07143598
 28.000000     -0.06914387
 28.100000     -0.06621340
 28.200000     -0.06214583
 28.300000     -0.05817629
 28.400000     -0.05457229
 28.500000     -0.05051489
 28.600000     -0.04684281
 28.700000     -0.04357121
 28.800000     -0.04007261
 28.900000     -0.03730068
 29.000000     -0.03575575
 29.100000     -0.03492217
 29.200000     -0.03470419
 29.300000     -0.03528882
 29.400000     -0.03713379
 29.500000     -0.03901396
 29.600000     -0.04047437
 29.700000     -0.04188247
 29.800000     -0.04396075
 29.900000     -0.04539883
 30.000000     -0.04601075
 30.100000     -0.04523111
 30.200000     -0.04398327
 30.300000     -0.04252712
 30.400000     -0.04018061
 30.500000     -0.03732908
 30.600000     -0.03410612
 30.700000     -0.03048705
 30.800000     -0.02682886
 30.900000     -0.02270252
 31.000000     -0.01872788
 31.100000     -0.01441039
 31.200000     -0.01088898
 31.300000     -0.00847676
 31.400000     -0.00667400
 31.500000     -0.00611342
 31.600000     -0.00687113
 31.700000     -0.00814854
 31.800000     -0.00979604
 31.900000     -0.01177117
 32.000000     -0.01400522
 32.100000     -0.01629948
 32.200000     -0.01891559
 32.300000     -0.02174894
 32.400000     -0.02553999
 32.500000     -0.02956427
 32.600000     -0.03447790
 32.700000     -0.03873866
 32.800000     -0.04294838
 32.900000     -0.04727336
 33.000000     -0.05126876
 33.100000     -0.05497015
 33.200000     -0.05774120
 33.300000     -0.05983480
 33.400000     -0.06172265
 33.500000     -0.06258945
 33.600000     -0.06244303
 33.700000     -0.06194353
 33.800000     -0.06133374
 33.900000     -0.06091210
 34.000000     -0.06082326
 34.100000     -0.06000238
 34.200000     -0.05904115
 34.300000     -0.05791476
 34.400000     -0.05649546
 34.500000     -0.05470824
 34.600000     -0.05231650
 34.700000     -0.04896366
 34.800000     -0.04537465
 34.900000     -0.04241500
 35.000000     -0.03995142
 35.100000     -0.03786885
 35.200000     -0.03591046
 35.300000     -0.03399767
 35.400000     -0.03170629
 35.500000     -0.02965743
 35.600000     -0.02818117
 35.700000     -0.02714665
 35.800000     -0.02613636
 35.900000     -0.02515918
 36.000000     -0.02389757
 36.100000     -0.02229485
 36.200000     -0.02075220
 36.300000     -0.01958365
 36.400000     -0.01885860
 36.500000     -0.01813336
 36.600000     -0.01768710
 36.700000     -0.01693731
 36.800000     -0.01642117
 36.900000     -0.01632265
 37.000000     -0.01587060
 37.100000     -0.01502191
 37.200000     -0.01365910
 37.300000     -0.01269797
 37.400000     -0.01183796
 37.500000     -0.01080802
 37.600000     -0.00972173
 37.700000     -0.00857010
 37.800000     -0.00757298
 37.900000     -0.00712650
 38.000000     -0.00719419
 38.100000     -0.00733327
 38.200000     -0.00720424
 38.300000     -0.00705383
 38.400000     -0.00633323
 38.500000     -0.00579143
 38.600000     -0.00509650
 38.700000     -0.00396058
 38.800000     -0.00251058
 38.900000     -0.00124444
 39.000000     -0.00020350
 39.100000      0.00063955
 39.200000      0.00126421
 39.300000      0.00163069
 39.400000      0.00199430
 39.500000      0.00211488
 39.600000      0.00237772
 39.700000      0.00266582
 39.800000      0.00274436
 39.900000      0.00261583
