  0.000000      0.73867108
  0.100000      0.74028505
  0.200000      0.74189903
  0.300000      0.74351301
  0.400000      0.74512699
  0.500000      0.74674096
  0.600000      0.74835494
  0.700000      0.74996892
  0.800000      0.75158290
  0.900000      0.75319687
  1.000000      0.75481085
  1.100000      0.75642483
  1.200000      0.75803881
  1.300000      0.75958507
  1.400000      0.76109748
  1.500000      0.76260989
  1.600000      0.76412230
  1.700000      0.76563471
  1.800000      0.76714712
  1.900000      0.76865953
  2.000000      0.77017194
  2.100000      0.77168435
  2.200000      0.77319676
  2.300000      0.77470917
  2.400000      0.77622158
  2.500000      0.77773399
  2.600000      0.77921625
  2.700000      0.78063819
  2.800000      0.78206013
  2.900000      0.78348208
  3.000000      0.78490402
  3.100000      0.78632596
  3.200000      0.78774791
  3.300000      0.78916985
  3.400000      0.79059179
  3.500000      0.79201373
  3.600000      0.79343568
  3.700000      0.79485762
  3.800000      0.79627956
  3.900000      0.79770151
  4.000000      0.79915731
  4.100000      0.80061310
  4.200000      0.80206890
  4.300000      0.80352470
  4.400000      0.80498050
  4.500000      0.80643630
  4.600000      0.80789210
  4.700000      0.80934790
  4.800000      0.81080370
  4.900000      0.81225949
  5.000000      0.81371529
  5.100000      0.81517109
  5.200000      0.81662689
  5.300000      0.81793802
  5.400000      0.81917680
  5.500000      0.82041559
  5.600000      0.82165438
  5.700000      0.82289317
  5.800000      0.82413196
  5.900000      0.82537075
  6.000000      0.82660954
  6.100000      0.82784833
  6.200000      0.82908711
  6.300000      0.83032590
  6.400000      0.83156469
  6.500000      0.83280348
  6.600000      0.83400934
  6.700000      0.83514934
  6.800000      0.83628933
  6.900000      0.83742933
  7.000000      0.83856932
  7.100000      0.83970932
  7.200000      0.84084932
  7.300000      0.84198931
  7.400000      0.84312931
  7.500000      0.84426931
  7.600000      0.84540930
  7.700000      0.84654930
  7.800000      0.84768930
  7.900000      0.84882929
  8.000000      0.84968179
  8.100000      0.85053429
  8.200000      0.85138679
  8.300000      0.85223929
  8.400000      0.85309179
  8.500000      0.85394429
  8.600000      0.85479679
  8.700000      0.85564929
  8.800000      0.85650179
  8.900000      0.85735429
  9.000000      0.85820679
  9.100000      0.85905929
  9.200000      0.85991179
  9.300000      0.86074505
  9.400000      0.86156869
  9.500000      0.86239233
  9.600000      0.86321597
  9.700000      0.86403961
  9.800000      0.86486324
  9.900000      0.86568688
 10.000000      0.86651052
 10.100000      0.86733416
 10.200000      0.86815780
 10.300000      0.86898144
 10.400000      0.86980508
 10.500000      0.87062872
 10.600000      0.87146457
 10.700000      0.87232484
 10.800000      0.87318511
 10.900000      0.87404538
 11.000000      0.87490565
 11.100000      0.87576592
 11.200000      0.87662619
 11.300000      0.87748646
 11.400000      0.87834673
 11.500000      0.87920700
 11.600000      0.88006727
 11.700000      0.88092754
 11.800000      0.88178781
 11.900000      0.88264808
 12.000000      0.88336460
 12.100000      0.88408112
 12.200000      0.88479764
 12.300000      0.88551416
 12.400000      0.88623069
 12.500000      0.88694721
 12.600000      0.88766373
 12.700000      0.88838025
 12.800000      0.88909677
 12.900000      0.88981329
 13.000000      0.89052982
 13.100000      0.89124634
 13.200000      0.89196286
 13.300000      0.89260686
 13.400000      0.89321460
 13.500000      0.89382234
 13.600000      0.89443008
 13.700000      0.89503781
 13.800000      0.89564555
 13.900000      0.89625329
 14.000000      0.89686103
 14.100000      0.89746877
 14.200000      0.89807651
 14.300000      0.89868425
 14.400000      0.89929199
 14.500000      0.89989973
 14.600000      0.90052578
 14.700000      0.90118847
 14.800000      0.90185115
 14.900000      0.90251384
 15.000000      0.90317652
 15.100000      0.90383921
 15.200000      0.90450189
 15.300000      0.90516458
 15.400000      0.90582727
 15.500000      0.90648995
 15.600000      0.90715264
 15.700000      0.90781532
 15.800000      0.90847801
 15.900000      0.90914069
 16.000000      0.90972901
 16.100000      0.91031732
 16.200000      0.91090563
 16.300000      0.91149395
 16.400000      0.91208226
 16.500000      0.91267057
 16.600000      0.91325889
 16.700000      0.91384720
 16.800000      0.91443551
 16.900000      0.91502383
 17.000000      0.91561214
 17.100000      0.91620046
 17.200000      0.91678877
 17.300000      0.91716544
 17.400000      0.91743628
 17.500000      0.91770713
 17.600000      0.91797798
 17.700000      0.91824882
 17.800000      0.91851967
 17.900000      0.91879052
 18.000000      0.91906136
 18.100000      0.91933221
 18.200000      0.91960305
 18.300000      0.91987390
 18.400000      0.92014475
 18.500000      0.92041559
 18.600000      0.92061799
 18.700000      0.92068348
 18.800000      0.92074897
 18.900000      0.92081446
 19.000000      0.92087995
 19.100000      0.92094545
 19.200000      0.92101094
 19.300000      0.92107643
 19.400000      0.92114192
 19.500000      0.92120741
 19.600000      0.92127290
 19.700000      0.92133840
 19.800000      0.92140389
 19.900000      0.92146938
 20.000000      0.92137947
 20.100000      0.92128955
 20.200000      0.92119964
 20.300000      0.92110973
 20.400000      0.92101982
 20.500000      0.92092991
 20.600000      0.92083999
 20.700000      0.92075008
 20.800000      0.92066017
 20.900000      0.92057026
 21.000000      0.92048035
 21.100000      0.92039043
 21.200000      0.92030052
 21.300000      0.92025427
 21.400000      0.92022985
 21.500000      0.92020543
 21.600000      0.92018101
 21.700000      0.92015659
 21.800000      0.92013217
 21.900000      0.92010775
 22.000000      0.92008333
 22.100000      0.92005891
 22.200000      0.92003448
 22.300000      0.92001006
 22.400000      0.91998564
 22.500000      0.91996122
 22.600000      0.91998990
 22.700000      0.92012477
 22.800000      0.92025964
 22.900000      0.92039450
 23.000000      0.92052937
 23.100000      0.92066424
 23.200000      0.92079911
 23.300000      0.92093398
 23.400000      0.92106884
 23.500000      0.92120371
 23.600000      0.92133858
 23.700000      0.92147345
 23.800000      0.92160832
 23.900000      0.92174318
 24.000000      0.92185530
 24.100000      0.92196741
 24.200000      0.92207952
 24.300000      0.92219163
 24.400000      0.92230375
 24.500000      0.92241586
 24.600000      0.92252797
 24.700000      0.92264009
 24.800000      0.92275220
 24.900000      0.92286431
 25.000000      0.92297642
 25.100000      0.92308854
 25.200000      0.92320065
 25.300000      0.92331905
 25.400000      0.92344060
 25.500000      0.92356215
 25.600000      0.92368369
 25.700000      0.92380524
 25.800000      0.92392679
 25.900000      0.92404834
 26.000000      0.92416989
 26.100000      0.92429143
 26.200000      0.92441298
 26.300000      0.92453453
 26.400000      0.92465608
 26.500000      0.92477762
 26.600000      0.92494764
 26.700000      0.92521460
 26.800000      0.92548157
 26.900000      0.92574853
 27.000000      0.92601549
 27.100000      0.92628245
 27.200000      0.92654941
 27.300000      0.92681637
 27.400000      0.92708333
 27.500000      0.92735029
 27.600000      0.92761726
 27.700000      0.92788422
 27.800000      0.92815118
 27.900000      0.92841814
 28.000000      0.92882552
 28.100000      0.92923290
 28.200000      0.92964028
 28.300000      0.93004766
 28.400000      0.93045504
 28.500000      0.93086242
 28.600000      0.93126980
 28.700000      0.93167717
 28.800000      0.93208455
 28.900000      0.93249193
 29.000000      0.93289931
 29.100000      0.93330669
 29.200000      0.93371407
 29.300000      0.93401822
 29.400000      0.93427075
 29.500000      0.93452328
 29.600000      0.93477581
 29.700000      0.93502834
 29.800000      0.93528087
 29.900000      0.93553340
 30.000000      0.93578594
 30.100000      0.93603847
 30.200000      0.93629100
 30.300000      0.93654353
 30.400000      0.93679606
 30.500000      0.93704859
 30.600000      0.93731796
 30.700000      0.93762099
 30.800000      0.93792403
 30.900000      0.93822707
 31.000000      0.93853010
 31.100000      0.93883314
 31.200000      0.93913618
 31.300000      0.93943921
 31.400000      0.93974225
 31.500000      0.94004529
 31.600000      0.94034833
 31.700000      0.94065136
 31.800000      0.94095440
 31.900000      0.94125744
 32.000000      0.94149665
 32.100000      0.94173586
 32.200000      0.94197507
 32.300000      0.94221428
 32.400000      0.94245349
 32.500000      0.94269270
 32.600000      0.94293191
 32.700000      0.94317112
 32.800000      0.94341033
 32.900000      0.94364954
 33.000000      0.94388875
 33.100000      0.94412796
 33.200000      0.94436717
 33.300000      0.94459380
 33.400000      0.94481414
 33.500000      0.94503448
 33.600000      0.94525482
 33.700000      0.94547517
 33.800000      0.94569551
 33.900000      0.94591585
 34.000000      0.94613619
 34.100000      0.94635653
 34.200000      0.94657687
 34.300000      0.94679721
 34.400000      0.94701755
 34.500000      0.94723789
 34.600000      0.94760549
 34.700000      0.94826762
 34.800000      0.94892975
 34.900000      0.94959188
 35.000000      0.95025401
 35.100000      0.95091614
 35.200000      0.95157827
 35.300000      0.95224040
 35.400000      0.95290253
 35.500000      0.95356466
 35.600000      0.95422679
 35.700000      0.95488892
 35.800000      0.95555105
 35.900000      0.95621318
 36.000000      0.95712341
 36.100000      0.95803363
 36.200000      0.95894385
 36.300000      0.95985407
 36.400000      0.96076429
 36.500000      0.96167451
 36.600000      0.96258473
 36.700000      0.96349495
 36.800000      0.96440517
 36.900000      0.96531540
 37.000000      0.96622562
 37.100000      0.96713584
 37.200000      0.96804606
 37.300000      0.96904841
 37.400000      0.97009683
 37.500000      0.97114525
 37.600000      0.97219367
 37.700000      0.97324209
 37.800000      0.97429051
 37.900000      0.97533893
 38.000000      0.97638735
 38.100000      0.97743577
 38.200000      0.97848419
 38.300000      0.97953261
 38.400000      0.98058102
 38.500000      0.98162944
 38.600000      0.98277018
 38.700000      0.98409555
 38.800000      0.98542092
 38.900000      0.98674629
 39.000000      0.98807166
 39.100000      0.98939703
 39.200000      0.99072240
 39.300000      0.99204778
 39.400000      0.99337315
 39.500000      0.99469852
 39.600000      0.99602389
 39.700000      0.99734926
 39.800000      0.99867463
 39.900000      1.00000000
