  0.000000      0.03812442
  0.100000      0.03774230
  0.200000      0.03729730
  0.300000      0.03744528
  0.400000      0.03710698
  0.500000      0.03593459
  0.600000      0.03436206
  0.700000      0.03316296
  0.800000      0.03243403
  0.900000      0.03017890
  1.000000      0.02801789
  1.100000      0.02675017
  1.200000      0.02551562
  1.300000      0.02380483
  1.400000      0.02324038
  1.500000      0.02235491
  1.600000      0.02272528
  1.700000      0.02441000
  1.800000      0.02538223
  1.900000      0.02726890
  2.000000      0.02842877
  2.100000      0.03055194
  2.200000      0.03322788
  2.300000      0.03418853
  2.400000      0.03740106
  2.500000      0.04108751
  2.600000      0.04330002
  2.700000      0.04640924
  2.800000      0.04925201
  2.900000      0.05142812
  3.000000      0.05292896
  3.100000      0.05625959
  3.200000      0.05758800
  3.300000      0.05786021
  3.400000      0.05926236
  3.500000      0.06086455
  3.600000      0.06023152
  3.700000      0.05712030
  3.800000      0.05463325
  3.900000      0.05631061
  4.000000      0.05668340
  4.100000      0.05519191
  4.200000      0.05502576
  4.300000      0.05478589
  4.400000      0.05591558
  4.500000      0.05508579
  4.600000      0.05603034
  4.700000      0.05796009
  4.800000      0.06127396
  4.900000      0.06378990
  5.000000      0.06300875
  5.100000      0.06187327
  5.200000      0.06719717
  5.300000      0.07188482
  5.400000      0.07585760
  5.500000      0.07512923
  5.600000      0.07401414
  5.700000      0.07097132
  5.800000      0.06791517
  5.900000      0.06402018
  6.000000      0.06140092
  6.100000      0.06217370
  6.200000      0.05648469
  6.300000      0.05019887
  6.400000      0.04470692
  6.500000      0.03976519
  6.600000      0.03371712
  6.700000      0.03480340
  6.800000      0.03543427
  6.900000      0.03811636
  7.000000      0.04355970
  7.100000      0.05297449
  7.200000      0.06561631
  7.300000      0.07973611
  7.400000      0.10551074
  7.500000      0.13604549
  7.600000      0.17543702
  7.700000      0.22289216
  7.800000      0.27970086
  7.900000      0.34658096
  8.000000      0.41667754
  8.100000      0.49309523
  8.200000      0.57404759
  8.300000      0.65352376
  8.400000      0.72538790
  8.500000      0.79326919
  8.600000      0.85710309
  8.700000      0.91158227
  8.800000      0.95560098
  8.900000      0.98300010
  9.000000      0.99935207
  9.100000      1.00000000
  9.200000      0.98580419
  9.300000      0.95563235
  9.400000      0.90959880
  9.500000      0.85072311
  9.600000      0.77419460
  9.700000      0.67979338
  9.800000      0.57016107
  9.900000      0.45207318
 10.000000      0.32814559
 10.100000      0.20836632
 10.200000      0.09242197
 10.300000     -0.01778871
 10.400000     -0.11684889
 10.500000     -0.20745619
 10.600000     -0.28765326
 10.700000     -0.34774249
 10.800000     -0.39163274
 10.900000     -0.41936484
 11.000000     -0.43635989
 11.100000     -0.44281522
 11.200000     -0.44074018
 11.300000     -0.43006612
 11.400000     -0.41941521
 11.500000     -0.40912238
 11.600000     -0.38914250
 11.700000     -0.36638433
 11.800000     -0.34607727
 11.900000     -0.32659293
 12.000000     -0.31170594
 12.100000     -0.29850941
 12.200000     -0.29394244
 12.300000     -0.29266839
 12.400000     -0.29249701
 12.500000     -0.29615090
 12.600000     -0.29948155
 12.700000     -0.29914528
 12.800000     -0.30062317
 12.900000     -0.30229703
 13.000000     -0.30282753
 13.100000     -0.29940911
 13.200000     -0.28800714
 13.300000     -0.27901827
 13.400000     -0.27332522
 13.500000     -0.26331580
 13.600000     -0.25522187
 13.700000     -0.24752845
 13.800000     -0.23827451
 13.900000     -0.22744342
 14.000000     -0.21963501
 14.100000     -0.21043558
 14.200000     -0.19973759
 14.300000     -0.18607422
 14.400000     -0.17200065
 14.500000     -0.15847017
 14.600000     -0.14403168
 14.700000     -0.13152868
 14.800000     -0.12364864
 14.900000     -0.11808681
 15.000000     -0.11170238
 15.100000     -0.10761635
 15.200000     -0.10413745
 15.300000     -0.10167591
 15.400000     -0.09883893
 15.500000     -0.09905109
 15.600000     -0.09692287
 15.700000     -0.09425209
 15.800000     -0.09039306
 15.900000     -0.08485147
 16.000000     -0.08455385
 16.100000     -0.08649797
 16.200000     -0.08648113
 16.300000     -0.08780165
 16.400000     -0.09021839
 16.500000     -0.09140873
 16.600000     -0.09182100
 16.700000     -0.09261233
 16.800000     -0.08859904
 16.900000     -0.08554627
 17.000000     -0.08231499
 17.100000     -0.07870220
 17.200000     -0.07710523
 17.300000     -0.07798835
 17.400000     -0.07950680
 17.500000     -0.07963086
 17.600000     -0.08078671
 17.700000     -0.08560181
 17.800000     -0.08946449
 17.900000     -0.09060708
 18.000000     -0.09090442
 18.100000     -0.09276416
 18.200000     -0.09306558
 18.300000     -0.09339432
 18.400000     -0.09221200
 18.500000     -0.08817282
 18.600000     -0.08421174
 18.700000     -0.08074651
 18.800000     -0.07988351
 18.900000     -0.08074590
 19.000000     -0.07823357
 19.100000     -0.07489927
 19.200000     -0.07133202
 19.300000     -0.06270090
 19.400000     -0.05729806
 19.500000     -0.05462312
 19.600000     -0.05004943
 19.700000     -0.04203849
 19.800000     -0.03689805
 19.900000     -0.03438764
 20.000000     -0.03224398
 20.100000     -0.02743039
 20.200000     -0.02744574
 20.300000     -0.02758305
 20.400000     -0.02704842
 20.500000     -0.02660128
 20.600000     -0.02470629
 20.700000     -0.02222379
 20.800000     -0.01906235
 20.900000     -0.01636989
 21.000000     -0.01633465
 21.100000     -0.01737590
 21.200000     -0.01650750
 21.300000     -0.01677202
 21.400000     -0.01899624
 21.500000     -0.02043648
 21.600000     -0.02156337
 21.700000     -0.02248516
 21.800000     -0.02159571
 21.900000     -0.02052553
 22.000000     -0.02042749
 22.100000     -0.02107086
 22.200000     -0.02422966
 22.300000     -0.02449847
 22.400000     -0.02467957
 22.500000     -0.02516442
 22.600000     -0.02829927
 22.700000     -0.03440605
 22.800000     -0.03874890
 22.900000     -0.04073964
 23.000000     -0.04383571
 23.100000     -0.04306155
 23.200000     -0.04245527
 23.300000     -0.04226087
 23.400000     -0.04208739
 23.500000     -0.04021869
 23.600000     -0.03659800
 23.700000     -0.03129912
 23.800000     -0.02832329
 23.900000     -0.02759876
 24.000000     -0.02437315
 24.100000     -0.02133941
 24.200000     -0.01728769
 24.300000     -0.01177932
 24.400000     -0.00856351
 24.500000     -0.00785011
 24.600000     -0.00973529
 24.700000     -0.00820271
 24.800000     -0.00335512
 24.900000     -0.00141013
 25.000000      0.00197713
 25.100000      0.00529769
 25.200000      0.00594834
 25.300000      0.00673855
 25.400000      0.01012659
 25.500000      0.01146046
 25.600000      0.00986732
 25.700000      0.00609590
 25.800000     -0.00024789
 25.900000     -0.00464272
 26.000000     -0.00701699
 26.100000     -0.00928038
 26.200000     -0.01139165
 26.300000     -0.01687586
 26.400000     -0.02097180
 26.500000     -0.02294370
 26.600000     -0.02727267
 26.700000     -0.02919603
 26.800000     -0.02950438
 26.900000     -0.03215490
 27.000000     -0.03527320
 27.100000     -0.03380393
 27.200000     -0.03004507
 27.300000     -0.02632287
 27.400000     -0.02492860
 27.500000     -0.02380656
 27.600000     -0.02369690
 27.700000     -0.02323040
 27.800000     -0.02003786
 27.900000     -0.01751759
 28.000000     -0.01610098
 28.100000     -0.01296568
 28.200000     -0.01072435
 28.300000     -0.00942567
 28.400000     -0.00988423
 28.500000     -0.00988792
 28.600000     -0.01036998
 28.700000     -0.00946704
 28.800000     -0.00700610
 28.900000     -0.00530623
 29.000000     -0.00486184
 29.100000     -0.00321896
 29.200000      0.00045130
 29.300000      0.00228967
 29.400000      0.00428108
 29.500000      0.00754100
 29.600000      0.00941034
 29.700000      0.00721545
 29.800000      0.00615225
 29.900000      0.00349844
 30.000000      0.00270973
 30.100000      0.00456793
 30.200000      0.00341370
 30.300000      0.00262542
 30.400000      0.00128692
 30.500000      0.00044519
 30.600000      0.00009978
 30.700000     -0.00137498
 30.800000     -0.00065719
 30.900000      0.00043070
 31.000000      0.00286206
 31.100000      0.00520149
 31.200000      0.00605088
 31.300000      0.00589461
 31.400000      0.00651652
 31.500000      0.00612641
 31.600000      0.00368668
 31.700000      0.00354794
 31.800000      0.00118844
 31.900000     -0.00242316
 32.000000     -0.00501489
 32.100000     -0.00755703
 32.200000     -0.00791418
 32.300000     -0.01080426
 32.400000     -0.01385561
 32.500000     -0.01384498
 32.600000     -0.01416155
 32.700000     -0.01517250
 32.800000     -0.01523190
 32.900000     -0.01685966
 33.000000     -0.01803463
 33.100000     -0.01697754
 33.200000     -0.01640420
 33.300000     -0.01661943
 33.400000     -0.01688059
 33.500000     -0.01618492
 33.600000     -0.01524004
 33.700000     -0.01480145
 33.800000     -0.01302251
 33.900000     -0.01027462
 34.000000     -0.00974696
 34.100000     -0.00830399
 34.200000     -0.00648433
 34.300000     -0.00624731
 34.400000     -0.00436443
 34.500000     -0.00390942
 34.600000     -0.00634142
 34.700000     -0.00723963
 34.800000     -0.00765267
 34.900000     -0.00892899
 35.000000     -0.01043289
 35.100000     -0.01128307
 35.200000     -0.01247009
 35.300000     -0.01358886
 35.400000     -0.01423309
 35.500000     -0.01485255
 35.600000     -0.01563700
 35.700000     -0.01661481
 35.800000     -0.01772712
 35.900000     -0.01817962
 36.000000     -0.01721711
 36.100000     -0.01705413
 36.200000     -0.01805885
 36.300000     -0.01795509
 36.400000     -0.01766886
 36.500000     -0.01836042
 36.600000     -0.01868315
 36.700000     -0.01942801
 36.800000     -0.02182055
 36.900000     -0.02391269
 37.000000     -0.02488624
 37.100000     -0.02579486
 37.200000     -0.02560266
 37.300000     -0.02545641
 37.400000     -0.02490544
 37.500000     -0.02592453
 37.600000     -0.02647485
 37.700000     -0.02552699
 37.800000     -0.02495452
 37.900000     -0.02404942
 38.000000     -0.02356717
 38.100000     -0.02201472
 38.200000     -0.01948881
 38.300000     -0.01690702
 38.400000     -0.01529301
 38.500000     -0.01297216
 38.600000     -0.01086554
 38.700000     -0.01047539
 38.800000     -0.01028885
 38.900000     -0.01017978
 39.000000     -0.00924206
 39.100000     -0.00901523
 39.200000     -0.00995963
 39.300000     -0.01171699
 39.400000     -0.01250477
 39.500000     -0.01431981
 39.600000     -0.01656930
 39.700000     -0.01700798
 39.800000     -0.01810449
 39.900000     -0.01905377
