  0.000000     -0.05457129
  0.100000     -0.05208145
  0.200000     -0.04959161
  0.300000     -0.04710178
  0.400000     -0.04461194
  0.500000     -0.04212210
  0.600000     -0.03963226
  0.700000     -0.03714243
  0.800000     -0.03465259
  0.900000     -0.03216275
  1.000000     -0.02967291
  1.100000     -0.02718308
  1.200000     -0.02469324
  1.300000     -0.02223351
  1.400000     -0.01978884
  1.500000     -0.01734417
  1.600000     -0.01489950
  1.700000     -0.01245483
  1.800000     -0.01001016
  1.900000     -0.00756549
  2.000000     -0.00512082
  2.100000     -0.00267615
  2.200000     -0.00023148
  2.300000      0.00221319
  2.400000      0.00465786
  2.500000      0.00710253
  2.600000      0.00951897
  2.700000      0.01187895
  2.800000      0.01423893
  2.900000      0.01659892
  3.000000      0.01895890
  3.100000      0.02131888
  3.200000      0.02367886
  3.300000      0.02603884
  3.400000      0.02839883
  3.500000      0.03075881
  3.600000      0.03311879
  3.700000      0.03547877
  3.800000      0.03783875
  3.900000      0.04019874
  4.000000      0.04238369
  4.100000      0.04456865
  4.200000      0.04675361
  4.300000      0.04893857
  4.400000      0.05112353
  4.500000      0.05330849
  4.600000      0.05549345
  4.700000      0.05767841
  4.800000      0.05986337
  4.900000      0.06204833
  5.000000      0.06423329
  5.100000      0.06641825
  5.200000      0.06860321
  5.300000      0.07086721
  5.400000      0.07317073
  5.500000      0.07547425
  5.600000      0.07777778
  5.700000      0.08008130
  5.800000      0.08238482
  5.900000      0.08468835
  6.000000      0.08699187
  6.100000      0.08929539
  6.200000      0.09159892
  6.300000      0.09390244
  6.400000      0.09620596
  6.500000      0.09850949
  6.600000      0.10087511
  6.700000      0.10336495
  6.800000      0.10585479
  6.900000      0.10834463
  7.000000      0.11083446
  7.100000      0.11332430
  7.200000      0.11581414
  7.300000      0.11830397
  7.400000      0.12079381
  7.500000      0.12328365
  7.600000      0.12577349
  7.700000      0.12826332
  7.800000      0.13075316
  7.900000      0.13324300
  8.000000      0.13565379
  8.100000      0.13806459
  8.200000      0.14047538
  8.300000      0.14288618
  8.400000      0.14529697
  8.500000      0.14770777
  8.600000      0.15011856
  8.700000      0.15252936
  8.800000      0.15494015
  8.900000      0.15735095
  9.000000      0.15976174
  9.100000      0.16217254
  9.200000      0.16458333
  9.300000      0.16698660
  9.400000      0.16938610
  9.500000      0.17178561
  9.600000      0.17418511
  9.700000      0.17658461
  9.800000      0.17898412
  9.900000      0.18138362
 10.000000      0.18378312
 10.100000      0.18618263
 10.200000      0.18858213
 10.300000      0.19098163
 10.400000      0.19338114
 10.500000      0.19578064
 10.600000      0.19815379
 10.700000      0.20047425
 10.800000      0.20279472
 10.900000      0.20511518
 11.000000      0.20743564
 11.100000      0.20975610
 11.200000      0.21207656
 11.300000      0.21439702
 11.400000      0.21671748
 11.500000      0.21903794
 11.600000      0.22135840
 11.700000      0.22367886
 11.800000      0.22599932
 11.900000      0.22831978
 12.000000      0.23076445
 12.100000      0.23320912
 12.200000      0.23565379
 12.300000      0.23809846
 12.400000      0.24054313
 12.500000      0.24298780
 12.600000      0.24543248
 12.700000      0.24787715
 12.800000      0.25032182
 12.900000      0.25276649
 13.000000      0.25521116
 13.100000      0.25765583
 13.200000      0.26010050
 13.300000      0.26267690
 13.400000      0.26531918
 13.500000      0.26796146
 13.600000      0.27060373
 13.700000      0.27324601
 13.800000      0.27588829
 13.900000      0.27853056
 14.000000      0.28117284
 14.100000      0.28381512
 14.200000      0.28645739
 14.300000      0.28909967
 14.400000      0.29174195
 14.500000      0.29438422
 14.600000      0.29702650
 14.700000      0.29966877
 14.800000      0.30231105
 14.900000      0.30495333
 15.000000      0.30759560
 15.100000      0.31023788
 15.200000      0.31288016
 15.300000      0.31552243
 15.400000      0.31816471
 15.500000      0.32080699
 15.600000      0.32344926
 15.700000      0.32609154
 15.800000      0.32873382
 15.900000      0.33137609
 16.000000      0.33402401
 16.100000      0.33667194
 16.200000      0.33931986
 16.300000      0.34196778
 16.400000      0.34461570
 16.500000      0.34726363
 16.600000      0.34991155
 16.700000      0.35255947
 16.800000      0.35520739
 16.900000      0.35785531
 17.000000      0.36050324
 17.100000      0.36315116
 17.200000      0.36579908
 17.300000      0.36841313
 17.400000      0.37101024
 17.500000      0.37360735
 17.600000      0.37620446
 17.700000      0.37880157
 17.800000      0.38139868
 17.900000      0.38399578
 18.000000      0.38659289
 18.100000      0.38919000
 18.200000      0.39178711
 18.300000      0.39438422
 18.400000      0.39698133
 18.500000      0.39957844
 18.600000      0.40222260
 18.700000      0.40496086
 18.800000      0.40769911
 18.900000      0.41043737
 19.000000      0.41317562
 19.100000      0.41591388
 19.200000      0.41865214
 19.300000      0.42139039
 19.400000      0.42412865
 19.500000      0.42686691
 19.600000      0.42960516
 19.700000      0.43234342
 19.800000      0.43508168
 19.900000      0.43781993
 20.000000      0.44079532
 20.100000      0.44377070
 20.200000      0.44674609
 20.300000      0.44972147
 20.400000      0.45269685
 20.500000      0.45567224
 20.600000      0.45864762
 20.700000      0.46162301
 20.800000      0.46459839
 20.900000      0.46757377
 21.000000      0.47054916
 21.100000      0.47352454
 21.200000      0.47649992
 21.300000      0.47947154
 21.400000      0.48244128
 21.500000      0.48541102
 21.600000      0.48838076
 21.700000      0.49135050
 21.800000      0.49432023
 21.900000      0.49728997
 22.000000      0.50025971
 22.100000      0.50322945
 22.200000      0.50619919
 22.300000      0.50916893
 22.400000      0.51213866
 22.500000      0.51510840
 22.600000      0.51809696
 22.700000      0.52112316
 22.800000      0.52414935
 22.900000      0.52717555
 23.000000      0.53020175
 23.100000      0.53322794
 23.200000      0.53625414
 23.300000      0.53928034
 23.400000      0.54230653
 23.500000      0.54533273
 23.600000      0.54835893
 23.700000      0.55138512
 23.800000      0.55441132
 23.900000      0.55743752
 24.000000      0.56033386
 24.100000      0.56323020
 24.200000      0.56612654
 24.300000      0.56902288
 24.400000      0.57191923
 24.500000      0.57481557
 24.600000      0.57771191
 24.700000      0.58060825
 24.800000      0.58350459
 24.900000      0.58640093
 25.000000      0.58929727
 25.100000      0.59219362
 25.200000      0.59508996
 25.300000      0.59788467
 25.400000      0.60062858
 25.500000      0.60337248
 25.600000      0.60611638
 25.700000      0.60886028
 25.800000      0.61160419
 25.900000      0.61434809
 26.000000      0.61709199
 26.100000      0.61983589
 26.200000      0.62257980
 26.300000      0.62532370
 26.400000      0.62806760
 26.500000      0.63081150
 26.600000      0.63359493
 26.700000      0.63645739
 26.800000      0.63931986
 26.900000      0.64218232
 27.000000      0.64504479
 27.100000      0.64790726
 27.200000      0.65076972
 27.300000      0.65363219
 27.400000      0.65649466
 27.500000      0.65935712
 27.600000      0.66221959
 27.700000      0.66508205
 27.800000      0.66794452
 27.900000      0.67080699
 28.000000      0.67360735
 28.100000      0.67640771
 28.200000      0.67920807
 28.300000      0.68200843
 28.400000      0.68480879
 28.500000      0.68760915
 28.600000      0.69040952
 28.700000      0.69320988
 28.800000      0.69601024
 28.900000      0.69881060
 29.000000      0.70161096
 29.100000      0.70441132
 29.200000      0.70721168
 29.300000      0.71003086
 29.400000      0.71285945
 29.500000      0.71568805
 29.600000      0.71851664
 29.700000      0.72134523
 29.800000      0.72417382
 29.900000      0.72700241
 30.000000      0.72983100
 30.100000      0.73265959
 30.200000      0.73548818
 30.300000      0.73831677
 30.400000      0.74114536
 30.500000      0.74397395
 30.600000      0.74677996
 30.700000      0.74954080
 30.800000      0.75230164
 30.900000      0.75506248
 31.000000      0.75782332
 31.100000      0.76058416
 31.200000      0.76334500
 31.300000      0.76610584
 31.400000      0.76886668
 31.500000      0.77162752
 31.600000      0.77438836
 31.700000      0.77714920
 31.800000      0.77991004
 31.900000      0.78267088
 32.000000      0.78544866
 32.100000      0.78822644
 32.200000      0.79100422
 32.300000      0.79378199
 32.400000      0.79655977
 32.500000      0.79933755
 32.600000      0.80211533
 32.700000      0.80489310
 32.800000      0.80767088
 32.900000      0.81044866
 33.000000      0.81322644
 33.100000      0.81600422
 33.200000      0.81878199
 33.300000      0.82165763
 33.400000      0.82458220
 33.500000      0.82750678
 33.600000      0.83043135
 33.700000      0.83335592
 33.800000      0.83628049
 33.900000      0.83920506
 34.000000      0.84212963
 34.100000      0.84505420
 34.200000      0.84797877
 34.300000      0.85090334
 34.400000      0.85382791
 34.500000      0.85675248
 34.600000      0.85964318
 34.700000      0.86246612
 34.800000      0.86528907
 34.900000      0.86811201
 35.000000      0.87093496
 35.100000      0.87375790
 35.200000      0.87658085
 35.300000      0.87940379
 35.400000      0.88222674
 35.500000      0.88504968
 35.600000      0.88787263
 35.700000      0.89069557
 35.800000      0.89351852
 35.900000      0.89634146
 36.000000      0.89905714
 36.100000      0.90177281
 36.200000      0.90448848
 36.300000      0.90720416
 36.400000      0.90991983
 36.500000      0.91263550
 36.600000      0.91535117
 36.700000      0.91806685
 36.800000      0.92078252
 36.900000      0.92349819
 37.000000      0.92621387
 37.100000      0.92892954
 37.200000      0.93164521
 37.300000      0.93423668
 37.400000      0.93676603
 37.500000      0.93929539
 37.600000      0.94182475
 37.700000      0.94435411
 37.800000      0.94688347
 37.900000      0.94941283
 38.000000      0.95194219
 38.100000      0.95447154
 38.200000      0.95700090
 38.300000      0.95953026
 38.400000      0.96205962
 38.500000      0.96458898
 38.600000      0.96711834
 38.700000      0.96964770
 38.800000      0.97217706
 38.900000      0.97470641
 39.000000      0.97723577
 39.100000      0.97976513
 39.200000      0.98229449
 39.300000      0.98482385
 39.400000      0.98735321
 39.500000      0.98988257
 39.600000      0.99241192
 39.700000      0.99494128
 39.800000      0.99747064
 39.900000      1.00000000
