  0.000000     -0.01051687
  0.100000     -0.01017144
  0.200000     -0.01055646
  0.300000     -0.01158959
  0.400000     -0.01224246
  0.500000     -0.01266006
  0.600000     -0.01307856
  0.700000     -0.01410850
  0.800000     -0.01514438
  0.900000     -0.01643417
  1.000000     -0.01723510
  1.100000     -0.01749267
  1.200000     -0.01747931
  1.300000     -0.01708889
  1.400000     -0.01654319
  1.500000     -0.01566114
  1.600000     -0.01373944
  1.700000     -0.01220109
  1.800000     -0.01125443
  1.900000     -0.01080733
  2.000000     -0.01089897
  2.100000     -0.01191718
  2.200000     -0.01411303
  2.300000     -0.01621228
  2.400000     -0.01806833
  2.500000     -0.01928123
  2.600000     -0.02047970
  2.700000     -0.02117658
  2.800000     -0.02171846
  2.900000     -0.02177928
  3.000000     -0.02149821
  3.100000     -0.02169359
  3.200000     -0.02278580
  3.300000     -0.02406078
  3.400000     -0.02503082
  3.500000     -0.02579320
  3.600000     -0.02701825
  3.700000     -0.02896734
  3.800000     -0.03103420
  3.900000     -0.03308094
  4.000000     -0.03504559
  4.100000     -0.03627450
  4.200000     -0.03717979
  4.300000     -0.03780093
  4.400000     -0.03844698
  4.500000     -0.03862343
  4.600000     -0.03785560
  4.700000     -0.03642771
  4.800000     -0.03470134
  4.900000     -0.03296914
  5.000000     -0.03145396
  5.100000     -0.03016345
  5.200000     -0.02984455
  5.300000     -0.02889794
  5.400000     -0.02763831
  5.500000     -0.02594961
  5.600000     -0.02372340
  5.700000     -0.02146972
  5.800000     -0.01913571
  5.900000     -0.01681995
  6.000000     -0.01384227
  6.100000     -0.01045154
  6.200000     -0.00787225
  6.300000     -0.00567518
  6.400000     -0.00327881
  6.500000      0.00010363
  6.600000      0.00208780
  6.700000      0.00307000
  6.800000      0.00311046
  6.900000      0.00261740
  7.000000      0.00212436
  7.100000      0.00112251
  7.200000     -0.00008380
  7.300000     -0.00144881
  7.400000     -0.00187562
  7.500000     -0.00168129
  7.600000     -0.00138469
  7.700000     -0.00119064
  7.800000     -0.00086258
  7.900000     -0.00031848
  8.000000      0.00051946
  8.100000      0.00125809
  8.200000      0.00129505
  8.300000      0.00065232
  8.400000      0.00040158
  8.500000      0.00076881
  8.600000      0.00062306
  8.700000      0.00042732
  8.800000     -0.00040053
  8.900000     -0.00091265
  9.000000     -0.00039685
  9.100000      0.00220791
  9.200000      0.00716272
  9.300000      0.01011548
  9.400000      0.01023096
  9.500000      0.00783502
  9.600000      0.00601710
  9.700000      0.00407253
  9.800000      0.00246294
  9.900000      0.00124111
 10.000000     -0.00124802
 10.100000     -0.00425433
 10.200000     -0.00596590
 10.300000     -0.00559033
 10.400000     -0.00314636
 10.500000      0.00074084
 10.600000      0.00348447
 10.700000      0.00575352
 10.800000      0.00691922
 10.900000      0.00748945
 11.000000      0.00804714
 11.100000      0.00820321
 11.200000      0.00866335
 11.300000      0.00946217
 11.400000      0.01027006
 11.500000      0.01049905
 11.600000      0.01022696
 11.700000      0.00966525
 11.800000      0.00988152
 11.900000      0.00973006
 12.000000      0.00909057
 12.100000      0.00826766
 12.200000      0.00782526
 12.300000      0.00793171
 12.400000      0.00946834
 12.500000      0.01102433
 12.600000      0.01189807
 12.700000      0.01057348
 12.800000      0.00762575
 12.900000      0.00459497
 13.000000      0.00190773
 13.100000     -0.00069354
 13.200000     -0.00353330
 13.300000     -0.00726191
 13.400000     -0.00972075
 13.500000     -0.01011520
 13.600000     -0.01026044
 13.700000     -0.01051156
 13.800000     -0.01071150
 13.900000     -0.01002063
 14.000000     -0.00883271
 14.100000     -0.00628132
 14.200000     -0.00464684
 14.300000     -0.00448463
 14.400000     -0.00613371
 14.500000     -0.00876634
 14.600000     -0.01117138
 14.700000     -0.01291058
 14.800000     -0.01503536
 14.900000     -0.01896794
 15.000000     -0.02382040
 15.100000     -0.02867510
 15.200000     -0.03212984
 15.300000     -0.03373307
 15.400000     -0.03470855
 15.500000     -0.03502765
 15.600000     -0.03430133
 15.700000     -0.03283026
 15.800000     -0.03207572
 15.900000     -0.03231505
 16.000000     -0.03396543
 16.100000     -0.03590920
 16.200000     -0.03791307
 16.300000     -0.04109155
 16.400000     -0.04599883
 16.500000     -0.05107609
 16.600000     -0.05637350
 16.700000     -0.06059709
 16.800000     -0.06574066
 16.900000     -0.07059649
 17.000000     -0.07663696
 17.100000     -0.08317834
 17.200000     -0.08943418
 17.300000     -0.09625877
 17.400000     -0.10516936
 17.500000     -0.11644564
 17.600000     -0.12912660
 17.700000     -0.14191684
 17.800000     -0.15338601
 17.900000     -0.16305077
 18.000000     -0.17255992
 18.100000     -0.18151086
 18.200000     -0.18883156
 18.300000     -0.19519792
 18.400000     -0.19958501
 18.500000     -0.20021097
 18.600000     -0.19779678
 18.700000     -0.19125530
 18.800000     -0.17955807
 18.900000     -0.16144040
 19.000000     -0.13716409
 19.100000     -0.10332436
 19.200000     -0.06279008
 19.300000     -0.01530702
 19.400000      0.03912055
 19.500000      0.10290402
 19.600000      0.17388745
 19.700000      0.25097620
 19.800000      0.33232566
 19.900000      0.41820429
 20.000000      0.50464358
 20.100000      0.58920283
 20.200000      0.66977229
 20.300000      0.74394665
 20.400000      0.80981251
 20.500000      0.86705188
 20.600000      0.91304481
 20.700000      0.95199085
 20.800000      0.97962322
 20.900000      0.99610509
 21.000000      1.00000000
 21.100000      0.99237454
 21.200000      0.97608713
 21.300000      0.94874185
 21.400000      0.91115177
 21.500000      0.86433191
 21.600000      0.81054956
 21.700000      0.75003788
 21.800000      0.68186877
 21.900000      0.60749882
 22.000000      0.52786539
 22.100000      0.44492082
 22.200000      0.36238504
 22.300000      0.27999731
 22.400000      0.19868877
 22.500000      0.12087296
 22.600000      0.04907180
 22.700000     -0.01568022
 22.800000     -0.07295829
 22.900000     -0.12530545
 23.000000     -0.17107003
 23.100000     -0.21040326
 23.200000     -0.24276563
 23.300000     -0.26630314
 23.400000     -0.28206481
 23.500000     -0.29124954
 23.600000     -0.29789528
 23.700000     -0.30105154
 23.800000     -0.30155259
 23.900000     -0.29775043
 24.000000     -0.29269005
 24.100000     -0.28543100
 24.200000     -0.27861150
 24.300000     -0.27208842
 24.400000     -0.26641586
 24.500000     -0.26028478
 24.600000     -0.25260037
 24.700000     -0.24544114
 24.800000     -0.23837351
 24.900000     -0.23376479
 25.000000     -0.23202988
 25.100000     -0.23376784
 25.200000     -0.23611899
 25.300000     -0.23600382
 25.400000     -0.23253217
 25.500000     -0.22788148
 25.600000     -0.22510084
 25.700000     -0.22184188
 25.800000     -0.21727797
 25.900000     -0.21111766
 26.000000     -0.20359204
 26.100000     -0.19535131
 26.200000     -0.18822289
 26.300000     -0.18077504
 26.400000     -0.17239528
 26.500000     -0.16279849
 26.600000     -0.15381340
 26.700000     -0.14470277
 26.800000     -0.13630114
 26.900000     -0.12842476
 27.000000     -0.12189958
 27.100000     -0.11522646
 27.200000     -0.10784002
 27.300000     -0.10030052
 27.400000     -0.09198786
 27.500000     -0.08258641
 27.600000     -0.07344719
 27.700000     -0.06570870
 27.800000     -0.05977399
 27.900000     -0.05494048
 28.000000     -0.05002104
 28.100000     -0.04547863
 28.200000     -0.04077931
 28.300000     -0.03567987
 28.400000     -0.03131873
 28.500000     -0.02836374
 28.600000     -0.02699038
 28.700000     -0.02674750
 28.800000     -0.02717472
 28.900000     -0.02713752
 29.000000     -0.02652755
 29.100000     -0.02755952
 29.200000     -0.03003587
 29.300000     -0.03502421
 29.400000     -0.04075885
 29.500000     -0.04663505
 29.600000     -0.05219376
 29.700000     -0.05755838
 29.800000     -0.06233998
 29.900000     -0.06576982
 30.000000     -0.06881076
 30.100000     -0.07254213
 30.200000     -0.07642675
 30.300000     -0.07996432
 30.400000     -0.08142914
 30.500000     -0.08164441
 30.600000     -0.08226334
 30.700000     -0.08261829
 30.800000     -0.08134292
 30.900000     -0.07829233
 31.000000     -0.07316738
 31.100000     -0.06639932
 31.200000     -0.05972373
 31.300000     -0.05303392
 31.400000     -0.04567625
 31.500000     -0.03939987
 31.600000     -0.03401241
 31.700000     -0.02937806
 31.800000     -0.02633607
 31.900000     -0.02427521
 32.000000     -0.02281562
 32.100000     -0.02271015
 32.200000     -0.02335719
 32.300000     -0.02433938
 32.400000     -0.02557691
 32.500000     -0.02822560
 32.600000     -0.03147565
 32.700000     -0.03575546
 32.800000     -0.03982393
 32.900000     -0.04292905
 33.000000     -0.04453302
 33.100000     -0.04532993
 33.200000     -0.04594829
 33.300000     -0.04612386
 33.400000     -0.04581598
 33.500000     -0.04479359
 33.600000     -0.04307275
 33.700000     -0.04090121
 33.800000     -0.03801659
 33.900000     -0.03466421
 34.000000     -0.03011141
 34.100000     -0.02490111
 34.200000     -0.02073828
 34.300000     -0.01964834
 34.400000     -0.01992048
 34.500000     -0.02040946
 34.600000     -0.02079134
 34.700000     -0.02106603
 34.800000     -0.02113269
 34.900000     -0.02095643
 35.000000     -0.02114205
 35.100000     -0.02155537
 35.200000     -0.02304858
 35.300000     -0.02515177
 35.400000     -0.02701447
 35.500000     -0.02709600
 35.600000     -0.02641216
 35.700000     -0.02558971
 35.800000     -0.02535903
 35.900000     -0.02480915
 36.000000     -0.02360808
 36.100000     -0.02178731
 36.200000     -0.02033884
 36.300000     -0.01953051
 36.400000     -0.01847171
 36.500000     -0.01692092
 36.600000     -0.01468431
 36.700000     -0.01315426
 36.800000     -0.01184915
 36.900000     -0.01094415
 37.000000     -0.00970088
 37.100000     -0.00872213
 37.200000     -0.00776770
 37.300000     -0.00741899
 37.400000     -0.00767634
 37.500000     -0.00858216
 37.600000     -0.00942300
 37.700000     -0.01090727
 37.800000     -0.01306756
 37.900000     -0.01604620
 38.000000     -0.01876178
 38.100000     -0.02113933
 38.200000     -0.02277983
 38.300000     -0.02460519
 38.400000     -0.02653156
 38.500000     -0.02950724
 38.600000     -0.03194732
 38.700000     -0.03571961
 38.800000     -0.03835234
 38.900000     -0.04063843
 39.000000     -0.04289529
 39.100000     -0.04583111
 39.200000     -0.04925374
 39.300000     -0.05268597
 39.400000     -0.05599699
 39.500000     -0.05845303
 39.600000     -0.06035730
 39.700000     -0.06156711
 39.800000     -0.06250236
 39.900000     -0.06273268
