  0.000000     -0.03091112
  0.100000     -0.03126057
  0.200000     -0.03204947
  0.300000     -0.03355364
  0.400000     -0.03425705
  0.500000     -0.03448641
  0.600000     -0.03465217
  0.700000     -0.03539390
  0.800000     -0.03550946
  0.900000     -0.03585048
  1.000000     -0.03654282
  1.100000     -0.03716281
  1.200000     -0.03718552
  1.300000     -0.03728757
  1.400000     -0.03777013
  1.500000     -0.03805923
  1.600000     -0.03868359
  1.700000     -0.03969718
  1.800000     -0.04117402
  1.900000     -0.04165392
  2.000000     -0.04213498
  2.100000     -0.04286002
  2.200000     -0.04357442
  2.300000     -0.04345842
  2.400000     -0.04331804
  2.500000     -0.04380189
  2.600000     -0.04381618
  2.700000     -0.04340498
  2.800000     -0.04283573
  2.900000     -0.04287654
  3.000000     -0.04320892
  3.100000     -0.04357178
  3.200000     -0.04401467
  3.300000     -0.04528738
  3.400000     -0.04643717
  3.500000     -0.04727038
  3.600000     -0.04754936
  3.700000     -0.04749409
  3.800000     -0.04814564
  3.900000     -0.04951193
  4.000000     -0.05070126
  4.100000     -0.05000074
  4.200000     -0.04906800
  4.300000     -0.04875310
  4.400000     -0.04998516
  4.500000     -0.05068005
  4.600000     -0.05067022
  4.700000     -0.04952778
  4.800000     -0.04837429
  4.900000     -0.04837996
  5.000000     -0.04958484
  5.100000     -0.05030629
  5.200000     -0.04986395
  5.300000     -0.04930312
  5.400000     -0.04937174
  5.500000     -0.04952044
  5.600000     -0.04924358
  5.700000     -0.04874552
  5.800000     -0.04856688
  5.900000     -0.04893529
  6.000000     -0.04906644
  6.100000     -0.04878916
  6.200000     -0.04843787
  6.300000     -0.04801648
  6.400000     -0.04783333
  6.500000     -0.04808725
  6.600000     -0.04848155
  6.700000     -0.04823785
  6.800000     -0.04760175
  6.900000     -0.04755637
  7.000000     -0.04741590
  7.100000     -0.04774846
  7.200000     -0.04839532
  7.300000     -0.05023825
  7.400000     -0.05234273
  7.500000     -0.05386749
  7.600000     -0.05353895
  7.700000     -0.05253456
  7.800000     -0.05092905
  7.900000     -0.04876496
  8.000000     -0.04585164
  8.100000     -0.04349908
  8.200000     -0.04187990
  8.300000     -0.04122265
  8.400000     -0.04061073
  8.500000     -0.03970922
  8.600000     -0.03852074
  8.700000     -0.03738367
  8.800000     -0.03706440
  8.900000     -0.03620112
  9.000000     -0.03444701
  9.100000     -0.03169591
  9.200000     -0.03035127
  9.300000     -0.03023672
  9.400000     -0.03064284
  9.500000     -0.03183986
  9.600000     -0.03410441
  9.700000     -0.03672296
  9.800000     -0.03840739
  9.900000     -0.04027308
 10.000000     -0.04157366
 10.100000     -0.04220528
 10.200000     -0.04188690
 10.300000     -0.04241345
 10.400000     -0.04326346
 10.500000     -0.04448663
 10.600000     -0.04654876
 10.700000     -0.04966633
 10.800000     -0.05467231
 10.900000     -0.05849589
 11.000000     -0.06286121
 11.100000     -0.06812999
 11.200000     -0.07202595
 11.300000     -0.07518566
 11.400000     -0.07730921
 11.500000     -0.07826815
 11.600000     -0.07844752
 11.700000     -0.07929221
 11.800000     -0.07918735
 11.900000     -0.07909740
 12.000000     -0.07961886
 12.100000     -0.08243143
 12.200000     -0.08579187
 12.300000     -0.08810600
 12.400000     -0.09041865
 12.500000     -0.09211263
 12.600000     -0.09231552
 12.700000     -0.09192602
 12.800000     -0.09127257
 12.900000     -0.08901254
 13.000000     -0.08636968
 13.100000     -0.08502629
 13.200000     -0.08226587
 13.300000     -0.07802189
 13.400000     -0.07098475
 13.500000     -0.06362298
 13.600000     -0.05613155
 13.700000     -0.04745717
 13.800000     -0.03613872
 13.900000     -0.02055360
 14.000000     -0.00009770
 14.100000      0.02551111
 14.200000      0.05629470
 14.300000      0.09183219
 14.400000      0.13177970
 14.500000      0.17864654
 14.600000      0.23337334
 14.700000      0.29468988
 14.800000      0.36195692
 14.900000      0.43553420
 15.000000      0.51239031
 15.100000      0.58683797
 15.200000      0.65581235
 15.300000      0.71962301
 15.400000      0.77766569
 15.500000      0.82840419
 15.600000      0.87203394
 15.700000      0.90979797
 15.800000      0.94264267
 15.900000      0.96976484
 16.000000      0.98930472
 16.100000      0.99904474
 16.200000      1.00000000
 16.300000      0.99440189
 16.400000      0.98235810
 16.500000      0.96586319
 16.600000      0.94295344
 16.700000      0.91332638
 16.800000      0.87745444
 16.900000      0.83459206
 17.000000      0.78425474
 17.100000      0.72570991
 17.200000      0.66247299
 17.300000      0.59664577
 17.400000      0.53162825
 17.500000      0.46859842
 17.600000      0.40758879
 17.700000      0.34926989
 17.800000      0.29523879
 17.900000      0.24372996
 18.000000      0.19388513
 18.100000      0.14651621
 18.200000      0.10336720
 18.300000      0.06279652
 18.400000      0.02370097
 18.500000     -0.01389875
 18.600000     -0.04682808
 18.700000     -0.07489087
 18.800000     -0.09870685
 18.900000     -0.11994829
 19.000000     -0.14022740
 19.100000     -0.16111962
 19.200000     -0.18215537
 19.300000     -0.20214526
 19.400000     -0.21978113
 19.500000     -0.23256161
 19.600000     -0.23940370
 19.700000     -0.24050151
 19.800000     -0.23593435
 19.900000     -0.22623788
 20.000000     -0.21539680
 20.100000     -0.20829741
 20.200000     -0.20305024
 20.300000     -0.19876821
 20.400000     -0.19435480
 20.500000     -0.18671149
 20.600000     -0.17679509
 20.700000     -0.16624300
 20.800000     -0.15723676
 20.900000     -0.14957498
 21.000000     -0.14285470
 21.100000     -0.13678849
 21.200000     -0.13309054
 21.300000     -0.12936510
 21.400000     -0.12637755
 21.500000     -0.12719175
 21.600000     -0.13067187
 21.700000     -0.13621456
 21.800000     -0.14280476
 21.900000     -0.14951587
 22.000000     -0.15581330
 22.100000     -0.16176911
 22.200000     -0.16730130
 22.300000     -0.17188261
 22.400000     -0.17543857
 22.500000     -0.17766767
 22.600000     -0.17931686
 22.700000     -0.17986985
 22.800000     -0.17934937
 22.900000     -0.17709613
 23.000000     -0.17566483
 23.100000     -0.17506169
 23.200000     -0.17512462
 23.300000     -0.17369284
 23.400000     -0.17152838
 23.500000     -0.16842785
 23.600000     -0.16410064
 23.700000     -0.15943446
 23.800000     -0.15392657
 23.900000     -0.14750811
 24.000000     -0.14074484
 24.100000     -0.13560663
 24.200000     -0.13089979
 24.300000     -0.12605267
 24.400000     -0.12040116
 24.500000     -0.11574202
 24.600000     -0.11134755
 24.700000     -0.10615907
 24.800000     -0.09951950
 24.900000     -0.09289783
 25.000000     -0.08695343
 25.100000     -0.08108598
 25.200000     -0.07488755
 25.300000     -0.06935517
 25.400000     -0.06468933
 25.500000     -0.06084873
 25.600000     -0.05657623
 25.700000     -0.05253258
 25.800000     -0.04872702
 25.900000     -0.04690745
 26.000000     -0.04598756
 26.100000     -0.04547702
 26.200000     -0.04448197
 26.300000     -0.04323545
 26.400000     -0.04150186
 26.500000     -0.03917535
 26.600000     -0.03626874
 26.700000     -0.03170765
 26.800000     -0.02617149
 26.900000     -0.02048496
 27.000000     -0.01595108
 27.100000     -0.01181063
 27.200000     -0.00784079
 27.300000     -0.00440094
 27.400000     -0.00123573
 27.500000      0.00192211
 27.600000      0.00542500
 27.700000      0.00777556
 27.800000      0.00940595
 27.900000      0.01040507
 28.000000      0.01081743
 28.100000      0.01039791
 28.200000      0.00964018
 28.300000      0.00905976
 28.400000      0.00841626
 28.500000      0.00689505
 28.600000      0.00435870
 28.700000      0.00108163
 28.800000     -0.00197479
 28.900000     -0.00559545
 29.000000     -0.00985539
 29.100000     -0.01460995
 29.200000     -0.01896946
 29.300000     -0.02288009
 29.400000     -0.02630928
 29.500000     -0.02988294
 29.600000     -0.03354384
 29.700000     -0.03702861
 29.800000     -0.03958163
 29.900000     -0.04161158
 30.000000     -0.04415009
 30.100000     -0.04747817
 30.200000     -0.05081042
 30.300000     -0.05276969
 30.400000     -0.05388838
 30.500000     -0.05465853
 30.600000     -0.05541325
 30.700000     -0.05495588
 30.800000     -0.05316062
 30.900000     -0.04938451
 31.000000     -0.04568336
 31.100000     -0.04240193
 31.200000     -0.03974968
 31.300000     -0.03635350
 31.400000     -0.03239604
 31.500000     -0.02811343
 31.600000     -0.02374590
 31.700000     -0.02008926
 31.800000     -0.01707098
 31.900000     -0.01455395
 32.000000     -0.01266931
 32.100000     -0.01076837
 32.200000     -0.00873683
 32.300000     -0.00640164
 32.400000     -0.00508106
 32.500000     -0.00464657
 32.600000     -0.00462907
 32.700000     -0.00392324
 32.800000     -0.00346882
 32.900000     -0.00299212
 33.000000     -0.00225847
 33.100000     -0.00116046
 33.200000      0.00048103
 33.300000      0.00272313
 33.400000      0.00555140
 33.500000      0.00731604
 33.600000      0.00906587
 33.700000      0.01087917
 33.800000      0.01301280
 33.900000      0.01487294
 34.000000      0.01689271
 34.100000      0.01932271
 34.200000      0.02224783
 34.300000      0.02596233
 34.400000      0.03094720
 34.500000      0.03765451
 34.600000      0.04526073
 34.700000      0.05307761
 34.800000      0.06095472
 34.900000      0.06916203
 35.000000      0.07728944
 35.100000      0.08536403
 35.200000      0.09319353
 35.300000      0.10015364
 35.400000      0.10604609
 35.500000      0.11078075
 35.600000      0.11462281
 35.700000      0.11696070
 35.800000      0.11815073
 35.900000      0.11835265
 36.000000      0.11783332
 36.100000      0.11656259
 36.200000      0.11424822
 36.300000      0.11070461
 36.400000      0.10618186
 36.500000      0.10202140
 36.600000      0.09710019
 36.700000      0.09061467
 36.800000      0.08374238
 36.900000      0.07637152
 37.000000      0.06858592
 37.100000      0.06023466
 37.200000      0.05215984
 37.300000      0.04408213
 37.400000      0.03575333
 37.500000      0.02792461
 37.600000      0.02093689
 37.700000      0.01473598
 37.800000      0.00890644
 37.900000      0.00369441
 38.000000     -0.00063526
 38.100000     -0.00400157
 38.200000     -0.00631151
 38.300000     -0.00810171
 38.400000     -0.00918348
 38.500000     -0.00939565
 38.600000     -0.00881810
 38.700000     -0.00833517
 38.800000     -0.00774437
 38.900000     -0.00620969
 39.000000     -0.00511476
 39.100000     -0.00459988
 39.200000     -0.00470535
 39.300000     -0.00335564
 39.400000     -0.00253087
 39.500000     -0.00280446
 39.600000     -0.00509269
 39.700000     -0.00668451
 39.800000     -0.00785603
 39.900000     -0.00905897
