  0.000000      0.01733101
  0.100000      0.01739639
  0.200000      0.01940673
  0.300000      0.02119952
  0.400000      0.02177408
  0.500000      0.02168003
  0.600000      0.02190246
  0.700000      0.02183796
  0.800000      0.02236092
  0.900000      0.02295679
  1.000000      0.02308490
  1.100000      0.02362932
  1.200000      0.02383425
  1.300000      0.02430164
  1.400000      0.02448320
  1.500000      0.02532099
  1.600000      0.02543281
  1.700000      0.02447709
  1.800000      0.02444356
  1.900000      0.02515339
  2.000000      0.02593905
  2.100000      0.02965045
  2.200000      0.03145566
  2.300000      0.03186054
  2.400000      0.03253088
  2.500000      0.03320837
  2.600000      0.03518343
  2.700000      0.03694988
  2.800000      0.04059821
  2.900000      0.04121817
  3.000000      0.04203598
  3.100000      0.04221853
  3.200000      0.04250803
  3.300000      0.04230575
  3.400000      0.04268070
  3.500000      0.04448735
  3.600000      0.04651625
  3.700000      0.04795340
  3.800000      0.05010948
  3.900000      0.05051596
  4.000000      0.05162851
  4.100000      0.05321833
  4.200000      0.05288737
  4.300000      0.05298727
  4.400000      0.05320229
  4.500000      0.05860768
  4.600000      0.06098470
  4.700000      0.06156373
  4.800000      0.06263966
  4.900000      0.06429267
  5.000000      0.06391028
  5.100000      0.06514059
  5.200000      0.06605511
  5.300000      0.06645896
  5.400000      0.06643960
  5.500000      0.06653259
  5.600000      0.06643209
  5.700000      0.06635611
  5.800000      0.06612947
  5.900000      0.06614157
  6.000000      0.06539202
  6.100000      0.06566941
  6.200000      0.06580191
  6.300000      0.06791309
  6.400000      0.06843593
  6.500000      0.06880153
  6.600000      0.06871678
  6.700000      0.06803175
  6.800000      0.06792787
  6.900000      0.06809235
  7.000000      0.06707036
  7.100000      0.06726268
  7.200000      0.06666184
  7.300000      0.06551588
  7.400000      0.06443555
  7.500000      0.06307823
  7.600000      0.06281566
  7.700000      0.06143699
  7.800000      0.06044531
  7.900000      0.06001208
  8.000000      0.05849175
  8.100000      0.05691560
  8.200000      0.05525434
  8.300000      0.05377612
  8.400000      0.05294676
  8.500000      0.05194800
  8.600000      0.05060811
  8.700000      0.04893380
  8.800000      0.04695795
  8.900000      0.04496155
  9.000000      0.04322176
  9.100000      0.04200526
  9.200000      0.04000637
  9.300000      0.03793564
  9.400000      0.03575748
  9.500000      0.03327036
  9.600000      0.03123939
  9.700000      0.03008852
  9.800000      0.02839417
  9.900000      0.02635519
 10.000000      0.02438771
 10.100000      0.02268495
 10.200000      0.02083569
 10.300000      0.01904215
 10.400000      0.01720474
 10.500000      0.01522032
 10.600000      0.01367266
 10.700000      0.01221673
 10.800000      0.01086482
 10.900000      0.00962662
 11.000000      0.00851309
 11.100000      0.00753366
 11.200000      0.00704860
 11.300000      0.00651856
 11.400000      0.00614358
 11.500000      0.00580738
 11.600000      0.00566934
 11.700000      0.00574346
 11.800000      0.00604149
 11.900000      0.00543635
 12.000000      0.00623127
 12.100000      0.00729416
 12.200000      0.00863805
 12.300000      0.01027490
 12.400000      0.01222240
 12.500000      0.01448988
 12.600000      0.01694238
 12.700000      0.01990629
 12.800000      0.02321559
 12.900000      0.02688584
 13.000000      0.03092630
 13.100000      0.03533926
 13.200000      0.04013079
 13.300000      0.04531287
 13.400000      0.05088280
 13.500000      0.05684758
 13.600000      0.06321592
 13.700000      0.06998763
 13.800000      0.07715995
 13.900000      0.08474027
 14.000000      0.09273092
 14.100000      0.10112644
 14.200000      0.10992488
 14.300000      0.11913091
 14.400000      0.12874092
 14.500000      0.13875351
 14.600000      0.14916313
 14.700000      0.15996470
 14.800000      0.17115094
 14.900000      0.18272085
 15.000000      0.19466534
 15.100000      0.20697328
 15.200000      0.21963434
 15.300000      0.23264193
 15.400000      0.24598247
 15.500000      0.25964107
 15.600000      0.27360163
 15.700000      0.28784962
 15.800000      0.30236752
 15.900000      0.31713819
 16.000000      0.33213898
 16.100000      0.34735048
 16.200000      0.36275188
 16.300000      0.37832159
 16.400000      0.39403502
 16.500000      0.40986973
 16.600000      0.42580051
 16.700000      0.44180214
 16.800000      0.45785073
 16.900000      0.47391928
 17.000000      0.48998138
 17.100000      0.50601022
 17.200000      0.52197977
 17.300000      0.53786161
 17.400000      0.55362700
 17.500000      0.56924741
 17.600000      0.58469732
 17.700000      0.59994102
 17.800000      0.61494903
 17.900000      0.62969480
 18.000000      0.64414488
 18.100000      0.65826274
 18.200000      0.67202053
 18.300000      0.68538721
 18.400000      0.69832478
 18.500000      0.71078982
 18.600000      0.72275283
 18.700000      0.73417525
 18.800000      0.74502149
 18.900000      0.75524550
 19.000000      0.76480218
 19.100000      0.77365393
 19.200000      0.78175676
 19.300000      0.78906728
 19.400000      0.79553631
 19.500000      0.80111814
 19.600000      0.80577331
 19.700000      0.80945657
 19.800000      0.81211296
 19.900000      0.81368696
 20.000000      0.81414388
 20.100000      0.81342927
 20.200000      0.81150612
 20.300000      0.80833359
 20.400000      0.80386780
 20.500000      0.79806157
 20.600000      0.79087443
 20.700000      0.78227545
 20.800000      0.77222989
 20.900000      0.76070682
 21.000000      0.74767238
 21.100000      0.73309676
 21.200000      0.71695990
 21.300000      0.69925139
 21.400000      0.67996071
 21.500000      0.65907440
 21.600000      0.63660057
 21.700000      0.61252296
 21.800000      0.58686183
 21.900000      0.55963633
 22.000000      0.53087495
 22.100000      0.50060208
 22.200000      0.46886126
 22.300000      0.43569864
 22.400000      0.40116217
 22.500000      0.36530630
 22.600000      0.32820743
 22.700000      0.28994609
 22.800000      0.25060791
 22.900000      0.21027157
 23.000000      0.16903944
 23.100000      0.12701899
 23.200000      0.08433023
 23.300000      0.04108142
 23.400000     -0.00260234
 23.500000     -0.04659613
 23.600000     -0.09076507
 23.700000     -0.13497843
 23.800000     -0.17910540
 23.900000     -0.22300779
 24.000000     -0.26654692
 24.100000     -0.30959358
 24.200000     -0.35201976
 24.300000     -0.39369942
 24.400000     -0.43451693
 24.500000     -0.47434806
 24.600000     -0.51308979
 24.700000     -0.55063977
 24.800000     -0.58691914
 24.900000     -0.62183512
 25.000000     -0.65531961
 25.100000     -0.68730335
 25.200000     -0.71775570
 25.300000     -0.74661305
 25.400000     -0.77385472
 25.500000     -0.79945678
 25.600000     -0.82340289
 25.700000     -0.84568874
 25.800000     -0.86632895
 25.900000     -0.88533238
 26.000000     -0.90272693
 26.100000     -0.91852480
 26.200000     -0.93277658
 26.300000     -0.94552011
 26.400000     -0.95679712
 26.500000     -0.96663666
 26.600000     -0.97511248
 26.700000     -0.98225930
 26.800000     -0.98813313
 26.900000     -0.99277621
 27.000000     -0.99623898
 27.100000     -0.99857165
 27.200000     -0.99981067
 27.300000     -1.00000000
 27.400000     -0.99918017
 27.500000     -0.99739286
 27.600000     -0.99468009
 27.700000     -0.99106632
 27.800000     -0.98658513
 27.900000     -0.98126973
 28.000000     -0.97515524
 28.100000     -0.96827725
 28.200000     -0.96066171
 28.300000     -0.95233815
 28.400000     -0.94334285
 28.500000     -0.93370967
 28.600000     -0.92346504
 28.700000     -0.91264543
 28.800000     -0.90129527
 28.900000     -0.88943934
 29.000000     -0.87710523
 29.100000     -0.86433860
 29.200000     -0.85117455
 29.300000     -0.83764587
 29.400000     -0.82379102
 29.500000     -0.80964727
 29.600000     -0.79525014
 29.700000     -0.78064090
 29.800000     -0.76585481
 29.900000     -0.75092086
 30.000000     -0.73587711
 30.100000     -0.72076366
 30.200000     -0.70560770
 30.300000     -0.69044259
 30.400000     -0.67530213
 30.500000     -0.66018894
 30.600000     -0.64472898
 30.700000     -0.63006973
 30.800000     -0.61572812
 30.900000     -0.60126207
 31.000000     -0.58694791
 31.100000     -0.57280151
 31.200000     -0.55883400
 31.300000     -0.54505376
 31.400000     -0.53219178
 31.500000     -0.51887840
 31.600000     -0.50577261
 31.700000     -0.49287923
 31.800000     -0.48020998
 31.900000     -0.46776354
 32.000000     -0.45554297
 32.100000     -0.44354899
 32.200000     -0.43178732
 32.300000     -0.42025873
 32.400000     -0.41009918
 32.500000     -0.39893249
 32.600000     -0.38822058
 32.700000     -0.37769655
 32.800000     -0.36704154
 32.900000     -0.35707227
 33.000000     -0.34734413
 33.100000     -0.33785212
 33.200000     -0.32859678
 33.300000     -0.31958052
 33.400000     -0.31081374
 33.500000     -0.30228026
 33.600000     -0.29397631
 33.700000     -0.28589861
 33.800000     -0.27804180
 33.900000     -0.27040033
 34.000000     -0.26301021
 34.100000     -0.25583111
 34.200000     -0.24888775
 34.300000     -0.24214646
 34.400000     -0.23559981
 34.500000     -0.22921893
 34.600000     -0.22299430
 34.700000     -0.21691091
 34.800000     -0.21092805
 34.900000     -0.20502262
 35.000000     -0.19923367
 35.100000     -0.19355351
 35.200000     -0.18797459
 35.300000     -0.18249605
 35.400000     -0.17711889
 35.500000     -0.17183157
 35.600000     -0.16660658
 35.700000     -0.16153825
 35.800000     -0.15668327
 35.900000     -0.15189290
 36.000000     -0.14797396
 36.100000     -0.14372924
 36.200000     -0.13917264
 36.300000     -0.13574888
 36.400000     -0.13186096
 36.500000     -0.12745645
 36.600000     -0.12320835
 36.700000     -0.11929848
 36.800000     -0.11520653
 36.900000     -0.11121745
 37.000000     -0.10732512
 37.100000     -0.10359550
 37.200000     -0.10001662
 37.300000     -0.09668431
 37.400000     -0.09395187
 37.500000     -0.09100929
 37.600000     -0.08825621
 37.700000     -0.08559337
 37.800000     -0.08416379
 37.900000     -0.08365840
 38.000000     -0.08118464
 38.100000     -0.07872550
 38.200000     -0.07636099
 38.300000     -0.07406623
 38.400000     -0.07180689
 38.500000     -0.06961797
 38.600000     -0.06751703
 38.700000     -0.06549552
 38.800000     -0.06357958
 38.900000     -0.06178141
 39.000000     -0.06003230
 39.100000     -0.05825655
 39.200000     -0.05647865
 39.300000     -0.05473969
 39.400000     -0.05308098
 39.500000     -0.05148276
 39.600000     -0.05015914
 39.700000     -0.04892861
 39.800000     -0.04790842
 39.900000     -0.04684032
