  0.000000     -0.00599637
  0.100000     -0.00786478
  0.200000     -0.01022220
  0.300000     -0.01248449
  0.400000     -0.01451874
  0.500000     -0.01677190
  0.600000     -0.01967820
  0.700000     -0.02273934
  0.800000     -0.02604578
  0.900000     -0.02979144
  1.000000     -0.03389757
  1.100000     -0.03807968
  1.200000     -0.04205374
  1.300000     -0.04649400
  1.400000     -0.05126827
  1.500000     -0.05574640
  1.600000     -0.06006501
  1.700000     -0.06454956
  1.800000     -0.06928019
  1.900000     -0.07412189
  2.000000     -0.07885378
  2.100000     -0.08346213
  2.200000     -0.08792082
  2.300000     -0.09193343
  2.400000     -0.09592122
  2.500000     -0.09974528
  2.600000     -0.10312140
  2.700000     -0.10582094
  2.800000     -0.10824858
  2.900000     -0.11004710
  3.000000     -0.11128111
  3.100000     -0.11195730
  3.200000     -0.11231197
  3.300000     -0.11217361
  3.400000     -0.11176593
  3.500000     -0.11005753
  3.600000     -0.10579356
  3.700000     -0.10034256
  3.800000     -0.09308195
  3.900000     -0.08386874
  4.000000     -0.07316073
  4.100000     -0.06062238
  4.200000     -0.04630521
  4.300000     -0.02969813
  4.400000     -0.01089389
  4.500000      0.01057680
  4.600000      0.03393931
  4.700000      0.05934628
  4.800000      0.08749649
  4.900000      0.11815656
  5.000000      0.15193204
  5.100000      0.18882482
  5.200000      0.22905968
  5.300000      0.27247735
  5.400000      0.31840854
  5.500000      0.36615354
  5.600000      0.41439610
  5.700000      0.46331639
  5.800000      0.51197096
  5.900000      0.56072840
  6.000000      0.60802216
  6.100000      0.65274282
  6.200000      0.69583297
  6.300000      0.73665032
  6.400000      0.77495807
  6.500000      0.81067837
  6.600000      0.84498296
  6.700000      0.87629930
  6.800000      0.90467605
  6.900000      0.92967906
  7.000000      0.95238762
  7.100000      0.97172953
  7.200000      0.98595489
  7.300000      0.99506283
  7.400000      1.00000000
  7.500000      0.99889693
  7.600000      0.98989288
  7.700000      0.97394286
  7.800000      0.95135115
  7.900000      0.92249465
  8.000000      0.88818698
  8.100000      0.84968216
  8.200000      0.80719513
  8.300000      0.75572546
  8.400000      0.69471334
  8.500000      0.62536622
  8.600000      0.55024673
  8.700000      0.46994345
  8.800000      0.38854888
  8.900000      0.30538933
  9.000000      0.22119438
  9.100000      0.13567545
  9.200000      0.04945763
  9.300000     -0.03049667
  9.400000     -0.10505924
  9.500000     -0.17727236
  9.600000     -0.24718269
  9.700000     -0.31152938
  9.800000     -0.36958465
  9.900000     -0.42219095
 10.000000     -0.46870752
 10.100000     -0.50690816
 10.200000     -0.53759099
 10.300000     -0.56358044
 10.400000     -0.58700815
 10.500000     -0.60601390
 10.600000     -0.62106409
 10.700000     -0.63322708
 10.800000     -0.63933331
 10.900000     -0.63891843
 11.000000     -0.63813752
 11.100000     -0.63251790
 11.200000     -0.62227424
 11.300000     -0.60942519
 11.400000     -0.59746570
 11.500000     -0.58237412
 11.600000     -0.56809810
 11.700000     -0.55112907
 11.800000     -0.53332819
 11.900000     -0.51604257
 12.000000     -0.49954798
 12.100000     -0.48214471
 12.200000     -0.46366530
 12.300000     -0.44744018
 12.400000     -0.43232996
 12.500000     -0.41743756
 12.600000     -0.40302974
 12.700000     -0.38998291
 12.800000     -0.37577979
 12.900000     -0.36202648
 13.000000     -0.35120982
 13.100000     -0.33989520
 13.200000     -0.32655307
 13.300000     -0.31354250
 13.400000     -0.29953482
 13.500000     -0.28619254
 13.600000     -0.27201832
 13.700000     -0.25715080
 13.800000     -0.24411141
 13.900000     -0.23161362
 14.000000     -0.22014038
 14.100000     -0.20985580
 14.200000     -0.19898650
 14.300000     -0.18910143
 14.400000     -0.18041541
 14.500000     -0.17331595
 14.600000     -0.16725665
 14.700000     -0.16259918
 14.800000     -0.15861689
 14.900000     -0.15479975
 15.000000     -0.15126424
 15.100000     -0.14750333
 15.200000     -0.14302771
 15.300000     -0.13779610
 15.400000     -0.13317608
 15.500000     -0.12878223
 15.600000     -0.12496291
 15.700000     -0.12169345
 15.800000     -0.12002575
 15.900000     -0.11731955
 16.000000     -0.11469494
 16.100000     -0.11174222
 16.200000     -0.10751968
 16.300000     -0.10337214
 16.400000     -0.09998981
 16.500000     -0.09732461
 16.600000     -0.09440394
 16.700000     -0.09160063
 16.800000     -0.08885075
 16.900000     -0.08574258
 17.000000     -0.08308175
 17.100000     -0.08236429
 17.200000     -0.08222778
 17.300000     -0.08018198
 17.400000     -0.07780753
 17.500000     -0.07421559
 17.600000     -0.07015108
 17.700000     -0.06733805
 17.800000     -0.06424238
 17.900000     -0.06137517
 18.000000     -0.05848449
 18.100000     -0.05625698
 18.200000     -0.05442847
 18.300000     -0.05424391
 18.400000     -0.05567173
 18.500000     -0.05591022
 18.600000     -0.05606264
 18.700000     -0.05672884
 18.800000     -0.05765007
 18.900000     -0.05932920
 19.000000     -0.06172685
 19.100000     -0.06220746
 19.200000     -0.06186033
 19.300000     -0.06305865
 19.400000     -0.06251444
 19.500000     -0.06091092
 19.600000     -0.05977138
 19.700000     -0.05889888
 19.800000     -0.05825620
 19.900000     -0.05763693
 20.000000     -0.05722723
 20.100000     -0.05631644
 20.200000     -0.05585986
 20.300000     -0.05627886
 20.400000     -0.05780019
 20.500000     -0.05890230
 20.600000     -0.05935567
 20.700000     -0.05964478
 20.800000     -0.05885867
 20.900000     -0.05766496
 21.000000     -0.05627795
 21.100000     -0.05539901
 21.200000     -0.05429000
 21.300000     -0.05199620
 21.400000     -0.04878707
 21.500000     -0.04531155
 21.600000     -0.04197463
 21.700000     -0.03910374
 21.800000     -0.03706802
 21.900000     -0.03585089
 22.000000     -0.03481949
 22.100000     -0.03436187
 22.200000     -0.03344989
 22.300000     -0.03268913
 22.400000     -0.03161832
 22.500000     -0.03175898
 22.600000     -0.03202913
 22.700000     -0.03152378
 22.800000     -0.03026205
 22.900000     -0.02829203
 23.000000     -0.02636657
 23.100000     -0.02403950
 23.200000     -0.02258797
 23.300000     -0.02140449
 23.400000     -0.02024409
 23.500000     -0.01919340
 23.600000     -0.01888422
 23.700000     -0.01960789
 23.800000     -0.01985333
 23.900000     -0.02003934
 24.000000     -0.02112342
 24.100000     -0.02227827
 24.200000     -0.02379641
 24.300000     -0.02527096
 24.400000     -0.02681972
 24.500000     -0.02741198
 24.600000     -0.02802395
 24.700000     -0.02867253
 24.800000     -0.02892078
 24.900000     -0.02942905
 25.000000     -0.02975022
 25.100000     -0.03089437
 25.200000     -0.03216770
 25.300000     -0.03342395
 25.400000     -0.03481661
 25.500000     -0.03641511
 25.600000     -0.03910470
 25.700000     -0.04133618
 25.800000     -0.04291704
 25.900000     -0.04468394
 26.000000     -0.04550566
 26.100000     -0.04590443
 26.200000     -0.04592241
 26.300000     -0.04519520
 26.400000     -0.04444344
 26.500000     -0.04384851
 26.600000     -0.04298611
 26.700000     -0.04192372
 26.800000     -0.04092615
 26.900000     -0.03976359
 27.000000     -0.03818922
 27.100000     -0.03605647
 27.200000     -0.03361377
 27.300000     -0.03104738
 27.400000     -0.02843277
 27.500000     -0.02598099
 27.600000     -0.02381596
 27.700000     -0.02214459
 27.800000     -0.02095559
 27.900000     -0.02009260
 28.000000     -0.01932822
 28.100000     -0.01871385
 28.200000     -0.01780015
 28.300000     -0.01655813
 28.400000     -0.01533754
 28.500000     -0.01435291
 28.600000     -0.01315047
 28.700000     -0.01160409
 28.800000     -0.01019621
 28.900000     -0.00918984
 29.000000     -0.00839179
 29.100000     -0.00833821
 29.200000     -0.00906549
 29.300000     -0.01004726
 29.400000     -0.01090550
 29.500000     -0.01173225
 29.600000     -0.01263271
 29.700000     -0.01307838
 29.800000     -0.01288840
 29.900000     -0.01300467
 30.000000     -0.01288263
 30.100000     -0.01244298
 30.200000     -0.01239103
 30.300000     -0.01246276
 30.400000     -0.01224196
 30.500000     -0.01186631
 30.600000     -0.01134216
 30.700000     -0.01095818
 30.800000     -0.01095019
 30.900000     -0.01054705
 31.000000     -0.00970915
 31.100000     -0.00839060
 31.200000     -0.00719501
 31.300000     -0.00578617
 31.400000     -0.00391732
 31.500000     -0.00207768
 31.600000     -0.00059149
 31.700000      0.00075580
 31.800000      0.00189703
 31.900000      0.00269888
 32.000000      0.00291601
 32.100000      0.00327804
 32.200000      0.00334576
 32.300000      0.00325612
 32.400000      0.00358770
 32.500000      0.00420223
 32.600000      0.00452831
 32.700000      0.00453356
 32.800000      0.00485230
 32.900000      0.00527239
 33.000000      0.00559601
 33.100000      0.00605926
 33.200000      0.00677024
 33.300000      0.00719625
 33.400000      0.00745238
 33.500000      0.00824242
 33.600000      0.00881763
 33.700000      0.00894922
 33.800000      0.00925251
 33.900000      0.00972805
 34.000000      0.00994270
 34.100000      0.00960464
 34.200000      0.00951323
 34.300000      0.00908444
 34.400000      0.00806949
 34.500000      0.00717526
 34.600000      0.00619841
 34.700000      0.00466776
 34.800000      0.00288026
 34.900000      0.00111024
 35.000000     -0.00098739
 35.100000     -0.00333517
 35.200000     -0.00533141
 35.300000     -0.00703574
 35.400000     -0.00899630
 35.500000     -0.01088299
 35.600000     -0.01246828
 35.700000     -0.01400082
 35.800000     -0.01554172
 35.900000     -0.01646979
 36.000000     -0.01702115
 36.100000     -0.01781818
 36.200000     -0.01877504
 36.300000     -0.01972859
 36.400000     -0.02059187
 36.500000     -0.02127654
 36.600000     -0.02159575
 36.700000     -0.02140359
 36.800000     -0.02099839
 36.900000     -0.02046637
 37.000000     -0.01986936
 37.100000     -0.01904651
 37.200000     -0.01819768
 37.300000     -0.01761954
 37.400000     -0.01713994
 37.500000     -0.01677064
 37.600000     -0.01631939
 37.700000     -0.01567986
 37.800000     -0.01474701
 37.900000     -0.01345344
 38.000000     -0.01193059
 38.100000     -0.01030208
 38.200000     -0.00861604
 38.300000     -0.00664170
 38.400000     -0.00444419
 38.500000     -0.00243408
 38.600000     -0.00104040
 38.700000      0.00047032
 38.800000      0.00243545
 38.900000      0.00448534
 39.000000      0.00629169
 39.100000      0.00805990
 39.200000      0.00988366
 39.300000      0.01164928
 39.400000      0.01349547
 39.500000      0.01527684
 39.600000      0.01718786
 39.700000      0.01899835
 39.800000      0.02074798
 39.900000      0.02231712
