  0.000000      0.01669920
  0.100000      0.01714498
  0.200000      0.01725083
  0.300000      0.01715941
  0.400000      0.01676619
  0.500000      0.01626336
  0.600000      0.01556849
  0.700000      0.01462624
  0.800000      0.01394433
  0.900000      0.01328869
  1.000000      0.01236597
  1.100000      0.01142974
  1.200000      0.01041245
  1.300000      0.00944762
  1.400000      0.00873574
  1.500000      0.00816714
  1.600000      0.00771926
  1.700000      0.00758176
  1.800000      0.00753030
  1.900000      0.00778202
  2.000000      0.00791848
  2.100000      0.00789919
  2.200000      0.00770777
  2.300000      0.00734612
  2.400000      0.00690031
  2.500000      0.00641193
  2.600000      0.00596485
  2.700000      0.00540181
  2.800000      0.00490242
  2.900000      0.00458007
  3.000000      0.00461325
  3.100000      0.00465319
  3.200000      0.00461631
  3.300000      0.00469061
  3.400000      0.00485721
  3.500000      0.00500157
  3.600000      0.00514009
  3.700000      0.00549140
  3.800000      0.00619089
  3.900000      0.00726389
  4.000000      0.00822969
  4.100000      0.00916942
  4.200000      0.01032876
  4.300000      0.01163849
  4.400000      0.01304848
  4.500000      0.01436529
  4.600000      0.01544096
  4.700000      0.01650428
  4.800000      0.01734572
  4.900000      0.01749216
  5.000000      0.01733780
  5.100000      0.01672592
  5.200000      0.01591243
  5.300000      0.01492551
  5.400000      0.01411108
  5.500000      0.01404099
  5.600000      0.01405278
  5.700000      0.01457891
  5.800000      0.01550864
  5.900000      0.01630980
  6.000000      0.01686818
  6.100000      0.01691806
  6.200000      0.01677040
  6.300000      0.01648487
  6.400000      0.01632605
  6.500000      0.01640844
  6.600000      0.01644487
  6.700000      0.01700276
  6.800000      0.01838970
  6.900000      0.02011044
  7.000000      0.02231747
  7.100000      0.02516921
  7.200000      0.02870377
  7.300000      0.03321455
  7.400000      0.03831351
  7.500000      0.04366093
  7.600000      0.04971892
  7.700000      0.05690494
  7.800000      0.06505987
  7.900000      0.07423612
  8.000000      0.08459201
  8.100000      0.09607706
  8.200000      0.10889148
  8.300000      0.12366791
  8.400000      0.14065577
  8.500000      0.15972202
  8.600000      0.18054944
  8.700000      0.20307967
  8.800000      0.22682783
  8.900000      0.25139712
  9.000000      0.27702951
  9.100000      0.30369796
  9.200000      0.33148445
  9.300000      0.35960727
  9.400000      0.38756323
  9.500000      0.41908296
  9.600000      0.44303501
  9.700000      0.45945557
  9.800000      0.47375303
  9.900000      0.49309490
 10.000000      0.51507722
 10.100000      0.53812019
 10.200000      0.56543824
 10.300000      0.59418163
 10.400000      0.62287600
 10.500000      0.65108690
 10.600000      0.67661816
 10.700000      0.69834889
 10.800000      0.71385232
 10.900000      0.73028887
 11.000000      0.74339255
 11.100000      0.75732467
 11.200000      0.76978691
 11.300000      0.78100565
 11.400000      0.78809251
 11.500000      0.79741508
 11.600000      0.80576689
 11.700000      0.81301834
 11.800000      0.82316668
 11.900000      0.83094672
 12.000000      0.83887949
 12.100000      0.84216547
 12.200000      0.85121503
 12.300000      0.86973257
 12.400000      0.89540805
 12.500000      0.92138619
 12.600000      0.94082735
 12.700000      0.95415211
 12.800000      0.96466957
 12.900000      0.98136812
 13.000000      0.99587677
 13.100000      1.00000000
 13.200000      0.98866100
 13.300000      0.97035169
 13.400000      0.95460398
 13.500000      0.94332142
 13.600000      0.93312236
 13.700000      0.92043905
 13.800000      0.91028830
 13.900000      0.91974713
 14.000000      0.95020466
 14.100000      0.98479798
 14.200000      0.99982255
 14.300000      0.97806938
 14.400000      0.91366349
 14.500000      0.81428313
 14.600000      0.71948924
 14.700000      0.65414253
 14.800000      0.58117799
 14.900000      0.47342818
 15.000000      0.35418295
 15.100000      0.24285167
 15.200000      0.13652256
 15.300000      0.05401615
 15.400000      0.00534356
 15.500000     -0.02833412
 15.600000     -0.05963879
 15.700000     -0.10043166
 15.800000     -0.14311114
 15.900000     -0.17519639
 16.000000     -0.20282586
 16.100000     -0.23246036
 16.200000     -0.26204229
 16.300000     -0.28868148
 16.400000     -0.31992518
 16.500000     -0.35190495
 16.600000     -0.37841233
 16.700000     -0.39977554
 16.800000     -0.42201739
 16.900000     -0.43644264
 17.000000     -0.43838886
 17.100000     -0.43506560
 17.200000     -0.44192900
 17.300000     -0.47079643
 17.400000     -0.49980251
 17.500000     -0.52399790
 17.600000     -0.53826730
 17.700000     -0.55042903
 17.800000     -0.56535027
 17.900000     -0.58721122
 18.000000     -0.59944833
 18.100000     -0.60540416
 18.200000     -0.60623178
 18.300000     -0.60530196
 18.400000     -0.60117627
 18.500000     -0.59422268
 18.600000     -0.58245577
 18.700000     -0.57753933
 18.800000     -0.57701135
 18.900000     -0.57286653
 19.000000     -0.57287639
 19.100000     -0.58093201
 19.200000     -0.59180544
 19.300000     -0.60984372
 19.400000     -0.62320438
 19.500000     -0.61597655
 19.600000     -0.60199657
 19.700000     -0.59133857
 19.800000     -0.58525215
 19.900000     -0.57574333
 20.000000     -0.57361089
 20.100000     -0.57612007
 20.200000     -0.57941098
 20.300000     -0.57526405
 20.400000     -0.57492124
 20.500000     -0.58332410
 20.600000     -0.58483896
 20.700000     -0.58000574
 20.800000     -0.58196374
 20.900000     -0.58725899
 21.000000     -0.58711481
 21.100000     -0.58335189
 21.200000     -0.57306164
 21.300000     -0.55740207
 21.400000     -0.53859201
 21.500000     -0.52344698
 21.600000     -0.50612208
 21.700000     -0.49330525
 21.800000     -0.48065480
 21.900000     -0.47018180
 22.000000     -0.46020698
 22.100000     -0.44864184
 22.200000     -0.42841497
 22.300000     -0.40582580
 22.400000     -0.39034297
 22.500000     -0.38827247
 22.600000     -0.39702469
 22.700000     -0.40534817
 22.800000     -0.40095709
 22.900000     -0.39640168
 23.000000     -0.39342266
 23.100000     -0.39075584
 23.200000     -0.38798485
 23.300000     -0.38474465
 23.400000     -0.38016360
 23.500000     -0.37398949
 23.600000     -0.36695691
 23.700000     -0.36001112
 23.800000     -0.35345360
 23.900000     -0.34771933
 24.000000     -0.34302074
 24.100000     -0.33949490
 24.200000     -0.33686668
 24.300000     -0.33534183
 24.400000     -0.33488982
 24.500000     -0.33518170
 24.600000     -0.33550585
 24.700000     -0.33518623
 24.800000     -0.33469196
 24.900000     -0.33324046
 25.000000     -0.33079820
 25.100000     -0.32737927
 25.200000     -0.32335750
 25.300000     -0.31894756
 25.400000     -0.31445651
 25.500000     -0.30957522
 25.600000     -0.30390453
 25.700000     -0.29799746
 25.800000     -0.29168142
 25.900000     -0.28595201
 26.000000     -0.28065854
 26.100000     -0.27635580
 26.200000     -0.27326380
 26.300000     -0.27105440
 26.400000     -0.26965759
 26.500000     -0.26788512
 26.600000     -0.26594314
 26.700000     -0.26384599
 26.800000     -0.26127188
 26.900000     -0.25830931
 27.000000     -0.25540088
 27.100000     -0.25207027
 27.200000     -0.24793025
 27.300000     -0.24388971
 27.400000     -0.23984015
 27.500000     -0.23638836
 27.600000     -0.23338690
 27.700000     -0.23089471
 27.800000     -0.22896612
 27.900000     -0.22675319
 28.000000     -0.22451749
 28.100000     -0.22226965
 28.200000     -0.21992792
 28.300000     -0.21755626
 28.400000     -0.21533903
 28.500000     -0.21335044
 28.600000     -0.21123982
 28.700000     -0.20860838
 28.800000     -0.20529069
 28.900000     -0.20156441
 29.000000     -0.19734839
 29.100000     -0.19262960
 29.200000     -0.18677351
 29.300000     -0.17968632
 29.400000     -0.17252669
 29.500000     -0.16526170
 29.600000     -0.15784277
 29.700000     -0.15028408
 29.800000     -0.14328292
 29.900000     -0.13703247
 30.000000     -0.13040486
 30.100000     -0.12281028
 30.200000     -0.11468720
 30.300000     -0.10626467
 30.400000     -0.09785629
 30.500000     -0.08937054
 30.600000     -0.08050512
 30.700000     -0.07154353
 30.800000     -0.06355332
 30.900000     -0.05699361
 31.000000     -0.05175686
 31.100000     -0.04772131
 31.200000     -0.04500270
 31.300000     -0.04386464
 31.400000     -0.04362951
 31.500000     -0.04432735
 31.600000     -0.04512229
 31.700000     -0.04555573
 31.800000     -0.04530968
 31.900000     -0.04484937
 32.000000     -0.04433012
 32.100000     -0.04368847
 32.200000     -0.04294160
 32.300000     -0.04216314
 32.400000     -0.04119553
 32.500000     -0.04033211
 32.600000     -0.03926336
 32.700000     -0.03830925
 32.800000     -0.03723065
 32.900000     -0.03592194
 33.000000     -0.03420823
 33.100000     -0.03186211
 33.200000     -0.02986379
 33.300000     -0.02825297
 33.400000     -0.02684202
 33.500000     -0.02623031
 33.600000     -0.02595478
 33.700000     -0.02581637
 33.800000     -0.02528868
 33.900000     -0.02381983
 34.000000     -0.02134846
 34.100000     -0.01860827
 34.200000     -0.01544064
 34.300000     -0.01198271
 34.400000     -0.00859933
 34.500000     -0.00570694
 34.600000     -0.00360339
 34.700000     -0.00235793
 34.800000     -0.00146565
 34.900000     -0.00060877
 35.000000     -0.00121882
 35.100000     -0.00236420
 35.200000     -0.00379045
 35.300000     -0.00605138
 35.400000     -0.00889892
 35.500000     -0.01211529
 35.600000     -0.01566869
 35.700000     -0.01912123
 35.800000     -0.02172758
 35.900000     -0.02309796
 36.000000     -0.02330864
 36.100000     -0.02265617
 36.200000     -0.02137236
 36.300000     -0.01966724
 36.400000     -0.01741382
 36.500000     -0.01506285
 36.600000     -0.01298961
 36.700000     -0.01135983
 36.800000     -0.01011078
 36.900000     -0.00918521
 37.000000     -0.00834836
 37.100000     -0.00731007
 37.200000     -0.00647666
 37.300000     -0.00553836
 37.400000     -0.00438752
 37.500000     -0.00298913
 37.600000     -0.00079006
 37.700000      0.00177960
 37.800000      0.00542099
 37.900000      0.00952857
 38.000000      0.01395770
 38.100000      0.01846642
 38.200000      0.02271826
 38.300000      0.02664800
 38.400000      0.03046384
 38.500000      0.03395822
 38.600000      0.03694524
 38.700000      0.03912044
 38.800000      0.04016881
 38.900000      0.04016571
 39.000000      0.04032926
 39.100000      0.04090185
 39.200000      0.04131275
 39.300000      0.04137625
 39.400000      0.04153152
 39.500000      0.04179424
 39.600000      0.04203176
 39.700000      0.04268883
 39.800000      0.04394194
 39.900000      0.04538599
