  0.000000     -0.00757991
  0.100000     -0.00723101
  0.200000     -0.00701775
  0.300000     -0.00676756
  0.400000     -0.00623077
  0.500000     -0.00550640
  0.600000     -0.00438672
  0.700000     -0.00299225
  0.800000     -0.00137822
  0.900000      0.00013144
  1.000000      0.00146850
  1.100000      0.00223366
  1.200000      0.00264749
  1.300000      0.00282774
  1.400000      0.00318832
  1.500000      0.00372135
  1.600000      0.00294699
  1.700000      0.00191934
  1.800000      0.00117121
  1.900000      0.00115516
  2.000000      0.00206248
  2.100000      0.00311782
  2.200000      0.00465673
  2.300000      0.00606835
  2.400000      0.00730532
  2.500000      0.00839232
  2.600000      0.00940310
  2.700000      0.01035758
  2.800000      0.01064582
  2.900000      0.01021996
  3.000000      0.00925006
  3.100000      0.00752570
  3.200000      0.00538247
  3.300000      0.00331751
  3.400000      0.00126233
  3.500000     -0.00084234
  3.600000     -0.00314153
  3.700000     -0.00576903
  3.800000     -0.00818543
  3.900000     -0.00999801
  4.000000     -0.01092270
  4.100000     -0.00991265
  4.200000     -0.00750981
  4.300000     -0.00389203
  4.400000     -0.00159438
  4.500000      0.00299636
  4.600000      0.00603169
  4.700000      0.00743673
  4.800000      0.00549938
  4.900000      0.00123769
  5.000000     -0.00630631
  5.100000     -0.01349574
  5.200000     -0.02128443
  5.300000     -0.02901471
  5.400000     -0.03709860
  5.500000     -0.04855387
  5.600000     -0.06009916
  5.700000     -0.07150630
  5.800000     -0.08244060
  5.900000     -0.09407265
  6.000000     -0.10580670
  6.100000     -0.11433677
  6.200000     -0.12086927
  6.300000     -0.12850611
  6.400000     -0.13278712
  6.500000     -0.13303334
  6.600000     -0.13062806
  6.700000     -0.12566946
  6.800000     -0.11826690
  6.900000     -0.11028917
  7.000000     -0.10205026
  7.100000     -0.09069606
  7.200000     -0.08202350
  7.300000     -0.07149992
  7.400000     -0.05661658
  7.500000     -0.03942682
  7.600000     -0.01960954
  7.700000     -0.00019074
  7.800000      0.02107565
  7.900000      0.04165742
  8.000000      0.06609369
  8.100000      0.09579755
  8.200000      0.12915822
  8.300000      0.16582906
  8.400000      0.20673359
  8.500000      0.25112293
  8.600000      0.30151994
  8.700000      0.35603540
  8.800000      0.41291481
  8.900000      0.46994587
  9.000000      0.52901159
  9.100000      0.58963347
  9.200000      0.64907489
  9.300000      0.70458736
  9.400000      0.75982790
  9.500000      0.81244554
  9.600000      0.85959688
  9.700000      0.89649146
  9.800000      0.92713866
  9.900000      0.95033621
 10.000000      0.96890654
 10.100000      0.98243675
 10.200000      0.99600648
 10.300000      1.00000000
 10.400000      0.99642552
 10.500000      0.98481735
 10.600000      0.95668168
 10.700000      0.91884456
 10.800000      0.87057920
 10.900000      0.81441251
 11.000000      0.75583374
 11.100000      0.69310768
 11.200000      0.62245792
 11.300000      0.54705853
 11.400000      0.46279795
 11.500000      0.37297884
 11.600000      0.28092776
 11.700000      0.19006265
 11.800000      0.10709785
 11.900000      0.03527843
 12.000000     -0.01470715
 12.100000     -0.05289378
 12.200000     -0.08973076
 12.300000     -0.12077887
 12.400000     -0.15228030
 12.500000     -0.17612400
 12.600000     -0.19553538
 12.700000     -0.20967994
 12.800000     -0.21776977
 12.900000     -0.22557313
 13.000000     -0.22666978
 13.100000     -0.22800688
 13.200000     -0.23061782
 13.300000     -0.23900602
 13.400000     -0.24777705
 13.500000     -0.24784316
 13.600000     -0.24350040
 13.700000     -0.23380100
 13.800000     -0.21491959
 13.900000     -0.19252772
 14.000000     -0.16686279
 14.100000     -0.14428915
 14.200000     -0.12631717
 14.300000     -0.11447042
 14.400000     -0.10539501
 14.500000     -0.10240907
 14.600000     -0.10327098
 14.700000     -0.10721927
 14.800000     -0.11200885
 14.900000     -0.11717614
 15.000000     -0.12755824
 15.100000     -0.14328140
 15.200000     -0.15782707
 15.300000     -0.16867566
 15.400000     -0.17382894
 15.500000     -0.16978107
 15.600000     -0.16640365
 15.700000     -0.15957420
 15.800000     -0.15244421
 15.900000     -0.14253930
 16.000000     -0.13349153
 16.100000     -0.13628252
 16.200000     -0.14401002
 16.300000     -0.14554951
 16.400000     -0.14482895
 16.500000     -0.14739768
 16.600000     -0.15082335
 16.700000     -0.15628890
 16.800000     -0.15969384
 16.900000     -0.15729805
 17.000000     -0.15560816
 17.100000     -0.15505716
 17.200000     -0.15303659
 17.300000     -0.15448283
 17.400000     -0.15998619
 17.500000     -0.16422572
 17.600000     -0.16880026
 17.700000     -0.17318638
 17.800000     -0.17778884
 17.900000     -0.18359413
 18.000000     -0.19094978
 18.100000     -0.19946509
 18.200000     -0.21172718
 18.300000     -0.22479204
 18.400000     -0.23734359
 18.500000     -0.25175265
 18.600000     -0.26668098
 18.700000     -0.27895983
 18.800000     -0.28799911
 18.900000     -0.29398316
 19.000000     -0.29933802
 19.100000     -0.30443740
 19.200000     -0.30810378
 19.300000     -0.31123312
 19.400000     -0.31277394
 19.500000     -0.31455028
 19.600000     -0.31662215
 19.700000     -0.31987118
 19.800000     -0.32103733
 19.900000     -0.32311398
 20.000000     -0.32395124
 20.100000     -0.32397245
 20.200000     -0.32113667
 20.300000     -0.31732485
 20.400000     -0.31238384
 20.500000     -0.30732815
 20.600000     -0.30180953
 20.700000     -0.29619648
 20.800000     -0.28798720
 20.900000     -0.27538388
 21.000000     -0.26428777
 21.100000     -0.25519595
 21.200000     -0.24780864
 21.300000     -0.24106370
 21.400000     -0.23571695
 21.500000     -0.23182268
 21.600000     -0.22949599
 21.700000     -0.22387976
 21.800000     -0.21549929
 21.900000     -0.20473542
 22.000000     -0.19354491
 22.100000     -0.18089186
 22.200000     -0.16979922
 22.300000     -0.16356650
 22.400000     -0.15977620
 22.500000     -0.15779804
 22.600000     -0.15652125
 22.700000     -0.15657797
 22.800000     -0.15835577
 22.900000     -0.16012733
 23.000000     -0.16600653
 23.100000     -0.17773796
 23.200000     -0.19059314
 23.300000     -0.20394266
 23.400000     -0.21820328
 23.500000     -0.23223392
 23.600000     -0.24541965
 23.700000     -0.25715554
 23.800000     -0.26679359
 23.900000     -0.27439464
 24.000000     -0.28064347
 24.100000     -0.28647076
 24.200000     -0.29005970
 24.300000     -0.29038187
 24.400000     -0.29025879
 24.500000     -0.29052056
 24.600000     -0.29316948
 24.700000     -0.29706624
 24.800000     -0.30371306
 24.900000     -0.31052204
 25.000000     -0.31944673
 25.100000     -0.32896077
 25.200000     -0.33552001
 25.300000     -0.33944169
 25.400000     -0.34138512
 25.500000     -0.34166464
 25.600000     -0.34127416
 25.700000     -0.33939649
 25.800000     -0.33843225
 25.900000     -0.33496439
 26.000000     -0.32848533
 26.100000     -0.32241111
 26.200000     -0.31604783
 26.300000     -0.30962993
 26.400000     -0.30450303
 26.500000     -0.30032558
 26.600000     -0.29627536
 26.700000     -0.29156639
 26.800000     -0.28650530
 26.900000     -0.28159066
 27.000000     -0.27722028
 27.100000     -0.27374599
 27.200000     -0.27150757
 27.300000     -0.27025720
 27.400000     -0.27021600
 27.500000     -0.27065847
 27.600000     -0.27096089
 27.700000     -0.27181698
 27.800000     -0.27241958
 27.900000     -0.27245251
 28.000000     -0.27217423
 28.100000     -0.27164280
 28.200000     -0.27144862
 28.300000     -0.27188721
 28.400000     -0.27304598
 28.500000     -0.27473762
 28.600000     -0.27698830
 28.700000     -0.27959801
 28.800000     -0.28273928
 28.900000     -0.28673635
 29.000000     -0.29168341
 29.100000     -0.29686944
 29.200000     -0.30238995
 29.300000     -0.30784292
 29.400000     -0.31290483
 29.500000     -0.31740026
 29.600000     -0.32061380
 29.700000     -0.32222684
 29.800000     -0.32387313
 29.900000     -0.32542925
 30.000000     -0.32733821
 30.100000     -0.32995259
 30.200000     -0.33350382
 30.300000     -0.33739476
 30.400000     -0.34065920
 30.500000     -0.34395161
 30.600000     -0.34705121
 30.700000     -0.34987122
 30.800000     -0.35336792
 30.900000     -0.35682650
 31.000000     -0.36075107
 31.100000     -0.36499573
 31.200000     -0.36906083
 31.300000     -0.37316302
 31.400000     -0.37772921
 31.500000     -0.38232358
 31.600000     -0.38658670
 31.700000     -0.39058955
 31.800000     -0.39482321
 31.900000     -0.39971720
 32.000000     -0.40413157
 32.100000     -0.40757669
 32.200000     -0.41049020
 32.300000     -0.41280656
 32.400000     -0.41406416
 32.500000     -0.41375492
 32.600000     -0.41159877
 32.700000     -0.40837643
 32.800000     -0.40483273
 32.900000     -0.40040438
 33.000000     -0.39551316
 33.100000     -0.39172110
 33.200000     -0.38873660
 33.300000     -0.38655568
 33.400000     -0.38428570
 33.500000     -0.38213569
 33.600000     -0.38012681
 33.700000     -0.37814194
 33.800000     -0.37649589
 33.900000     -0.37488336
 34.000000     -0.37318741
 34.100000     -0.37142761
 34.200000     -0.36959647
 34.300000     -0.36739413
 34.400000     -0.36387329
 34.500000     -0.36131289
 34.600000     -0.35954009
 34.700000     -0.35801687
 34.800000     -0.35698127
 34.900000     -0.35583637
 35.000000     -0.35437785
 35.100000     -0.35343084
 35.200000     -0.35260998
 35.300000     -0.35177759
 35.400000     -0.35135344
 35.500000     -0.35138289
 35.600000     -0.35166514
 35.700000     -0.35160413
 35.800000     -0.35110875
 35.900000     -0.35038340
 36.000000     -0.34978288
 36.100000     -0.34941117
 36.200000     -0.34858500
 36.300000     -0.34747488
 36.400000     -0.34628824
 36.500000     -0.34427429
 36.600000     -0.34123615
 36.700000     -0.33743414
 36.800000     -0.33312709
 36.900000     -0.32842464
 37.000000     -0.32441222
 37.100000     -0.32095470
 37.200000     -0.31833709
 37.300000     -0.31690168
 37.400000     -0.31700302
 37.500000     -0.31813361
 37.600000     -0.32008294
 37.700000     -0.32226261
 37.800000     -0.32465756
 37.900000     -0.32757924
 38.000000     -0.33041064
 38.100000     -0.33299015
 38.200000     -0.33542125
 38.300000     -0.33763275
 38.400000     -0.33965169
 38.500000     -0.34125006
 38.600000     -0.34214406
 38.700000     -0.34236760
 38.800000     -0.34160461
 38.900000     -0.34031769
 39.000000     -0.33871974
 39.100000     -0.33654177
 39.200000     -0.33387403
 39.300000     -0.33078188
 39.400000     -0.32678809
 39.500000     -0.32219851
 39.600000     -0.31746455
 39.700000     -0.31225395
 39.800000     -0.30700025
 39.900000     -0.30173892
