  0.000000      0.00204346
  0.100000     -0.00016363
  0.200000     -0.00263169
  0.300000     -0.00313060
  0.400000     -0.00272869
  0.500000     -0.00082133
  0.600000      0.00139309
  0.700000      0.00355809
  0.800000      0.00559618
  0.900000      0.00735257
  1.000000      0.00639737
  1.100000      0.00523348
  1.200000      0.00406879
  1.300000      0.00206063
  1.400000     -0.00016081
  1.500000     -0.00143136
  1.600000     -0.00225739
  1.700000     -0.00207787
  1.800000     -0.00182820
  1.900000     -0.00241931
  2.000000     -0.00245026
  2.100000     -0.00200627
  2.200000     -0.00182464
  2.300000     -0.00144421
  2.400000     -0.00036605
  2.500000      0.00145928
  2.600000      0.00465719
  2.700000      0.00620692
  2.800000      0.00740494
  2.900000      0.00768952
  3.000000      0.00758061
  3.100000      0.00776015
  3.200000      0.00710812
  3.300000      0.00596658
  3.400000      0.00513146
  3.500000      0.00384417
  3.600000      0.00156313
  3.700000      0.00044690
  3.800000     -0.00026915
  3.900000     -0.00241336
  4.000000     -0.00534596
  4.100000     -0.00569870
  4.200000     -0.00583055
  4.300000     -0.00591990
  4.400000     -0.00572093
  4.500000     -0.00670776
  4.600000     -0.00828643
  4.700000     -0.01107652
  4.800000     -0.01412493
  4.900000     -0.01632357
  5.000000     -0.01712689
  5.100000     -0.01851550
  5.200000     -0.01832929
  5.300000     -0.01875958
  5.400000     -0.02002125
  5.500000     -0.02261667
  5.600000     -0.02585312
  5.700000     -0.02915594
  5.800000     -0.03400052
  5.900000     -0.03815383
  6.000000     -0.04121762
  6.100000     -0.04222660
  6.200000     -0.04311044
  6.300000     -0.04438331
  6.400000     -0.04431708
  6.500000     -0.04319591
  6.600000     -0.04363344
  6.700000     -0.04330899
  6.800000     -0.04227965
  6.900000     -0.04272888
  7.000000     -0.04340548
  7.100000     -0.04157203
  7.200000     -0.03837237
  7.300000     -0.03748091
  7.400000     -0.03349889
  7.500000     -0.02428189
  7.600000     -0.01467913
  7.700000     -0.00775667
  7.800000      0.00227003
  7.900000      0.01160382
  8.000000      0.01620260
  8.100000      0.02025188
  8.200000      0.02519106
  8.300000      0.02828578
  8.400000      0.03056974
  8.500000      0.03345122
  8.600000      0.03589251
  8.700000      0.03762607
  8.800000      0.03897127
  8.900000      0.04096804
  9.000000      0.04028097
  9.100000      0.03806604
  9.200000      0.03720010
  9.300000      0.03583996
  9.400000      0.03322772
  9.500000      0.03125455
  9.600000      0.02610397
  9.700000      0.02027041
  9.800000      0.01464205
  9.900000      0.01002172
 10.000000      0.00288753
 10.100000     -0.00579987
 10.200000     -0.01132243
 10.300000     -0.01726612
 10.400000     -0.02291912
 10.500000     -0.02682753
 10.600000     -0.03038698
 10.700000     -0.03439114
 10.800000     -0.03837048
 10.900000     -0.03826224
 11.000000     -0.03730318
 11.100000     -0.03773755
 11.200000     -0.03348078
 11.300000     -0.02596766
 11.400000     -0.01819565
 11.500000     -0.01104702
 11.600000     -0.00380858
 11.700000      0.00278464
 11.800000      0.00747233
 11.900000      0.01039657
 12.000000      0.01353423
 12.100000      0.01621735
 12.200000      0.01826720
 12.300000      0.02086681
 12.400000      0.02093577
 12.500000      0.02066558
 12.600000      0.02036794
 12.700000      0.01926719
 12.800000      0.01875025
 12.900000      0.01826000
 13.000000      0.01819915
 13.100000      0.01879882
 13.200000      0.02119621
 13.300000      0.02524993
 13.400000      0.02947812
 13.500000      0.02872824
 13.600000      0.02809374
 13.700000      0.02814328
 13.800000      0.02988579
 13.900000      0.02872946
 14.000000      0.02644675
 14.100000      0.02562337
 14.200000      0.02449313
 14.300000      0.02140845
 14.400000      0.01561607
 14.500000      0.01022710
 14.600000      0.00572510
 14.700000     -0.00077194
 14.800000     -0.00806854
 14.900000     -0.01367168
 15.000000     -0.01905364
 15.100000     -0.02510801
 15.200000     -0.02998230
 15.300000     -0.03422184
 15.400000     -0.03588268
 15.500000     -0.03612690
 15.600000     -0.03440202
 15.700000     -0.03280496
 15.800000     -0.03122215
 15.900000     -0.03129636
 16.000000     -0.02992928
 16.100000     -0.02728802
 16.200000     -0.02646372
 16.300000     -0.02852262
 16.400000     -0.02913282
 16.500000     -0.03122181
 16.600000     -0.03302477
 16.700000     -0.03692822
 16.800000     -0.03814767
 16.900000     -0.03707897
 17.000000     -0.03303454
 17.100000     -0.02901959
 17.200000     -0.02501150
 17.300000     -0.02134418
 17.400000     -0.01779170
 17.500000     -0.01180541
 17.600000     -0.00437071
 17.700000      0.00464390
 17.800000      0.01402204
 17.900000      0.02379154
 18.000000      0.03313375
 18.100000      0.04227396
 18.200000      0.04985401
 18.300000      0.05649746
 18.400000      0.06177165
 18.500000      0.06487548
 18.600000      0.06790163
 18.700000      0.06964284
 18.800000      0.06760898
 18.900000      0.06550915
 19.000000      0.06196410
 19.100000      0.05960286
 19.200000      0.05729270
 19.300000      0.05270917
 19.400000      0.04511260
 19.500000      0.03618370
 19.600000      0.02875969
 19.700000      0.02138451
 19.800000      0.00937287
 19.900000     -0.00199492
 20.000000     -0.01067163
 20.100000     -0.01836535
 20.200000     -0.02611730
 20.300000     -0.03625154
 20.400000     -0.04607873
 20.500000     -0.05475984
 20.600000     -0.06062308
 20.700000     -0.06529831
 20.800000     -0.06815609
 20.900000     -0.06832119
 21.000000     -0.06610150
 21.100000     -0.06268540
 21.200000     -0.05813076
 21.300000     -0.05278875
 21.400000     -0.04791591
 21.500000     -0.04238517
 21.600000     -0.03899776
 21.700000     -0.03554162
 21.800000     -0.03324215
 21.900000     -0.03473678
 22.000000     -0.03534013
 22.100000     -0.03547130
 22.200000     -0.03565675
 22.300000     -0.03568130
 22.400000     -0.03377540
 22.500000     -0.03033266
 22.600000     -0.02591349
 22.700000     -0.02135933
 22.800000     -0.01779169
 22.900000     -0.01329365
 23.000000     -0.01005559
 23.100000     -0.00770022
 23.200000     -0.00188382
 23.300000      0.00313657
 23.400000      0.00748285
 23.500000      0.01281740
 23.600000      0.01730987
 23.700000      0.02023855
 23.800000      0.02488910
 23.900000      0.03124679
 24.000000      0.03411969
 24.100000      0.03686456
 24.200000      0.03945654
 24.300000      0.04025904
 24.400000      0.03962807
 24.500000      0.03909333
 24.600000      0.03864098
 24.700000      0.03825610
 24.800000      0.03722485
 24.900000      0.03397124
 25.000000      0.03119446
 25.100000      0.02971354
 25.200000      0.02712341
 25.300000      0.02636745
 25.400000      0.02449260
 25.500000      0.02195557
 25.600000      0.02178404
 25.700000      0.01841606
 25.800000      0.01356140
 25.900000      0.00566221
 26.000000     -0.00111010
 26.100000     -0.00649508
 26.200000     -0.01439607
 26.300000     -0.02180198
 26.400000     -0.02893305
 26.500000     -0.03483712
 26.600000     -0.04118705
 26.700000     -0.04691188
 26.800000     -0.05201115
 26.900000     -0.05796007
 27.000000     -0.06399477
 27.100000     -0.06745236
 27.200000     -0.07153762
 27.300000     -0.07676975
 27.400000     -0.08248144
 27.500000     -0.08961118
 27.600000     -0.09429274
 27.700000     -0.10049701
 27.800000     -0.10701648
 27.900000     -0.11197929
 28.000000     -0.11282067
 28.100000     -0.11438188
 28.200000     -0.11688925
 28.300000     -0.12095823
 28.400000     -0.12109011
 28.500000     -0.11939995
 28.600000     -0.11703398
 28.700000     -0.11385037
 28.800000     -0.10869630
 28.900000     -0.10402799
 29.000000     -0.09712467
 29.100000     -0.09060508
 29.200000     -0.08039938
 29.300000     -0.06733281
 29.400000     -0.05498124
 29.500000     -0.03914352
 29.600000     -0.02566011
 29.700000     -0.00940082
 29.800000      0.00974781
 29.900000      0.03151305
 30.000000      0.05313447
 30.100000      0.07713433
 30.200000      0.10590783
 30.300000      0.12535869
 30.400000      0.14242142
 30.500000      0.16553973
 30.600000      0.18694013
 30.700000      0.20211658
 30.800000      0.21418962
 30.900000      0.21948097
 31.000000      0.22638231
 31.100000      0.23640766
 31.200000      0.24296252
 31.300000      0.24607158
 31.400000      0.25042476
 31.500000      0.24939494
 31.600000      0.23402794
 31.700000      0.21879938
 31.800000      0.20961013
 31.900000      0.19737978
 32.000000      0.17554898
 32.100000      0.15028609
 32.200000      0.12527605
 32.300000      0.09657744
 32.400000      0.06386270
 32.500000      0.02941050
 32.600000     -0.01098664
 32.700000     -0.05654428
 32.800000     -0.10124017
 32.900000     -0.14693868
 33.000000     -0.19750708
 33.100000     -0.24405192
 33.200000     -0.28544398
 33.300000     -0.33120623
 33.400000     -0.37963267
 33.500000     -0.42450232
 33.600000     -0.46783949
 33.700000     -0.51357626
 33.800000     -0.55661322
 33.900000     -0.58676560
 34.000000     -0.60676318
 34.100000     -0.62775137
 34.200000     -0.64600003
 34.300000     -0.65593781
 34.400000     -0.66042013
 34.500000     -0.66298678
 34.600000     -0.65506111
 34.700000     -0.63195371
 34.800000     -0.59159105
 34.900000     -0.54520289
 35.000000     -0.48786442
 35.100000     -0.41770056
 35.200000     -0.33674451
 35.300000     -0.24664187
 35.400000     -0.14812709
 35.500000     -0.04649684
 35.600000      0.05368002
 35.700000      0.15323041
 35.800000      0.26423517
 35.900000      0.36840881
 36.000000      0.46735637
 36.100000      0.56543938
 36.200000      0.65527572
 36.300000      0.72972130
 36.400000      0.79838579
 36.500000      0.86118879
 36.600000      0.91519161
 36.700000      0.95832470
 36.800000      0.98592702
 36.900000      1.00000000
 37.000000      0.99241899
 37.100000      0.97142682
 37.200000      0.93626828
 37.300000      0.88490000
 37.400000      0.82628922
 37.500000      0.75589153
 37.600000      0.67459166
 37.700000      0.58890692
 37.800000      0.49647826
 37.900000      0.39962722
 38.000000      0.30175350
 38.100000      0.20133757
 38.200000      0.10577038
 38.300000      0.01855137
 38.400000     -0.06185593
 38.500000     -0.13782095
 38.600000     -0.20553633
 38.700000     -0.26630788
 38.800000     -0.31956304
 38.900000     -0.36323740
 39.000000     -0.40078320
 39.100000     -0.42860555
 39.200000     -0.44569584
 39.300000     -0.45543667
 39.400000     -0.45806088
 39.500000     -0.45550327
 39.600000     -0.45115952
 39.700000     -0.44475919
 39.800000     -0.44036484
 39.900000     -0.43366480
