  0.000000     -0.00061288
  0.100000     -0.00012083
  0.200000      0.00017947
  0.300000      0.00051104
  0.400000      0.00118486
  0.500000      0.00219386
  0.600000      0.00335226
  0.700000      0.00449145
  0.800000      0.00532368
  0.900000      0.00550882
  1.000000      0.00548051
  1.100000      0.00562479
  1.200000      0.00635828
  1.300000      0.00754974
  1.400000      0.00915515
  1.500000      0.00956059
  1.600000      0.00836195
  1.700000      0.00597593
  1.800000      0.00440437
  1.900000      0.00076699
  2.000000     -0.00599728
  2.100000     -0.00948118
  2.200000     -0.01173228
  2.300000     -0.01321208
  2.400000     -0.01318122
  2.500000     -0.01538310
  2.600000     -0.01484706
  2.700000     -0.01103318
  2.800000     -0.00397670
  2.900000      0.00107825
  3.000000      0.01214421
  3.100000      0.02844081
  3.200000      0.04262616
  3.300000      0.05327846
  3.400000      0.06430524
  3.500000      0.07479797
  3.600000      0.08299928
  3.700000      0.09226754
  3.800000      0.09444486
  3.900000      0.09349618
  4.000000      0.09451205
  4.100000      0.09380100
  4.200000      0.09341788
  4.300000      0.08899170
  4.400000      0.08369908
  4.500000      0.08049209
  4.600000      0.07528469
  4.700000      0.07129822
  4.800000      0.06665506
  4.900000      0.05966308
  5.000000      0.05454971
  5.100000      0.04928629
  5.200000      0.04626583
  5.300000      0.04376344
  5.400000      0.04115729
  5.500000      0.03523803
  5.600000      0.03181417
  5.700000      0.03383832
  5.800000      0.03320197
  5.900000      0.03495299
  6.000000      0.03529375
  6.100000      0.03866361
  6.200000      0.04563253
  6.300000      0.04914097
  6.400000      0.05932017
  6.500000      0.06541412
  6.600000      0.06622119
  6.700000      0.07098783
  6.800000      0.07595316
  6.900000      0.07750819
  7.000000      0.07933511
  7.100000      0.08286390
  7.200000      0.08606356
  7.300000      0.09149223
  7.400000      0.09575745
  7.500000      0.09660775
  7.600000      0.09747699
  7.700000      0.10112416
  7.800000      0.10393742
  7.900000      0.10587035
  8.000000      0.10689545
  8.100000      0.10865994
  8.200000      0.10635004
  8.300000      0.10007716
  8.400000      0.09683715
  8.500000      0.09119588
  8.600000      0.08767415
  8.700000      0.08595078
  8.800000      0.08133017
  8.900000      0.07580009
  9.000000      0.07468617
  9.100000      0.07384291
  9.200000      0.06998428
  9.300000      0.06963586
  9.400000      0.06677785
  9.500000      0.06188720
  9.600000      0.05961269
  9.700000      0.05788435
  9.800000      0.05535185
  9.900000      0.04996755
 10.000000      0.04895918
 10.100000      0.04548678
 10.200000      0.03710519
 10.300000      0.03455608
 10.400000      0.03372976
 10.500000      0.03032448
 10.600000      0.03077451
 10.700000      0.03276104
 10.800000      0.03224463
 10.900000      0.03654106
 11.000000      0.04267524
 11.100000      0.04356240
 11.200000      0.05002957
 11.300000      0.06401741
 11.400000      0.07166000
 11.500000      0.08135816
 11.600000      0.10220180
 11.700000      0.12006005
 11.800000      0.13811574
 11.900000      0.16635651
 12.000000      0.19431374
 12.100000      0.22499746
 12.200000      0.26168716
 12.300000      0.29407439
 12.400000      0.32298824
 12.500000      0.35486301
 12.600000      0.38676174
 12.700000      0.41258544
 12.800000      0.44239931
 12.900000      0.48354567
 13.000000      0.52463247
 13.100000      0.56595441
 13.200000      0.61898110
 13.300000      0.66163470
 13.400000      0.68281602
 13.500000      0.68692181
 13.600000      0.67787659
 13.700000      0.67673482
 13.800000      0.68011535
 13.900000      0.66948347
 14.000000      0.65349507
 14.100000      0.65064998
 14.200000      0.64840487
 14.300000      0.64355321
 14.400000      0.64193180
 14.500000      0.63873113
 14.600000      0.65411356
 14.700000      0.67451937
 14.800000      0.68641090
 14.900000      0.68621631
 15.000000      0.69264769
 15.100000      0.70263834
 15.200000      0.69887223
 15.300000      0.68888314
 15.400000      0.69571100
 15.500000      0.71468174
 15.600000      0.73633236
 15.700000      0.77631504
 15.800000      0.78909256
 15.900000      0.80160895
 16.000000      0.77556517
 16.100000      0.74055442
 16.200000      0.74056920
 16.300000      0.75504648
 16.400000      0.76754430
 16.500000      0.80648699
 16.600000      0.84413225
 16.700000      0.88061333
 16.800000      0.87818695
 16.900000      0.89761568
 17.000000      0.88892581
 17.100000      0.91511400
 17.200000      0.94922282
 17.300000      0.97209175
 17.400000      0.96781491
 17.500000      0.98954203
 17.600000      1.00000000
 17.700000      0.99884936
 17.800000      0.96602932
 17.900000      0.89663856
 18.000000      0.82015124
 18.100000      0.76654736
 18.200000      0.72673337
 18.300000      0.73040821
 18.400000      0.71562417
 18.500000      0.73236653
 18.600000      0.75025443
 18.700000      0.80900519
 18.800000      0.85363867
 18.900000      0.83219393
 19.000000      0.83897418
 19.100000      0.80598115
 19.200000      0.71598176
 19.300000      0.60716517
 19.400000      0.51376863
 19.500000      0.41135102
 19.600000      0.33842223
 19.700000      0.30988288
 19.800000      0.26030303
 19.900000      0.19807550
 20.000000      0.12758581
 20.100000      0.06746034
 20.200000      0.01881229
 20.300000     -0.01968459
 20.400000     -0.08699727
 20.500000     -0.20233142
 20.600000     -0.29321701
 20.700000     -0.38831640
 20.800000     -0.51895825
 20.900000     -0.59769555
 21.000000     -0.63867966
 21.100000     -0.64934464
 21.200000     -0.62511390
 21.300000     -0.60551252
 21.400000     -0.58693179
 21.500000     -0.58978655
 21.600000     -0.57139299
 21.700000     -0.52148436
 21.800000     -0.51499582
 21.900000     -0.52730784
 22.000000     -0.55431426
 22.100000     -0.63628575
 22.200000     -0.64809173
 22.300000     -0.64121776
 22.400000     -0.60654501
 22.500000     -0.59199277
 22.600000     -0.59728896
 22.700000     -0.59899434
 22.800000     -0.59679150
 22.900000     -0.59205696
 23.000000     -0.59967625
 23.100000     -0.60842396
 23.200000     -0.61320200
 23.300000     -0.63362139
 23.400000     -0.64619134
 23.500000     -0.64114070
 23.600000     -0.64068110
 23.700000     -0.66285605
 23.800000     -0.66722005
 23.900000     -0.66437881
 24.000000     -0.64788170
 24.100000     -0.61702469
 24.200000     -0.59659599
 24.300000     -0.58504597
 24.400000     -0.55537998
 24.500000     -0.52631886
 24.600000     -0.50820553
 24.700000     -0.50732189
 24.800000     -0.52544989
 24.900000     -0.53582784
 25.000000     -0.53382585
 25.100000     -0.54439581
 25.200000     -0.56682636
 25.300000     -0.55704550
 25.400000     -0.54170536
 25.500000     -0.53985413
 25.600000     -0.52948960
 25.700000     -0.52261302
 25.800000     -0.49439010
 25.900000     -0.46645681
 26.000000     -0.45463864
 26.100000     -0.44377595
 26.200000     -0.43474478
 26.300000     -0.42305836
 26.400000     -0.40926723
 26.500000     -0.39877856
 26.600000     -0.39210863
 26.700000     -0.38673411
 26.800000     -0.37852196
 26.900000     -0.37232441
 27.000000     -0.36747482
 27.100000     -0.35731603
 27.200000     -0.34571423
 27.300000     -0.33724492
 27.400000     -0.32889405
 27.500000     -0.31997014
 27.600000     -0.31130875
 27.700000     -0.29782114
 27.800000     -0.28243555
 27.900000     -0.26813268
 28.000000     -0.25511229
 28.100000     -0.24620297
 28.200000     -0.23779301
 28.300000     -0.23378733
 28.400000     -0.23474779
 28.500000     -0.23562389
 28.600000     -0.24173062
 28.700000     -0.24768901
 28.800000     -0.25244699
 28.900000     -0.25647805
 29.000000     -0.25796681
 29.100000     -0.25855626
 29.200000     -0.25618750
 29.300000     -0.25543722
 29.400000     -0.25540556
 29.500000     -0.25605093
 29.600000     -0.25843253
 29.700000     -0.25940213
 29.800000     -0.26192578
 29.900000     -0.26256395
 30.000000     -0.26091323
 30.100000     -0.25858035
 30.200000     -0.25823168
 30.300000     -0.25908342
 30.400000     -0.25935037
 30.500000     -0.25809951
 30.600000     -0.25305792
 30.700000     -0.24521532
 30.800000     -0.23600620
 30.900000     -0.22631161
 31.000000     -0.21573864
 31.100000     -0.20168514
 31.200000     -0.18822685
 31.300000     -0.17593666
 31.400000     -0.16073308
 31.500000     -0.14516563
 31.600000     -0.13260724
 31.700000     -0.12331764
 31.800000     -0.11324667
 31.900000     -0.10451493
 32.000000     -0.09911889
 32.100000     -0.09097557
 32.200000     -0.08293297
 32.300000     -0.07511331
 32.400000     -0.06591191
 32.500000     -0.05780810
 32.600000     -0.04919758
 32.700000     -0.04013431
 32.800000     -0.03278580
 32.900000     -0.02114234
 33.000000     -0.01065584
 33.100000     -0.00523038
 33.200000      0.00197437
 33.300000      0.00912783
 33.400000      0.01442210
 33.500000      0.01784526
 33.600000      0.01685718
 33.700000      0.01860692
 33.800000      0.02445896
 33.900000      0.02860838
 34.000000      0.03239071
 34.100000      0.04025772
 34.200000      0.05015561
 34.300000      0.05917867
 34.400000      0.06932527
 34.500000      0.08157707
 34.600000      0.08860658
 34.700000      0.09730333
 34.800000      0.10430089
 34.900000      0.10932221
 35.000000      0.11682746
 35.100000      0.12178215
 35.200000      0.13030194
 35.300000      0.13644865
 35.400000      0.13810318
 35.500000      0.13848488
 35.600000      0.13718248
 35.700000      0.13539817
 35.800000      0.13649222
 35.900000      0.13810560
 36.000000      0.13773205
 36.100000      0.13779167
 36.200000      0.14014176
 36.300000      0.14354141
 36.400000      0.14559947
 36.500000      0.14806209
 36.600000      0.15260935
 36.700000      0.15718531
 36.800000      0.16248157
 36.900000      0.16474347
 37.000000      0.16509789
 37.100000      0.16108561
 37.200000      0.15544700
 37.300000      0.15418902
 37.400000      0.15566932
 37.500000      0.15849349
 37.600000      0.16265083
 37.700000      0.16933207
 37.800000      0.17592283
 37.900000      0.18106511
 38.000000      0.18394124
 38.100000      0.18657285
 38.200000      0.18893399
 38.300000      0.19193024
 38.400000      0.19546368
 38.500000      0.19841295
 38.600000      0.20139577
 38.700000      0.20458667
 38.800000      0.20763963
 38.900000      0.21047492
 39.000000      0.21242256
 39.100000      0.21378072
 39.200000      0.21456679
 39.300000      0.21532777
 39.400000      0.21622010
 39.500000      0.21723717
 39.600000      0.21818447
 39.700000      0.21955892
 39.800000      0.22180132
 39.900000      0.22439508
