  0.000000      0.02276620
  0.100000      0.02347685
  0.200000      0.02397624
  0.300000      0.02437080
  0.400000      0.02472834
  0.500000      0.02511496
  0.600000      0.02586338
  0.700000      0.02727505
  0.800000      0.02797783
  0.900000      0.02877576
  1.000000      0.03001477
  1.100000      0.03068949
  1.200000      0.03134374
  1.300000      0.03164207
  1.400000      0.03346247
  1.500000      0.03519405
  1.600000      0.03656439
  1.700000      0.03932218
  1.800000      0.04267840
  1.900000      0.04632144
  2.000000      0.04918351
  2.100000      0.05196991
  2.200000      0.05378822
  2.300000      0.05533216
  2.400000      0.05681953
  2.500000      0.05747237
  2.600000      0.05672320
  2.700000      0.05557981
  2.800000      0.05466083
  2.900000      0.05549017
  3.000000      0.05536173
  3.100000      0.05595450
  3.200000      0.05540397
  3.300000      0.05585739
  3.400000      0.05610180
  3.500000      0.05561298
  3.600000      0.05533736
  3.700000      0.05411170
  3.800000      0.05484175
  3.900000      0.05594326
  4.000000      0.05607663
  4.100000      0.05412932
  4.200000      0.05412267
  4.300000      0.05343595
  4.400000      0.05141771
  4.500000      0.04992683
  4.600000      0.04517994
  4.700000      0.03689346
  4.800000      0.02591303
  4.900000      0.02205472
  5.000000      0.01870131
  5.100000      0.01407482
  5.200000      0.01359071
  5.300000      0.01123356
  5.400000      0.00591097
  5.500000      0.00130758
  5.600000     -0.00213053
  5.700000     -0.00691459
  5.800000     -0.01046713
  5.900000     -0.01396202
  6.000000     -0.02059090
  6.100000     -0.02407012
  6.200000     -0.02741093
  6.300000     -0.03187579
  6.400000     -0.03433078
  6.500000     -0.04035235
  6.600000     -0.04400477
  6.700000     -0.04208848
  6.800000     -0.03407827
  6.900000     -0.02393867
  7.000000     -0.01215602
  7.100000      0.00664977
  7.200000      0.03004422
  7.300000      0.06102566
  7.400000      0.09924844
  7.500000      0.13873170
  7.600000      0.18537665
  7.700000      0.23861188
  7.800000      0.30195721
  7.900000      0.36773317
  8.000000      0.43355834
  8.100000      0.49915222
  8.200000      0.56709530
  8.300000      0.63345023
  8.400000      0.70163169
  8.500000      0.76853440
  8.600000      0.83055094
  8.700000      0.88398888
  8.800000      0.92798464
  8.900000      0.96056758
  9.000000      0.98195662
  9.100000      0.99682632
  9.200000      1.00000000
  9.300000      0.98841582
  9.400000      0.96317289
  9.500000      0.92360103
  9.600000      0.87376773
  9.700000      0.81417918
  9.800000      0.74563754
  9.900000      0.67003160
 10.000000      0.58912581
 10.100000      0.50412529
 10.200000      0.41667526
 10.300000      0.32515978
 10.400000      0.23780821
 10.500000      0.15331533
 10.600000      0.07774719
 10.700000      0.00635949
 10.800000     -0.05676301
 10.900000     -0.11471261
 11.000000     -0.16677354
 11.100000     -0.21656513
 11.200000     -0.26153746
 11.300000     -0.30166500
 11.400000     -0.33311700
 11.500000     -0.35732375
 11.600000     -0.38129162
 11.700000     -0.39727069
 11.800000     -0.41181819
 11.900000     -0.42452507
 12.000000     -0.43541419
 12.100000     -0.43997422
 12.200000     -0.44050262
 12.300000     -0.43979056
 12.400000     -0.43432647
 12.500000     -0.42466685
 12.600000     -0.41613558
 12.700000     -0.40081702
 12.800000     -0.38389986
 12.900000     -0.39132979
 13.000000     -0.39281044
 13.100000     -0.38131098
 13.200000     -0.37093716
 13.300000     -0.36028620
 13.400000     -0.35041425
 13.500000     -0.34257616
 13.600000     -0.33609194
 13.700000     -0.33429967
 13.800000     -0.33065263
 13.900000     -0.32752573
 14.000000     -0.32110247
 14.100000     -0.31685249
 14.200000     -0.31159518
 14.300000     -0.30825924
 14.400000     -0.30311446
 14.500000     -0.29772553
 14.600000     -0.29184426
 14.700000     -0.28356685
 14.800000     -0.27461756
 14.900000     -0.26539347
 15.000000     -0.25689098
 15.100000     -0.22873928
 15.200000     -0.22109221
 15.300000     -0.21273326
 15.400000     -0.20743458
 15.500000     -0.20299933
 15.600000     -0.19892231
 15.700000     -0.19250874
 15.800000     -0.18741445
 15.900000     -0.18299914
 16.000000     -0.17948134
 16.100000     -0.17562848
 16.200000     -0.17128988
 16.300000     -0.16672204
 16.400000     -0.16460991
 16.500000     -0.16100730
 16.600000     -0.16003696
 16.700000     -0.15725420
 16.800000     -0.15537535
 16.900000     -0.15198419
 17.000000     -0.14920327
 17.100000     -0.14770686
 17.200000     -0.14728226
 17.300000     -0.14635935
 17.400000     -0.14481182
 17.500000     -0.14228120
 17.600000     -0.13936454
 17.700000     -0.13576215
 17.800000     -0.13220401
 17.900000     -0.12906234
 18.000000     -0.12552494
 18.100000     -0.12237524
 18.200000     -0.11815688
 18.300000     -0.11472690
 18.400000     -0.11260610
 18.500000     -0.11092087
 18.600000     -0.11031235
 18.700000     -0.11098249
 18.800000     -0.11126268
 18.900000     -0.11179640
 19.000000     -0.11247910
 19.100000     -0.11291157
 19.200000     -0.11407249
 19.300000     -0.11449031
 19.400000     -0.11290774
 19.500000     -0.11126665
 19.600000     -0.11038940
 19.700000     -0.10912962
 19.800000     -0.10596940
 19.900000     -0.10224717
 20.000000     -0.09952447
 20.100000     -0.09646617
 20.200000     -0.09395966
 20.300000     -0.09216932
 20.400000     -0.09015069
 20.500000     -0.08873891
 20.600000     -0.08754393
 20.700000     -0.08609820
 20.800000     -0.08283546
 20.900000     -0.07804379
 21.000000     -0.07278597
 21.100000     -0.06745846
 21.200000     -0.06205580
 21.300000     -0.05833663
 21.400000     -0.05509172
 21.500000     -0.05214781
 21.600000     -0.04990587
 21.700000     -0.04856584
 21.800000     -0.04792049
 21.900000     -0.04703772
 22.000000     -0.04598721
 22.100000     -0.04481671
 22.200000     -0.04272480
 22.300000     -0.03988023
 22.400000     -0.03613257
 22.500000     -0.03237303
 22.600000     -0.02868576
 22.700000     -0.02619713
 22.800000     -0.02452258
 22.900000     -0.02398655
 23.000000     -0.02349119
 23.100000     -0.02270161
 23.200000     -0.02232581
 23.300000     -0.02104372
 23.400000     -0.01986736
 23.500000     -0.01905803
 23.600000     -0.01823416
 23.700000     -0.01803968
 23.800000     -0.01738473
 23.900000     -0.01642424
 24.000000     -0.01551963
 24.100000     -0.01489983
 24.200000     -0.01390999
 24.300000     -0.01244656
 24.400000     -0.01069492
 24.500000     -0.00920932
 24.600000     -0.00770628
 24.700000     -0.00642776
 24.800000     -0.00494100
 24.900000     -0.00379401
 25.000000     -0.00301127
 25.100000     -0.00322452
 25.200000     -0.00357044
 25.300000     -0.00277662
 25.400000     -0.00268162
 25.500000     -0.00316491
 25.600000     -0.00353886
 25.700000     -0.00479312
 25.800000     -0.00708027
 25.900000     -0.00911188
 26.000000     -0.01112752
 26.100000     -0.01311712
 26.200000     -0.01525977
 26.300000     -0.01770288
 26.400000     -0.02018707
 26.500000     -0.02323494
 26.600000     -0.02667197
 26.700000     -0.02997864
 26.800000     -0.03333428
 26.900000     -0.03624944
 27.000000     -0.03918971
 27.100000     -0.04139377
 27.200000     -0.04169152
 27.300000     -0.04004490
 27.400000     -0.03776191
 27.500000     -0.03529458
 27.600000     -0.03186652
 27.700000     -0.02897487
 27.800000     -0.02740320
 27.900000     -0.02672339
 28.000000     -0.02605959
 28.100000     -0.02464155
 28.200000     -0.02305854
 28.300000     -0.02135841
 28.400000     -0.02009770
 28.500000     -0.01897004
 28.600000     -0.01817048
 28.700000     -0.01768401
 28.800000     -0.01767625
 28.900000     -0.01760778
 29.000000     -0.01679219
 29.100000     -0.01478396
 29.200000     -0.01259231
 29.300000     -0.00995959
 29.400000     -0.00794099
 29.500000     -0.00667663
 29.600000     -0.00560664
 29.700000     -0.00616451
 29.800000     -0.00669310
 29.900000     -0.00627770
 30.000000     -0.00434773
 30.100000     -0.00209759
 30.200000      0.00052062
 30.300000      0.00309570
 30.400000      0.00585232
 30.500000      0.00895539
 30.600000      0.01220708
 30.700000      0.01488262
 30.800000      0.01640876
 30.900000      0.01686757
 31.000000      0.01640197
 31.100000      0.01490395
 31.200000      0.01377660
 31.300000      0.01163176
 31.400000      0.00895844
 31.500000      0.00647444
 31.600000      0.00333574
 31.700000      0.00013528
 31.800000     -0.00359501
 31.900000     -0.00772201
 32.000000     -0.01210597
 32.100000     -0.01659743
 32.200000     -0.01744566
 32.300000     -0.02001428
 32.400000     -0.02265956
 32.500000     -0.02428679
 32.600000     -0.02517204
 32.700000     -0.02580323
 32.800000     -0.02522861
 32.900000     -0.02400625
 33.000000     -0.02327000
 33.100000     -0.02318078
 33.200000     -0.02363212
 33.300000     -0.02454115
 33.400000     -0.02452052
 33.500000     -0.02334870
 33.600000     -0.02125237
 33.700000     -0.01905835
 33.800000     -0.01549450
 33.900000     -0.01004821
 34.000000     -0.00393537
 34.100000      0.00100473
 34.200000      0.00443620
 34.300000      0.00656841
 34.400000      0.00813085
 34.500000      0.00902090
 34.600000      0.00825502
 34.700000      0.00714605
 34.800000      0.00601700
 34.900000      0.00519354
 35.000000      0.00397029
 35.100000      0.00359772
 35.200000      0.00376282
 35.300000      0.00332752
 35.400000      0.00308150
 35.500000      0.00295857
 35.600000      0.00345537
 35.700000      0.00432066
 35.800000      0.00534913
 35.900000      0.00675129
 36.000000      0.00826080
 36.100000      0.00953734
 36.200000      0.01015250
 36.300000      0.01140811
 36.400000      0.01367944
 36.500000      0.01536114
 36.600000      0.01582005
 36.700000      0.01506512
 36.800000      0.01487431
 36.900000      0.01397961
 37.000000      0.01240832
 37.100000      0.01135118
 37.200000      0.01056673
 37.300000      0.01023378
 37.400000      0.00914713
 37.500000      0.00762707
 37.600000      0.00587519
 37.700000      0.00398710
 37.800000      0.00277421
 37.900000      0.00172525
 38.000000      0.00021935
 38.100000     -0.00174287
 38.200000     -0.00384676
 38.300000     -0.00592703
 38.400000     -0.00720652
 38.500000     -0.00790821
 38.600000     -0.00888317
 38.700000     -0.01013294
 38.800000     -0.01150812
 38.900000     -0.01312312
 39.000000     -0.01494427
 39.100000     -0.01644947
 39.200000     -0.01742997
 39.300000     -0.01795279
 39.400000     -0.01814660
 39.500000     -0.01733184
 39.600000     -0.01683479
 39.700000     -0.01632636
 39.800000     -0.01566935
 39.900000     -0.01510119
