  0.000000      0.01959657
  0.100000      0.01856700
  0.200000      0.01801157
  0.300000      0.01760779
  0.400000      0.01638261
  0.500000      0.01469627
  0.600000      0.01187023
  0.700000      0.00866100
  0.800000      0.00477956
  0.900000      0.00107038
  1.000000     -0.00244085
  1.100000     -0.00540485
  1.200000     -0.00799913
  1.300000     -0.00979512
  1.400000     -0.01111232
  1.500000     -0.01197167
  1.600000     -0.01238440
  1.700000     -0.01262872
  1.800000     -0.01259154
  1.900000     -0.01301300
  2.000000     -0.01495044
  2.100000     -0.01754306
  2.200000     -0.02093031
  2.300000     -0.02464800
  2.400000     -0.02868186
  2.500000     -0.03248276
  2.600000     -0.03580601
  2.700000     -0.03729882
  2.800000     -0.03955362
  2.900000     -0.04217344
  3.000000     -0.04465409
  3.100000     -0.04693366
  3.200000     -0.04813746
  3.300000     -0.04979246
  3.400000     -0.05265432
  3.500000     -0.05539457
  3.600000     -0.05776822
  3.700000     -0.05940623
  3.800000     -0.06112423
  3.900000     -0.06338053
  4.000000     -0.06620052
  4.100000     -0.06974389
  4.200000     -0.07353209
  4.300000     -0.07751811
  4.400000     -0.08192782
  4.500000     -0.08656452
  4.600000     -0.09253694
  4.700000     -0.09806204
  4.800000     -0.10338235
  4.900000     -0.10843763
  5.000000     -0.11322697
  5.100000     -0.11627731
  5.200000     -0.11938737
  5.300000     -0.12084223
  5.400000     -0.12240111
  5.500000     -0.12437267
  5.600000     -0.12749066
  5.700000     -0.13131916
  5.800000     -0.13405466
  5.900000     -0.13594586
  6.000000     -0.13628610
  6.100000     -0.13622526
  6.200000     -0.13617413
  6.300000     -0.13688856
  6.400000     -0.13811469
  6.500000     -0.13975189
  6.600000     -0.14231876
  6.700000     -0.14610500
  6.800000     -0.14861934
  6.900000     -0.14957092
  7.000000     -0.14733184
  7.100000     -0.14242476
  7.200000     -0.13694400
  7.300000     -0.13066980
  7.400000     -0.12466321
  7.500000     -0.11823033
  7.600000     -0.11163690
  7.700000     -0.10461091
  7.800000     -0.09783991
  7.900000     -0.09226881
  8.000000     -0.08804547
  8.100000     -0.08577852
  8.200000     -0.08421091
  8.300000     -0.08317976
  8.400000     -0.08169507
  8.500000     -0.08010702
  8.600000     -0.07673413
  8.700000     -0.07346222
  8.800000     -0.06992110
  8.900000     -0.06832186
  9.000000     -0.06773625
  9.100000     -0.06683353
  9.200000     -0.06510527
  9.300000     -0.06115834
  9.400000     -0.05674413
  9.500000     -0.05148422
  9.600000     -0.04442555
  9.700000     -0.03613642
  9.800000     -0.02488869
  9.900000     -0.01291915
 10.000000     -0.00203223
 10.100000      0.00669688
 10.200000      0.01307780
 10.300000      0.02009159
 10.400000      0.02766967
 10.500000      0.03677010
 10.600000      0.04680535
 10.700000      0.05714599
 10.800000      0.06933437
 10.900000      0.08335875
 11.000000      0.09855507
 11.100000      0.11495047
 11.200000      0.13405599
 11.300000      0.15492661
 11.400000      0.17832438
 11.500000      0.20381923
 11.600000      0.23128008
 11.700000      0.26033595
 11.800000      0.30424771
 11.900000      0.35299926
 12.000000      0.40086520
 12.100000      0.44816800
 12.200000      0.49320060
 12.300000      0.53704798
 12.400000      0.57892569
 12.500000      0.61898890
 12.600000      0.65722305
 12.700000      0.69260454
 12.800000      0.72445811
 12.900000      0.75303705
 13.000000      0.77866604
 13.100000      0.80071245
 13.200000      0.82172124
 13.300000      0.84216476
 13.400000      0.86283017
 13.500000      0.88324754
 13.600000      0.90158184
 13.700000      0.91809108
 13.800000      0.93206686
 13.900000      0.94590997
 14.000000      0.95941838
 14.100000      0.97294275
 14.200000      0.98552677
 14.300000      0.99482283
 14.400000      1.00000000
 14.500000      0.99854364
 14.600000      0.99355236
 14.700000      0.98527287
 14.800000      0.97757282
 14.900000      0.97090413
 15.000000      0.95974278
 15.100000      0.94446257
 15.200000      0.92247761
 15.300000      0.89766844
 15.400000      0.87137622
 15.500000      0.84058507
 15.600000      0.80596586
 15.700000      0.76837354
 15.800000      0.73007513
 15.900000      0.69818149
 16.000000      0.66817661
 16.100000      0.64173973
 16.200000      0.61253398
 16.300000      0.58115140
 16.400000      0.54800759
 16.500000      0.51361046
 16.600000      0.48450110
 16.700000      0.45351829
 16.800000      0.42162079
 16.900000      0.38580083
 17.000000      0.34787335
 17.100000      0.30780137
 17.200000      0.26891895
 17.300000      0.23302450
 17.400000      0.20042510
 17.500000      0.17081061
 17.600000      0.14194121
 17.700000      0.11302885
 17.800000      0.08131688
 17.900000      0.04976725
 18.000000      0.01819994
 18.100000     -0.01076305
 18.200000     -0.03615138
 18.300000     -0.06086240
 18.400000     -0.08492769
 18.500000     -0.11079861
 18.600000     -0.13473345
 18.700000     -0.15574835
 18.800000     -0.17132112
 18.900000     -0.18161981
 19.000000     -0.18566727
 19.100000     -0.18575668
 19.200000     -0.18628121
 19.300000     -0.18831395
 19.400000     -0.19339209
 19.500000     -0.19957345
 19.600000     -0.20603336
 19.700000     -0.21063027
 19.800000     -0.21292948
 19.900000     -0.21208340
 20.000000     -0.21029433
 20.100000     -0.20764572
 20.200000     -0.20629173
 20.300000     -0.20604772
 20.400000     -0.20567332
 20.500000     -0.20789390
 20.600000     -0.21094149
 20.700000     -0.21318735
 20.800000     -0.21519385
 20.900000     -0.21633734
 21.000000     -0.21678032
 21.100000     -0.21787693
 21.200000     -0.21938054
 21.300000     -0.22116836
 21.400000     -0.22285433
 21.500000     -0.22372397
 21.600000     -0.22502289
 21.700000     -0.22634637
 21.800000     -0.22887926
 21.900000     -0.23124442
 22.000000     -0.23330542
 22.100000     -0.23550625
 22.200000     -0.23765570
 22.300000     -0.23972868
 22.400000     -0.24174574
 22.500000     -0.24171662
 22.600000     -0.24178341
 22.700000     -0.24304185
 22.800000     -0.24548500
 22.900000     -0.24889243
 23.000000     -0.25307885
 23.100000     -0.25725435
 23.200000     -0.26038336
 23.300000     -0.26320005
 23.400000     -0.26584227
 23.500000     -0.26887677
 23.600000     -0.27242172
 23.700000     -0.27719867
 23.800000     -0.28216234
 23.900000     -0.28800541
 24.000000     -0.29309904
 24.100000     -0.29641055
 24.200000     -0.29799019
 24.300000     -0.29795281
 24.400000     -0.29541854
 24.500000     -0.29089792
 24.600000     -0.28319323
 24.700000     -0.27434845
 24.800000     -0.26496345
 24.900000     -0.25688538
 25.000000     -0.25012121
 25.100000     -0.24372721
 25.200000     -0.23783510
 25.300000     -0.23029881
 25.400000     -0.22296897
 25.500000     -0.21605882
 25.600000     -0.21044674
 25.700000     -0.20566347
 25.800000     -0.20203775
 25.900000     -0.19877383
 26.000000     -0.19586830
 26.100000     -0.19168607
 26.200000     -0.18654881
 26.300000     -0.18047513
 26.400000     -0.17443004
 26.500000     -0.17017880
 26.600000     -0.16682314
 26.700000     -0.16390578
 26.800000     -0.16112029
 26.900000     -0.15838054
 27.000000     -0.15663594
 27.100000     -0.15499647
 27.200000     -0.15418072
 27.300000     -0.15255835
 27.400000     -0.14910716
 27.500000     -0.14600251
 27.600000     -0.14317694
 27.700000     -0.14191612
 27.800000     -0.14143238
 27.900000     -0.14249583
 28.000000     -0.14349185
 28.100000     -0.14479263
 28.200000     -0.14438978
 28.300000     -0.14249241
 28.400000     -0.13876946
 28.500000     -0.13451890
 28.600000     -0.13097744
 28.700000     -0.12777111
 28.800000     -0.12559539
 28.900000     -0.12320126
 29.000000     -0.12067230
 29.100000     -0.11649056
 29.200000     -0.11290034
 29.300000     -0.10952687
 29.400000     -0.10802615
 29.500000     -0.10898975
 29.600000     -0.11194919
 29.700000     -0.11653234
 29.800000     -0.11935106
 29.900000     -0.12225704
 30.000000     -0.12533181
 30.100000     -0.12958321
 30.200000     -0.13418400
 30.300000     -0.13809494
 30.400000     -0.14112647
 30.500000     -0.14292156
 30.600000     -0.14388443
 30.700000     -0.14281420
 30.800000     -0.14139932
 30.900000     -0.14021579
 31.000000     -0.13966505
 31.100000     -0.13963651
 31.200000     -0.13860364
 31.300000     -0.13698710
 31.400000     -0.13635044
 31.500000     -0.13506932
 31.600000     -0.13347801
 31.700000     -0.13008993
 31.800000     -0.12603475
 31.900000     -0.12200660
 32.000000     -0.11842545
 32.100000     -0.11577734
 32.200000     -0.11186078
 32.300000     -0.10732406
 32.400000     -0.10027585
 32.500000     -0.09320263
 32.600000     -0.08837687
 32.700000     -0.08478382
 32.800000     -0.08322664
 32.900000     -0.08197253
 33.000000     -0.08127640
 33.100000     -0.08152927
 33.200000     -0.08247464
 33.300000     -0.08369469
 33.400000     -0.08554036
 33.500000     -0.08795613
 33.600000     -0.09175637
 33.700000     -0.09637813
 33.800000     -0.10014040
 33.900000     -0.10391626
 34.000000     -0.10661066
 34.100000     -0.10946818
 34.200000     -0.11213250
 34.300000     -0.11641317
 34.400000     -0.12163669
 34.500000     -0.12762015
 34.600000     -0.13384004
 34.700000     -0.14023992
 34.800000     -0.14706815
 34.900000     -0.15421086
 35.000000     -0.15888999
 35.100000     -0.16286050
 35.200000     -0.16756114
 35.300000     -0.17318021
 35.400000     -0.18095767
 35.500000     -0.18844394
 35.600000     -0.19554833
 35.700000     -0.20182767
 35.800000     -0.20804407
 35.900000     -0.21525792
 36.000000     -0.22304263
 36.100000     -0.23221036
 36.200000     -0.23665137
 36.300000     -0.23803601
 36.400000     -0.23790471
 36.500000     -0.23749150
 36.600000     -0.23685278
 36.700000     -0.23676048
 36.800000     -0.23755446
 36.900000     -0.23862141
 37.000000     -0.23989109
 37.100000     -0.24130755
 37.200000     -0.24266608
 37.300000     -0.24339058
 37.400000     -0.24408523
 37.500000     -0.24487370
 37.600000     -0.24572329
 37.700000     -0.24671595
 37.800000     -0.24878537
 37.900000     -0.25097503
 38.000000     -0.25351273
 38.100000     -0.25512477
 38.200000     -0.25573898
 38.300000     -0.25627939
 38.400000     -0.25671118
 38.500000     -0.25959762
 38.600000     -0.26277923
 38.700000     -0.26575663
 38.800000     -0.26792277
 38.900000     -0.26911097
 39.000000     -0.27123189
 39.100000     -0.27360183
 39.200000     -0.27642028
 39.300000     -0.27883687
 39.400000     -0.27976662
 39.500000     -0.28062170
 39.600000     -0.28142703
 39.700000     -0.28273684
 39.800000     -0.28388909
 39.900000     -0.28473589
