  0.000000     -0.00017207
  0.100000      0.00216107
  0.200000      0.00409836
  0.300000      0.00618988
  0.400000      0.00828042
  0.500000      0.00967376
  0.600000      0.01113576
  0.700000      0.01225147
  0.800000      0.01286837
  0.900000      0.01318250
  1.000000      0.01331942
  1.100000      0.01376374
  1.200000      0.01411554
  1.300000      0.01537185
  1.400000      0.01926386
  1.500000      0.02291818
  1.600000      0.02611097
  1.700000      0.02884560
  1.800000      0.03049316
  1.900000      0.03097619
  2.000000      0.03128701
  2.100000      0.03067457
  2.200000      0.03004156
  2.300000      0.02947860
  2.400000      0.02919992
  2.500000      0.03061684
  2.600000      0.03414022
  2.700000      0.03669917
  2.800000      0.03880965
  2.900000      0.04201636
  3.000000      0.04354464
  3.100000      0.04333027
  3.200000      0.04222882
  3.300000      0.03861873
  3.400000      0.03371380
  3.500000      0.03182599
  3.600000      0.02946187
  3.700000      0.02573336
  3.800000      0.02417816
  3.900000      0.02192263
  4.000000      0.01697514
  4.100000      0.01333525
  4.200000      0.01005235
  4.300000      0.00608201
  4.400000      0.00348783
  4.500000      0.00136208
  4.600000     -0.00064523
  4.700000     -0.00063835
  4.800000      0.00042062
  4.900000      0.00029030
  5.000000     -0.00239409
  5.100000     -0.00234483
  5.200000     -0.00050807
  5.300000     -0.00143685
  5.400000     -0.00317224
  5.500000     -0.00035083
  5.600000      0.00521691
  5.700000      0.00935444
  5.800000      0.01261794
  5.900000      0.01505557
  6.000000      0.01654911
  6.100000      0.01534161
  6.200000      0.01310596
  6.300000      0.01429481
  6.400000      0.01327940
  6.500000      0.01412802
  6.600000      0.01942565
  6.700000      0.02413126
  6.800000      0.02780430
  6.900000      0.02930008
  7.000000      0.02993720
  7.100000      0.03045546
  7.200000      0.02839568
  7.300000      0.02693056
  7.400000      0.02806640
  7.500000      0.02992458
  7.600000      0.03059979
  7.700000      0.03184737
  7.800000      0.03429026
  7.900000      0.03501914
  8.000000      0.03828171
  8.100000      0.04148663
  8.200000      0.04229501
  8.300000      0.03975037
  8.400000      0.03596965
  8.500000      0.03402798
  8.600000      0.02969451
  8.700000      0.02450700
  8.800000      0.02020480
  8.900000      0.01809057
  9.000000      0.01636176
  9.100000      0.01269581
  9.200000      0.00963369
  9.300000      0.00730532
  9.400000      0.00434855
  9.500000      0.00068402
  9.600000     -0.00016716
  9.700000      0.00156955
  9.800000      0.00371693
  9.900000      0.00365947
 10.000000      0.00326701
 10.100000      0.00193242
 10.200000     -0.00392856
 10.300000     -0.01137372
 10.400000     -0.01699184
 10.500000     -0.02013009
 10.600000     -0.02442907
 10.700000     -0.02784126
 10.800000     -0.02741850
 10.900000     -0.02698395
 11.000000     -0.02669988
 11.100000     -0.02637277
 11.200000     -0.02318566
 11.300000     -0.01855127
 11.400000     -0.01268364
 11.500000     -0.00532775
 11.600000      0.00052957
 11.700000      0.00521539
 11.800000      0.00932802
 11.900000      0.01191681
 12.000000      0.01455735
 12.100000      0.01790432
 12.200000      0.02017738
 12.300000      0.02078245
 12.400000      0.02268882
 12.500000      0.02554808
 12.600000      0.02636250
 12.700000      0.03069328
 12.800000      0.03817915
 12.900000      0.04462833
 13.000000      0.05117277
 13.100000      0.06467140
 13.200000      0.07863414
 13.300000      0.09599401
 13.400000      0.11565185
 13.500000      0.13435561
 13.600000      0.15513799
 13.700000      0.17689365
 13.800000      0.20214242
 13.900000      0.22637090
 14.000000      0.25374092
 14.100000      0.27349835
 14.200000      0.29963176
 14.300000      0.33077033
 14.400000      0.36558632
 14.500000      0.40584744
 14.600000      0.44332140
 14.700000      0.47379856
 14.800000      0.50832993
 14.900000      0.53342216
 15.000000      0.55419620
 15.100000      0.57661877
 15.200000      0.59713908
 15.300000      0.62079834
 15.400000      0.64325950
 15.500000      0.67102477
 15.600000      0.70480345
 15.700000      0.73833455
 15.800000      0.76207750
 15.900000      0.77554307
 16.000000      0.78673357
 16.100000      0.79035424
 16.200000      0.79774656
 16.300000      0.80683092
 16.400000      0.82013455
 16.500000      0.84254464
 16.600000      0.85887855
 16.700000      0.87118408
 16.800000      0.88748347
 16.900000      0.90509237
 17.000000      0.92058895
 17.100000      0.93037397
 17.200000      0.94667182
 17.300000      0.96322696
 17.400000      0.97429617
 17.500000      0.98123256
 17.600000      0.98595204
 17.700000      0.99061810
 17.800000      0.99948275
 17.900000      1.00000000
 18.000000      0.98872487
 18.100000      0.97188716
 18.200000      0.95866919
 18.300000      0.94349622
 18.400000      0.93643861
 18.500000      0.93249581
 18.600000      0.92611562
 18.700000      0.92739291
 18.800000      0.93543620
 18.900000      0.94078180
 19.000000      0.94157981
 19.100000      0.93401642
 19.200000      0.91929235
 19.300000      0.89988980
 19.400000      0.86578839
 19.500000      0.83148625
 19.600000      0.79450350
 19.700000      0.75467085
 19.800000      0.70525140
 19.900000      0.65415118
 20.000000      0.60193046
 20.100000      0.55591982
 20.200000      0.51613684
 20.300000      0.47556576
 20.400000      0.42924327
 20.500000      0.37871923
 20.600000      0.31817992
 20.700000      0.25713406
 20.800000      0.19328893
 20.900000      0.12708084
 21.000000      0.07143918
 21.100000      0.01734771
 21.200000     -0.03016791
 21.300000     -0.07057928
 21.400000     -0.11270735
 21.500000     -0.14102641
 21.600000     -0.16887019
 21.700000     -0.20524024
 21.800000     -0.23959739
 21.900000     -0.27709018
 22.000000     -0.31045232
 22.100000     -0.34331088
 22.200000     -0.38012330
 22.300000     -0.40904827
 22.400000     -0.42740054
 22.500000     -0.43935309
 22.600000     -0.44724354
 22.700000     -0.45238778
 22.800000     -0.44935126
 22.900000     -0.44795091
 23.000000     -0.45852162
 23.100000     -0.46642059
 23.200000     -0.47070255
 23.300000     -0.47448652
 23.400000     -0.47397533
 23.500000     -0.46906112
 23.600000     -0.46376458
 23.700000     -0.45911690
 23.800000     -0.45199234
 23.900000     -0.44973536
 24.000000     -0.45258970
 24.100000     -0.45927093
 24.200000     -0.47198135
 24.300000     -0.48520939
 24.400000     -0.49455553
 24.500000     -0.50025963
 24.600000     -0.50259242
 24.700000     -0.51021097
 24.800000     -0.51976605
 24.900000     -0.52101628
 25.000000     -0.52028617
 25.100000     -0.52575390
 25.200000     -0.52569376
 25.300000     -0.52484539
 25.400000     -0.52649561
 25.500000     -0.53220983
 25.600000     -0.53888836
 25.700000     -0.54630069
 25.800000     -0.54900302
 25.900000     -0.54743150
 26.000000     -0.54582500
 26.100000     -0.54339742
 26.200000     -0.53844566
 26.300000     -0.53295072
 26.400000     -0.52580422
 26.500000     -0.52067692
 26.600000     -0.51523260
 26.700000     -0.51107499
 26.800000     -0.50714169
 26.900000     -0.50037982
 27.000000     -0.49401483
 27.100000     -0.49040016
 27.200000     -0.48603040
 27.300000     -0.47990135
 27.400000     -0.47276735
 27.500000     -0.46471525
 27.600000     -0.45842636
 27.700000     -0.45508751
 27.800000     -0.44941133
 27.900000     -0.44279318
 28.000000     -0.43623926
 28.100000     -0.43038937
 28.200000     -0.42452335
 28.300000     -0.41605199
 28.400000     -0.40834055
 28.500000     -0.40141760
 28.600000     -0.39310067
 28.700000     -0.38460597
 28.800000     -0.37512363
 28.900000     -0.36596839
 29.000000     -0.35864403
 29.100000     -0.35344872
 29.200000     -0.34802181
 29.300000     -0.34480526
 29.400000     -0.34382970
 29.500000     -0.34082612
 29.600000     -0.33532289
 29.700000     -0.32907442
 29.800000     -0.32442030
 29.900000     -0.32065275
 30.000000     -0.31483597
 30.100000     -0.31118612
 30.200000     -0.31043881
 30.300000     -0.30899651
 30.400000     -0.30863928
 30.500000     -0.30795050
 30.600000     -0.30636561
 30.700000     -0.30555878
 30.800000     -0.30797580
 30.900000     -0.30998007
 31.000000     -0.31039192
 31.100000     -0.31069898
 31.200000     -0.31140661
 31.300000     -0.31231994
 31.400000     -0.31247281
 31.500000     -0.31332899
 31.600000     -0.31517456
 31.700000     -0.31655170
 31.800000     -0.31752061
 31.900000     -0.31682411
 32.000000     -0.31483892
 32.100000     -0.31330085
 32.200000     -0.31153490
 32.300000     -0.30746498
 32.400000     -0.30330364
 32.500000     -0.30356424
 32.600000     -0.30012311
 32.700000     -0.29634675
 32.800000     -0.29239539
 32.900000     -0.29026641
 33.000000     -0.29026595
 33.100000     -0.28901846
 33.200000     -0.28703219
 33.300000     -0.28573628
 33.400000     -0.28541989
 33.500000     -0.28481499
 33.600000     -0.28334611
 33.700000     -0.28350041
 33.800000     -0.28808351
 33.900000     -0.29112307
 34.000000     -0.29428318
 34.100000     -0.29895345
 34.200000     -0.30395349
 34.300000     -0.30842067
 34.400000     -0.31177775
 34.500000     -0.31424472
 34.600000     -0.31601123
 34.700000     -0.31539444
 34.800000     -0.31343241
 34.900000     -0.31040176
 35.000000     -0.30651282
 35.100000     -0.30354569
 35.200000     -0.30002573
 35.300000     -0.29569997
 35.400000     -0.29115006
 35.500000     -0.28890776
 35.600000     -0.28920263
 35.700000     -0.28908037
 35.800000     -0.28747474
 35.900000     -0.28474280
 36.000000     -0.28246790
 36.100000     -0.27855243
 36.200000     -0.27516401
 36.300000     -0.27091210
 36.400000     -0.26651829
 36.500000     -0.26112729
 36.600000     -0.25595570
 36.700000     -0.25090591
 36.800000     -0.24561514
 36.900000     -0.24098824
 37.000000     -0.23701182
 37.100000     -0.23405714
 37.200000     -0.23151697
 37.300000     -0.22882935
 37.400000     -0.22642719
 37.500000     -0.22454007
 37.600000     -0.22336170
 37.700000     -0.22301624
 37.800000     -0.22262038
 37.900000     -0.22159301
 38.000000     -0.22021936
 38.100000     -0.21847700
 38.200000     -0.21582678
 38.300000     -0.21281491
 38.400000     -0.20879352
 38.500000     -0.20505226
 38.600000     -0.20139846
 38.700000     -0.19836222
 38.800000     -0.19614630
 38.900000     -0.19503496
 39.000000     -0.19490977
 39.100000     -0.19494495
 39.200000     -0.19448421
 39.300000     -0.19411949
 39.400000     -0.19306324
 39.500000     -0.19171227
 39.600000     -0.18986795
 39.700000     -0.18757345
 39.800000     -0.18465447
 39.900000     -0.18207557
