  0.000000     -0.01153959
  0.100000     -0.01159547
  0.200000     -0.01157233
  0.300000     -0.01168990
  0.400000     -0.01185462
  0.500000     -0.01199566
  0.600000     -0.01197456
  0.700000     -0.01179250
  0.800000     -0.01176032
  0.900000     -0.01187389
  1.000000     -0.01179976
  1.100000     -0.01160875
  1.200000     -0.01154650
  1.300000     -0.01145554
  1.400000     -0.01146184
  1.500000     -0.01140619
  1.600000     -0.01122768
  1.700000     -0.01127668
  1.800000     -0.01125281
  1.900000     -0.01111924
  2.000000     -0.01097705
  2.100000     -0.01072664
  2.200000     -0.01065416
  2.300000     -0.01092638
  2.400000     -0.01111507
  2.500000     -0.01098630
  2.600000     -0.01090503
  2.700000     -0.01067908
  2.800000     -0.01053523
  2.900000     -0.01053518
  3.000000     -0.01069842
  3.100000     -0.01093689
  3.200000     -0.01080963
  3.300000     -0.01070214
  3.400000     -0.01077737
  3.500000     -0.01093533
  3.600000     -0.01112278
  3.700000     -0.01120906
  3.800000     -0.01123553
  3.900000     -0.01141318
  4.000000     -0.01127218
  4.100000     -0.01135442
  4.200000     -0.01129203
  4.300000     -0.01133204
  4.400000     -0.01179792
  4.500000     -0.01206279
  4.600000     -0.01231129
  4.700000     -0.01251173
  4.800000     -0.01286819
  4.900000     -0.01297366
  5.000000     -0.01301040
  5.100000     -0.01331726
  5.200000     -0.01361034
  5.300000     -0.01388477
  5.400000     -0.01441134
  5.500000     -0.01486296
  5.600000     -0.01518730
  5.700000     -0.01574666
  5.800000     -0.01641506
  5.900000     -0.01702311
  6.000000     -0.01762648
  6.100000     -0.01831593
  6.200000     -0.01928564
  6.300000     -0.02031220
  6.400000     -0.02112564
  6.500000     -0.02249054
  6.600000     -0.02372599
  6.700000     -0.02487012
  6.800000     -0.02594620
  6.900000     -0.02716687
  7.000000     -0.02839602
  7.100000     -0.02966436
  7.200000     -0.03096145
  7.300000     -0.03226106
  7.400000     -0.03391326
  7.500000     -0.03555518
  7.600000     -0.03705251
  7.700000     -0.03861591
  7.800000     -0.04022179
  7.900000     -0.04207646
  8.000000     -0.04413137
  8.100000     -0.04617249
  8.200000     -0.04812720
  8.300000     -0.04996135
  8.400000     -0.05205277
  8.500000     -0.05416400
  8.600000     -0.05619401
  8.700000     -0.05824649
  8.800000     -0.06039073
  8.900000     -0.06245658
  9.000000     -0.06460799
  9.100000     -0.06699834
  9.200000     -0.06919575
  9.300000     -0.07150470
  9.400000     -0.07370474
  9.500000     -0.07585860
  9.600000     -0.07799524
  9.700000     -0.08010571
  9.800000     -0.08218118
  9.900000     -0.08421250
 10.000000     -0.08618996
 10.100000     -0.08810166
 10.200000     -0.08996173
 10.300000     -0.09170778
 10.400000     -0.09335233
 10.500000     -0.09488287
 10.600000     -0.09628419
 10.700000     -0.09754140
 10.800000     -0.09863873
 10.900000     -0.09956083
 11.000000     -0.10029013
 11.100000     -0.10080963
 11.200000     -0.10110067
 11.300000     -0.10114586
 11.400000     -0.10092603
 11.500000     -0.10042074
 11.600000     -0.09960955
 11.700000     -0.09847338
 11.800000     -0.09699155
 11.900000     -0.09514293
 12.000000     -0.09290504
 12.100000     -0.09025463
 12.200000     -0.08717190
 12.300000     -0.08363684
 12.400000     -0.07962614
 12.500000     -0.07511658
 12.600000     -0.07008526
 12.700000     -0.06451014
 12.800000     -0.05837085
 12.900000     -0.05164663
 13.000000     -0.04431391
 13.100000     -0.03635226
 13.200000     -0.02774490
 13.300000     -0.01847268
 13.400000     -0.00851695
 13.500000      0.00213670
 13.600000      0.01350624
 13.700000      0.02560864
 13.800000      0.03845694
 13.900000      0.05205318
 14.000000      0.06640687
 14.100000      0.08152587
 14.200000      0.09741786
 14.300000      0.11408463
 14.400000      0.13152196
 14.500000      0.14972962
 14.600000      0.16870202
 14.700000      0.18842991
 14.800000      0.20889986
 14.900000      0.23009609
 15.000000      0.25200284
 15.100000      0.27459466
 15.200000      0.29784687
 15.300000      0.32173040
 15.400000      0.34621177
 15.500000      0.37125051
 15.600000      0.39680188
 15.700000      0.42281830
 15.800000      0.44924591
 15.900000      0.47602701
 16.000000      0.50309931
 16.100000      0.53039367
 16.200000      0.55783689
 16.300000      0.58534999
 16.400000      0.61284878
 16.500000      0.64024392
 16.600000      0.66744116
 16.700000      0.69434171
 16.800000      0.72084120
 16.900000      0.74683436
 17.000000      0.77217783
 17.100000      0.79681939
 17.200000      0.82061176
 17.300000      0.84343467
 17.400000      0.86516646
 17.500000      0.88568561
 17.600000      0.90487630
 17.700000      0.92262291
 17.800000      0.93880727
 17.900000      0.95331488
 18.000000      0.96603830
 18.100000      0.97688401
 18.200000      0.98576637
 18.300000      0.99259598
 18.400000      0.99729358
 18.500000      0.99978570
 18.600000      1.00000000
 18.700000      0.99786158
 18.800000      0.99332286
 18.900000      0.98640400
 19.000000      0.97710442
 19.100000      0.96542665
 19.200000      0.95138507
 19.300000      0.93499901
 19.400000      0.91630257
 19.500000      0.89533172
 19.600000      0.87214907
 19.700000      0.84683157
 19.800000      0.81946974
 19.900000      0.79016277
 20.000000      0.75901451
 20.100000      0.72613425
 20.200000      0.69164280
 20.300000      0.65567092
 20.400000      0.61835542
 20.500000      0.57982904
 20.600000      0.54023295
 20.700000      0.49971041
 20.800000      0.45840848
 20.900000      0.41646933
 21.000000      0.37403555
 21.100000      0.33124998
 21.200000      0.28825581
 21.300000      0.24519239
 21.400000      0.20219797
 21.500000      0.15940711
 21.600000      0.11695208
 21.700000      0.07495617
 21.800000      0.03354028
 21.900000     -0.00718109
 22.000000     -0.04709829
 22.100000     -0.08610619
 22.200000     -0.12411644
 22.300000     -0.16105142
 22.400000     -0.19683146
 22.500000     -0.23139256
 22.600000     -0.26467450
 22.700000     -0.29663081
 22.800000     -0.32722342
 22.900000     -0.35642086
 23.000000     -0.38419126
 23.100000     -0.41051196
 23.200000     -0.43537410
 23.300000     -0.45875760
 23.400000     -0.48064852
 23.500000     -0.50104104
 23.600000     -0.51992097
 23.700000     -0.53728394
 23.800000     -0.55313606
 23.900000     -0.56751279
 24.000000     -0.58043829
 24.100000     -0.59193664
 24.200000     -0.60202914
 24.300000     -0.61075874
 24.400000     -0.61817006
 24.500000     -0.62429965
 24.600000     -0.62919266
 24.700000     -0.63289476
 24.800000     -0.63545431
 24.900000     -0.63692004
 25.000000     -0.63733502
 25.100000     -0.63675309
 25.200000     -0.63524104
 25.300000     -0.63284110
 25.400000     -0.62957087
 25.500000     -0.62547942
 25.600000     -0.62061421
 25.700000     -0.61502291
 25.800000     -0.60875421
 25.900000     -0.60185183
 26.000000     -0.59435921
 26.100000     -0.58632328
 26.200000     -0.57778917
 26.300000     -0.56880069
 26.400000     -0.55940099
 26.500000     -0.54963364
 26.600000     -0.53954080
 26.700000     -0.52916038
 26.800000     -0.51853238
 26.900000     -0.50769549
 27.000000     -0.49668432
 27.100000     -0.48553431
 27.200000     -0.47427955
 27.300000     -0.46295120
 27.400000     -0.45157992
 27.500000     -0.44019312
 27.600000     -0.42881830
 27.700000     -0.41747879
 27.800000     -0.40590426
 27.900000     -0.39466384
 28.000000     -0.38356676
 28.100000     -0.37259324
 28.200000     -0.36175788
 28.300000     -0.35107761
 28.400000     -0.34056578
 28.500000     -0.33023565
 28.600000     -0.32009906
 28.700000     -0.31017325
 28.800000     -0.30015506
 28.900000     -0.29068746
 29.000000     -0.28145505
 29.100000     -0.27246186
 29.200000     -0.26371190
 29.300000     -0.25521077
 29.400000     -0.24696334
 29.500000     -0.23897578
 29.600000     -0.23125268
 29.700000     -0.22378596
 29.800000     -0.21657534
 29.900000     -0.20961874
 30.000000     -0.20291449
 30.100000     -0.19646126
 30.200000     -0.19025370
 30.300000     -0.18428642
 30.400000     -0.17855390
 30.500000     -0.17305209
 30.600000     -0.16777585
 30.700000     -0.16271794
 30.800000     -0.15786879
 30.900000     -0.15322204
 31.000000     -0.14877029
 31.100000     -0.14450703
 31.200000     -0.14042439
 31.300000     -0.13651510
 31.400000     -0.13276988
 31.500000     -0.12917998
 31.600000     -0.12573757
 31.700000     -0.12243591
 31.800000     -0.11926688
 31.900000     -0.11622429
 32.000000     -0.11329986
 32.100000     -0.11048647
 32.200000     -0.10777656
 32.300000     -0.10516649
 32.400000     -0.10263977
 32.500000     -0.10004224
 32.600000     -0.09765930
 32.700000     -0.09538078
 32.800000     -0.09317212
 32.900000     -0.09102754
 33.000000     -0.08894324
 33.100000     -0.08691879
 33.200000     -0.08495829
 33.300000     -0.08305421
 33.400000     -0.08121949
 33.500000     -0.07943805
 33.600000     -0.07770353
 33.700000     -0.07601515
 33.800000     -0.07437347
 33.900000     -0.07276003
 34.000000     -0.07119312
 34.100000     -0.06967393
 34.200000     -0.06820048
 34.300000     -0.06677139
 34.400000     -0.06538079
 34.500000     -0.06403035
 34.600000     -0.06329994
 34.700000     -0.06204472
 34.800000     -0.06083206
 34.900000     -0.05966263
 35.000000     -0.05852359
 35.100000     -0.05742161
 35.200000     -0.05635080
 35.300000     -0.05531548
 35.400000     -0.05430813
 35.500000     -0.05332122
 35.600000     -0.05238244
 35.700000     -0.05150575
 35.800000     -0.05067923
 35.900000     -0.04988388
 36.000000     -0.04912602
 36.100000     -0.04838425
 36.200000     -0.04766443
 36.300000     -0.04696446
 36.400000     -0.04627191
 36.500000     -0.04558293
 36.600000     -0.04491238
 36.700000     -0.04426849
 36.800000     -0.04363857
 36.900000     -0.04302218
 37.000000     -0.04240308
 37.100000     -0.04177581
 37.200000     -0.04120299
 37.300000     -0.04063069
 37.400000     -0.04005367
 37.500000     -0.03953813
 37.600000     -0.03902750
 37.700000     -0.03849092
 37.800000     -0.03794469
 37.900000     -0.03740724
 38.000000     -0.03685870
 38.100000     -0.03630337
 38.200000     -0.03571854
 38.300000     -0.03510877
 38.400000     -0.03452985
 38.500000     -0.03393824
 38.600000     -0.03334054
 38.700000     -0.03272016
 38.800000     -0.03209711
 38.900000     -0.03145507
 39.000000     -0.03080015
 39.100000     -0.03012202
 39.200000     -0.02941425
 39.300000     -0.02868991
 39.400000     -0.02794229
 39.500000     -0.02719318
 39.600000     -0.02648300
 39.700000     -0.02576663
 39.800000     -0.02507333
 39.900000     -0.02437205
