  0.000000     -0.07067432
  0.100000     -0.06800050
  0.200000     -0.06633065
  0.300000     -0.06540828
  0.400000     -0.06487969
  0.500000     -0.06479280
  0.600000     -0.06457258
  0.700000     -0.06471074
  0.800000     -0.06453107
  0.900000     -0.06465170
  1.000000     -0.06494384
  1.100000     -0.06553894
  1.200000     -0.06798236
  1.300000     -0.07108787
  1.400000     -0.07443456
  1.500000     -0.08014259
  1.600000     -0.08682538
  1.700000     -0.09300826
  1.800000     -0.09848230
  1.900000     -0.10344058
  2.000000     -0.10913168
  2.100000     -0.11312805
  2.200000     -0.11624110
  2.300000     -0.12072395
  2.400000     -0.12514947
  2.500000     -0.12794509
  2.600000     -0.13096753
  2.700000     -0.13452996
  2.800000     -0.13486330
  2.900000     -0.13222138
  3.000000     -0.12909387
  3.100000     -0.12503109
  3.200000     -0.11890149
  3.300000     -0.11278696
  3.400000     -0.10569190
  3.500000     -0.09877724
  3.600000     -0.09499868
  3.700000     -0.09268628
  3.800000     -0.08857816
  3.900000     -0.08479052
  4.000000     -0.08273012
  4.100000     -0.08291524
  4.200000     -0.08418230
  4.300000     -0.08445549
  4.400000     -0.08388953
  4.500000     -0.08481895
  4.600000     -0.08719211
  4.700000     -0.08950896
  4.800000     -0.08929427
  4.900000     -0.08972358
  5.000000     -0.09223803
  5.100000     -0.09434055
  5.200000     -0.09703387
  5.300000     -0.10211163
  5.400000     -0.10560089
  5.500000     -0.11351281
  5.600000     -0.12116665
  5.700000     -0.12303987
  5.800000     -0.12590659
  5.900000     -0.13395959
  6.000000     -0.13315598
  6.100000     -0.13813840
  6.200000     -0.14416434
  6.300000     -0.14232115
  6.400000     -0.14785956
  6.500000     -0.15059341
  6.600000     -0.14173483
  6.700000     -0.13781581
  6.800000     -0.12857176
  6.900000     -0.11635262
  7.000000     -0.10934644
  7.100000     -0.10432832
  7.200000     -0.09683340
  7.300000     -0.09750751
  7.400000     -0.08792987
  7.500000     -0.08506541
  7.600000     -0.08412310
  7.700000     -0.07851114
  7.800000     -0.07453092
  7.900000     -0.06769249
  8.000000     -0.06080452
  8.100000     -0.05883025
  8.200000     -0.05784486
  8.300000     -0.06012942
  8.400000     -0.06120784
  8.500000     -0.06305030
  8.600000     -0.06246470
  8.700000     -0.06476357
  8.800000     -0.06218665
  8.900000     -0.05569498
  9.000000     -0.05286130
  9.100000     -0.04239994
  9.200000     -0.03290050
  9.300000     -0.01689965
  9.400000     -0.00572986
  9.500000      0.01119590
  9.600000      0.02595316
  9.700000      0.04339585
  9.800000      0.05540142
  9.900000      0.06199950
 10.000000      0.07432848
 10.100000      0.07669364
 10.200000      0.08173845
 10.300000      0.08017826
 10.400000      0.07632619
 10.500000      0.06679940
 10.600000      0.06112707
 10.700000      0.05183627
 10.800000      0.04854134
 10.900000      0.04423971
 11.000000      0.04503151
 11.100000      0.04673407
 11.200000      0.04447726
 11.300000      0.04766573
 11.400000      0.04649594
 11.500000      0.05248202
 11.600000      0.04750403
 11.700000      0.04637803
 11.800000      0.04413534
 11.900000      0.03981783
 12.000000      0.03461945
 12.100000      0.02985428
 12.200000      0.01422410
 12.300000     -0.00088083
 12.400000     -0.01478906
 12.500000     -0.02760017
 12.600000     -0.04131144
 12.700000     -0.04948401
 12.800000     -0.06747713
 12.900000     -0.07466314
 13.000000     -0.08036438
 13.100000     -0.08753994
 13.200000     -0.08909528
 13.300000     -0.08819915
 13.400000     -0.08842492
 13.500000     -0.08389956
 13.600000     -0.07517686
 13.700000     -0.06999580
 13.800000     -0.05833714
 13.900000     -0.04762520
 14.000000     -0.04113828
 14.100000     -0.02973201
 14.200000     -0.00323705
 14.300000      0.00833426
 14.400000      0.00795872
 14.500000      0.01367318
 14.600000     -0.00464828
 14.700000     -0.01356562
 14.800000     -0.01148819
 14.900000     -0.01300820
 15.000000     -0.00475297
 15.100000      0.01230922
 15.200000      0.01833199
 15.300000      0.01957279
 15.400000      0.03115701
 15.500000      0.03137268
 15.600000      0.02683578
 15.700000      0.00834662
 15.800000     -0.01885864
 15.900000     -0.03368180
 16.000000     -0.03764799
 16.100000     -0.04530141
 16.200000     -0.03767740
 16.300000     -0.03167309
 16.400000     -0.02094803
 16.500000     -0.01276342
 16.600000     -0.01595730
 16.700000     -0.04054234
 16.800000     -0.06408358
 16.900000     -0.09174714
 17.000000     -0.11099463
 17.100000     -0.12950699
 17.200000     -0.15804017
 17.300000     -0.16946282
 17.400000     -0.16237155
 17.500000     -0.17406987
 17.600000     -0.18855188
 17.700000     -0.20770419
 17.800000     -0.23986716
 17.900000     -0.25221143
 18.000000     -0.25904419
 18.100000     -0.27453362
 18.200000     -0.26859782
 18.300000     -0.24475835
 18.400000     -0.21249381
 18.500000     -0.16089186
 18.600000     -0.09549032
 18.700000     -0.03078709
 18.800000      0.04782064
 18.900000      0.13733981
 19.000000      0.24520982
 19.100000      0.34135007
 19.200000      0.41165992
 19.300000      0.48172457
 19.400000      0.54923610
 19.500000      0.61513033
 19.600000      0.67823635
 19.700000      0.76101364
 19.800000      0.85015884
 19.900000      0.91549463
 20.000000      0.96995138
 20.100000      0.99723796
 20.200000      1.00000000
 20.300000      0.99028192
 20.400000      0.97131025
 20.500000      0.94106567
 20.600000      0.90974423
 20.700000      0.88726944
 20.800000      0.85369321
 20.900000      0.81990918
 21.000000      0.77722499
 21.100000      0.73429821
 21.200000      0.69801212
 21.300000      0.64576408
 21.400000      0.60956829
 21.500000      0.58349262
 21.600000      0.54151917
 21.700000      0.49009071
 21.800000      0.45161506
 21.900000      0.41885054
 22.000000      0.40695547
 22.100000      0.39311812
 22.200000      0.34447563
 22.300000      0.28096695
 22.400000      0.20931907
 22.500000      0.13987791
 22.600000      0.06959849
 22.700000      0.01534394
 22.800000     -0.03781583
 22.900000     -0.08605240
 23.000000     -0.11908294
 23.100000     -0.16597072
 23.200000     -0.20218635
 23.300000     -0.23117310
 23.400000     -0.28646604
 23.500000     -0.32678446
 23.600000     -0.34068302
 23.700000     -0.34811198
 23.800000     -0.34644694
 23.900000     -0.33094571
 24.000000     -0.30259329
 24.100000     -0.30152606
 24.200000     -0.31171644
 24.300000     -0.29643875
 24.400000     -0.28823961
 24.500000     -0.28498573
 24.600000     -0.27666603
 24.700000     -0.26660673
 24.800000     -0.25441278
 24.900000     -0.23853807
 25.000000     -0.21431079
 25.100000     -0.20290363
 25.200000     -0.17049482
 25.300000     -0.12812746
 25.400000     -0.09958296
 25.500000     -0.10251246
 25.600000     -0.11495455
 25.700000     -0.14807041
 25.800000     -0.16430791
 25.900000     -0.18098407
 26.000000     -0.19890166
 26.100000     -0.21788374
 26.200000     -0.22687451
 26.300000     -0.22745293
 26.400000     -0.22024935
 26.500000     -0.19668238
 26.600000     -0.17834803
 26.700000     -0.15130718
 26.800000     -0.14076339
 26.900000     -0.15865653
 27.000000     -0.16545347
 27.100000     -0.17508440
 27.200000     -0.18042480
 27.300000     -0.19193882
 27.400000     -0.20003851
 27.500000     -0.20951505
 27.600000     -0.22132280
 27.700000     -0.20778355
 27.800000     -0.19568442
 27.900000     -0.19315834
 28.000000     -0.18986382
 28.100000     -0.19409536
 28.200000     -0.20382719
 28.300000     -0.22336296
 28.400000     -0.23741386
 28.500000     -0.26345803
 28.600000     -0.29110705
 28.700000     -0.32469500
 28.800000     -0.34362582
 28.900000     -0.36252383
 29.000000     -0.38535873
 29.100000     -0.40214932
 29.200000     -0.41826494
 29.300000     -0.43860343
 29.400000     -0.44597927
 29.500000     -0.44791742
 29.600000     -0.44695541
 29.700000     -0.44570506
 29.800000     -0.44132437
 29.900000     -0.42671189
 30.000000     -0.41515435
 30.100000     -0.41020446
 30.200000     -0.40852184
 30.300000     -0.41116746
 30.400000     -0.41405816
 30.500000     -0.42143607
 30.600000     -0.41910910
 30.700000     -0.41490508
 30.800000     -0.40412830
 30.900000     -0.39530323
 31.000000     -0.38353207
 31.100000     -0.37402051
 31.200000     -0.36513477
 31.300000     -0.35367140
 31.400000     -0.34980128
 31.500000     -0.34602999
 31.600000     -0.33513568
 31.700000     -0.31828040
 31.800000     -0.31161038
 31.900000     -0.30566720
 32.000000     -0.30738778
 32.100000     -0.30972642
 32.200000     -0.31901196
 32.300000     -0.32821433
 32.400000     -0.33275439
 32.500000     -0.34292521
 32.600000     -0.35341699
 32.700000     -0.36486519
 32.800000     -0.37920452
 32.900000     -0.39147196
 33.000000     -0.39248193
 33.100000     -0.39265901
 33.200000     -0.39527302
 33.300000     -0.39579454
 33.400000     -0.39383701
 33.500000     -0.39235311
 33.600000     -0.39354709
 33.700000     -0.38863255
 33.800000     -0.39007275
 33.900000     -0.39718160
 34.000000     -0.40054700
 34.100000     -0.40058842
 34.200000     -0.40252008
 34.300000     -0.40177411
 34.400000     -0.40042093
 34.500000     -0.39721140
 34.600000     -0.39424947
 34.700000     -0.39542375
 34.800000     -0.39366253
 34.900000     -0.39188471
 35.000000     -0.39417250
 35.100000     -0.38947104
 35.200000     -0.38338384
 35.300000     -0.37805451
 35.400000     -0.36863036
 35.500000     -0.35717448
 35.600000     -0.34941532
 35.700000     -0.34525349
 35.800000     -0.34001473
 35.900000     -0.33441978
 36.000000     -0.32933824
 36.100000     -0.32284547
 36.200000     -0.31619432
 36.300000     -0.31249606
 36.400000     -0.30935478
 36.500000     -0.30914285
 36.600000     -0.31034185
 36.700000     -0.30981714
 36.800000     -0.30957090
 36.900000     -0.31011490
 37.000000     -0.31111050
 37.100000     -0.31167860
 37.200000     -0.31280512
 37.300000     -0.31502640
 37.400000     -0.31876538
 37.500000     -0.32241976
 37.600000     -0.32691746
 37.700000     -0.33156783
 37.800000     -0.33596972
 37.900000     -0.34025840
 38.000000     -0.34448207
 38.100000     -0.34960186
 38.200000     -0.35601443
 38.300000     -0.36107612
 38.400000     -0.36538681
 38.500000     -0.37075911
 38.600000     -0.37553221
 38.700000     -0.37950948
 38.800000     -0.38284598
 38.900000     -0.38607569
 39.000000     -0.39043184
 39.100000     -0.39500639
 39.200000     -0.39779687
 39.300000     -0.39858403
 39.400000     -0.39742684
 39.500000     -0.39495127
 39.600000     -0.39341573
 39.700000     -0.39337565
 39.800000     -0.39265061
 39.900000     -0.39028426
