  0.000000      0.00311020
  0.100000      0.00350273
  0.200000      0.00396328
  0.300000      0.00383586
  0.400000      0.00267762
  0.500000      0.00148272
  0.600000      0.00113090
  0.700000      0.00121959
  0.800000      0.00084465
  0.900000      0.00017333
  1.000000     -0.00022523
  1.100000     -0.00022790
  1.200000     -0.00023154
  1.300000     -0.00062783
  1.400000     -0.00120864
  1.500000     -0.00132042
  1.600000     -0.00102114
  1.700000     -0.00083072
  1.800000     -0.00079682
  1.900000     -0.00076466
  2.000000     -0.00064369
  2.100000     -0.00025132
  2.200000      0.00045343
  2.300000      0.00123525
  2.400000      0.00177896
  2.500000      0.00214335
  2.600000      0.00267737
  2.700000      0.00348495
  2.800000      0.00416264
  2.900000      0.00442563
  3.000000      0.00454255
  3.100000      0.00496789
  3.200000      0.00552054
  3.300000      0.00578910
  3.400000      0.00561600
  3.500000      0.00520703
  3.600000      0.00466367
  3.700000      0.00411976
  3.800000      0.00298356
  3.900000      0.00176718
  4.000000      0.00106054
  4.100000      0.00081871
  4.200000      0.00078363
  4.300000      0.00068103
  4.400000      0.00128478
  4.500000      0.00219091
  4.600000      0.00280337
  4.700000      0.00320159
  4.800000      0.00367609
  4.900000      0.00409213
  5.000000      0.00445036
  5.100000      0.00485707
  5.200000      0.00595744
  5.300000      0.00751039
  5.400000      0.00917117
  5.500000      0.01030348
  5.600000      0.01080496
  5.700000      0.01081349
  5.800000      0.01011152
  5.900000      0.00952723
  6.000000      0.00893574
  6.100000      0.00812852
  6.200000      0.00762093
  6.300000      0.00700422
  6.400000      0.00691849
  6.500000      0.00719822
  6.600000      0.00792215
  6.700000      0.00867784
  6.800000      0.00863928
  6.900000      0.00772711
  7.000000      0.00704166
  7.100000      0.00669529
  7.200000      0.00670444
  7.300000      0.00672293
  7.400000      0.00682924
  7.500000      0.00788912
  7.600000      0.00933375
  7.700000      0.01044396
  7.800000      0.01078968
  7.900000      0.01188360
  8.000000      0.01409329
  8.100000      0.01618065
  8.200000      0.01819253
  8.300000      0.01984702
  8.400000      0.02182134
  8.500000      0.02355266
  8.600000      0.02461437
  8.700000      0.02461483
  8.800000      0.02427371
  8.900000      0.02330195
  9.000000      0.02199271
  9.100000      0.02033913
  9.200000      0.01829528
  9.300000      0.01578070
  9.400000      0.01218983
  9.500000      0.00755017
  9.600000      0.00143071
  9.700000     -0.00479212
  9.800000     -0.01103602
  9.900000     -0.01756633
 10.000000     -0.02420747
 10.100000     -0.03131127
 10.200000     -0.03813221
 10.300000     -0.04400056
 10.400000     -0.04892637
 10.500000     -0.05431771
 10.600000     -0.05989664
 10.700000     -0.06477544
 10.800000     -0.06928774
 10.900000     -0.07381010
 11.000000     -0.07820551
 11.100000     -0.08216727
 11.200000     -0.08515101
 11.300000     -0.08730198
 11.400000     -0.08862297
 11.500000     -0.08878221
 11.600000     -0.08797874
 11.700000     -0.08537448
 11.800000     -0.08101615
 11.900000     -0.07502568
 12.000000     -0.06752774
 12.100000     -0.05846279
 12.200000     -0.04780602
 12.300000     -0.03541508
 12.400000     -0.01983222
 12.500000     -0.00012526
 12.600000      0.02512513
 12.700000      0.05685117
 12.800000      0.09602141
 12.900000      0.14213488
 13.000000      0.19392896
 13.100000      0.25020112
 13.200000      0.31027312
 13.300000      0.37253937
 13.400000      0.43504143
 13.500000      0.49640367
 13.600000      0.55592284
 13.700000      0.61332065
 13.800000      0.66792169
 13.900000      0.71960337
 14.000000      0.76780778
 14.100000      0.81204926
 14.200000      0.85179738
 14.300000      0.88687128
 14.400000      0.91730196
 14.500000      0.94292704
 14.600000      0.96379029
 14.700000      0.97992144
 14.800000      0.99170591
 14.900000      0.99855368
 15.000000      1.00000000
 15.100000      0.99730481
 15.200000      0.99111777
 15.300000      0.98124775
 15.400000      0.96776570
 15.500000      0.95119208
 15.600000      0.93090002
 15.700000      0.90683475
 15.800000      0.87904746
 15.900000      0.84697245
 16.000000      0.81093052
 16.100000      0.77111776
 16.200000      0.72814621
 16.300000      0.68257031
 16.400000      0.63531175
 16.500000      0.58659588
 16.600000      0.53668261
 16.700000      0.48652974
 16.800000      0.43661140
 16.900000      0.38726742
 17.000000      0.33848990
 17.100000      0.29087111
 17.200000      0.24532474
 17.300000      0.20208278
 17.400000      0.16005897
 17.500000      0.11987393
 17.600000      0.08169803
 17.700000      0.04618534
 17.800000      0.01357481
 17.900000     -0.01605255
 18.000000     -0.04218162
 18.100000     -0.06581651
 18.200000     -0.08734641
 18.300000     -0.10749748
 18.400000     -0.12624941
 18.500000     -0.14288738
 18.600000     -0.15779910
 18.700000     -0.17111050
 18.800000     -0.18408591
 18.900000     -0.19695492
 19.000000     -0.20912198
 19.100000     -0.22095751
 19.200000     -0.23310201
 19.300000     -0.24551609
 19.400000     -0.25703803
 19.500000     -0.26710188
 19.600000     -0.27598826
 19.700000     -0.28411831
 19.800000     -0.29096479
 19.900000     -0.29604754
 20.000000     -0.29954046
 20.100000     -0.30166795
 20.200000     -0.30186192
 20.300000     -0.30008857
 20.400000     -0.29715578
 20.500000     -0.29364148
 20.600000     -0.29041536
 20.700000     -0.28747849
 20.800000     -0.28403489
 20.900000     -0.28077150
 21.000000     -0.27806438
 21.100000     -0.27618357
 21.200000     -0.27530954
 21.300000     -0.27452632
 21.400000     -0.27353546
 21.500000     -0.27214208
 21.600000     -0.27095393
 21.700000     -0.26962303
 21.800000     -0.26739390
 21.900000     -0.26419836
 22.000000     -0.26028932
 22.100000     -0.25648628
 22.200000     -0.25319839
 22.300000     -0.25016626
 22.400000     -0.24804229
 22.500000     -0.24692777
 22.600000     -0.24657640
 22.700000     -0.24736221
 22.800000     -0.24931782
 22.900000     -0.25203978
 23.000000     -0.25553683
 23.100000     -0.25907766
 23.200000     -0.26234531
 23.300000     -0.26585087
 23.400000     -0.26916298
 23.500000     -0.27164588
 23.600000     -0.27292271
 23.700000     -0.27231520
 23.800000     -0.26936727
 23.900000     -0.26481959
 24.000000     -0.25930415
 24.100000     -0.25292804
 24.200000     -0.24669920
 24.300000     -0.24147749
 24.400000     -0.23700515
 24.500000     -0.23238497
 24.600000     -0.22743330
 24.700000     -0.22216393
 24.800000     -0.21691340
 24.900000     -0.21093545
 25.000000     -0.20401662
 25.100000     -0.19622679
 25.200000     -0.18767777
 25.300000     -0.17885391
 25.400000     -0.17025975
 25.500000     -0.16218136
 25.600000     -0.15487508
 25.700000     -0.14934477
 25.800000     -0.14612254
 25.900000     -0.14416240
 26.000000     -0.14253762
 26.100000     -0.14079076
 26.200000     -0.13911755
 26.300000     -0.13753380
 26.400000     -0.13493942
 26.500000     -0.13135829
 26.600000     -0.12687074
 26.700000     -0.12182304
 26.800000     -0.11677839
 26.900000     -0.11184520
 27.000000     -0.10599391
 27.100000     -0.10030241
 27.200000     -0.09572245
 27.300000     -0.09220737
 27.400000     -0.09042819
 27.500000     -0.09040013
 27.600000     -0.09186047
 27.700000     -0.09396533
 27.800000     -0.09595741
 27.900000     -0.09686628
 28.000000     -0.09643056
 28.100000     -0.09537510
 28.200000     -0.09428332
 28.300000     -0.09281744
 28.400000     -0.09149450
 28.500000     -0.09028420
 28.600000     -0.08920517
 28.700000     -0.08896429
 28.800000     -0.08912913
 28.900000     -0.08994543
 29.000000     -0.09102749
 29.100000     -0.09208633
 29.200000     -0.09355652
 29.300000     -0.09520543
 29.400000     -0.09657895
 29.500000     -0.09781744
 29.600000     -0.09926654
 29.700000     -0.10134125
 29.800000     -0.10382308
 29.900000     -0.10622591
 30.000000     -0.10740250
 30.100000     -0.10803151
 30.200000     -0.10851739
 30.300000     -0.10837510
 30.400000     -0.10801480
 30.500000     -0.10768554
 30.600000     -0.10799996
 30.700000     -0.10868425
 30.800000     -0.10855292
 30.900000     -0.10764025
 31.000000     -0.10706813
 31.100000     -0.10626485
 31.200000     -0.10450080
 31.300000     -0.10138328
 31.400000     -0.09692401
 31.500000     -0.09182135
 31.600000     -0.08618979
 31.700000     -0.07998496
 31.800000     -0.07356510
 31.900000     -0.06708938
 32.000000     -0.06079192
 32.100000     -0.05516692
 32.200000     -0.04988631
 32.300000     -0.04751128
 32.400000     -0.04677581
 32.500000     -0.04614511
 32.600000     -0.04586751
 32.700000     -0.04553936
 32.800000     -0.04464733
 32.900000     -0.04402383
 33.000000     -0.04421563
 33.100000     -0.04465209
 33.200000     -0.04505292
 33.300000     -0.04566053
 33.400000     -0.04597608
 33.500000     -0.04615483
 33.600000     -0.04651634
 33.700000     -0.04619448
 33.800000     -0.04472908
 33.900000     -0.04292517
 34.000000     -0.04155567
 34.100000     -0.04088687
 34.200000     -0.04015339
 34.300000     -0.03896633
 34.400000     -0.03786685
 34.500000     -0.03726185
 34.600000     -0.03682638
 34.700000     -0.03623199
 34.800000     -0.03495297
 34.900000     -0.03310658
 35.000000     -0.03148007
 35.100000     -0.03031023
 35.200000     -0.02926972
 35.300000     -0.02819123
 35.400000     -0.02714056
 35.500000     -0.02601511
 35.600000     -0.02533198
 35.700000     -0.02446077
 35.800000     -0.02285695
 35.900000     -0.02088546
 36.000000     -0.01920788
 36.100000     -0.01813776
 36.200000     -0.01742319
 36.300000     -0.01646667
 36.400000     -0.01527458
 36.500000     -0.01432608
 36.600000     -0.01373314
 36.700000     -0.01298423
 36.800000     -0.01153455
 36.900000     -0.00988694
 37.000000     -0.00844865
 37.100000     -0.00716715
 37.200000     -0.00583658
 37.300000     -0.00414989
 37.400000     -0.00203496
 37.500000      0.00021231
 37.600000      0.00203366
 37.700000      0.00366207
 37.800000      0.00545868
 37.900000      0.00715755
 38.000000      0.00838018
 38.100000      0.00914269
 38.200000      0.00977294
 38.300000      0.01041821
 38.400000      0.01045588
 38.500000      0.00998758
 38.600000      0.00945360
 38.700000      0.00879028
 38.800000      0.00792807
 38.900000      0.00698276
 39.000000      0.00580153
 39.100000      0.00447948
 39.200000      0.00334032
 39.300000      0.00245292
 39.400000      0.00155789
 39.500000      0.00020540
 39.600000     -0.00121701
 39.700000     -0.00235495
 39.800000     -0.00343218
 39.900000     -0.00486504
