  0.000000      0.04350788
  0.100000      0.04492019
  0.200000      0.04627404
  0.300000      0.04759794
  0.400000      0.04949931
  0.500000      0.05118862
  0.600000      0.05254632
  0.700000      0.05389473
  0.800000      0.05482829
  0.900000      0.05578036
  1.000000      0.05657105
  1.100000      0.05699298
  1.200000      0.05702755
  1.300000      0.05610630
  1.400000      0.05419430
  1.500000      0.05265563
  1.600000      0.05204614
  1.700000      0.05104399
  1.800000      0.05015609
  1.900000      0.04862701
  2.000000      0.04699475
  2.100000      0.04638876
  2.200000      0.04609326
  2.300000      0.04464143
  2.400000      0.04239568
  2.500000      0.03929448
  2.600000      0.03608942
  2.700000      0.03274014
  2.800000      0.02883302
  2.900000      0.02504380
  3.000000      0.02212644
  3.100000      0.01844951
  3.200000      0.01328092
  3.300000      0.00536054
  3.400000     -0.00160235
  3.500000     -0.00702474
  3.600000     -0.01636099
  3.700000     -0.02633206
  3.800000     -0.03362678
  3.900000     -0.03889241
  4.000000     -0.04439524
  4.100000     -0.04921398
  4.200000     -0.05356385
  4.300000     -0.05890330
  4.400000     -0.06329816
  4.500000     -0.06631041
  4.600000     -0.07007400
  4.700000     -0.07573421
  4.800000     -0.08217168
  4.900000     -0.08772912
  5.000000     -0.09294075
  5.100000     -0.09703594
  5.200000     -0.10027721
  5.300000     -0.10479360
  5.400000     -0.10985830
  5.500000     -0.11294717
  5.600000     -0.11549305
  5.700000     -0.11699968
  5.800000     -0.11662217
  5.900000     -0.11713186
  6.000000     -0.11960092
  6.100000     -0.12171280
  6.200000     -0.12346474
  6.300000     -0.12496654
  6.400000     -0.12477556
  6.500000     -0.12556578
  6.600000     -0.12755559
  6.700000     -0.12974617
  6.800000     -0.13002926
  6.900000     -0.12813132
  7.000000     -0.12762494
  7.100000     -0.12800630
  7.200000     -0.12762531
  7.300000     -0.12483858
  7.400000     -0.11963771
  7.500000     -0.11320568
  7.600000     -0.10536907
  7.700000     -0.09642695
  7.800000     -0.08554256
  7.900000     -0.07044082
  8.000000     -0.05479833
  8.100000     -0.03848290
  8.200000     -0.02128796
  8.300000     -0.00228619
  8.400000      0.02027370
  8.500000      0.04591656
  8.600000      0.07113666
  8.700000      0.09632218
  8.800000      0.12348100
  8.900000      0.15190651
  9.000000      0.18171578
  9.100000      0.21523243
  9.200000      0.25194871
  9.300000      0.29091059
  9.400000      0.33008694
  9.500000      0.37149491
  9.600000      0.41522177
  9.700000      0.46060932
  9.800000      0.50689859
  9.900000      0.55123141
 10.000000      0.59274174
 10.100000      0.63282527
 10.200000      0.67181980
 10.300000      0.71012651
 10.400000      0.74509033
 10.500000      0.77838648
 10.600000      0.80809914
 10.700000      0.83560432
 10.800000      0.86016623
 10.900000      0.88277539
 11.000000      0.90228011
 11.100000      0.91967968
 11.200000      0.93463445
 11.300000      0.94687113
 11.400000      0.96004522
 11.500000      0.97478280
 11.600000      0.98712756
 11.700000      0.99678501
 11.800000      1.00000000
 11.900000      0.99644535
 12.000000      0.98782160
 12.100000      0.97614636
 12.200000      0.95614117
 12.300000      0.92756722
 12.400000      0.89406420
 12.500000      0.85614840
 12.600000      0.81423154
 12.700000      0.76993182
 12.800000      0.72203368
 12.900000      0.66579497
 13.000000      0.59929047
 13.100000      0.52421529
 13.200000      0.44359704
 13.300000      0.35888478
 13.400000      0.26917744
 13.500000      0.17910040
 13.600000      0.09283268
 13.700000      0.01002211
 13.800000     -0.06628895
 13.900000     -0.14090199
 14.000000     -0.21655195
 14.100000     -0.29211306
 14.200000     -0.36730533
 14.300000     -0.43768654
 14.400000     -0.50089678
 14.500000     -0.55541570
 14.600000     -0.59902323
 14.700000     -0.63155627
 14.800000     -0.65552758
 14.900000     -0.67171578
 15.000000     -0.68083026
 15.100000     -0.68738464
 15.200000     -0.68975807
 15.300000     -0.68862569
 15.400000     -0.68522142
 15.500000     -0.67866354
 15.600000     -0.66788777
 15.700000     -0.65714105
 15.800000     -0.64556658
 15.900000     -0.63502917
 16.000000     -0.62382832
 16.100000     -0.60972031
 16.200000     -0.59463861
 16.300000     -0.57755862
 16.400000     -0.56109306
 16.500000     -0.54406367
 16.600000     -0.52931374
 16.700000     -0.51496784
 16.800000     -0.50123489
 16.900000     -0.48885048
 17.000000     -0.47542099
 17.100000     -0.45854186
 17.200000     -0.44576135
 17.300000     -0.43617080
 17.400000     -0.43007703
 17.500000     -0.42687519
 17.600000     -0.42444665
 17.700000     -0.42107484
 17.800000     -0.41325586
 17.900000     -0.40465010
 18.000000     -0.39272636
 18.100000     -0.37475388
 18.200000     -0.35519080
 18.300000     -0.34091103
 18.400000     -0.33337449
 18.500000     -0.33178558
 18.600000     -0.33223523
 18.700000     -0.33186823
 18.800000     -0.32785142
 18.900000     -0.32154742
 19.000000     -0.31406085
 19.100000     -0.30445424
 19.200000     -0.29737765
 19.300000     -0.28864899
 19.400000     -0.28000177
 19.500000     -0.27220447
 19.600000     -0.26030986
 19.700000     -0.24493023
 19.800000     -0.22474200
 19.900000     -0.20714059
 20.000000     -0.18629305
 20.100000     -0.16715959
 20.200000     -0.14932026
 20.300000     -0.13336139
 20.400000     -0.11980247
 20.500000     -0.10740242
 20.600000     -0.09472856
 20.700000     -0.08222028
 20.800000     -0.07069640
 20.900000     -0.06061508
 21.000000     -0.05186931
 21.100000     -0.04251635
 21.200000     -0.03308794
 21.300000     -0.02620510
 21.400000     -0.02093117
 21.500000     -0.01717823
 21.600000     -0.01402640
 21.700000     -0.01244323
 21.800000     -0.01242184
 21.900000     -0.01174159
 22.000000     -0.01181677
 22.100000     -0.01292130
 22.200000     -0.01493948
 22.300000     -0.01742934
 22.400000     -0.02162166
 22.500000     -0.02569210
 22.600000     -0.02994034
 22.700000     -0.03554036
 22.800000     -0.04124084
 22.900000     -0.04633293
 23.000000     -0.05145538
 23.100000     -0.05700045
 23.200000     -0.06204204
 23.300000     -0.06602661
 23.400000     -0.06874062
 23.500000     -0.07290847
 23.600000     -0.07798087
 23.700000     -0.08256927
 23.800000     -0.08499714
 23.900000     -0.08853817
 24.000000     -0.09210886
 24.100000     -0.09687934
 24.200000     -0.10129687
 24.300000     -0.10422999
 24.400000     -0.10361710
 24.500000     -0.10025614
 24.600000     -0.09521751
 24.700000     -0.08953968
 24.800000     -0.08415509
 24.900000     -0.07827222
 25.000000     -0.07191140
 25.100000     -0.06559608
 25.200000     -0.06099370
 25.300000     -0.05689715
 25.400000     -0.05225961
 25.500000     -0.05008230
 25.600000     -0.05003426
 25.700000     -0.04953489
 25.800000     -0.05047595
 25.900000     -0.05216646
 26.000000     -0.05342319
 26.100000     -0.05342139
 26.200000     -0.05192696
 26.300000     -0.05036403
 26.400000     -0.04899338
 26.500000     -0.04588506
 26.600000     -0.04067566
 26.700000     -0.03364074
 26.800000     -0.02601901
 26.900000     -0.01611314
 27.000000     -0.00566505
 27.100000      0.00373752
 27.200000      0.01270240
 27.300000      0.02061552
 27.400000      0.02865898
 27.500000      0.03483653
 27.600000      0.03842304
 27.700000      0.04021692
 27.800000      0.04209499
 27.900000      0.04391610
 28.000000      0.04499393
 28.100000      0.04482445
 28.200000      0.04346567
 28.300000      0.04233752
 28.400000      0.04257771
 28.500000      0.04333659
 28.600000      0.04469178
 28.700000      0.04485398
 28.800000      0.04258934
 28.900000      0.03985981
 29.000000      0.03713904
 29.100000      0.03299955
 29.200000      0.02600733
 29.300000      0.01624119
 29.400000      0.00360661
 29.500000     -0.00983651
 29.600000     -0.02227838
 29.700000     -0.03418791
 29.800000     -0.04525979
 29.900000     -0.05528560
 30.000000     -0.06368693
 30.100000     -0.06951813
 30.200000     -0.07371643
 30.300000     -0.07702789
 30.400000     -0.07715452
 30.500000     -0.07538745
 30.600000     -0.07382833
 30.700000     -0.07295775
 30.800000     -0.07094453
 30.900000     -0.06729146
 31.000000     -0.06385483
 31.100000     -0.06054702
 31.200000     -0.05613330
 31.300000     -0.05432608
 31.400000     -0.05199623
 31.500000     -0.04882088
 31.600000     -0.04562272
 31.700000     -0.03963471
 31.800000     -0.03398571
 31.900000     -0.02823510
 32.000000     -0.02251299
 32.100000     -0.01764978
 32.200000     -0.01214347
 32.300000     -0.00831430
 32.400000     -0.00438988
 32.500000     -0.00071119
 32.600000      0.00162900
 32.700000      0.00345451
 32.800000      0.00461364
 32.900000      0.00560243
 33.000000      0.00703273
 33.100000      0.00754947
 33.200000      0.00856242
 33.300000      0.00953859
 33.400000      0.00990683
 33.500000      0.00979839
 33.600000      0.00878672
 33.700000      0.00686547
 33.800000      0.00512033
 33.900000      0.00262952
 34.000000     -0.00067047
 34.100000     -0.00384588
 34.200000     -0.00689245
 34.300000     -0.00997842
 34.400000     -0.01318164
 34.500000     -0.01543931
 34.600000     -0.01659062
 34.700000     -0.01633017
 34.800000     -0.01517535
 34.900000     -0.01366116
 35.000000     -0.01199128
 35.100000     -0.00920519
 35.200000     -0.00570214
 35.300000     -0.00267575
 35.400000     -0.00033135
 35.500000      0.00215679
 35.600000      0.00442201
 35.700000      0.00479765
 35.800000      0.00477548
 35.900000      0.00480094
 36.000000      0.00418178
 36.100000      0.00280448
 36.200000      0.00207147
 36.300000      0.00205760
 36.400000      0.00262326
 36.500000      0.00436240
 36.600000      0.00718194
 36.700000      0.01025941
 36.800000      0.01315464
 36.900000      0.01678445
 37.000000      0.02052532
 37.100000      0.02268888
 37.200000      0.02397153
 37.300000      0.02514777
 37.400000      0.02537759
 37.500000      0.02433937
 37.600000      0.02310213
 37.700000      0.02121677
 37.800000      0.01784213
 37.900000      0.01349988
 38.000000      0.00954873
 38.100000      0.00649207
 38.200000      0.00380820
 38.300000      0.00140156
 38.400000     -0.00063502
 38.500000     -0.00272493
 38.600000     -0.00489263
 38.700000     -0.00599502
 38.800000     -0.00604747
 38.900000     -0.00528930
 39.000000     -0.00436273
 39.100000     -0.00360464
 39.200000     -0.00153826
 39.300000      0.00099692
 39.400000      0.00319722
 39.500000      0.00624400
 39.600000      0.00949847
 39.700000      0.01273297
 39.800000      0.01589898
 39.900000      0.01877047
