  0.000000      0.00549875
  0.100000      0.00817801
  0.200000      0.00981441
  0.300000      0.00990756
  0.400000      0.00898493
  0.500000      0.00810764
  0.600000      0.00703849
  0.700000      0.00523362
  0.800000      0.00309724
  0.900000      0.00029191
  1.000000     -0.00299800
  1.100000     -0.00614230
  1.200000     -0.00781048
  1.300000     -0.00822991
  1.400000     -0.00801588
  1.500000     -0.00690875
  1.600000     -0.00555177
  1.700000     -0.00388715
  1.800000     -0.00201765
  1.900000      0.00029759
  2.000000      0.00234667
  2.100000      0.00459715
  2.200000      0.00600598
  2.300000      0.00626958
  2.400000      0.00557103
  2.500000      0.00372655
  2.600000      0.00153824
  2.700000     -0.00015713
  2.800000     -0.00062533
  2.900000     -0.00112760
  3.000000     -0.00256014
  3.100000     -0.00676887
  3.200000     -0.01319841
  3.300000     -0.01961035
  3.400000     -0.02515295
  3.500000     -0.03010376
  3.600000     -0.03407453
  3.700000     -0.03788726
  3.800000     -0.04167436
  3.900000     -0.04653004
  4.000000     -0.05034580
  4.100000     -0.05307437
  4.200000     -0.05334062
  4.300000     -0.05260690
  4.400000     -0.05334117
  4.500000     -0.05460462
  4.600000     -0.05713825
  4.700000     -0.05948815
  4.800000     -0.06102904
  4.900000     -0.06263272
  5.000000     -0.06402203
  5.100000     -0.06536092
  5.200000     -0.06774938
  5.300000     -0.07026816
  5.400000     -0.07207419
  5.500000     -0.07340210
  5.600000     -0.07428722
  5.700000     -0.07523233
  5.800000     -0.07408707
  5.900000     -0.07193183
  6.000000     -0.07052816
  6.100000     -0.06992854
  6.200000     -0.06978320
  6.300000     -0.06954323
  6.400000     -0.06886668
  6.500000     -0.06669999
  6.600000     -0.06389267
  6.700000     -0.06203447
  6.800000     -0.06235201
  6.900000     -0.06346371
  7.000000     -0.06456709
  7.100000     -0.06534318
  7.200000     -0.06618129
  7.300000     -0.06668301
  7.400000     -0.06625909
  7.500000     -0.06516292
  7.600000     -0.06474576
  7.700000     -0.06479978
  7.800000     -0.06508561
  7.900000     -0.06484874
  8.000000     -0.06277858
  8.100000     -0.06032097
  8.200000     -0.05871567
  8.300000     -0.05862974
  8.400000     -0.05981834
  8.500000     -0.06164054
  8.600000     -0.06080421
  8.700000     -0.05727508
  8.800000     -0.05293027
  8.900000     -0.04710649
  9.000000     -0.03952502
  9.100000     -0.03114620
  9.200000     -0.02314339
  9.300000     -0.01528262
  9.400000     -0.00843819
  9.500000     -0.00208853
  9.600000      0.00521251
  9.700000      0.01308819
  9.800000      0.01981370
  9.900000      0.02596544
 10.000000      0.03005080
 10.100000      0.03238030
 10.200000      0.03314734
 10.300000      0.03282434
 10.400000      0.03289977
 10.500000      0.03348141
 10.600000      0.03343257
 10.700000      0.03250944
 10.800000      0.03198750
 10.900000      0.03379152
 11.000000      0.03638001
 11.100000      0.04001967
 11.200000      0.04484654
 11.300000      0.05010955
 11.400000      0.05666422
 11.500000      0.06508763
 11.600000      0.07461343
 11.700000      0.08488819
 11.800000      0.09659612
 11.900000      0.10881555
 12.000000      0.12099714
 12.100000      0.13281684
 12.200000      0.14437302
 12.300000      0.15757480
 12.400000      0.17413439
 12.500000      0.19225193
 12.600000      0.21221181
 12.700000      0.23284347
 12.800000      0.25406958
 12.900000      0.27669972
 13.000000      0.30124486
 13.100000      0.32793628
 13.200000      0.35477313
 13.300000      0.38135904
 13.400000      0.40792204
 13.500000      0.43452218
 13.600000      0.46267391
 13.700000      0.49148929
 13.800000      0.52053505
 13.900000      0.55202367
 14.000000      0.58321009
 14.100000      0.61352295
 14.200000      0.64196487
 14.300000      0.66935293
 14.400000      0.69741094
 14.500000      0.72630571
 14.600000      0.75439620
 14.700000      0.77963133
 14.800000      0.80165225
 14.900000      0.82141944
 15.000000      0.84094934
 15.100000      0.85918471
 15.200000      0.87623722
 15.300000      0.89076950
 15.400000      0.90392726
 15.500000      0.91903758
 15.600000      0.93540539
 15.700000      0.95144155
 15.800000      0.96562354
 15.900000      0.97952346
 16.000000      0.99118513
 16.100000      0.99867867
 16.200000      1.00000000
 16.300000      0.99875143
 16.400000      0.99617742
 16.500000      0.99245414
 16.600000      0.98982295
 16.700000      0.98643761
 16.800000      0.98063449
 16.900000      0.97329580
 17.000000      0.96299267
 17.100000      0.94735635
 17.200000      0.92750620
 17.300000      0.90405048
 17.400000      0.87600830
 17.500000      0.84428582
 17.600000      0.80920269
 17.700000      0.76942542
 17.800000      0.72571827
 17.900000      0.67865076
 18.000000      0.62871030
 18.100000      0.57732577
 18.200000      0.52201592
 18.300000      0.46244709
 18.400000      0.40072010
 18.500000      0.33758419
 18.600000      0.27358565
 18.700000      0.20941847
 18.800000      0.14469884
 18.900000      0.07890731
 19.000000      0.01430605
 19.100000     -0.04791483
 19.200000     -0.10926624
 19.300000     -0.16863152
 19.400000     -0.22402399
 19.500000     -0.27415772
 19.600000     -0.32108059
 19.700000     -0.36507335
 19.800000     -0.40615815
 19.900000     -0.44469483
 20.000000     -0.48037942
 20.100000     -0.51341509
 20.200000     -0.54445661
 20.300000     -0.57348466
 20.400000     -0.60143528
 20.500000     -0.62880554
 20.600000     -0.65523882
 20.700000     -0.67983662
 20.800000     -0.70485021
 20.900000     -0.73013227
 21.000000     -0.75375982
 21.100000     -0.77387798
 21.200000     -0.79109956
 21.300000     -0.80699648
 21.400000     -0.82244252
 21.500000     -0.83559910
 21.600000     -0.84586036
 21.700000     -0.85225192
 21.800000     -0.85485809
 21.900000     -0.85483915
 22.000000     -0.85217086
 22.100000     -0.84781388
 22.200000     -0.84188450
 22.300000     -0.83385059
 22.400000     -0.82439962
 22.500000     -0.81322839
 22.600000     -0.80283498
 22.700000     -0.79356186
 22.800000     -0.78296275
 22.900000     -0.77150434
 23.000000     -0.75933653
 23.100000     -0.74770701
 23.200000     -0.73580950
 23.300000     -0.72480340
 23.400000     -0.71371680
 23.500000     -0.70287735
 23.600000     -0.69142134
 23.700000     -0.67920061
 23.800000     -0.66748392
 23.900000     -0.65739778
 24.000000     -0.64725161
 24.100000     -0.63753612
 24.200000     -0.62826416
 24.300000     -0.61978207
 24.400000     -0.61119713
 24.500000     -0.60051525
 24.600000     -0.58967357
 24.700000     -0.57901078
 24.800000     -0.56713476
 24.900000     -0.55410287
 25.000000     -0.53968887
 25.100000     -0.52479317
 25.200000     -0.50994360
 25.300000     -0.49460547
 25.400000     -0.47940037
 25.500000     -0.46367892
 25.600000     -0.44825814
 25.700000     -0.43252467
 25.800000     -0.41527833
 25.900000     -0.39779741
 26.000000     -0.38245431
 26.100000     -0.36711619
 26.200000     -0.35058569
 26.300000     -0.33303532
 26.400000     -0.31484791
 26.500000     -0.29664078
 26.600000     -0.27882410
 26.700000     -0.26213086
 26.800000     -0.24723227
 26.900000     -0.23348230
 27.000000     -0.22015407
 27.100000     -0.20745215
 27.200000     -0.19499901
 27.300000     -0.18344963
 27.400000     -0.17405397
 27.500000     -0.16674379
 27.600000     -0.16113334
 27.700000     -0.15599858
 27.800000     -0.15103664
 27.900000     -0.14673801
 28.000000     -0.14151892
 28.100000     -0.13644915
 28.200000     -0.13257245
 28.300000     -0.12967054
 28.400000     -0.12505488
 28.500000     -0.11802792
 28.600000     -0.11232237
 28.700000     -0.10679114
 28.800000     -0.09977647
 28.900000     -0.09333699
 29.000000     -0.08787487
 29.100000     -0.08211192
 29.200000     -0.07633161
 29.300000     -0.07097152
 29.400000     -0.06652458
 29.500000     -0.06313510
 29.600000     -0.06085224
 29.700000     -0.05982245
 29.800000     -0.05924664
 29.900000     -0.05854220
 30.000000     -0.05647679
 30.100000     -0.05411576
 30.200000     -0.05179210
 30.300000     -0.05062137
 30.400000     -0.04986171
 30.500000     -0.04821596
 30.600000     -0.04510314
 30.700000     -0.04240326
 30.800000     -0.04038299
 30.900000     -0.03918353
 31.000000     -0.03785536
 31.100000     -0.03584683
 31.200000     -0.03541377
 31.300000     -0.03741623
 31.400000     -0.03985024
 31.500000     -0.04110459
 31.600000     -0.04165797
 31.700000     -0.04414955
 31.800000     -0.04870860
 31.900000     -0.05438394
 32.000000     -0.06055155
 32.100000     -0.06749681
 32.200000     -0.07421807
 32.300000     -0.08107568
 32.400000     -0.08804301
 32.500000     -0.09314823
 32.600000     -0.09689567
 32.700000     -0.10010775
 32.800000     -0.10306390
 32.900000     -0.10501347
 33.000000     -0.10553651
 33.100000     -0.10494516
 33.200000     -0.10363093
 33.300000     -0.10272202
 33.400000     -0.10257895
 33.500000     -0.10076879
 33.600000     -0.09936901
 33.700000     -0.09865023
 33.800000     -0.09630530
 33.900000     -0.09165546
 34.000000     -0.08511579
 34.100000     -0.07847315
 34.200000     -0.07261331
 34.300000     -0.06700700
 34.400000     -0.06109946
 34.500000     -0.05387584
 34.600000     -0.04556344
 34.700000     -0.03736900
 34.800000     -0.03072796
 34.900000     -0.02726234
 35.000000     -0.02587495
 35.100000     -0.02524200
 35.200000     -0.02447580
 35.300000     -0.02507429
 35.400000     -0.02665695
 35.500000     -0.02768549
 35.600000     -0.02779040
 35.700000     -0.02775994
 35.800000     -0.02930572
 35.900000     -0.03177701
 36.000000     -0.03257253
 36.100000     -0.03155505
 36.200000     -0.03048880
 36.300000     -0.02963608
 36.400000     -0.02731311
 36.500000     -0.02525447
 36.600000     -0.02406828
 36.700000     -0.02221000
 36.800000     -0.01936382
 36.900000     -0.01560946
 37.000000     -0.01033463
 37.100000     -0.00518419
 37.200000     -0.00089013
 37.300000      0.00241446
 37.400000      0.00475743
 37.500000      0.00745803
 37.600000      0.00989607
 37.700000      0.01158219
 37.800000      0.01346352
 37.900000      0.01608546
 38.000000      0.01825786
 38.100000      0.01953984
 38.200000      0.02154661
 38.300000      0.02374579
 38.400000      0.02590920
 38.500000      0.02757961
 38.600000      0.02900360
 38.700000      0.03039561
 38.800000      0.03163251
 38.900000      0.03221034
 39.000000      0.03232628
 39.100000      0.03164225
 39.200000      0.03165887
 39.300000      0.03215187
 39.400000      0.03312193
 39.500000      0.03469185
 39.600000      0.03640239
 39.700000      0.03799346
 39.800000      0.03893224
 39.900000      0.03917598
