  0.000000      0.02218757
  0.100000      0.02277861
  0.200000      0.02361122
  0.300000      0.02431082
  0.400000      0.02485378
  0.500000      0.02515283
  0.600000      0.02545679
  0.700000      0.02580255
  0.800000      0.02631560
  0.900000      0.02670646
  1.000000      0.02690685
  1.100000      0.02699351
  1.200000      0.02717214
  1.300000      0.02739385
  1.400000      0.02759938
  1.500000      0.02760251
  1.600000      0.02761218
  1.700000      0.02749551
  1.800000      0.02742152
  1.900000      0.02745957
  2.000000      0.02779656
  2.100000      0.02832086
  2.200000      0.02865084
  2.300000      0.02884881
  2.400000      0.02902990
  2.500000      0.02921806
  2.600000      0.02931485
  2.700000      0.02905211
  2.800000      0.02866686
  2.900000      0.02841587
  3.000000      0.02836351
  3.100000      0.02843332
  3.200000      0.02845071
  3.300000      0.02855809
  3.400000      0.02864891
  3.500000      0.02872575
  3.600000      0.02882742
  3.700000      0.02902231
  3.800000      0.02915079
  3.900000      0.02912067
  4.000000      0.02887496
  4.100000      0.02861970
  4.200000      0.02834992
  4.300000      0.02797301
  4.400000      0.02768516
  4.500000      0.02732623
  4.600000      0.02660116
  4.700000      0.02566679
  4.800000      0.02476985
  4.900000      0.02404689
  5.000000      0.02343335
  5.100000      0.02297048
  5.200000      0.02261542
  5.300000      0.02219153
  5.400000      0.02192474
  5.500000      0.02187921
  5.600000      0.02177127
  5.700000      0.02165634
  5.800000      0.02165932
  5.900000      0.02172360
  6.000000      0.02186848
  6.100000      0.02213879
  6.200000      0.02243928
  6.300000      0.02273612
  6.400000      0.02309999
  6.500000      0.02347666
  6.600000      0.02377822
  6.700000      0.02405499
  6.800000      0.02436307
  6.900000      0.02466387
  7.000000      0.02492204
  7.100000      0.02530146
  7.200000      0.02552049
  7.300000      0.02582498
  7.400000      0.02617667
  7.500000      0.02652349
  7.600000      0.02681914
  7.700000      0.02714703
  7.800000      0.02758053
  7.900000      0.02794919
  8.000000      0.02805321
  8.100000      0.02796918
  8.200000      0.02790172
  8.300000      0.02821457
  8.400000      0.02846086
  8.500000      0.02847721
  8.600000      0.02854983
  8.700000      0.02877908
  8.800000      0.02914269
  8.900000      0.02951413
  9.000000      0.02965242
  9.100000      0.02973920
  9.200000      0.02993836
  9.300000      0.03019448
  9.400000      0.03032992
  9.500000      0.03031863
  9.600000      0.03019317
  9.700000      0.03001080
  9.800000      0.02979719
  9.900000      0.02942381
 10.000000      0.02918838
 10.100000      0.02916016
 10.200000      0.02948588
 10.300000      0.03000647
 10.400000      0.03037259
 10.500000      0.03066238
 10.600000      0.03107460
 10.700000      0.03196425
 10.800000      0.03307191
 10.900000      0.03411909
 11.000000      0.03531265
 11.100000      0.03665061
 11.200000      0.03811241
 11.300000      0.03958830
 11.400000      0.04110578
 11.500000      0.04275295
 11.600000      0.04464555
 11.700000      0.04664259
 11.800000      0.04847999
 11.900000      0.05048600
 12.000000      0.05266298
 12.100000      0.05509879
 12.200000      0.05768887
 12.300000      0.06052371
 12.400000      0.06369680
 12.500000      0.06716046
 12.600000      0.07119803
 12.700000      0.07553906
 12.800000      0.07997593
 12.900000      0.08428509
 13.000000      0.08857966
 13.100000      0.09301556
 13.200000      0.09745862
 13.300000      0.10173697
 13.400000      0.10575822
 13.500000      0.11001069
 13.600000      0.11422636
 13.700000      0.11859605
 13.800000      0.12305074
 13.900000      0.12755788
 14.000000      0.13193494
 14.100000      0.13624850
 14.200000      0.14115803
 14.300000      0.14667822
 14.400000      0.15216198
 14.500000      0.15713337
 14.600000      0.16180419
 14.700000      0.16672517
 14.800000      0.17218578
 14.900000      0.17820237
 15.000000      0.18443506
 15.100000      0.19080689
 15.200000      0.19736708
 15.300000      0.20479114
 15.400000      0.21328340
 15.500000      0.22231545
 15.600000      0.23187904
 15.700000      0.24261508
 15.800000      0.25499392
 15.900000      0.26906568
 16.000000      0.28489123
 16.100000      0.30287223
 16.200000      0.32265828
 16.300000      0.34438183
 16.400000      0.36844951
 16.500000      0.39474104
 16.600000      0.42287835
 16.700000      0.45226838
 16.800000      0.48271464
 16.900000      0.51395843
 17.000000      0.54532932
 17.100000      0.57649593
 17.200000      0.60772675
 17.300000      0.63813231
 17.400000      0.66605215
 17.500000      0.69176813
 17.600000      0.71600600
 17.700000      0.73840998
 17.800000      0.75825532
 17.900000      0.77509283
 18.000000      0.78871186
 18.100000      0.79929615
 18.200000      0.80751038
 18.300000      0.81393971
 18.400000      0.81954802
 18.500000      0.82424421
 18.600000      0.82834199
 18.700000      0.83216688
 18.800000      0.83562617
 18.900000      0.83918172
 19.000000      0.84362992
 19.100000      0.84903035
 19.200000      0.85487173
 19.300000      0.86117684
 19.400000      0.86812915
 19.500000      0.87651384
 19.600000      0.88612107
 19.700000      0.89646204
 19.800000      0.90746187
 19.900000      0.91887510
 20.000000      0.93052523
 20.100000      0.94231956
 20.200000      0.95404416
 20.300000      0.96496063
 20.400000      0.97448204
 20.500000      0.98245864
 20.600000      0.98897728
 20.700000      0.99418022
 20.800000      0.99799073
 20.900000      1.00000000
 21.000000      0.99985696
 21.100000      0.99789059
 21.200000      0.99446561
 21.300000      0.98971643
 21.400000      0.98422592
 21.500000      0.97839805
 21.600000      0.97265879
 21.700000      0.96692603
 21.800000      0.96130645
 21.900000      0.95615473
 22.000000      0.95151861
 22.100000      0.94664723
 22.200000      0.94032999
 22.300000      0.93186205
 22.400000      0.92179877
 22.500000      0.91128215
 22.600000      0.90087909
 22.700000      0.89078341
 22.800000      0.88059155
 22.900000      0.86973780
 23.000000      0.85829186
 23.100000      0.84674566
 23.200000      0.83450498
 23.300000      0.82064124
 23.400000      0.80470413
 23.500000      0.78664228
 23.600000      0.76650538
 23.700000      0.74423722
 23.800000      0.72006111
 23.900000      0.69390339
 24.000000      0.66546390
 24.100000      0.63473585
 24.200000      0.60234796
 24.300000      0.56923845
 24.400000      0.53587505
 24.500000      0.50171970
 24.600000      0.46699875
 24.700000      0.43226992
 24.800000      0.39815235
 24.900000      0.36473434
 25.000000      0.33240278
 25.100000      0.30163901
 25.200000      0.27261589
 25.300000      0.24568482
 25.400000      0.22096355
 25.500000      0.19859846
 25.600000      0.17860670
 25.700000      0.16032107
 25.800000      0.14372716
 25.900000      0.12829883
 26.000000      0.11353293
 26.100000      0.09882090
 26.200000      0.08448871
 26.300000      0.07084241
 26.400000      0.05775822
 26.500000      0.04487294
 26.600000      0.03144388
 26.700000      0.01733156
 26.800000      0.00312245
 26.900000     -0.01050319
 27.000000     -0.02297103
 27.100000     -0.03446726
 27.200000     -0.04508190
 27.300000     -0.05539925
 27.400000     -0.06557581
 27.500000     -0.07623146
 27.600000     -0.08783428
 27.700000     -0.09994985
 27.800000     -0.11231574
 27.900000     -0.12467845
 28.000000     -0.13694349
 28.100000     -0.14952725
 28.200000     -0.16266318
 28.300000     -0.17622940
 28.400000     -0.18980116
 28.500000     -0.20305317
 28.600000     -0.21599270
 28.700000     -0.22817120
 28.800000     -0.23898873
 28.900000     -0.24851995
 29.000000     -0.25725388
 29.100000     -0.26563011
 29.200000     -0.27363259
 29.300000     -0.28156377
 29.400000     -0.28978489
 29.500000     -0.29842693
 29.600000     -0.30674305
 29.700000     -0.31427040
 29.800000     -0.32118889
 29.900000     -0.32754572
 30.000000     -0.33323064
 30.100000     -0.33814378
 30.200000     -0.34206275
 30.300000     -0.34512923
 30.400000     -0.34724496
 30.500000     -0.34924755
 30.600000     -0.35127452
 30.700000     -0.35295444
 30.800000     -0.35389321
 30.900000     -0.35399236
 31.000000     -0.35361106
 31.100000     -0.35282146
 31.200000     -0.35208113
 31.300000     -0.35169135
 31.400000     -0.35158825
 31.500000     -0.35185352
 31.600000     -0.35227343
 31.700000     -0.35294149
 31.800000     -0.35360425
 31.900000     -0.35432392
 32.000000     -0.35461866
 32.100000     -0.35457362
 32.200000     -0.35443103
 32.300000     -0.35450478
 32.400000     -0.35473146
 32.500000     -0.35545662
 32.600000     -0.35672195
 32.700000     -0.35825185
 32.800000     -0.35973424
 32.900000     -0.36108185
 33.000000     -0.36216617
 33.100000     -0.36311027
 33.200000     -0.36387493
 33.300000     -0.36448601
 33.400000     -0.36481406
 33.500000     -0.36476836
 33.600000     -0.36463839
 33.700000     -0.36451367
 33.800000     -0.36404347
 33.900000     -0.36320436
 34.000000     -0.36223102
 34.100000     -0.36135764
 34.200000     -0.36032872
 34.300000     -0.35891225
 34.400000     -0.35736947
 34.500000     -0.35570579
 34.600000     -0.35378684
 34.700000     -0.35183403
 34.800000     -0.34983830
 34.900000     -0.34758360
 35.000000     -0.34495160
 35.100000     -0.34193016
 35.200000     -0.33843151
 35.300000     -0.33463449
 35.400000     -0.33082311
 35.500000     -0.32712774
 35.600000     -0.32347067
 35.700000     -0.31973426
 35.800000     -0.31576799
 35.900000     -0.31181397
 36.000000     -0.30812692
 36.100000     -0.30462098
 36.200000     -0.30127574
 36.300000     -0.29824419
 36.400000     -0.29545281
 36.500000     -0.29289785
 36.600000     -0.29046708
 36.700000     -0.28793420
 36.800000     -0.28547762
 36.900000     -0.28311822
 37.000000     -0.28085945
 37.100000     -0.27868408
 37.200000     -0.27645171
 37.300000     -0.27398846
 37.400000     -0.27141360
 37.500000     -0.26874735
 37.600000     -0.26610193
 37.700000     -0.26370437
 37.800000     -0.26151540
 37.900000     -0.25943886
 38.000000     -0.25755554
 38.100000     -0.25586974
 38.200000     -0.25445265
 38.300000     -0.25325463
 38.400000     -0.25215850
 38.500000     -0.25116325
 38.600000     -0.24996565
 38.700000     -0.24859101
 38.800000     -0.24724009
 38.900000     -0.24569997
 39.000000     -0.24384569
 39.100000     -0.24160641
 39.200000     -0.23921806
 39.300000     -0.23705419
 39.400000     -0.23500224
 39.500000     -0.23270109
 39.600000     -0.23009685
 39.700000     -0.22758218
 39.800000     -0.22522398
 39.900000     -0.22299697
