  0.000000     -0.05077839
  0.100000     -0.05233811
  0.200000     -0.05384297
  0.300000     -0.05486687
  0.400000     -0.05539523
  0.500000     -0.05527780
  0.600000     -0.05432375
  0.700000     -0.05258550
  0.800000     -0.05037625
  0.900000     -0.04756764
  1.000000     -0.04481341
  1.100000     -0.04218289
  1.200000     -0.03966730
  1.300000     -0.03734071
  1.400000     -0.03531491
  1.500000     -0.03399230
  1.600000     -0.03241607
  1.700000     -0.03133354
  1.800000     -0.03200572
  1.900000     -0.03282298
  2.000000     -0.03327947
  2.100000     -0.03108644
  2.200000     -0.02843874
  2.300000     -0.02498413
  2.400000     -0.01803850
  2.500000     -0.01134410
  2.600000     -0.00522763
  2.700000     -0.00203845
  2.800000      0.00053102
  2.900000      0.00318370
  3.000000      0.00192844
  3.100000     -0.00007303
  3.200000     -0.00239511
  3.300000     -0.00253439
  3.400000     -0.00287928
  3.500000     -0.00407882
  3.600000     -0.00338078
  3.700000     -0.00219058
  3.800000     -0.00096770
  3.900000     -0.00133446
  4.000000     -0.00235117
  4.100000     -0.00353515
  4.200000     -0.00511014
  4.300000     -0.00720467
  4.400000     -0.00962530
  4.500000     -0.01206856
  4.600000     -0.01460700
  4.700000     -0.01762408
  4.800000     -0.02121555
  4.900000     -0.02617873
  5.000000     -0.03183200
  5.100000     -0.03832958
  5.200000     -0.04553902
  5.300000     -0.05263730
  5.400000     -0.05851710
  5.500000     -0.06273221
  5.600000     -0.06644738
  5.700000     -0.07044599
  5.800000     -0.07458851
  5.900000     -0.07841184
  6.000000     -0.08177489
  6.100000     -0.08467769
  6.200000     -0.08749830
  6.300000     -0.09003760
  6.400000     -0.09250326
  6.500000     -0.09407794
  6.600000     -0.09527925
  6.700000     -0.09667236
  6.800000     -0.09736939
  6.900000     -0.09736415
  7.000000     -0.09685345
  7.100000     -0.09627694
  7.200000     -0.09486937
  7.300000     -0.09341095
  7.400000     -0.09087841
  7.500000     -0.08746892
  7.600000     -0.08491638
  7.700000     -0.08219275
  7.800000     -0.07946716
  7.900000     -0.07617226
  8.000000     -0.07303799
  8.100000     -0.06985689
  8.200000     -0.06592941
  8.300000     -0.06043479
  8.400000     -0.05438246
  8.500000     -0.04822407
  8.600000     -0.04246684
  8.700000     -0.03691518
  8.800000     -0.03176253
  8.900000     -0.02653067
  9.000000     -0.02093402
  9.100000     -0.01458352
  9.200000     -0.00709220
  9.300000      0.00050174
  9.400000      0.00775481
  9.500000      0.01519048
  9.600000      0.02297602
  9.700000      0.03118848
  9.800000      0.04019019
  9.900000      0.04989753
 10.000000      0.06068038
 10.100000      0.07250866
 10.200000      0.08620992
 10.300000      0.10076021
 10.400000      0.11582004
 10.500000      0.13173745
 10.600000      0.15013148
 10.700000      0.17229567
 10.800000      0.19657824
 10.900000      0.22208710
 11.000000      0.25056730
 11.100000      0.28093184
 11.200000      0.31300913
 11.300000      0.34609673
 11.400000      0.37947607
 11.500000      0.41337444
 11.600000      0.44561171
 11.700000      0.47721340
 11.800000      0.50860286
 11.900000      0.53853309
 12.000000      0.56736890
 12.100000      0.59477562
 12.200000      0.62333875
 12.300000      0.65168296
 12.400000      0.67998055
 12.500000      0.70718703
 12.600000      0.73425750
 12.700000      0.76053690
 12.800000      0.78442851
 12.900000      0.80468076
 13.000000      0.82388794
 13.100000      0.84265053
 13.200000      0.85967294
 13.300000      0.87584313
 13.400000      0.89041353
 13.500000      0.90461325
 13.600000      0.91785854
 13.700000      0.92855533
 13.800000      0.93717113
 13.900000      0.94586180
 14.000000      0.95500202
 14.100000      0.96436733
 14.200000      0.97356359
 14.300000      0.98259043
 14.400000      0.99076643
 14.500000      0.99709225
 14.600000      1.00000000
 14.700000      0.99775506
 14.800000      0.99325119
 14.900000      0.98737965
 15.000000      0.97962881
 15.100000      0.97082876
 15.200000      0.96222959
 15.300000      0.95424843
 15.400000      0.94625852
 15.500000      0.93812925
 15.600000      0.92897756
 15.700000      0.91729033
 15.800000      0.90273703
 15.900000      0.88540510
 16.000000      0.86463029
 16.100000      0.84234101
 16.200000      0.82024190
 16.300000      0.79704596
 16.400000      0.77231909
 16.500000      0.74838944
 16.600000      0.72624239
 16.700000      0.70509152
 16.800000      0.68615138
 16.900000      0.66717114
 17.000000      0.64800483
 17.100000      0.62969743
 17.200000      0.61345388
 17.300000      0.59717300
 17.400000      0.58037639
 17.500000      0.56293264
 17.600000      0.54563248
 17.700000      0.53030382
 17.800000      0.51557121
 17.900000      0.49976055
 18.000000      0.48322973
 18.100000      0.46552577
 18.200000      0.44655063
 18.300000      0.42679961
 18.400000      0.40728277
 18.500000      0.38789363
 18.600000      0.37046669
 18.700000      0.35120271
 18.800000      0.33195520
 18.900000      0.31297749
 19.000000      0.29335485
 19.100000      0.27492344
 19.200000      0.25800781
 19.300000      0.24415842
 19.400000      0.23068515
 19.500000      0.21682405
 19.600000      0.20345458
 19.700000      0.19075407
 19.800000      0.17678703
 19.900000      0.16091348
 20.000000      0.14452006
 20.100000      0.12990583
 20.200000      0.11651415
 20.300000      0.10394939
 20.400000      0.09036888
 20.500000      0.07679510
 20.600000      0.06293828
 20.700000      0.04878290
 20.800000      0.03348806
 20.900000      0.01684075
 21.000000     -0.00068128
 21.100000     -0.01809777
 21.200000     -0.03693885
 21.300000     -0.05627122
 21.400000     -0.07388963
 21.500000     -0.08938979
 21.600000     -0.10386201
 21.700000     -0.11851670
 21.800000     -0.13400080
 21.900000     -0.14923791
 22.000000     -0.16359579
 22.100000     -0.17824389
 22.200000     -0.19247784
 22.300000     -0.20587086
 22.400000     -0.21801378
 22.500000     -0.22907678
 22.600000     -0.23967216
 22.700000     -0.24772891
 22.800000     -0.25569178
 22.900000     -0.26267796
 23.000000     -0.26982855
 23.100000     -0.27668367
 23.200000     -0.28327044
 23.300000     -0.29018498
 23.400000     -0.29612897
 23.500000     -0.30144263
 23.600000     -0.30548739
 23.700000     -0.30932384
 23.800000     -0.31292923
 23.900000     -0.31597455
 24.000000     -0.31840066
 24.100000     -0.32066307
 24.200000     -0.32322432
 24.300000     -0.32599015
 24.400000     -0.32845754
 24.500000     -0.33082481
 24.600000     -0.33382735
 24.700000     -0.33770647
 24.800000     -0.34238925
 24.900000     -0.34746399
 25.000000     -0.35326315
 25.100000     -0.35957805
 25.200000     -0.36668071
 25.300000     -0.37407997
 25.400000     -0.38139006
 25.500000     -0.38818719
 25.600000     -0.39424108
 25.700000     -0.39969508
 25.800000     -0.40418683
 25.900000     -0.40880981
 26.000000     -0.41266380
 26.100000     -0.41597209
 26.200000     -0.41781904
 26.300000     -0.41877264
 26.400000     -0.41860570
 26.500000     -0.41784233
 26.600000     -0.41676522
 26.700000     -0.41455465
 26.800000     -0.41207727
 26.900000     -0.40937407
 27.000000     -0.40768081
 27.100000     -0.40581780
 27.200000     -0.40381835
 27.300000     -0.40191085
 27.400000     -0.40044576
 27.500000     -0.39949365
 27.600000     -0.39657256
 27.700000     -0.39317590
 27.800000     -0.38997746
 27.900000     -0.38717009
 28.000000     -0.38486145
 28.100000     -0.38283529
 28.200000     -0.38191667
 28.300000     -0.38250508
 28.400000     -0.38449849
 28.500000     -0.38697302
 28.600000     -0.38962765
 28.700000     -0.39236474
 28.800000     -0.39565851
 28.900000     -0.39907523
 29.000000     -0.40214463
 29.100000     -0.40476658
 29.200000     -0.40631810
 29.300000     -0.40741654
 29.400000     -0.40749881
 29.500000     -0.40668158
 29.600000     -0.40552747
 29.700000     -0.40489203
 29.800000     -0.40479124
 29.900000     -0.40385300
 30.000000     -0.40198459
 30.100000     -0.39906889
 30.200000     -0.39588517
 30.300000     -0.39276410
 30.400000     -0.38882646
 30.500000     -0.38421994
 30.600000     -0.37841762
 30.700000     -0.37291323
 30.800000     -0.36586103
 30.900000     -0.35827227
 31.000000     -0.35070110
 31.100000     -0.34241829
 31.200000     -0.33390177
 31.300000     -0.32452958
 31.400000     -0.31486819
 31.500000     -0.30475924
 31.600000     -0.29479743
 31.700000     -0.28464349
 31.800000     -0.27453545
 31.900000     -0.26418825
 32.000000     -0.25424787
 32.100000     -0.24498133
 32.200000     -0.23599268
 32.300000     -0.22729691
 32.400000     -0.21858936
 32.500000     -0.21077660
 32.600000     -0.20367225
 32.700000     -0.19709086
 32.800000     -0.19318587
 32.900000     -0.18830095
 33.000000     -0.18297834
 33.100000     -0.17715567
 33.200000     -0.17123237
 33.300000     -0.16524577
 33.400000     -0.15944347
 33.500000     -0.15404637
 33.600000     -0.14886045
 33.700000     -0.14363934
 33.800000     -0.13738946
 33.900000     -0.13164746
 34.000000     -0.12632639
 34.100000     -0.12187514
 34.200000     -0.11765329
 34.300000     -0.11336221
 34.400000     -0.11055411
 34.500000     -0.10782068
 34.600000     -0.10524476
 34.700000     -0.10124422
 34.800000     -0.09693615
 34.900000     -0.09181175
 35.000000     -0.08448596
 35.100000     -0.07696204
 35.200000     -0.06902297
 35.300000     -0.06154291
 35.400000     -0.05437090
 35.500000     -0.04730965
 35.600000     -0.04181587
 35.700000     -0.03697360
 35.800000     -0.03208031
 35.900000     -0.02830879
 36.000000     -0.02536863
 36.100000     -0.02287135
 36.200000     -0.01925625
 36.300000     -0.01537437
 36.400000     -0.01194931
 36.500000     -0.00854811
 36.600000     -0.00525442
 36.700000     -0.00239522
 36.800000     -0.00023833
 36.900000      0.00116793
 37.000000      0.00250010
 37.100000      0.00400216
 37.200000      0.00583433
 37.300000      0.00750701
 37.400000      0.00861780
 37.500000      0.00918997
 37.600000      0.00932808
 37.700000      0.00847395
 37.800000      0.00637869
 37.900000      0.00376691
 38.000000      0.00079162
 38.100000     -0.00286725
 38.200000     -0.00672845
 38.300000     -0.01049345
 38.400000     -0.01165516
 38.500000     -0.01283126
 38.600000     -0.01470813
 38.700000     -0.01626681
 38.800000     -0.01830341
 38.900000     -0.02091948
 39.000000     -0.02595293
 39.100000     -0.03132877
 39.200000     -0.03744513
 39.300000     -0.04328418
 39.400000     -0.04910736
 39.500000     -0.05480154
 39.600000     -0.06081534
 39.700000     -0.06692847
 39.800000     -0.07237342
 39.900000     -0.07795411
