  0.000000      0.08978919
  0.100000      0.08776308
  0.200000      0.08566512
  0.300000      0.08505147
  0.400000      0.08418068
  0.500000      0.08248631
  0.600000      0.08032555
  0.700000      0.07985536
  0.800000      0.07891734
  0.900000      0.06939593
  1.000000      0.05874350
  1.100000      0.05059420
  1.200000      0.04640847
  1.300000      0.04359712
  1.400000      0.04093423
  1.500000      0.04110645
  1.600000      0.04486313
  1.700000      0.04730324
  1.800000      0.04955039
  1.900000      0.05529915
  2.000000      0.06194473
  2.100000      0.06480698
  2.200000      0.06915755
  2.300000      0.07701158
  2.400000      0.08556055
  2.500000      0.09374149
  2.600000      0.10116746
  2.700000      0.10709066
  2.800000      0.11541476
  2.900000      0.12879890
  3.000000      0.13958775
  3.100000      0.14866469
  3.200000      0.15891295
  3.300000      0.16810168
  3.400000      0.17101817
  3.500000      0.16808282
  3.600000      0.16268492
  3.700000      0.15830699
  3.800000      0.15510944
  3.900000      0.15416786
  4.000000      0.15534454
  4.100000      0.15626388
  4.200000      0.15499951
  4.300000      0.15485799
  4.400000      0.15425610
  4.500000      0.14959795
  4.600000      0.14224554
  4.700000      0.13431787
  4.800000      0.12764463
  4.900000      0.12446217
  5.000000      0.12420944
  5.100000      0.12577074
  5.200000      0.13170938
  5.300000      0.13930260
  5.400000      0.14917626
  5.500000      0.16316666
  5.600000      0.17669058
  5.700000      0.18671650
  5.800000      0.19783669
  5.900000      0.20742370
  6.000000      0.21096853
  6.100000      0.20766155
  6.200000      0.19884317
  6.300000      0.19292383
  6.400000      0.18583391
  6.500000      0.19045274
  6.600000      0.18881765
  6.700000      0.17577511
  6.800000      0.15660981
  6.900000      0.13285265
  7.000000      0.10281968
  7.100000      0.06925718
  7.200000      0.03384669
  7.300000     -0.00793338
  7.400000     -0.05000820
  7.500000     -0.07949312
  7.600000     -0.11259387
  7.700000     -0.14654532
  7.800000     -0.16968803
  7.900000     -0.18718463
  8.000000     -0.21275617
  8.100000     -0.24177820
  8.200000     -0.26798857
  8.300000     -0.29925270
  8.400000     -0.33085911
  8.500000     -0.36053256
  8.600000     -0.39254088
  8.700000     -0.41919903
  8.800000     -0.44540188
  8.900000     -0.47141907
  9.000000     -0.49359386
  9.100000     -0.50277176
  9.200000     -0.50545994
  9.300000     -0.50420695
  9.400000     -0.47179831
  9.500000     -0.41621073
  9.600000     -0.35116003
  9.700000     -0.25989399
  9.800000     -0.14475778
  9.900000     -0.02145957
 10.000000      0.11102504
 10.100000      0.25645028
 10.200000      0.39618056
 10.300000      0.52025217
 10.400000      0.64287979
 10.500000      0.75251296
 10.600000      0.83991572
 10.700000      0.90945211
 10.800000      0.96573485
 10.900000      1.00000000
 11.000000      0.99621862
 11.100000      0.98261421
 11.200000      0.97286159
 11.300000      0.95575015
 11.400000      0.92115365
 11.500000      0.88274555
 11.600000      0.82620838
 11.700000      0.75178315
 11.800000      0.65517551
 11.900000      0.53929279
 12.000000      0.41549212
 12.100000      0.29112766
 12.200000      0.17084952
 12.300000      0.05819373
 12.400000     -0.04060420
 12.500000     -0.12720850
 12.600000     -0.19623266
 12.700000     -0.25886290
 12.800000     -0.30867999
 12.900000     -0.34075094
 13.000000     -0.35907907
 13.100000     -0.37069815
 13.200000     -0.37568304
 13.300000     -0.37682012
 13.400000     -0.36780162
 13.500000     -0.35380402
 13.600000     -0.33236114
 13.700000     -0.30596244
 13.800000     -0.28177040
 13.900000     -0.25713818
 14.000000     -0.23061822
 14.100000     -0.20044453
 14.200000     -0.17249405
 14.300000     -0.15683545
 14.400000     -0.15351684
 14.500000     -0.15609269
 14.600000     -0.15580050
 14.700000     -0.14462022
 14.800000     -0.12560726
 14.900000     -0.10597544
 15.000000     -0.08715552
 15.100000     -0.07169270
 15.200000     -0.06428747
 15.300000     -0.06243142
 15.400000     -0.05827189
 15.500000     -0.05253717
 15.600000     -0.04493327
 15.700000     -0.03720896
 15.800000     -0.03069027
 15.900000     -0.02145095
 16.000000     -0.00767257
 16.100000      0.00061217
 16.200000      0.00374043
 16.300000      0.00805418
 16.400000      0.01420071
 16.500000      0.01523755
 16.600000      0.01470085
 16.700000      0.00974919
 16.800000     -0.00480818
 16.900000     -0.02369040
 17.000000     -0.03980774
 17.100000     -0.04496843
 17.200000     -0.03984753
 17.300000     -0.03428708
 17.400000     -0.03270804
 17.500000     -0.02916732
 17.600000     -0.02465100
 17.700000     -0.02517426
 17.800000     -0.03508597
 17.900000     -0.04832049
 18.000000     -0.05454618
 18.100000     -0.05698187
 18.200000     -0.05458541
 18.300000     -0.04907013
 18.400000     -0.04189332
 18.500000     -0.03223149
 18.600000     -0.02583223
 18.700000     -0.02752189
 18.800000     -0.03545438
 18.900000     -0.04116788
 19.000000     -0.04334079
 19.100000     -0.03896055
 19.200000     -0.03094432
 19.300000     -0.02152849
 19.400000     -0.01317705
 19.500000     -0.00939534
 19.600000     -0.00699693
 19.700000     -0.00293729
 19.800000      0.00062510
 19.900000      0.00077077
 20.000000     -0.00241237
 20.100000     -0.01098694
 20.200000     -0.02106871
 20.300000     -0.03442353
 20.400000     -0.04607838
 20.500000     -0.06230848
 20.600000     -0.07900294
 20.700000     -0.09856261
 20.800000     -0.12039593
 20.900000     -0.14431186
 21.000000     -0.16625221
 21.100000     -0.18088253
 21.200000     -0.18677086
 21.300000     -0.18527925
 21.400000     -0.18038014
 21.500000     -0.17124392
 21.600000     -0.16421895
 21.700000     -0.15950194
 21.800000     -0.15336362
 21.900000     -0.14822084
 22.000000     -0.14713159
 22.100000     -0.14365204
 22.200000     -0.13884742
 22.300000     -0.13535118
 22.400000     -0.13361241
 22.500000     -0.12926025
 22.600000     -0.12151378
 22.700000     -0.11806691
 22.800000     -0.11980427
 22.900000     -0.12447665
 23.000000     -0.13072306
 23.100000     -0.14160978
 23.200000     -0.15700697
 23.300000     -0.17177579
 23.400000     -0.17882671
 23.500000     -0.18130031
 23.600000     -0.17670978
 23.700000     -0.16974570
 23.800000     -0.15717423
 23.900000     -0.13797920
 24.000000     -0.11466733
 24.100000     -0.08966196
 24.200000     -0.06997311
 24.300000     -0.05971710
 24.400000     -0.05247943
 24.500000     -0.04578526
 24.600000     -0.03988659
 24.700000     -0.03976639
 24.800000     -0.04163657
 24.900000     -0.04594627
 25.000000     -0.05349386
 25.100000     -0.06125281
 25.200000     -0.06843005
 25.300000     -0.06849141
 25.400000     -0.06022900
 25.500000     -0.04954966
 25.600000     -0.03918676
 25.700000     -0.03093654
 25.800000     -0.02718719
 25.900000     -0.02740091
 26.000000     -0.02965714
 26.100000     -0.02725151
 26.200000     -0.02179764
 26.300000     -0.01590168
 26.400000     -0.00904797
 26.500000      0.00182780
 26.600000      0.01556247
 26.700000      0.02939380
 26.800000      0.04214098
 26.900000      0.04913358
 27.000000      0.05207670
 27.100000      0.05424446
 27.200000      0.05396999
 27.300000      0.05017513
 27.400000      0.04332598
 27.500000      0.03659068
 27.600000      0.03203915
 27.700000      0.02982587
 27.800000      0.02834265
 27.900000      0.03771431
 28.000000      0.04478605
 28.100000      0.04637869
 28.200000      0.03971817
 28.300000      0.02977928
 28.400000      0.01998292
 28.500000      0.01245176
 28.600000      0.00551994
 28.700000     -0.00436497
 28.800000     -0.01502337
 28.900000     -0.02630948
 29.000000     -0.03740119
 29.100000     -0.04524516
 29.200000     -0.05264007
 29.300000     -0.06009363
 29.400000     -0.06518587
 29.500000     -0.06936386
 29.600000     -0.07125471
 29.700000     -0.07137786
 29.800000     -0.07622749
 29.900000     -0.08612790
 30.000000     -0.09387329
 30.100000     -0.10119864
 30.200000     -0.11194241
 30.300000     -0.12580013
 30.400000     -0.13965354
 30.500000     -0.15080434
 30.600000     -0.15839192
 30.700000     -0.16360293
 30.800000     -0.16152185
 30.900000     -0.15009594
 31.000000     -0.13489040
 31.100000     -0.11769977
 31.200000     -0.10098881
 31.300000     -0.08713595
 31.400000     -0.07370398
 31.500000     -0.06276524
 31.600000     -0.05343930
 31.700000     -0.04598765
 31.800000     -0.04100647
 31.900000     -0.03850467
 32.000000     -0.03507074
 32.100000     -0.02867378
 32.200000     -0.01894211
 32.300000     -0.00876457
 32.400000      0.00021069
 32.500000      0.00738514
 32.600000      0.01318827
 32.700000      0.01882795
 32.800000      0.02375973
 32.900000      0.02868622
 33.000000      0.03172764
 33.100000      0.03518599
 33.200000      0.03865139
 33.300000      0.04191877
 33.400000      0.04406630
 33.500000      0.04420513
 33.600000      0.04373432
 33.700000      0.04284562
 33.800000      0.04274990
 33.900000      0.04339656
 34.000000      0.04410846
 34.100000      0.04240402
 34.200000      0.03995921
 34.300000      0.03863388
 34.400000      0.03768636
 34.500000      0.03655397
 34.600000      0.03412865
 34.700000      0.02951402
 34.800000      0.02469310
 34.900000      0.01904683
 35.000000      0.01126087
 35.100000      0.00094685
 35.200000     -0.00682010
 35.300000     -0.01404356
 35.400000     -0.02262205
 35.500000     -0.03120023
 35.600000     -0.03649445
 35.700000     -0.03843840
 35.800000     -0.04224849
 35.900000     -0.04741211
 36.000000     -0.05204899
 36.100000     -0.05654124
 36.200000     -0.05886608
 36.300000     -0.05930755
 36.400000     -0.05981687
 36.500000     -0.05932878
 36.600000     -0.05570694
 36.700000     -0.05200606
 36.800000     -0.05087561
 36.900000     -0.05030684
 37.000000     -0.04989133
 37.100000     -0.04836681
 37.200000     -0.04622171
 37.300000     -0.04477485
 37.400000     -0.04176574
 37.500000     -0.03659567
 37.600000     -0.03213223
 37.700000     -0.03094819
 37.800000     -0.03043157
 37.900000     -0.02799424
 38.000000     -0.02810089
 38.100000     -0.02985403
 38.200000     -0.03190444
 38.300000     -0.03252271
 38.400000     -0.03319710
 38.500000     -0.03584431
 38.600000     -0.04154917
 38.700000     -0.04696045
 38.800000     -0.04986760
 38.900000     -0.05301764
 39.000000     -0.05613545
 39.100000     -0.05609878
 39.200000     -0.05261812
 39.300000     -0.04901713
 39.400000     -0.04669322
 39.500000     -0.04295925
 39.600000     -0.03642686
 39.700000     -0.02857825
 39.800000     -0.02228006
 39.900000     -0.01716377
