  0.000000      0.00488228
  0.100000     -0.00017872
  0.200000     -0.00300876
  0.300000     -0.00571922
  0.400000     -0.00838092
  0.500000     -0.01005792
  0.600000     -0.00976140
  0.700000     -0.01509311
  0.800000     -0.02016692
  0.900000     -0.02087305
  1.000000     -0.01926757
  1.100000     -0.02158350
  1.200000     -0.02143661
  1.300000     -0.01821175
  1.400000     -0.01792010
  1.500000     -0.01945563
  1.600000     -0.02019795
  1.700000     -0.01575832
  1.800000     -0.01400124
  1.900000     -0.01550592
  2.000000     -0.01649807
  2.100000     -0.01482262
  2.200000     -0.01448822
  2.300000     -0.01431321
  2.400000     -0.01124132
  2.500000     -0.01073658
  2.600000     -0.01289852
  2.700000     -0.01494288
  2.800000     -0.01402780
  2.900000     -0.01383633
  3.000000     -0.01642689
  3.100000     -0.01825565
  3.200000     -0.01829924
  3.300000     -0.01882492
  3.400000     -0.01987207
  3.500000     -0.01801366
  3.600000     -0.01507304
  3.700000     -0.01469537
  3.800000     -0.01596296
  3.900000     -0.01605836
  4.000000     -0.01083585
  4.100000     -0.00869181
  4.200000     -0.00850963
  4.300000     -0.00623595
  4.400000     -0.00109560
  4.500000      0.00185540
  4.600000      0.00487431
  4.700000      0.00941430
  4.800000      0.01065043
  4.900000      0.00897040
  5.000000      0.00601219
  5.100000      0.00409880
  5.200000      0.00345678
  5.300000      0.00077231
  5.400000     -0.00306307
  5.500000     -0.00523166
  5.600000     -0.00443359
  5.700000     -0.00337375
  5.800000     -0.00191829
  5.900000      0.00071365
  6.000000      0.00349972
  6.100000      0.00152671
  6.200000      0.00385950
  6.300000      0.00433513
  6.400000      0.00265729
  6.500000     -0.00094052
  6.600000     -0.00340337
  6.700000     -0.00422376
  6.800000     -0.00546571
  6.900000     -0.00803086
  7.000000     -0.01183531
  7.100000     -0.01181578
  7.200000     -0.01223610
  7.300000     -0.01212724
  7.400000     -0.01488390
  7.500000     -0.02154248
  7.600000     -0.02486045
  7.700000     -0.02881876
  7.800000     -0.03439056
  7.900000     -0.04000881
  8.000000     -0.04271860
  8.100000     -0.04752665
  8.200000     -0.05063653
  8.300000     -0.04665282
  8.400000     -0.04418474
  8.500000     -0.04387076
  8.600000     -0.04192024
  8.700000     -0.03704867
  8.800000     -0.03412769
  8.900000     -0.03294888
  9.000000     -0.03290902
  9.100000     -0.03429847
  9.200000     -0.03010925
  9.300000     -0.02949140
  9.400000     -0.03106672
  9.500000     -0.02782155
  9.600000     -0.02528655
  9.700000     -0.02895072
  9.800000     -0.02959591
  9.900000     -0.02963481
 10.000000     -0.02904751
 10.100000     -0.02753997
 10.200000     -0.03059573
 10.300000     -0.02949958
 10.400000     -0.02899705
 10.500000     -0.03022603
 10.600000     -0.03333847
 10.700000     -0.03918636
 10.800000     -0.04390990
 10.900000     -0.05281506
 11.000000     -0.05782951
 11.100000     -0.06254303
 11.200000     -0.06575146
 11.300000     -0.06963064
 11.400000     -0.06993550
 11.500000     -0.06655201
 11.600000     -0.06441650
 11.700000     -0.06191996
 11.800000     -0.06277020
 11.900000     -0.06428091
 12.000000     -0.05763944
 12.100000     -0.04781217
 12.200000     -0.03737847
 12.300000     -0.02900495
 12.400000     -0.01496742
 12.500000     -0.00395373
 12.600000      0.00188187
 12.700000      0.00623314
 12.800000      0.01072808
 12.900000      0.01942125
 13.000000      0.02103210
 13.100000      0.01518624
 13.200000      0.01727656
 13.300000      0.01468031
 13.400000      0.00907313
 13.500000      0.00449945
 13.600000      0.00147109
 13.700000     -0.00524843
 13.800000     -0.01290197
 13.900000     -0.02212068
 14.000000     -0.03164337
 14.100000     -0.04248540
 14.200000     -0.05586587
 14.300000     -0.07310581
 14.400000     -0.09301925
 14.500000     -0.11118612
 14.600000     -0.12996598
 14.700000     -0.14908323
 14.800000     -0.16994738
 14.900000     -0.19284541
 15.000000     -0.21369451
 15.100000     -0.23159047
 15.200000     -0.25378259
 15.300000     -0.27665708
 15.400000     -0.30134884
 15.500000     -0.32269269
 15.600000     -0.35054851
 15.700000     -0.38575093
 15.800000     -0.41972846
 15.900000     -0.45642112
 16.000000     -0.49959147
 16.100000     -0.53488544
 16.200000     -0.56819182
 16.300000     -0.60730485
 16.400000     -0.64662745
 16.500000     -0.68842534
 16.600000     -0.72455632
 16.700000     -0.75485367
 16.800000     -0.79063641
 16.900000     -0.81712224
 17.000000     -0.84225786
 17.100000     -0.86384280
 17.200000     -0.88469880
 17.300000     -0.89700537
 17.400000     -0.90256940
 17.500000     -0.90422597
 17.600000     -0.89366009
 17.700000     -0.87744556
 17.800000     -0.85532426
 17.900000     -0.82759170
 18.000000     -0.78882053
 18.100000     -0.74143455
 18.200000     -0.68865083
 18.300000     -0.63296106
 18.400000     -0.56981482
 18.500000     -0.49971652
 18.600000     -0.42207332
 18.700000     -0.34930913
 18.800000     -0.26110321
 18.900000     -0.16873058
 19.000000     -0.07714555
 19.100000      0.02497003
 19.200000      0.12589168
 19.300000      0.22717430
 19.400000      0.31874635
 19.500000      0.41412572
 19.600000      0.49466377
 19.700000      0.56943083
 19.800000      0.64596857
 19.900000      0.71658805
 20.000000      0.77603358
 20.100000      0.83021390
 20.200000      0.87912116
 20.300000      0.91914327
 20.400000      0.94961370
 20.500000      0.96742782
 20.600000      0.98805532
 20.700000      0.99593815
 20.800000      1.00000000
 20.900000      0.99825549
 21.000000      0.99472897
 21.100000      0.98349426
 21.200000      0.96170715
 21.300000      0.93846377
 21.400000      0.91351769
 21.500000      0.88204518
 21.600000      0.84005850
 21.700000      0.78493029
 21.800000      0.72661923
 21.900000      0.66251285
 22.000000      0.59603329
 22.100000      0.52968171
 22.200000      0.46705274
 22.300000      0.40351654
 22.400000      0.34120961
 22.500000      0.28660164
 22.600000      0.23392678
 22.700000      0.18439330
 22.800000      0.13957997
 22.900000      0.09612566
 23.000000      0.05875317
 23.100000      0.02666530
 23.200000      0.00045247
 23.300000     -0.02474688
 23.400000     -0.04893324
 23.500000     -0.06740701
 23.600000     -0.07852298
 23.700000     -0.08493153
 23.800000     -0.08864407
 23.900000     -0.09383568
 24.000000     -0.09804438
 24.100000     -0.09541074
 24.200000     -0.09097518
 24.300000     -0.08360744
 24.400000     -0.07411460
 24.500000     -0.06118477
 24.600000     -0.05504602
 24.700000     -0.04664817
 24.800000     -0.03527376
 24.900000     -0.02411889
 25.000000     -0.01398010
 25.100000      0.00211208
 25.200000      0.01994784
 25.300000      0.03575848
 25.400000      0.05312454
 25.500000      0.07105073
 25.600000      0.08788304
 25.700000      0.10485739
 25.800000      0.12671935
 25.900000      0.14843398
 26.000000      0.16852472
 26.100000      0.18180975
 26.200000      0.19186728
 26.300000      0.20427891
 26.400000      0.21300375
 26.500000      0.21584621
 26.600000      0.21861636
 26.700000      0.21812725
 26.800000      0.21624684
 26.900000      0.21400086
 27.000000      0.21615720
 27.100000      0.21688281
 27.200000      0.21230294
 27.300000      0.20690437
 27.400000      0.20102061
 27.500000      0.19760313
 27.600000      0.20103089
 27.700000      0.20036092
 27.800000      0.19473908
 27.900000      0.18547411
 28.000000      0.17860267
 28.100000      0.17805299
 28.200000      0.17435439
 28.300000      0.16991868
 28.400000      0.17108532
 28.500000      0.17245624
 28.600000      0.16795929
 28.700000      0.15901676
 28.800000      0.15379562
 28.900000      0.14904103
 29.000000      0.14337047
 29.100000      0.14231385
 29.200000      0.13959483
 29.300000      0.13478588
 29.400000      0.13101724
 29.500000      0.12505235
 29.600000      0.11830020
 29.700000      0.11567684
 29.800000      0.11019876
 29.900000      0.10818083
 30.000000      0.10596103
 30.100000      0.10195267
 30.200000      0.10246914
 30.300000      0.10212271
 30.400000      0.09680667
 30.500000      0.09150720
 30.600000      0.08550529
 30.700000      0.07826450
 30.800000      0.07034129
 30.900000      0.05500301
 31.000000      0.04134138
 31.100000      0.02787515
 31.200000      0.01483392
 31.300000      0.00548433
 31.400000      0.00182426
 31.500000     -0.00234222
 31.600000     -0.00535727
 31.700000     -0.01233947
 31.800000     -0.01942984
 31.900000     -0.02004660
 32.000000     -0.01932985
 32.100000     -0.02485705
 32.200000     -0.02578394
 32.300000     -0.02920648
 32.400000     -0.03314572
 32.500000     -0.03510533
 32.600000     -0.04014808
 32.700000     -0.04173796
 32.800000     -0.04018019
 32.900000     -0.03826176
 33.000000     -0.03388012
 33.100000     -0.03064184
 33.200000     -0.02745241
 33.300000     -0.02317872
 33.400000     -0.02097594
 33.500000     -0.02182398
 33.600000     -0.02137293
 33.700000     -0.01694445
 33.800000     -0.01579395
 33.900000     -0.01602718
 34.000000     -0.01669901
 34.100000     -0.01606317
 34.200000     -0.01540072
 34.300000     -0.01675236
 34.400000     -0.02253895
 34.500000     -0.02615066
 34.600000     -0.02979334
 34.700000     -0.03298361
 34.800000     -0.03509678
 34.900000     -0.03802461
 35.000000     -0.04165102
 35.100000     -0.04274272
 35.200000     -0.04226688
 35.300000     -0.04379274
 35.400000     -0.04221169
 35.500000     -0.04162491
 35.600000     -0.04086169
 35.700000     -0.03860724
 35.800000     -0.03556931
 35.900000     -0.03145226
 36.000000     -0.03058117
 36.100000     -0.02975465
 36.200000     -0.02707258
 36.300000     -0.02361512
 36.400000     -0.02065474
 36.500000     -0.01583145
 36.600000     -0.01521045
 36.700000     -0.01348093
 36.800000     -0.01057973
 36.900000     -0.00844676
 37.000000     -0.00646114
 37.100000     -0.00432197
 37.200000     -0.00156122
 37.300000     -0.00161182
 37.400000     -0.00213306
 37.500000     -0.00024622
 37.600000      0.00135715
 37.700000     -0.00250500
 37.800000     -0.00518124
 37.900000     -0.00708593
 38.000000     -0.01029623
 38.100000     -0.01308967
 38.200000     -0.01619431
 38.300000     -0.01747288
 38.400000     -0.01889868
 38.500000     -0.02075766
 38.600000     -0.02271333
 38.700000     -0.02533035
 38.800000     -0.02837860
 38.900000     -0.02731219
 39.000000     -0.02596218
 39.100000     -0.02833252
 39.200000     -0.03323073
 39.300000     -0.03626752
 39.400000     -0.03543184
 39.500000     -0.03671413
 39.600000     -0.04058168
 39.700000     -0.04316061
 39.800000     -0.04431812
 39.900000     -0.04424272
