  0.000000     -0.10583369
  0.100000     -0.09995197
  0.200000     -0.09599521
  0.300000     -0.09102891
  0.400000     -0.08563858
  0.500000     -0.07845171
  0.600000     -0.07016080
  0.700000     -0.06246513
  0.800000     -0.05557173
  0.900000     -0.04951088
  1.000000     -0.04343692
  1.100000     -0.03826913
  1.200000     -0.03359444
  1.300000     -0.02816068
  1.400000     -0.02343108
  1.500000     -0.01909451
  1.600000     -0.01409840
  1.700000     -0.00937879
  1.800000     -0.00593096
  1.900000     -0.00338376
  2.000000     -0.00157685
  2.100000      0.00068611
  2.200000      0.00148761
  2.300000      0.00099089
  2.400000     -0.00221275
  2.500000     -0.00393836
  2.600000     -0.00528438
  2.700000     -0.00716231
  2.800000     -0.01157029
  2.900000     -0.01593568
  3.000000     -0.01960163
  3.100000     -0.02361752
  3.200000     -0.02819430
  3.300000     -0.03112575
  3.400000     -0.03320092
  3.500000     -0.03521909
  3.600000     -0.03899265
  3.700000     -0.04403495
  3.800000     -0.04879820
  3.900000     -0.05198954
  4.000000     -0.05476135
  4.100000     -0.05649840
  4.200000     -0.05605782
  4.300000     -0.05533514
  4.400000     -0.05560285
  4.500000     -0.05718827
  4.600000     -0.05762227
  4.700000     -0.06073282
  4.800000     -0.06637080
  4.900000     -0.07409342
  5.000000     -0.08068400
  5.100000     -0.08649546
  5.200000     -0.09042758
  5.300000     -0.09538864
  5.400000     -0.09927079
  5.500000     -0.10212677
  5.600000     -0.10542496
  5.700000     -0.10942457
  5.800000     -0.11334902
  5.900000     -0.11826992
  6.000000     -0.12565366
  6.100000     -0.13104286
  6.200000     -0.13479088
  6.300000     -0.13748577
  6.400000     -0.14118824
  6.500000     -0.14580820
  6.600000     -0.15262075
  6.700000     -0.16066436
  6.800000     -0.16880607
  6.900000     -0.17747695
  7.000000     -0.18556094
  7.100000     -0.19307905
  7.200000     -0.20053128
  7.300000     -0.20946979
  7.400000     -0.21915734
  7.500000     -0.22879483
  7.600000     -0.23866326
  7.700000     -0.24749280
  7.800000     -0.25449200
  7.900000     -0.25933946
  8.000000     -0.26483676
  8.100000     -0.27053269
  8.200000     -0.27528073
  8.300000     -0.27759412
  8.400000     -0.27958868
  8.500000     -0.28067838
  8.600000     -0.28107864
  8.700000     -0.27909703
  8.800000     -0.27509135
  8.900000     -0.26963127
  9.000000     -0.26657817
  9.100000     -0.26499074
  9.200000     -0.26366925
  9.300000     -0.26182230
  9.400000     -0.25884979
  9.500000     -0.25484787
  9.600000     -0.25049810
  9.700000     -0.24724659
  9.800000     -0.24374717
  9.900000     -0.24046651
 10.000000     -0.23685122
 10.100000     -0.23370435
 10.200000     -0.23001679
 10.300000     -0.22310166
 10.400000     -0.21926258
 10.500000     -0.21677438
 10.600000     -0.21519882
 10.700000     -0.21234262
 10.800000     -0.20903244
 10.900000     -0.20471365
 11.000000     -0.20201318
 11.100000     -0.19797675
 11.200000     -0.19401828
 11.300000     -0.19142957
 11.400000     -0.18867407
 11.500000     -0.18265548
 11.600000     -0.17719400
 11.700000     -0.17262242
 11.800000     -0.16881370
 11.900000     -0.16372866
 12.000000     -0.15612822
 12.100000     -0.14710424
 12.200000     -0.13894124
 12.300000     -0.13370350
 12.400000     -0.12620714
 12.500000     -0.11535586
 12.600000     -0.10290015
 12.700000     -0.08618139
 12.800000     -0.07025798
 12.900000     -0.04769067
 13.000000     -0.02071227
 13.100000      0.00303678
 13.200000      0.02846551
 13.300000      0.05720492
 13.400000      0.07982817
 13.500000      0.09954389
 13.600000      0.12464420
 13.700000      0.14774608
 13.800000      0.17195880
 13.900000      0.19919318
 14.000000      0.22182557
 14.100000      0.24834305
 14.200000      0.27832165
 14.300000      0.31512237
 14.400000      0.35320228
 14.500000      0.39220418
 14.600000      0.42390514
 14.700000      0.45048221
 14.800000      0.48193259
 14.900000      0.52165461
 15.000000      0.56309316
 15.100000      0.60406735
 15.200000      0.64393074
 15.300000      0.68299948
 15.400000      0.71860300
 15.500000      0.74837398
 15.600000      0.76824782
 15.700000      0.78570659
 15.800000      0.79735164
 15.900000      0.80228045
 16.000000      0.80772218
 16.100000      0.81227815
 16.200000      0.82380442
 16.300000      0.83923567
 16.400000      0.85181658
 16.500000      0.87058154
 16.600000      0.89547504
 16.700000      0.91616601
 16.800000      0.92737866
 16.900000      0.93397085
 17.000000      0.94114385
 17.100000      0.94398808
 17.200000      0.95036754
 17.300000      0.95371298
 17.400000      0.95535427
 17.500000      0.95999187
 17.600000      0.96924038
 17.700000      0.97613758
 17.800000      0.98675533
 17.900000      0.99478668
 18.000000      1.00000000
 18.100000      0.99785361
 18.200000      0.99239167
 18.300000      0.98260883
 18.400000      0.96693400
 18.500000      0.94462396
 18.600000      0.91984600
 18.700000      0.89584521
 18.800000      0.86600118
 18.900000      0.83343144
 19.000000      0.79807539
 19.100000      0.77014456
 19.200000      0.74611561
 19.300000      0.72262077
 19.400000      0.69456087
 19.500000      0.67151218
 19.600000      0.64282415
 19.700000      0.61154224
 19.800000      0.58522344
 19.900000      0.55552743
 20.000000      0.51985465
 20.100000      0.48341936
 20.200000      0.44624708
 20.300000      0.41032369
 20.400000      0.37552239
 20.500000      0.34155342
 20.600000      0.30600779
 20.700000      0.26881113
 20.800000      0.23038418
 20.900000      0.19075938
 21.000000      0.15064801
 21.100000      0.11024540
 21.200000      0.07166420
 21.300000      0.03499631
 21.400000      0.00143053
 21.500000     -0.02907158
 21.600000     -0.05756387
 21.700000     -0.08508880
 21.800000     -0.11170564
 21.900000     -0.13644765
 22.000000     -0.15803790
 22.100000     -0.17789021
 22.200000     -0.19219093
 22.300000     -0.20124325
 22.400000     -0.20833350
 22.500000     -0.21495422
 22.600000     -0.22081039
 22.700000     -0.22812362
 22.800000     -0.23595318
 22.900000     -0.24241189
 23.000000     -0.24558810
 23.100000     -0.24836624
 23.200000     -0.25075867
 23.300000     -0.25361292
 23.400000     -0.25682196
 23.500000     -0.26036502
 23.600000     -0.26438398
 23.700000     -0.26934601
 23.800000     -0.27336830
 23.900000     -0.27742971
 24.000000     -0.28347582
 24.100000     -0.29235581
 24.200000     -0.30139896
 24.300000     -0.31158167
 24.400000     -0.32033518
 24.500000     -0.32794549
 24.600000     -0.33493069
 24.700000     -0.34112005
 24.800000     -0.34595095
 24.900000     -0.34835351
 25.000000     -0.35056257
 25.100000     -0.35041546
 25.200000     -0.34826784
 25.300000     -0.34625704
 25.400000     -0.34441594
 25.500000     -0.34243752
 25.600000     -0.33940642
 25.700000     -0.33603928
 25.800000     -0.32985724
 25.900000     -0.32176620
 26.000000     -0.31538728
 26.100000     -0.30953754
 26.200000     -0.30392884
 26.300000     -0.29713478
 26.400000     -0.29225171
 26.500000     -0.28833639
 26.600000     -0.28482969
 26.700000     -0.28343939
 26.800000     -0.28480660
 26.900000     -0.28674287
 27.000000     -0.28977490
 27.100000     -0.29373105
 27.200000     -0.29676623
 27.300000     -0.30015405
 27.400000     -0.30440370
 27.500000     -0.30877204
 27.600000     -0.31296604
 27.700000     -0.31546134
 27.800000     -0.31700932
 27.900000     -0.31731687
 28.000000     -0.31500136
 28.100000     -0.30997569
 28.200000     -0.30344169
 28.300000     -0.29475860
 28.400000     -0.28586423
 28.500000     -0.27839879
 28.600000     -0.27027966
 28.700000     -0.26150711
 28.800000     -0.25294922
 28.900000     -0.24572378
 29.000000     -0.23624253
 29.100000     -0.22667858
 29.200000     -0.21692960
 29.300000     -0.20833417
 29.400000     -0.20023177
 29.500000     -0.19443972
 29.600000     -0.19166948
 29.700000     -0.18986929
 29.800000     -0.18934040
 29.900000     -0.18998086
 30.000000     -0.19139278
 30.100000     -0.19266289
 30.200000     -0.19460120
 30.300000     -0.19757584
 30.400000     -0.20023689
 30.500000     -0.20323272
 30.600000     -0.20631221
 30.700000     -0.20968730
 30.800000     -0.21418792
 30.900000     -0.21893853
 31.000000     -0.22401219
 31.100000     -0.22852857
 31.200000     -0.23149791
 31.300000     -0.23142773
 31.400000     -0.22963850
 31.500000     -0.22644239
 31.600000     -0.22040202
 31.700000     -0.21389192
 31.800000     -0.20829702
 31.900000     -0.20331096
 32.000000     -0.20009818
 32.100000     -0.19851501
 32.200000     -0.19957551
 32.300000     -0.19962328
 32.400000     -0.19937327
 32.500000     -0.19753012
 32.600000     -0.19669152
 32.700000     -0.19576762
 32.800000     -0.19520805
 32.900000     -0.19497001
 33.000000     -0.19363644
 33.100000     -0.19337717
 33.200000     -0.19339781
 33.300000     -0.19571673
 33.400000     -0.19618731
 33.500000     -0.19615714
 33.600000     -0.19681022
 33.700000     -0.19794193
 33.800000     -0.19820555
 33.900000     -0.19876816
 34.000000     -0.19971706
 34.100000     -0.20052768
 34.200000     -0.20077566
 34.300000     -0.20095538
 34.400000     -0.20363015
 34.500000     -0.20470516
 34.600000     -0.20544762
 34.700000     -0.20431555
 34.800000     -0.20632792
 34.900000     -0.20641089
 35.000000     -0.20589075
 35.100000     -0.20753165
 35.200000     -0.20923741
 35.300000     -0.21053037
 35.400000     -0.21116407
 35.500000     -0.21535731
 35.600000     -0.21698975
 35.700000     -0.21640345
 35.800000     -0.21326340
 35.900000     -0.21173071
 36.000000     -0.20824321
 36.100000     -0.20403315
 36.200000     -0.20174878
 36.300000     -0.20220621
 36.400000     -0.20300109
 36.500000     -0.20089844
 36.600000     -0.20165858
 36.700000     -0.20087161
 36.800000     -0.19866080
 36.900000     -0.19600882
 37.000000     -0.19379394
 37.100000     -0.19178984
 37.200000     -0.18952951
 37.300000     -0.18641547
 37.400000     -0.18294738
 37.500000     -0.17900496
 37.600000     -0.17497990
 37.700000     -0.17376237
 37.800000     -0.17395055
 37.900000     -0.17382384
 38.000000     -0.17418770
 38.100000     -0.16997045
 38.200000     -0.17037215
 38.300000     -0.17153148
 38.400000     -0.17415922
 38.500000     -0.17460185
 38.600000     -0.17268505
 38.700000     -0.16868356
 38.800000     -0.16152102
 38.900000     -0.15413376
 39.000000     -0.14783170
 39.100000     -0.14300637
 39.200000     -0.13655332
 39.300000     -0.13069425
 39.400000     -0.12527112
 39.500000     -0.12067803
 39.600000     -0.11360117
 39.700000     -0.10682945
 39.800000     -0.10235599
 39.900000     -0.09669191
