  0.000000     -0.02296113
  0.100000     -0.02286897
  0.200000     -0.02277856
  0.300000     -0.02268771
  0.400000     -0.02259393
  0.500000     -0.02249446
  0.600000     -0.02238644
  0.700000     -0.02226743
  0.800000     -0.03408281
  0.900000     -0.03617079
  1.000000     -0.03615157
  1.100000     -0.03610661
  1.200000     -0.03603387
  1.300000     -0.03593145
  1.400000     -0.03579808
  1.500000     -0.03563309
  1.600000     -0.03543486
  1.700000     -0.03520301
  1.800000     -0.03493684
  1.900000     -0.03463612
  2.000000     -0.03430102
  2.100000     -0.03393225
  2.200000     -0.03353182
  2.300000     -0.03310169
  2.400000     -0.03267986
  2.500000     -0.03246311
  2.600000     -0.03218185
  2.700000     -0.03183767
  2.800000     -0.03143378
  2.900000     -0.03097436
  3.000000     -0.03046385
  3.100000     -0.03005716
  3.200000     -0.02975904
  3.300000     -0.02941772
  3.400000     -0.02903513
  3.500000     -0.02861678
  3.600000     -0.02815597
  3.700000     -0.02788570
  3.800000     -0.02754022
  3.900000     -0.02507889
  4.000000     -0.02482364
  4.100000     -0.02459320
  4.200000     -0.02439255
  4.300000     -0.02422325
  4.400000     -0.02408187
  4.500000     -0.02397720
  4.600000     -0.02390859
  4.700000     -0.02387457
  4.800000     -0.02485579
  4.900000     -0.02672509
  5.000000     -0.02677678
  5.100000     -0.02799282
  5.200000     -0.02866797
  5.300000     -0.02937430
  5.400000     -0.03010817
  5.500000     -0.03086313
  5.600000     -0.03163400
  5.700000     -0.03241594
  5.800000     -0.03321138
  5.900000     -0.03402077
  6.000000     -0.03483826
  6.100000     -0.03566641
  6.200000     -0.03650681
  6.300000     -0.03735625
  6.400000     -0.03823409
  6.500000     -0.03845037
  6.600000     -0.03720076
  6.700000     -0.03808434
  6.800000     -0.03899463
  6.900000     -0.03994680
  7.000000     -0.04093292
  7.100000     -0.04196357
  7.200000     -0.04429228
  7.300000     -0.04850383
  7.400000     -0.04938970
  7.500000     -0.05034083
  7.600000     -0.05136288
  7.700000     -0.05246153
  7.800000     -0.05449083
  7.900000     -0.05689611
  8.000000     -0.05843977
  8.100000     -0.06009353
  8.200000     -0.06185221
  8.300000     -0.06370955
  8.400000     -0.06624829
  8.500000     -0.07164242
  8.600000     -0.07408800
  8.700000     -0.07658361
  8.800000     -0.07911669
  8.900000     -0.08628021
  9.000000     -0.08882808
  9.100000     -0.09503621
  9.200000     -0.09863809
  9.300000     -0.10096327
  9.400000     -0.10315260
  9.500000     -0.10708912
  9.600000     -0.11284203
  9.700000     -0.11733520
  9.800000     -0.11978604
  9.900000     -0.12220898
 10.000000     -0.12276972
 10.100000     -0.12480544
 10.200000     -0.12677883
 10.300000     -0.12859584
 10.400000     -0.13024447
 10.500000     -0.13173468
 10.600000     -0.13306068
 10.700000     -0.13422347
 10.800000     -0.13520864
 10.900000     -0.13600665
 11.000000     -0.13660589
 11.100000     -0.13699707
 11.200000     -0.13716787
 11.300000     -0.13723326
 11.400000     -0.14135689
 11.500000     -0.14094796
 11.600000     -0.14030158
 11.700000     -0.13939538
 11.800000     -0.13818660
 11.900000     -0.13485339
 12.000000     -0.13309020
 12.100000     -0.13100363
 12.200000     -0.12857730
 12.300000     -0.12578250
 12.400000     -0.12257024
 12.500000     -0.11891367
 12.600000     -0.11476918
 12.700000     -0.11010286
 12.800000     -0.10487276
 12.900000     -0.09902348
 13.000000     -0.09250624
 13.100000     -0.08527484
 13.200000     -0.07727571
 13.300000     -0.06846055
 13.400000     -0.05874690
 13.500000     -0.04810430
 13.600000     -0.03648823
 13.700000     -0.02385109
 13.800000     -0.01012052
 13.900000      0.00473175
 14.000000      0.02070557
 14.100000      0.03783413
 14.200000      0.05613026
 14.300000      0.07559164
 14.400000      0.09623273
 14.500000      0.11801365
 14.600000      0.14089011
 14.700000      0.16481449
 14.800000      0.18973207
 14.900000      0.21560600
 15.000000      0.24232691
 15.100000      0.26981004
 15.200000      0.29795576
 15.300000      0.32667210
 15.400000      0.35584956
 15.500000      0.38536483
 15.600000      0.41510973
 15.700000      0.44496885
 15.800000      0.47482905
 15.900000      0.50458953
 16.000000      0.53414556
 16.100000      0.56340133
 16.200000      0.59227637
 16.300000      0.62067918
 16.400000      0.64853567
 16.500000      0.67577814
 16.600000      0.70231557
 16.700000      0.72806563
 16.800000      0.75295403
 16.900000      0.77688498
 17.000000      0.79978962
 17.100000      0.82158705
 17.200000      0.84219593
 17.300000      0.86154487
 17.400000      0.87954060
 17.500000      0.89613431
 17.600000      0.91122536
 17.700000      0.92473656
 17.800000      0.93661867
 17.900000      0.94678258
 18.000000      0.95518162
 18.100000      0.96174448
 18.200000      0.96641567
 18.300000      0.96915837
 18.400000      0.96987499
 18.500000      0.96859358
 18.600000      0.96527555
 18.700000      0.95988150
 18.800000      0.95237862
 18.900000      0.94273838
 19.000000      0.93100717
 19.100000      0.91717243
 19.200000      0.90118389
 19.300000      0.88301582
 19.400000      0.86266759
 19.500000      0.84016339
 19.600000      0.81553714
 19.700000      0.78878499
 19.800000      0.75986600
 19.900000      0.72873969
 20.000000      0.69549770
 20.100000      0.66016175
 20.200000      0.62281837
 20.300000      0.58352154
 20.400000      0.54229326
 20.500000      0.49923503
 20.600000      0.45445372
 20.700000      0.40809628
 20.800000      0.36031081
 20.900000      0.31124448
 21.000000      0.26101857
 21.100000      0.20986013
 21.200000      0.15794035
 21.300000      0.10544775
 21.400000      0.05259901
 21.500000     -0.00043755
 21.600000     -0.05346442
 21.700000     -0.10626760
 21.800000     -0.15866974
 21.900000     -0.21047597
 22.000000     -0.26154804
 22.100000     -0.31171870
 22.200000     -0.36085573
 22.300000     -0.40885676
 22.400000     -0.45554012
 22.500000     -0.50085700
 22.600000     -0.54474429
 22.700000     -0.58705113
 22.800000     -0.62773955
 22.900000     -0.66676109
 23.000000     -0.70400589
 23.100000     -0.73942849
 23.200000     -0.77295535
 23.300000     -0.80452596
 23.400000     -0.83405063
 23.500000     -0.86150454
 23.600000     -0.88674854
 23.700000     -0.90971294
 23.800000     -0.93021933
 23.900000     -0.94823375
 24.000000     -0.96371045
 24.100000     -0.97657456
 24.200000     -0.98668146
 24.300000     -0.99397360
 24.400000     -0.99840704
 24.500000     -1.00000000
 24.600000     -0.99868360
 24.700000     -0.99458030
 24.800000     -0.98761449
 24.900000     -0.97788649
 25.000000     -0.96556592
 25.100000     -0.95073690
 25.200000     -0.93351775
 25.300000     -0.91399985
 25.400000     -0.89233312
 25.500000     -0.86876431
 25.600000     -0.84353570
 25.700000     -0.81681434
 25.800000     -0.78878318
 25.900000     -0.75954051
 26.000000     -0.72934799
 26.100000     -0.69843308
 26.200000     -0.66697460
 26.300000     -0.63512953
 26.400000     -0.60303300
 26.500000     -0.57083425
 26.600000     -0.53868941
 26.700000     -0.50671858
 26.800000     -0.47503131
 26.900000     -0.44373683
 27.000000     -0.41290733
 27.100000     -0.38268220
 27.200000     -0.35314297
 27.300000     -0.32435204
 27.400000     -0.29636432
 27.500000     -0.26857265
 27.600000     -0.23979785
 27.700000     -0.21489042
 27.800000     -0.19105325
 27.900000     -0.16835893
 28.000000     -0.14681083
 28.100000     -0.12644158
 28.200000     -0.10730752
 28.300000     -0.08939734
 28.400000     -0.07269321
 28.500000     -0.05716781
 28.600000     -0.04284769
 28.700000     -0.02972682
 28.800000     -0.01774072
 28.900000     -0.00684408
 29.000000      0.00304099
 29.100000      0.01196246
 29.200000      0.01993071
 29.300000      0.02696884
 29.400000      0.03319833
 29.500000      0.03868849
 29.600000      0.04345597
 29.700000      0.04758830
 29.800000      0.05112345
 29.900000      0.05412911
 30.000000      0.05659844
 30.100000      0.05861538
 30.200000      0.06031823
 30.300000      0.06175643
 30.400000      0.06297654
 30.500000      0.06403053
 30.600000      0.06496176
 30.700000      0.06581247
 30.800000      0.06662667
 30.900000      0.06744364
 31.000000      0.06827382
 31.100000      0.06914930
 31.200000      0.07010075
 31.300000      0.07114033
 31.400000      0.07230279
 31.500000      0.07359706
 31.600000      0.07499898
 31.700000      0.07652637
 31.800000      0.07818141
 31.900000      0.07997947
 32.000000      0.08192238
 32.100000      0.08398223
 32.200000      0.08615543
 32.300000      0.08844230
 32.400000      0.09083446
 32.500000      0.09332993
 32.600000      0.09596690
 32.700000      0.09867234
 32.800000      0.10145370
 32.900000      0.10432090
 33.000000      0.10726971
 33.100000      0.11030610
 33.200000      0.11341953
 33.300000      0.11659326
 33.400000      0.11981164
 33.500000      0.12305652
 33.600000      0.12631146
 33.700000      0.12956588
 33.800000      0.13280233
 33.900000      0.13598348
 34.000000      0.13908124
 34.100000      0.14206758
 34.200000      0.14492246
 34.300000      0.14761654
 34.400000      0.15012309
 34.500000      0.15241472
 34.600000      0.15445346
 34.700000      0.15613595
 34.800000      0.15738201
 34.900000      0.15919616
 35.000000      0.16351152
 35.100000      0.16378281
 35.200000      0.16293951
 35.300000      0.16167111
 35.400000      0.16006425
 35.500000      0.15814743
 35.600000      0.15592760
 35.700000      0.15341923
 35.800000      0.15063628
 35.900000      0.14755094
 36.000000      0.14421477
 36.100000      0.14065618
 36.200000      0.13689240
 36.300000      0.13294233
 36.400000      0.12857072
 36.500000      0.12404920
 36.600000      0.11940245
 36.700000      0.11466359
 36.800000      0.10984524
 36.900000      0.10493497
 37.000000      0.09946469
 37.100000      0.09400454
 37.200000      0.08863129
 37.300000      0.08329832
 37.400000      0.07796724
 37.500000      0.07270392
 37.600000      0.06781354
 37.700000      0.06304872
 37.800000      0.05840070
 37.900000      0.05388951
 38.000000      0.04952580
 38.100000      0.04531563
 38.200000      0.04127377
 38.300000      0.03741629
 38.400000      0.03374008
 38.500000      0.03024592
 38.600000      0.02695177
 38.700000      0.02386221
 38.800000      0.02098380
 38.900000      0.01832832
 39.000000      0.01589201
 39.100000      0.01358891
 39.200000      0.01133024
 39.300000      0.00936499
 39.400000      0.00769960
 39.500000      0.00629102
 39.600000      0.00513633
 39.700000      0.00423815
 39.800000      0.00362548
 39.900000      0.00328851
