  0.000000     -0.01729974
  0.100000     -0.01899828
  0.200000     -0.02016163
  0.300000     -0.02096273
  0.400000     -0.02094596
  0.500000     -0.02032144
  0.600000     -0.01868833
  0.700000     -0.01696876
  0.800000     -0.01441455
  0.900000     -0.01131358
  1.000000     -0.00875365
  1.100000     -0.00668425
  1.200000     -0.00424324
  1.300000     -0.00173645
  1.400000      0.00044842
  1.500000      0.00202176
  1.600000      0.00377349
  1.700000      0.00544562
  1.800000      0.00696345
  1.900000      0.00906253
  2.000000      0.01116372
  2.100000      0.01307662
  2.200000      0.01472321
  2.300000      0.01524182
  2.400000      0.01478747
  2.500000      0.01466041
  2.600000      0.01387570
  2.700000      0.01192703
  2.800000      0.00946412
  2.900000      0.00660151
  3.000000      0.00380337
  3.100000      0.00228145
  3.200000      0.00131345
  3.300000     -0.00006120
  3.400000     -0.00116570
  3.500000     -0.00175245
  3.600000     -0.00203619
  3.700000     -0.00385030
  3.800000     -0.00797277
  3.900000     -0.01256976
  4.000000     -0.01811940
  4.100000     -0.02392998
  4.200000     -0.02792881
  4.300000     -0.03052793
  4.400000     -0.03239929
  4.500000     -0.03132850
  4.600000     -0.02942014
  4.700000     -0.02777150
  4.800000     -0.02410278
  4.900000     -0.02043568
  5.000000     -0.01726466
  5.100000     -0.01446083
  5.200000     -0.01288182
  5.300000     -0.01268342
  5.400000     -0.01354857
  5.500000     -0.01445899
  5.600000     -0.01462695
  5.700000     -0.01526051
  5.800000     -0.01620173
  5.900000     -0.01567957
  6.000000     -0.01489319
  6.100000     -0.01310110
  6.200000     -0.01249765
  6.300000     -0.01300524
  6.400000     -0.01332340
  6.500000     -0.01453427
  6.600000     -0.01715162
  6.700000     -0.01971925
  6.800000     -0.02282861
  6.900000     -0.02595404
  7.000000     -0.02908554
  7.100000     -0.03066275
  7.200000     -0.03273083
  7.300000     -0.03415446
  7.400000     -0.03466746
  7.500000     -0.03482189
  7.600000     -0.03497656
  7.700000     -0.03558258
  7.800000     -0.03776952
  7.900000     -0.04162495
  8.000000     -0.04548315
  8.100000     -0.04838240
  8.200000     -0.05028862
  8.300000     -0.05163717
  8.400000     -0.05298994
  8.500000     -0.05401228
  8.600000     -0.05313381
  8.700000     -0.05216530
  8.800000     -0.05146110
  8.900000     -0.04849556
  9.000000     -0.04496440
  9.100000     -0.04133715
  9.200000     -0.03761520
  9.300000     -0.03535595
  9.400000     -0.03344424
  9.500000     -0.03253455
  9.600000     -0.03131642
  9.700000     -0.03029290
  9.800000     -0.02871228
  9.900000     -0.02615777
 10.000000     -0.02361346
 10.100000     -0.02288350
 10.200000     -0.02503313
 10.300000     -0.02761014
 10.400000     -0.03156072
 10.500000     -0.03699210
 10.600000     -0.04438851
 10.700000     -0.05218549
 10.800000     -0.06047986
 10.900000     -0.07169584
 11.000000     -0.08625677
 11.100000     -0.10341332
 11.200000     -0.12248451
 11.300000     -0.14031061
 11.400000     -0.15808450
 11.500000     -0.17673691
 11.600000     -0.19627674
 11.700000     -0.21475996
 11.800000     -0.23509979
 11.900000     -0.25778557
 12.000000     -0.28165832
 12.100000     -0.30861257
 12.200000     -0.33795962
 12.300000     -0.36571097
 12.400000     -0.39068884
 12.500000     -0.41208273
 12.600000     -0.42615210
 12.700000     -0.42975126
 12.800000     -0.41998018
 12.900000     -0.39945109
 13.000000     -0.37525403
 13.100000     -0.34748021
 13.200000     -0.31378180
 13.300000     -0.27271516
 13.400000     -0.22614213
 13.500000     -0.17366876
 13.600000     -0.11291411
 13.700000     -0.04081465
 13.800000      0.03783839
 13.900000      0.12752543
 14.000000      0.22718493
 14.100000      0.32822685
 14.200000      0.42504848
 14.300000      0.51653673
 14.400000      0.60142001
 14.500000      0.67851414
 14.600000      0.75041126
 14.700000      0.81210419
 14.800000      0.86301231
 14.900000      0.90616774
 15.000000      0.94458432
 15.100000      0.97512796
 15.200000      0.99511900
 15.300000      1.00000000
 15.400000      0.99515087
 15.500000      0.98236310
 15.600000      0.96025339
 15.700000      0.93210417
 15.800000      0.89948868
 15.900000      0.86135340
 16.000000      0.81614410
 16.100000      0.76736923
 16.200000      0.70958340
 16.300000      0.64688521
 16.400000      0.58539311
 16.500000      0.51978593
 16.600000      0.44927512
 16.700000      0.37874568
 16.800000      0.30250498
 16.900000      0.22645101
 17.000000      0.16098891
 17.100000      0.10456825
 17.200000      0.05126173
 17.300000      0.00323345
 17.400000     -0.03245606
 17.500000     -0.05639670
 17.600000     -0.07377521
 17.700000     -0.08438251
 17.800000     -0.09124927
 17.900000     -0.10614330
 18.000000     -0.11973609
 18.100000     -0.12463702
 18.200000     -0.12384739
 18.300000     -0.12563116
 18.400000     -0.12611421
 18.500000     -0.12410255
 18.600000     -0.12250078
 18.700000     -0.12592488
 18.800000     -0.12781886
 18.900000     -0.13026374
 19.000000     -0.13461041
 19.100000     -0.13715612
 19.200000     -0.13370341
 19.300000     -0.12827444
 19.400000     -0.11974568
 19.500000     -0.10822814
 19.600000     -0.09898715
 19.700000     -0.09419487
 19.800000     -0.09189652
 19.900000     -0.09095271
 20.000000     -0.08691148
 20.100000     -0.08436345
 20.200000     -0.08220102
 20.300000     -0.08653074
 20.400000     -0.09066932
 20.500000     -0.09507035
 20.600000     -0.10227799
 20.700000     -0.10770087
 20.800000     -0.10504193
 20.900000     -0.09760247
 21.000000     -0.08855512
 21.100000     -0.07825717
 21.200000     -0.06792507
 21.300000     -0.05768051
 21.400000     -0.04691572
 21.500000     -0.03683712
 21.600000     -0.02698074
 21.700000     -0.01903957
 21.800000     -0.01270129
 21.900000     -0.00868319
 22.000000     -0.00733377
 22.100000     -0.00733420
 22.200000     -0.00989682
 22.300000     -0.01388983
 22.400000     -0.01701626
 22.500000     -0.01931065
 22.600000     -0.02007599
 22.700000     -0.01980180
 22.800000     -0.01979349
 22.900000     -0.01916235
 23.000000     -0.01743980
 23.100000     -0.01641254
 23.200000     -0.01607860
 23.300000     -0.01489892
 23.400000     -0.01569019
 23.500000     -0.02045559
 23.600000     -0.02518299
 23.700000     -0.02800830
 23.800000     -0.02815380
 23.900000     -0.02706293
 24.000000     -0.02490900
 24.100000     -0.02178769
 24.200000     -0.01865088
 24.300000     -0.01504844
 24.400000     -0.01169470
 24.500000     -0.01048059
 24.600000     -0.01129189
 24.700000     -0.01292806
 24.800000     -0.01496078
 24.900000     -0.01533215
 25.000000     -0.01588095
 25.100000     -0.01833447
 25.200000     -0.02221999
 25.300000     -0.02588653
 25.400000     -0.02821833
 25.500000     -0.02732284
 25.600000     -0.02481835
 25.700000     -0.02251738
 25.800000     -0.01941601
 25.900000     -0.01493380
 26.000000     -0.01070915
 26.100000     -0.00735336
 26.200000     -0.00453339
 26.300000     -0.00278491
 26.400000     -0.00291564
 26.500000     -0.00593695
 26.600000     -0.01248410
 26.700000     -0.02005166
 26.800000     -0.02918739
 26.900000     -0.03828801
 27.000000     -0.04707275
 27.100000     -0.05336839
 27.200000     -0.05666003
 27.300000     -0.05539303
 27.400000     -0.05143179
 27.500000     -0.04698376
 27.600000     -0.04164827
 27.700000     -0.03627090
 27.800000     -0.03337298
 27.900000     -0.03535773
 28.000000     -0.04131929
 28.100000     -0.04918526
 28.200000     -0.05766601
 28.300000     -0.06513146
 28.400000     -0.07127470
 28.500000     -0.07573173
 28.600000     -0.07715968
 28.700000     -0.07660469
 28.800000     -0.07524304
 28.900000     -0.07079229
 29.000000     -0.06418156
 29.100000     -0.05618304
 29.200000     -0.04751098
 29.300000     -0.04034564
 29.400000     -0.03452947
 29.500000     -0.02854723
 29.600000     -0.02324980
 29.700000     -0.02057305
 29.800000     -0.01958673
 29.900000     -0.01986645
 30.000000     -0.02117849
 30.100000     -0.02182225
 30.200000     -0.02155101
 30.300000     -0.02034674
 30.400000     -0.01888415
 30.500000     -0.01735167
 30.600000     -0.01641417
 30.700000     -0.01790423
 30.800000     -0.02130334
 30.900000     -0.02544518
 31.000000     -0.02996663
 31.100000     -0.03353592
 31.200000     -0.03708265
 31.300000     -0.04096381
 31.400000     -0.04448459
 31.500000     -0.04739243
 31.600000     -0.05056262
 31.700000     -0.05229328
 31.800000     -0.05173528
 31.900000     -0.05067970
 32.000000     -0.04994033
 32.100000     -0.04970138
 32.200000     -0.04872340
 32.300000     -0.04662231
 32.400000     -0.04439584
 32.500000     -0.04148476
 32.600000     -0.03998390
 32.700000     -0.03976831
 32.800000     -0.03863026
 32.900000     -0.03871608
 33.000000     -0.04062406
 33.100000     -0.04188447
 33.200000     -0.04174569
 33.300000     -0.04228407
 33.400000     -0.04353680
 33.500000     -0.04390396
 33.600000     -0.04399195
 33.700000     -0.04441183
 33.800000     -0.04381685
 33.900000     -0.04391188
 34.000000     -0.04426474
 34.100000     -0.04492689
 34.200000     -0.04511485
 34.300000     -0.04463606
 34.400000     -0.04366715
 34.500000     -0.04242256
 34.600000     -0.04035494
 34.700000     -0.03726026
 34.800000     -0.03417060
 34.900000     -0.03107565
 35.000000     -0.02751268
 35.100000     -0.02414705
 35.200000     -0.02218039
 35.300000     -0.02176326
 35.400000     -0.02349340
 35.500000     -0.02608923
 35.600000     -0.02890770
 35.700000     -0.03123428
 35.800000     -0.03251306
 35.900000     -0.03312669
 36.000000     -0.03187738
 36.100000     -0.02934683
 36.200000     -0.02647150
 36.300000     -0.02362878
 36.400000     -0.02120126
 36.500000     -0.01919544
 36.600000     -0.01753919
 36.700000     -0.01597443
 36.800000     -0.01494861
 36.900000     -0.01478541
 37.000000     -0.01546498
 37.100000     -0.01639270
 37.200000     -0.01713080
 37.300000     -0.01762638
 37.400000     -0.01786234
 37.500000     -0.01771310
 37.600000     -0.01697525
 37.700000     -0.01662940
 37.800000     -0.01646603
 37.900000     -0.01707323
 38.000000     -0.01869556
 38.100000     -0.02177232
 38.200000     -0.02543213
 38.300000     -0.03058755
 38.400000     -0.03644236
 38.500000     -0.04255132
 38.600000     -0.04806368
 38.700000     -0.05267974
 38.800000     -0.05651021
 38.900000     -0.06003873
 39.000000     -0.06333519
 39.100000     -0.06652281
 39.200000     -0.06958908
 39.300000     -0.07243920
 39.400000     -0.07555514
 39.500000     -0.07801855
 39.600000     -0.08012751
 39.700000     -0.08114513
 39.800000     -0.08089414
 39.900000     -0.07948530
