  0.000000      0.03488515
  0.100000      0.03298624
  0.200000      0.03100604
  0.300000      0.03015301
  0.400000      0.02989353
  0.500000      0.03006756
  0.600000      0.03034827
  0.700000      0.03088598
  0.800000      0.03079026
  0.900000      0.02924192
  1.000000      0.02714111
  1.100000      0.02477761
  1.200000      0.02146146
  1.300000      0.01858545
  1.400000      0.01638700
  1.500000      0.01542874
  1.600000      0.01519831
  1.700000      0.01492907
  1.800000      0.01559337
  1.900000      0.01732970
  2.000000      0.01970311
  2.100000      0.02245479
  2.200000      0.02520712
  2.300000      0.02792271
  2.400000      0.03183254
  2.500000      0.03670799
  2.600000      0.04070860
  2.700000      0.04562132
  2.800000      0.05133353
  2.900000      0.05844203
  3.000000      0.06672729
  3.100000      0.07339328
  3.200000      0.07909222
  3.300000      0.08365377
  3.400000      0.08876491
  3.500000      0.08978493
  3.600000      0.08878410
  3.700000      0.09016715
  3.800000      0.09249116
  3.900000      0.09417097
  4.000000      0.09491076
  4.100000      0.09573677
  4.200000      0.09674090
  4.300000      0.09766643
  4.400000      0.09916044
  4.500000      0.09973412
  4.600000      0.09867352
  4.700000      0.09590204
  4.800000      0.09233261
  4.900000      0.08696731
  5.000000      0.08323031
  5.100000      0.07816771
  5.200000      0.07270887
  5.300000      0.06672947
  5.400000      0.05851926
  5.500000      0.05001959
  5.600000      0.04212760
  5.700000      0.03146988
  5.800000      0.02126535
  5.900000      0.00967479
  6.000000      0.00061336
  6.100000     -0.00796147
  6.200000     -0.01490493
  6.300000     -0.02068514
  6.400000     -0.02530003
  6.500000     -0.03030176
  6.600000     -0.03756701
  6.700000     -0.04560695
  6.800000     -0.05623641
  6.900000     -0.06449553
  7.000000     -0.07327365
  7.100000     -0.08564995
  7.200000     -0.09840155
  7.300000     -0.11158738
  7.400000     -0.12596480
  7.500000     -0.14078583
  7.600000     -0.15904785
  7.700000     -0.17677169
  7.800000     -0.19092160
  7.900000     -0.20514733
  8.000000     -0.22018317
  8.100000     -0.23338018
  8.200000     -0.24202633
  8.300000     -0.25034129
  8.400000     -0.25775553
  8.500000     -0.25951686
  8.600000     -0.25659801
  8.700000     -0.25258393
  8.800000     -0.24390736
  8.900000     -0.22359263
  9.000000     -0.19580174
  9.100000     -0.16105538
  9.200000     -0.11723576
  9.300000     -0.06808389
  9.400000     -0.00738256
  9.500000      0.06134873
  9.600000      0.13844850
  9.700000      0.22041543
  9.800000      0.30551417
  9.900000      0.39006428
 10.000000      0.47192345
 10.100000      0.55252315
 10.200000      0.63093022
 10.300000      0.70514916
 10.400000      0.76922557
 10.500000      0.82739740
 10.600000      0.87955355
 10.700000      0.92287616
 10.800000      0.95554176
 10.900000      0.97838856
 11.000000      0.99294367
 11.100000      1.00000000
 11.200000      0.99596975
 11.300000      0.97979018
 11.400000      0.95299286
 11.500000      0.91566836
 11.600000      0.87139683
 11.700000      0.81972389
 11.800000      0.75844406
 11.900000      0.68906072
 12.000000      0.61222442
 12.100000      0.52972602
 12.200000      0.43842639
 12.300000      0.24290051
 12.400000     -0.38355755
 12.500000     -0.42405085
 12.600000     -0.18057473
 12.700000     -0.11800925
 12.800000     -0.13548453
 12.900000     -0.18455223
 13.000000     -0.24166984
 13.100000     -0.29529964
 13.200000     -0.34485187
 13.300000     -0.38870700
 13.400000     -0.42552812
 13.500000     -0.45704360
 13.600000     -0.48453259
 13.700000     -0.50487043
 13.800000     -0.51659467
 13.900000     -0.52186114
 14.000000     -0.52260934
 14.100000     -0.51830236
 14.200000     -0.51021859
 14.300000     -0.49872282
 14.400000     -0.48652326
 14.500000     -0.47427175
 14.600000     -0.45817053
 14.700000     -0.43858783
 14.800000     -0.41991998
 14.900000     -0.40035622
 15.000000     -0.38159706
 15.100000     -0.35976987
 15.200000     -0.33766426
 15.300000     -0.31526027
 15.400000     -0.29075241
 15.500000     -0.26737431
 15.600000     -0.24637564
 15.700000     -0.22502285
 15.800000     -0.20865746
 15.900000     -0.19769157
 16.000000     -0.18581794
 16.100000     -0.17478041
 16.200000     -0.16674693
 16.300000     -0.16135288
 16.400000     -0.15575797
 16.500000     -0.15142087
 16.600000     -0.14961026
 16.700000     -0.14670555
 16.800000     -0.14142437
 16.900000     -0.13686172
 17.000000     -0.13105999
 17.100000     -0.12746637
 17.200000     -0.12406848
 17.300000     -0.12133957
 17.400000     -0.11991693
 17.500000     -0.11619575
 17.600000     -0.11364293
 17.700000     -0.11050268
 17.800000     -0.10288651
 17.900000     -0.09376662
 18.000000     -0.08686225
 18.100000     -0.07961155
 18.200000     -0.07056400
 18.300000     -0.06325953
 18.400000     -0.05934126
 18.500000     -0.05664280
 18.600000     -0.04949065
 18.700000     -0.04455899
 18.800000     -0.04568710
 18.900000     -0.04512824
 19.000000     -0.04680022
 19.100000     -0.04897228
 19.200000     -0.05027068
 19.300000     -0.05295801
 19.400000     -0.05319464
 19.500000     -0.05258327
 19.600000     -0.05312145
 19.700000     -0.05599664
 19.800000     -0.06052005
 19.900000     -0.06391473
 20.000000     -0.06415275
 20.100000     -0.06542496
 20.200000     -0.06804261
 20.300000     -0.06957634
 20.400000     -0.07021717
 20.500000     -0.07145946
 20.600000     -0.07122470
 20.700000     -0.07180981
 20.800000     -0.07280003
 20.900000     -0.07439790
 21.000000     -0.07493365
 21.100000     -0.07567405
 21.200000     -0.07882481
 21.300000     -0.07966403
 21.400000     -0.07902723
 21.500000     -0.07953540
 21.600000     -0.07922316
 21.700000     -0.07597881
 21.800000     -0.07223548
 21.900000     -0.06997694
 22.000000     -0.06653076
 22.100000     -0.06047577
 22.200000     -0.05613531
 22.300000     -0.05071452
 22.400000     -0.04610981
 22.500000     -0.04425866
 22.600000     -0.04646986
 22.700000     -0.04836809
 22.800000     -0.04658352
 22.900000     -0.04083456
 23.000000     -0.03585926
 23.100000     -0.03095059
 23.200000     -0.02811436
 23.300000     -0.02900791
 23.400000     -0.03071676
 23.500000     -0.02957946
 23.600000     -0.03402349
 23.700000     -0.03829900
 23.800000     -0.04207266
 23.900000     -0.04894801
 24.000000     -0.05271515
 24.100000     -0.05641135
 24.200000     -0.05917485
 24.300000     -0.05926243
 24.400000     -0.05717369
 24.500000     -0.05566145
 24.600000     -0.05193654
 24.700000     -0.05346599
 24.800000     -0.05388014
 24.900000     -0.05253712
 25.000000     -0.05246151
 25.100000     -0.04896705
 25.200000     -0.04349766
 25.300000     -0.03728339
 25.400000     -0.03025679
 25.500000     -0.02535808
 25.600000     -0.02577451
 25.700000     -0.02451788
 25.800000     -0.02494223
 25.900000     -0.02397665
 26.000000     -0.02085063
 26.100000     -0.01623614
 26.200000     -0.01255457
 26.300000     -0.00542191
 26.400000      0.00085689
 26.500000      0.00658211
 26.600000      0.01193644
 26.700000      0.01844704
 26.800000      0.02239281
 26.900000      0.02851374
 27.000000      0.03012125
 27.100000      0.03130833
 27.200000      0.03297123
 27.300000      0.03061007
 27.400000      0.03081233
 27.500000      0.02737111
 27.600000      0.02420773
 27.700000      0.01952172
 27.800000      0.01153930
 27.900000      0.00536775
 28.000000     -0.00076625
 28.100000     -0.00566645
 28.200000     -0.00807145
 28.300000     -0.01031559
 28.400000     -0.00883170
 28.500000     -0.00810051
 28.600000     -0.00692471
 28.700000     -0.00610881
 28.800000     -0.00836278
 28.900000     -0.00801484
 29.000000     -0.00540864
 29.100000     -0.00247366
 29.200000      0.00182401
 29.300000      0.00460119
 29.400000      0.00381325
 29.500000      0.00164663
 29.600000     -0.00001654
 29.700000     -0.00176946
 29.800000     -0.00413521
 29.900000     -0.00843398
 30.000000     -0.01230714
 30.100000     -0.01536628
 30.200000     -0.01746949
 30.300000     -0.02043254
 30.400000     -0.02667357
 30.500000     -0.02969966
 30.600000     -0.03097168
 30.700000     -0.03445449
 30.800000     -0.03790214
 30.900000     -0.03948538
 31.000000     -0.03989249
 31.100000     -0.03727412
 31.200000     -0.03273817
 31.300000     -0.02909452
 31.400000     -0.02540965
 31.500000     -0.02321272
 31.600000     -0.02004794
 31.700000     -0.01528223
 31.800000     -0.00968145
 31.900000     -0.00487757
 32.000000     -0.00090970
 32.100000      0.00055837
 32.200000      0.00283996
 32.300000      0.00710661
 32.400000      0.00897769
 32.500000      0.00719707
 32.600000      0.00851119
 32.700000      0.01102066
 32.800000      0.01154285
 32.900000      0.01072691
 33.000000      0.01192080
 33.100000      0.01393845
 33.200000      0.01549980
 33.300000      0.01691406
 33.400000      0.01872245
 33.500000      0.02086997
 33.600000      0.02233794
 33.700000      0.02294145
 33.800000     -0.00369201
 33.900000     -0.04800670
 34.000000     -0.03352622
 34.100000     -0.00518356
 34.200000      0.00998107
 34.300000      0.01785823
 34.400000      0.02220608
 34.500000      0.02431516
 34.600000      0.02420425
 34.700000      0.02333732
 34.800000      0.02192087
 34.900000      0.02042544
 35.000000      0.01818984
 35.100000      0.01500903
 35.200000      0.01348300
 35.300000      0.01206624
 35.400000      0.01098952
 35.500000      0.01035170
 35.600000      0.00983440
 35.700000      0.00999822
 35.800000      0.01083301
 35.900000      0.01138912
 36.000000      0.01156742
 36.100000      0.01157191
 36.200000      0.01110964
 36.300000      0.00985669
 36.400000      0.00779183
 36.500000      0.00429195
 36.600000      0.00011814
 36.700000     -0.00384798
 36.800000     -0.00655492
 36.900000     -0.00835065
 37.000000     -0.00983888
 37.100000     -0.01151377
 37.200000     -0.01229420
 37.300000     -0.01221677
 37.400000     -0.01246038
 37.500000     -0.01267674
 37.600000     -0.01224059
 37.700000     -0.01141890
 37.800000     -0.00966357
 37.900000     -0.00648405
 38.000000     -0.00236995
 38.100000      0.00189816
 38.200000      0.00632092
 38.300000      0.01071013
 38.400000      0.01481396
 38.500000      0.01818231
 38.600000      0.02143508
 38.700000      0.02412657
 38.800000      0.02583920
 38.900000      0.02771648
 39.000000      0.02857668
 39.100000      0.02871619
 39.200000      0.02923557
 39.300000      0.03011356
 39.400000      0.03020071
 39.500000      0.02951314
 39.600000      0.02859339
 39.700000      0.02779804
 39.800000      0.02709762
 39.900000      0.02554874
