  0.000000      0.05786461
  0.100000      0.05380415
  0.200000      0.04945394
  0.300000      0.04522540
  0.400000      0.04091136
  0.500000      0.03735912
  0.600000      0.03237535
  0.700000      0.02519147
  0.800000      0.01769716
  0.900000      0.00926333
  1.000000     -0.00024015
  1.100000     -0.01004913
  1.200000     -0.02140743
  1.300000     -0.03438769
  1.400000     -0.04696145
  1.500000     -0.06073643
  1.600000     -0.07249785
  1.700000     -0.08351967
  1.800000     -0.09628592
  1.900000     -0.10840607
  2.000000     -0.11943558
  2.100000     -0.12795615
  2.200000     -0.13571063
  2.300000     -0.14031876
  2.400000     -0.14010857
  2.500000     -0.13201371
  2.600000     -0.11709944
  2.700000     -0.09676343
  2.800000     -0.06825961
  2.900000     -0.03212149
  3.000000      0.01339735
  3.100000      0.07047159
  3.200000      0.14055543
  3.300000      0.22338018
  3.400000      0.31911812
  3.500000      0.42102967
  3.600000      0.52581996
  3.700000      0.62894391
  3.800000      0.72585143
  3.900000      0.81364061
  4.000000      0.88831244
  4.100000      0.95046368
  4.200000      0.99071305
  4.300000      1.00000000
  4.400000      0.98219698
  4.500000      0.93376025
  4.600000      0.86186657
  4.700000      0.77204655
  4.800000      0.66160087
  4.900000      0.53088960
  5.000000      0.38022443
  5.100000      0.22427287
  5.200000      0.07478026
  5.300000     -0.06201987
  5.400000     -0.18799132
  5.500000     -0.29126755
  5.600000     -0.36829942
  5.700000     -0.42083977
  5.800000     -0.45742083
  5.900000     -0.47215865
  6.000000     -0.45760494
  6.100000     -0.42272251
  6.200000     -0.38006180
  6.300000     -0.33944113
  6.400000     -0.30011979
  6.500000     -0.25326259
  6.600000     -0.20206205
  6.700000     -0.15786487
  6.800000     -0.12624853
  6.900000     -0.10285328
  7.000000     -0.09042190
  7.100000     -0.08832935
  7.200000     -0.08172813
  7.300000     -0.08037054
  7.400000     -0.08200700
  7.500000     -0.08400520
  7.600000     -0.08654452
  7.700000     -0.09190244
  7.800000     -0.09533281
  7.900000     -0.10442752
  8.000000     -0.11932112
  8.100000     -0.13463483
  8.200000     -0.14603610
  8.300000     -0.15610689
  8.400000     -0.16302771
  8.500000     -0.16727642
  8.600000     -0.16634258
  8.700000     -0.16405781
  8.800000     -0.16452175
  8.900000     -0.16720763
  9.000000     -0.17268441
  9.100000     -0.17415103
  9.200000     -0.16785329
  9.300000     -0.16424344
  9.400000     -0.16629782
  9.500000     -0.16966631
  9.600000     -0.16633735
  9.700000     -0.15758847
  9.800000     -0.15108834
  9.900000     -0.13979905
 10.000000     -0.12027577
 10.100000     -0.10896244
 10.200000     -0.09949686
 10.300000     -0.08789478
 10.400000     -0.07744056
 10.500000     -0.07143811
 10.600000     -0.06820467
 10.700000     -0.06368512
 10.800000     -0.05335181
 10.900000     -0.04755010
 11.000000     -0.04676863
 11.100000     -0.04566504
 11.200000     -0.04535750
 11.300000     -0.04605892
 11.400000     -0.04959444
 11.500000     -0.05247554
 11.600000     -0.05017040
 11.700000     -0.04803442
 11.800000     -0.04642622
 11.900000     -0.04260298
 12.000000     -0.03696370
 12.100000     -0.03409239
 12.200000     -0.03191746
 12.300000     -0.02807171
 12.400000     -0.02375648
 12.500000     -0.02295860
 12.600000     -0.02179502
 12.700000     -0.02155010
 12.800000     -0.01953497
 12.900000     -0.01634188
 13.000000     -0.01365698
 13.100000     -0.01716798
 13.200000     -0.02027936
 13.300000     -0.02279425
 13.400000     -0.02698354
 13.500000     -0.03220881
 13.600000     -0.03384842
 13.700000     -0.03310746
 13.800000     -0.03299206
 13.900000     -0.03220378
 14.000000     -0.02870044
 14.100000     -0.02600409
 14.200000     -0.02707898
 14.300000     -0.03038456
 14.400000     -0.03205421
 14.500000     -0.03294600
 14.600000     -0.03352513
 14.700000     -0.03075498
 14.800000     -0.02304194
 14.900000     -0.01466800
 15.000000     -0.00600443
 15.100000      0.00293512
 15.200000      0.00855444
 15.300000      0.00983273
 15.400000      0.00786977
 15.500000      0.00574189
 15.600000      0.00273350
 15.700000     -0.00306140
 15.800000     -0.00835540
 15.900000     -0.01669705
 16.000000     -0.02351565
 16.100000     -0.02818521
 16.200000     -0.03182107
 16.300000     -0.03509337
 16.400000     -0.03718889
 16.500000     -0.03915063
 16.600000     -0.04103294
 16.700000     -0.04415955
 16.800000     -0.04594790
 16.900000     -0.04858831
 17.000000     -0.04717810
 17.100000     -0.04340173
 17.200000     -0.03702044
 17.300000     -0.03011988
 17.400000     -0.02490738
 17.500000     -0.02005554
 17.600000     -0.01593560
 17.700000     -0.01308263
 17.800000     -0.01012764
 17.900000     -0.00586152
 18.000000     -0.00130226
 18.100000      0.00263031
 18.200000      0.00525979
 18.300000      0.00724884
 18.400000      0.00871090
 18.500000      0.01082948
 18.600000      0.01395118
 18.700000      0.01884588
 18.800000      0.02080779
 18.900000      0.02145307
 19.000000      0.02119950
 19.100000      0.01951111
 19.200000      0.01534688
 19.300000      0.01236709
 19.400000      0.00993148
 19.500000      0.00467169
 19.600000     -0.00073512
 19.700000     -0.00500815
 19.800000     -0.00884591
 19.900000     -0.01233223
 20.000000     -0.01638466
 20.100000     -0.01856960
 20.200000     -0.02115110
 20.300000     -0.02342294
 20.400000     -0.02428114
 20.500000     -0.02199690
 20.600000     -0.01741259
 20.700000     -0.01719965
 20.800000     -0.01904897
 20.900000     -0.01781448
 21.000000     -0.01475459
 21.100000     -0.01097604
 21.200000     -0.00722013
 21.300000     -0.00315538
 21.400000      0.00003425
 21.500000      0.00413256
 21.600000      0.00571505
 21.700000      0.00240799
 21.800000      0.00039963
 21.900000     -0.00047302
 22.000000     -0.00212117
 22.100000     -0.00386541
 22.200000     -0.00611464
 22.300000     -0.00818880
 22.400000     -0.00833996
 22.500000     -0.00817697
 22.600000     -0.00754845
 22.700000     -0.00519520
 22.800000     -0.00377822
 22.900000     -0.00295347
 23.000000     -0.00106463
 23.100000      0.00142334
 23.200000      0.00376910
 23.300000      0.00531848
 23.400000      0.00830796
 23.500000      0.01208013
 23.600000      0.01386259
 23.700000      0.01452028
 23.800000      0.01725129
 23.900000      0.01953095
 24.000000      0.01644464
 24.100000      0.01292045
 24.200000      0.00891387
 24.300000      0.00308803
 24.400000     -0.00418178
 24.500000     -0.00927921
 24.600000     -0.01293446
 24.700000     -0.01600087
 24.800000     -0.01669459
 24.900000     -0.01672995
 25.000000     -0.01581363
 25.100000     -0.01501175
 25.200000     -0.01470353
 25.300000     -0.01294797
 25.400000     -0.01197720
 25.500000     -0.01297917
 25.600000     -0.01337925
 25.700000     -0.01235305
 25.800000     -0.01091148
 25.900000     -0.01011052
 26.000000     -0.00925026
 26.100000     -0.00756302
 26.200000     -0.00510294
 26.300000     -0.00255128
 26.400000      0.00018579
 26.500000      0.00301364
 26.600000      0.00523376
 26.700000      0.00743892
 26.800000      0.00643095
 26.900000      0.00231300
 27.000000     -0.00080562
 27.100000     -0.00133116
 27.200000     -0.00148827
 27.300000     -0.00383679
 27.400000     -0.00730945
 27.500000     -0.00800130
 27.600000     -0.00613036
 27.700000     -0.00584428
 27.800000     -0.00543677
 27.900000     -0.00612787
 28.000000     -0.00902208
 28.100000     -0.00948754
 28.200000     -0.00971659
 28.300000     -0.01066828
 28.400000     -0.01023179
 28.500000     -0.00736431
 28.600000     -0.00515138
 28.700000     -0.00371176
 28.800000      0.00000762
 28.900000      0.00457740
 29.000000      0.00812826
 29.100000      0.01075857
 29.200000      0.01227420
 29.300000      0.01314522
 29.400000      0.01218334
 29.500000      0.00986414
 29.600000      0.00479967
 29.700000     -0.00236217
 29.800000     -0.00859657
 29.900000     -0.01449051
 30.000000     -0.01935582
 30.100000     -0.02314766
 30.200000     -0.02618077
 30.300000     -0.02780098
 30.400000     -0.02902109
 30.500000     -0.02924817
 30.600000     -0.02825228
 30.700000     -0.02717193
 30.800000     -0.02623155
 30.900000     -0.02550008
 31.000000     -0.02525181
 31.100000     -0.02521726
 31.200000     -0.02494869
 31.300000     -0.02345578
 31.400000     -0.02044609
 31.500000     -0.01646003
 31.600000     -0.01330272
 31.700000     -0.01096638
 31.800000     -0.00769182
 31.900000     -0.00411898
 32.000000     -0.00231811
 32.100000     -0.00084267
 32.200000      0.00005813
 32.300000     -0.00043738
 32.400000     -0.00027444
 32.500000      0.00080257
 32.600000      0.00237172
 32.700000      0.00544721
 32.800000      0.00905342
 32.900000      0.01139114
 33.000000      0.01396885
 33.100000      0.01691242
 33.200000      0.01952079
 33.300000      0.01980206
 33.400000      0.01858359
 33.500000      0.01796523
 33.600000      0.01535725
 33.700000      0.00966746
 33.800000      0.00443617
 33.900000      0.00030874
 34.000000     -0.00467780
 34.100000     -0.00838514
 34.200000     -0.01047241
 34.300000     -0.01308590
 34.400000     -0.01621230
 34.500000     -0.01870386
 34.600000     -0.02069971
 34.700000     -0.02153282
 34.800000     -0.02198280
 34.900000     -0.02273945
 35.000000     -0.02398892
 35.100000     -0.02487578
 35.200000     -0.02605746
 35.300000     -0.02798770
 35.400000     -0.02973255
 35.500000     -0.03128607
 35.600000     -0.03254808
 35.700000     -0.03405025
 35.800000     -0.03488711
 35.900000     -0.03437006
 36.000000     -0.03318844
 36.100000     -0.03137797
 36.200000     -0.02901471
 36.300000     -0.02554758
 36.400000     -0.02132783
 36.500000     -0.01743032
 36.600000     -0.01420346
 36.700000     -0.01118933
 36.800000     -0.00849223
 36.900000     -0.00585724
 37.000000     -0.00373426
 37.100000     -0.00285643
 37.200000     -0.00231611
 37.300000     -0.00219524
 37.400000     -0.00377373
 37.500000     -0.00570161
 37.600000     -0.00794950
 37.700000     -0.01033786
 37.800000     -0.01342124
 37.900000     -0.01691027
 38.000000     -0.02071422
 38.100000     -0.02424234
 38.200000     -0.02755511
 38.300000     -0.03080641
 38.400000     -0.03328634
 38.500000     -0.03460784
 38.600000     -0.03498123
 38.700000     -0.03476190
 38.800000     -0.03426902
 38.900000     -0.03328425
 39.000000     -0.03236404
 39.100000     -0.03089215
 39.200000     -0.02927497
 39.300000     -0.02746591
 39.400000     -0.02583371
 39.500000     -0.02470830
 39.600000     -0.02348511
 39.700000     -0.02313795
 39.800000     -0.02452850
 39.900000     -0.02724748
