  0.000000     -0.01028670
  0.100000     -0.00613680
  0.200000     -0.00229396
  0.300000      0.00132045
  0.400000      0.00504310
  0.500000      0.00872459
  0.600000      0.01332898
  0.700000      0.01816590
  0.800000      0.02233236
  0.900000      0.02604630
  1.000000      0.02895211
  1.100000      0.02893245
  1.200000      0.02908956
  1.300000      0.03216121
  1.400000      0.03536703
  1.500000      0.03505020
  1.600000      0.03139354
  1.700000      0.02815030
  1.800000      0.02783997
  1.900000      0.02588916
  2.000000      0.01988372
  2.100000      0.01431499
  2.200000      0.01123485
  2.300000      0.00854336
  2.400000      0.00141323
  2.500000     -0.00890569
  2.600000     -0.01791146
  2.700000     -0.02332176
  2.800000     -0.02905963
  2.900000     -0.03773125
  3.000000     -0.04457742
  3.100000     -0.04720621
  3.200000     -0.04919344
  3.300000     -0.05389464
  3.400000     -0.05792052
  3.500000     -0.05931259
  3.600000     -0.05744092
  3.700000     -0.05562630
  3.800000     -0.05468792
  3.900000     -0.05066173
  4.000000     -0.04823578
  4.100000     -0.04663983
  4.200000     -0.04888017
  4.300000     -0.05208813
  4.400000     -0.05356992
  4.500000     -0.05162395
  4.600000     -0.05293956
  4.700000     -0.05473779
  4.800000     -0.05503350
  4.900000     -0.05279309
  5.000000     -0.05406635
  5.100000     -0.05725394
  5.200000     -0.06076924
  5.300000     -0.06376797
  5.400000     -0.06690082
  5.500000     -0.07597947
  5.600000     -0.08742916
  5.700000     -0.09941135
  5.800000     -0.10847286
  5.900000     -0.11815804
  6.000000     -0.13053817
  6.100000     -0.14076247
  6.200000     -0.14736757
  6.300000     -0.15221333
  6.400000     -0.15814554
  6.500000     -0.16479715
  6.600000     -0.16770499
  6.700000     -0.16870406
  6.800000     -0.16450991
  6.900000     -0.15515847
  7.000000     -0.13856424
  7.100000     -0.11842649
  7.200000     -0.09451123
  7.300000     -0.06959045
  7.400000     -0.04408410
  7.500000     -0.02068916
  7.600000     -0.00237137
  7.700000      0.01186667
  7.800000      0.02265343
  7.900000      0.03362385
  8.000000      0.04501364
  8.100000      0.06008773
  8.200000      0.08258933
  8.300000      0.11729670
  8.400000      0.16099471
  8.500000      0.21493883
  8.600000      0.27578546
  8.700000      0.34692414
  8.800000      0.42393725
  8.900000      0.50200536
  9.000000      0.57889721
  9.100000      0.64951743
  9.200000      0.71635662
  9.300000      0.77629160
  9.400000      0.82483472
  9.500000      0.86201430
  9.600000      0.89122268
  9.700000      0.91621372
  9.800000      0.94024073
  9.900000      0.96504194
 10.000000      0.98484197
 10.100000      0.99581969
 10.200000      1.00000000
 10.300000      0.99743503
 10.400000      0.98881683
 10.500000      0.97667399
 10.600000      0.96362182
 10.700000      0.94477256
 10.800000      0.91489590
 10.900000      0.86955161
 11.000000      0.80941759
 11.100000      0.73979443
 11.200000      0.66613162
 11.300000      0.59177744
 11.400000      0.51604214
 11.500000      0.44232705
 11.600000      0.37536846
 11.700000      0.31280928
 11.800000      0.24675679
 11.900000      0.18325559
 12.000000      0.12491819
 12.100000      0.07092289
 12.200000      0.01852150
 12.300000     -0.03222617
 12.400000     -0.07945524
 12.500000     -0.11835886
 12.600000     -0.15056971
 12.700000     -0.17667344
 12.800000     -0.19723406
 12.900000     -0.21146324
 13.000000     -0.22158055
 13.100000     -0.22961119
 13.200000     -0.23395226
 13.300000     -0.23478160
 13.400000     -0.23125527
 13.500000     -0.22959557
 13.600000     -0.23063949
 13.700000     -0.23212857
 13.800000     -0.23122065
 13.900000     -0.23183446
 14.000000     -0.23507151
 14.100000     -0.23592645
 14.200000     -0.23602237
 14.300000     -0.23289156
 14.400000     -0.23202384
 14.500000     -0.23454012
 14.600000     -0.23656388
 14.700000     -0.23316769
 14.800000     -0.22970384
 14.900000     -0.22567776
 15.000000     -0.22602401
 15.100000     -0.22696316
 15.200000     -0.23096037
 15.300000     -0.23828621
 15.400000     -0.25104428
 15.500000     -0.26668180
 15.600000     -0.27752922
 15.700000     -0.28321774
 15.800000     -0.28164585
 15.900000     -0.27337376
 16.000000     -0.26493661
 16.100000     -0.26041825
 16.200000     -0.26326632
 16.300000     -0.27011866
 16.400000     -0.27898418
 16.500000     -0.28989833
 16.600000     -0.30011419
 16.700000     -0.30761293
 16.800000     -0.30890933
 16.900000     -0.30762315
 17.000000     -0.30712639
 17.100000     -0.30919002
 17.200000     -0.31043923
 17.300000     -0.31202558
 17.400000     -0.31340389
 17.500000     -0.31104691
 17.600000     -0.30826191
 17.700000     -0.30500442
 17.800000     -0.30201122
 17.900000     -0.30109284
 18.000000     -0.30161783
 18.100000     -0.29637391
 18.200000     -0.29104430
 18.300000     -0.28308254
 18.400000     -0.27935196
 18.500000     -0.27380620
 18.600000     -0.26694705
 18.700000     -0.25966148
 18.800000     -0.25273362
 18.900000     -0.24228478
 19.000000     -0.23058678
 19.100000     -0.22059095
 19.200000     -0.21378817
 19.300000     -0.20730778
 19.400000     -0.20083950
 19.500000     -0.18923526
 19.600000     -0.17685654
 19.700000     -0.16890937
 19.800000     -0.16299068
 19.900000     -0.15561546
 20.000000     -0.14789623
 20.100000     -0.14346022
 20.200000     -0.13324595
 20.300000     -0.13198570
 20.400000     -0.11869961
 20.500000     -0.10776118
 20.600000     -0.09765087
 20.700000     -0.09142926
 20.800000     -0.08424528
 20.900000     -0.08065468
 21.000000     -0.07890714
 21.100000     -0.07973111
 21.200000     -0.08549269
 21.300000     -0.09012350
 21.400000     -0.09147907
 21.500000     -0.09113286
 21.600000     -0.08865072
 21.700000     -0.08220169
 21.800000     -0.07514461
 21.900000     -0.06961229
 22.000000     -0.06951811
 22.100000     -0.06946653
 22.200000     -0.07247841
 22.300000     -0.08175548
 22.400000     -0.08822017
 22.500000     -0.09713686
 22.600000     -0.10279011
 22.700000     -0.11064741
 22.800000     -0.11602924
 22.900000     -0.11906702
 23.000000     -0.11847045
 23.100000     -0.11627924
 23.200000     -0.11218593
 23.300000     -0.10521181
 23.400000     -0.09971603
 23.500000     -0.09164748
 23.600000     -0.07867885
 23.700000     -0.06125154
 23.800000     -0.04494498
 23.900000     -0.02908371
 24.000000     -0.01933964
 24.100000     -0.01240734
 24.200000     -0.00762517
 24.300000     -0.00518674
 24.400000     -0.00248911
 24.500000      0.00093942
 24.600000      0.00296825
 24.700000      0.00769665
 24.800000      0.01235825
 24.900000      0.01475423
 25.000000      0.01742829
 25.100000      0.01765224
 25.200000      0.01757023
 25.300000      0.01654899
 25.400000      0.01619764
 25.500000      0.01807482
 25.600000      0.01954832
 25.700000      0.02263091
 25.800000      0.02680678
 25.900000      0.02931412
 26.000000      0.03233802
 26.100000      0.03466103
 26.200000      0.03627638
 26.300000      0.03648609
 26.400000      0.03552108
 26.500000      0.03588605
 26.600000      0.03370614
 26.700000      0.02882633
 26.800000      0.02378888
 26.900000      0.01713449
 27.000000      0.00901343
 27.100000      0.00137900
 27.200000     -0.00652639
 27.300000     -0.01255376
 27.400000     -0.01983243
 27.500000     -0.02641492
 27.600000     -0.03212612
 27.700000     -0.03622475
 27.800000     -0.03836033
 27.900000     -0.03804927
 28.000000     -0.03820905
 28.100000     -0.03734491
 28.200000     -0.03204046
 28.300000     -0.02771289
 28.400000     -0.02230060
 28.500000     -0.01771850
 28.600000     -0.01474932
 28.700000     -0.01282455
 28.800000     -0.01072466
 28.900000     -0.00850467
 29.000000     -0.00554610
 29.100000     -0.00276033
 29.200000     -0.00009449
 29.300000      0.00475327
 29.400000      0.01065722
 29.500000      0.01398138
 29.600000      0.01777403
 29.700000      0.02395130
 29.800000      0.03158093
 29.900000      0.03972545
 30.000000      0.04927771
 30.100000      0.05806761
 30.200000      0.06665668
 30.300000      0.07732473
 30.400000      0.08602609
 30.500000      0.09069426
 30.600000      0.09696047
 30.700000      0.10467444
 30.800000      0.10919332
 30.900000      0.11215776
 31.000000      0.11700183
 31.100000      0.12146585
 31.200000      0.12199915
 31.300000      0.12231168
 31.400000      0.12401101
 31.500000      0.12330354
 31.600000      0.12071552
 31.700000      0.11789677
 31.800000      0.11377528
 31.900000      0.10855509
 32.000000      0.10581765
 32.100000      0.10267410
 32.200000      0.09769280
 32.300000      0.09512705
 32.400000      0.09192219
 32.500000      0.08563751
 32.600000      0.07780293
 32.700000      0.07070035
 32.800000      0.06232105
 32.900000      0.05387067
 33.000000      0.04551525
 33.100000      0.03679479
 33.200000      0.02874553
 33.300000      0.02252388
 33.400000      0.01459680
 33.500000      0.00574814
 33.600000     -0.00138602
 33.700000     -0.00679066
 33.800000     -0.01157988
 33.900000     -0.01644976
 34.000000     -0.02085575
 34.100000     -0.02270812
 34.200000     -0.02226989
 34.300000     -0.02220512
 34.400000     -0.02225394
 34.500000     -0.01951727
 34.600000     -0.01867156
 34.700000     -0.01845548
 34.800000     -0.01883866
 34.900000     -0.01895617
 35.000000     -0.01985475
 35.100000     -0.02035249
 35.200000     -0.02023052
 35.300000     -0.01974862
 35.400000     -0.01911663
 35.500000     -0.01699702
 35.600000     -0.01400753
 35.700000     -0.01256467
 35.800000     -0.01064362
 35.900000     -0.00629615
 36.000000     -0.00285037
 36.100000     -0.00100699
 36.200000      0.00048036
 36.300000      0.00355898
 36.400000      0.00593535
 36.500000      0.00666931
 36.600000      0.00725979
 36.700000      0.00865511
 36.800000      0.00886152
 36.900000      0.00829055
 37.000000      0.00882337
 37.100000      0.01000724
 37.200000      0.01050274
 37.300000      0.01000153
 37.400000      0.00921397
 37.500000      0.00649612
 37.600000      0.00340576
 37.700000     -0.00017034
 37.800000     -0.00346734
 37.900000     -0.00614243
 38.000000     -0.00780681
 38.100000     -0.00939378
 38.200000     -0.01063431
 38.300000     -0.01177558
 38.400000     -0.01240390
 38.500000     -0.01250284
 38.600000     -0.01167343
 38.700000     -0.01049740
 38.800000     -0.00993014
 38.900000     -0.00954785
 39.000000     -0.00938328
 39.100000     -0.00886748
 39.200000     -0.00815045
 39.300000     -0.00696001
 39.400000     -0.00473472
 39.500000     -0.00140075
 39.600000      0.00323490
 39.700000      0.00812237
 39.800000      0.01213845
 39.900000      0.01492219
