  0.000000     -0.00908575
  0.100000     -0.00887202
  0.200000     -0.00807641
  0.300000     -0.00642013
  0.400000     -0.00514945
  0.500000     -0.00406779
  0.600000     -0.00277233
  0.700000     -0.00144695
  0.800000     -0.00113784
  0.900000     -0.00055297
  1.000000      0.00129385
  1.100000      0.00246060
  1.200000      0.00314618
  1.300000      0.00423432
  1.400000      0.00499607
  1.500000      0.00540992
  1.600000      0.00740238
  1.700000      0.01026112
  1.800000      0.01211810
  1.900000      0.01311275
  2.000000      0.01403297
  2.100000      0.01446854
  2.200000      0.01457375
  2.300000      0.01447180
  2.400000      0.01510658
  2.500000      0.01599542
  2.600000      0.01458593
  2.700000      0.01315260
  2.800000      0.01297739
  2.900000      0.01275256
  3.000000      0.01238995
  3.100000      0.01173019
  3.200000      0.01091030
  3.300000      0.00860557
  3.400000      0.00536920
  3.500000      0.00433302
  3.600000      0.00432721
  3.700000      0.00413252
  3.800000      0.00294967
  3.900000      0.00265668
  4.000000      0.00322031
  4.100000      0.00284152
  4.200000      0.00308920
  4.300000      0.00542402
  4.400000      0.00760434
  4.500000      0.00820662
  4.600000      0.00945442
  4.700000      0.01093882
  4.800000      0.01126992
  4.900000      0.01229278
  5.000000      0.01550096
  5.100000      0.01626863
  5.200000      0.01580228
  5.300000      0.01670382
  5.400000      0.01774311
  5.500000      0.01848866
  5.600000      0.01882949
  5.700000      0.01961292
  5.800000      0.02047783
  5.900000      0.02128167
  6.000000      0.02305900
  6.100000      0.02527634
  6.200000      0.02707367
  6.300000      0.02869023
  6.400000      0.03158098
  6.500000      0.03379947
  6.600000      0.03437217
  6.700000      0.03679522
  6.800000      0.03960535
  6.900000      0.04207317
  7.000000      0.04380854
  7.100000      0.04416069
  7.200000      0.04346434
  7.300000      0.04193646
  7.400000      0.04242887
  7.500000      0.04381759
  7.600000      0.04423673
  7.700000      0.04412651
  7.800000      0.04347971
  7.900000      0.04112077
  8.000000      0.03773013
  8.100000      0.03626437
  8.200000      0.03581605
  8.300000      0.03484152
  8.400000      0.03308632
  8.500000      0.03266119
  8.600000      0.03215422
  8.700000      0.02993973
  8.800000      0.02838025
  8.900000      0.02713600
  9.000000      0.02498769
  9.100000      0.02377413
  9.200000      0.02232056
  9.300000      0.02162064
  9.400000      0.02254382
  9.500000      0.02576406
  9.600000      0.02797303
  9.700000      0.03004687
  9.800000      0.03037716
  9.900000      0.02987424
 10.000000      0.02906029
 10.100000      0.02847420
 10.200000      0.02855354
 10.300000      0.02743366
 10.400000      0.02525186
 10.500000      0.02401525
 10.600000      0.02445949
 10.700000      0.02330375
 10.800000      0.02254464
 10.900000      0.02245553
 11.000000      0.02226376
 11.100000      0.01932993
 11.200000      0.01718794
 11.300000      0.01422853
 11.400000      0.01265093
 11.500000      0.01130180
 11.600000      0.00909676
 11.700000      0.00601793
 11.800000      0.00170708
 11.900000     -0.00059608
 12.000000     -0.00278643
 12.100000     -0.00592716
 12.200000     -0.00890973
 12.300000     -0.01248252
 12.400000     -0.01759417
 12.500000     -0.02304285
 12.600000     -0.02873716
 12.700000     -0.03296553
 12.800000     -0.03810530
 12.900000     -0.04217853
 13.000000     -0.04562135
 13.100000     -0.04875959
 13.200000     -0.05172473
 13.300000     -0.05439359
 13.400000     -0.05446798
 13.500000     -0.05643622
 13.600000     -0.05920899
 13.700000     -0.06036415
 13.800000     -0.06195239
 13.900000     -0.06256654
 14.000000     -0.06443586
 14.100000     -0.06530517
 14.200000     -0.06580848
 14.300000     -0.06651756
 14.400000     -0.06598058
 14.500000     -0.06713214
 14.600000     -0.06878594
 14.700000     -0.06978553
 14.800000     -0.07218126
 14.900000     -0.07202554
 15.000000     -0.07022951
 15.100000     -0.06808924
 15.200000     -0.06453370
 15.300000     -0.06285779
 15.400000     -0.06005148
 15.500000     -0.05730482
 15.600000     -0.05346766
 15.700000     -0.04901197
 15.800000     -0.04672944
 15.900000     -0.04392284
 16.000000     -0.04129200
 16.100000     -0.03601802
 16.200000     -0.02799232
 16.300000     -0.01886370
 16.400000     -0.00619067
 16.500000      0.00451293
 16.600000      0.01518916
 16.700000      0.02758900
 16.800000      0.03964566
 16.900000      0.05520334
 17.000000      0.07346886
 17.100000      0.09413298
 17.200000      0.11650290
 17.300000      0.14043295
 17.400000      0.16485876
 17.500000      0.19083897
 17.600000      0.21749542
 17.700000      0.24586856
 17.800000      0.27832459
 17.900000      0.31332803
 18.000000      0.34772049
 18.100000      0.38142421
 18.200000      0.41343838
 18.300000      0.44550877
 18.400000      0.47915240
 18.500000      0.51100536
 18.600000      0.54201962
 18.700000      0.57345738
 18.800000      0.60415504
 18.900000      0.63422505
 19.000000      0.66241175
 19.100000      0.68995015
 19.200000      0.71648607
 19.300000      0.74244426
 19.400000      0.76669159
 19.500000      0.78940561
 19.600000      0.81196331
 19.700000      0.83326965
 19.800000      0.85304070
 19.900000      0.87312570
 20.000000      0.89245168
 20.100000      0.91277008
 20.200000      0.93251997
 20.300000      0.94873149
 20.400000      0.96292308
 20.500000      0.97427699
 20.600000      0.98313706
 20.700000      0.98650438
 20.800000      0.98775862
 20.900000      0.98517116
 21.000000      0.97724120
 21.100000      0.96556135
 21.200000      0.94823227
 21.300000      0.92843993
 21.400000      0.90308397
 21.500000      0.87280453
 21.600000      0.83879573
 21.700000      0.79936584
 21.800000      0.75520887
 21.900000      0.70495675
 22.000000      0.65175517
 22.100000      0.59397688
 22.200000      0.53416574
 22.300000      0.46902180
 22.400000      0.39908011
 22.500000      0.32347070
 22.600000      0.24491097
 22.700000      0.16406366
 22.800000      0.08217285
 22.900000      0.00087221
 23.000000     -0.07921762
 23.100000     -0.15718162
 23.200000     -0.23388604
 23.300000     -0.30908008
 23.400000     -0.38348033
 23.500000     -0.45487165
 23.600000     -0.52211755
 23.700000     -0.58271077
 23.800000     -0.63946711
 23.900000     -0.69337095
 24.000000     -0.74136314
 24.100000     -0.78493995
 24.200000     -0.82439927
 24.300000     -0.85962948
 24.400000     -0.89203158
 24.500000     -0.91974491
 24.600000     -0.94325466
 24.700000     -0.96270892
 24.800000     -0.97872904
 24.900000     -0.99064803
 25.000000     -0.99673055
 25.100000     -1.00000000
 25.200000     -0.99893687
 25.300000     -0.99434751
 25.400000     -0.98636313
 25.500000     -0.97499917
 25.600000     -0.96025666
 25.700000     -0.94458824
 25.800000     -0.92846185
 25.900000     -0.91221137
 26.000000     -0.89377048
 26.100000     -0.87364142
 26.200000     -0.85213895
 26.300000     -0.83015716
 26.400000     -0.80513908
 26.500000     -0.77852067
 26.600000     -0.75014121
 26.700000     -0.72050168
 26.800000     -0.69043176
 26.900000     -0.66155540
 27.000000     -0.63460725
 27.100000     -0.60744703
 27.200000     -0.57848766
 27.300000     -0.55026555
 27.400000     -0.52227516
 27.500000     -0.49385958
 27.600000     -0.46563739
 27.700000     -0.43745216
 27.800000     -0.40983196
 27.900000     -0.38103714
 28.000000     -0.35299796
 28.100000     -0.32457525
 28.200000     -0.29819247
 28.300000     -0.27458490
 28.400000     -0.25380626
 28.500000     -0.23448923
 28.600000     -0.21615848
 28.700000     -0.19875285
 28.800000     -0.18170096
 28.900000     -0.16568018
 29.000000     -0.15250354
 29.100000     -0.14065386
 29.200000     -0.12952832
 29.300000     -0.11827690
 29.400000     -0.10626170
 29.500000     -0.09320964
 29.600000     -0.07921424
 29.700000     -0.06652492
 29.800000     -0.05414746
 29.900000     -0.04315151
 30.000000     -0.03325783
 30.100000     -0.02555594
 30.200000     -0.01921053
 30.300000     -0.01445375
 30.400000     -0.00973325
 30.500000     -0.00658195
 30.600000     -0.00419187
 30.700000     -0.00142327
 30.800000      0.00002551
 30.900000     -0.00155874
 31.000000     -0.00361569
 31.100000     -0.00644730
 31.200000     -0.00870725
 31.300000     -0.01147618
 31.400000     -0.01493838
 31.500000     -0.01873851
 31.600000     -0.02409699
 31.700000     -0.03169799
 31.800000     -0.03737188
 31.900000     -0.04256760
 32.000000     -0.04646295
 32.100000     -0.05035214
 32.200000     -0.05502020
 32.300000     -0.06073221
 32.400000     -0.06785681
 32.500000     -0.07487354
 32.600000     -0.08043246
 32.700000     -0.08370071
 32.800000     -0.08562833
 32.900000     -0.08740431
 33.000000     -0.08917779
 33.100000     -0.09120849
 33.200000     -0.09135442
 33.300000     -0.08897220
 33.400000     -0.08603732
 33.500000     -0.08197934
 33.600000     -0.07674161
 33.700000     -0.07173779
 33.800000     -0.06785672
 33.900000     -0.06469310
 34.000000     -0.06070945
 34.100000     -0.05701914
 34.200000     -0.05293051
 34.300000     -0.04889743
 34.400000     -0.04667424
 34.500000     -0.04441394
 34.600000     -0.04286609
 34.700000     -0.04205063
 34.800000     -0.04067244
 34.900000     -0.03876578
 35.000000     -0.03610932
 35.100000     -0.03232325
 35.200000     -0.02803346
 35.300000     -0.02361925
 35.400000     -0.01944033
 35.500000     -0.01574045
 35.600000     -0.01240591
 35.700000     -0.01016035
 35.800000     -0.00914755
 35.900000     -0.00867210
 36.000000     -0.00884558
 36.100000     -0.00920103
 36.200000     -0.00895119
 36.300000     -0.00917477
 36.400000     -0.01091689
 36.500000     -0.01288619
 36.600000     -0.01506714
 36.700000     -0.01720821
 36.800000     -0.01969822
 36.900000     -0.02334112
 37.000000     -0.02696021
 37.100000     -0.03118119
 37.200000     -0.03593163
 37.300000     -0.04020752
 37.400000     -0.04369635
 37.500000     -0.04820525
 37.600000     -0.05350538
 37.700000     -0.05889567
 37.800000     -0.06599757
 37.900000     -0.07446799
 38.000000     -0.08293566
 38.100000     -0.09058856
 38.200000     -0.09632123
 38.300000     -0.09986965
 38.400000     -0.10205242
 38.500000     -0.10522474
 38.600000     -0.10836742
 38.700000     -0.11084490
 38.800000     -0.11350459
 38.900000     -0.11596760
 39.000000     -0.11839436
 39.100000     -0.12102828
 39.200000     -0.12337624
 39.300000     -0.12500020
 39.400000     -0.12607976
 39.500000     -0.12652833
 39.600000     -0.12676361
 39.700000     -0.12633327
 39.800000     -0.12547901
 39.900000     -0.12456372
