  0.000000      0.36738007
  0.100000      0.37218964
  0.200000      0.37736324
  0.300000      0.38132473
  0.400000      0.38317081
  0.500000      0.38588463
  0.600000      0.38917092
  0.700000      0.39050874
  0.800000      0.39319059
  0.900000      0.41251389
  1.000000      0.42746261
  1.100000      0.39482112
  1.200000      0.39307969
  1.300000      0.37302876
  1.400000      0.33042239
  1.500000      0.31346057
  1.600000      0.33796336
  1.700000      0.31413195
  1.800000      0.27997462
  1.900000      0.28246143
  2.000000      0.27441723
  2.100000      0.25725330
  2.200000      0.26101190
  2.300000      0.22905087
  2.400000      0.20416646
  2.500000      0.17320650
  2.600000      0.11351798
  2.700000      0.08736141
  2.800000      0.06681460
  2.900000      0.07880924
  3.000000      0.06701142
  3.100000      0.03437906
  3.200000     -0.02297199
  3.300000     -0.04137900
  3.400000     -0.08795286
  3.500000     -0.12802517
  3.600000     -0.12898352
  3.700000     -0.17045933
  3.800000     -0.20012343
  3.900000     -0.18592831
  4.000000     -0.18860889
  4.100000     -0.22067476
  4.200000     -0.20967242
  4.300000     -0.21654123
  4.400000     -0.25734586
  4.500000     -0.25979508
  4.600000     -0.22836596
  4.700000     -0.23354631
  4.800000     -0.28477267
  4.900000     -0.31775205
  5.000000     -0.33607731
  5.100000     -0.40332956
  5.200000     -0.39084271
  5.300000     -0.36372879
  5.400000     -0.40757204
  5.500000     -0.40888377
  5.600000     -0.37187111
  5.700000     -0.38686051
  5.800000     -0.43995247
  5.900000     -0.47048612
  6.000000     -0.53021847
  6.100000     -0.57895789
  6.200000     -0.58353142
  6.300000     -0.59940801
  6.400000     -0.64795149
  6.500000     -0.66595993
  6.600000     -0.65524625
  6.700000     -0.64465284
  6.800000     -0.62136299
  6.900000     -0.60813614
  7.000000     -0.61182437
  7.100000     -0.59440385
  7.200000     -0.59350326
  7.300000     -0.59105893
  7.400000     -0.60451191
  7.500000     -0.65881742
  7.600000     -0.66918789
  7.700000     -0.68175703
  7.800000     -0.69625775
  7.900000     -0.70935989
  8.000000     -0.71978916
  8.100000     -0.72772841
  8.200000     -0.73410142
  8.300000     -0.73941109
  8.400000     -0.74372383
  8.500000     -0.74845643
  8.600000     -0.75603335
  8.700000     -0.76288842
  8.800000     -0.76663668
  8.900000     -0.77068954
  9.000000     -0.77688435
  9.100000     -0.78526140
  9.200000     -0.79565343
  9.300000     -0.80470126
  9.400000     -0.81209162
  9.500000     -0.82209665
  9.600000     -0.83036232
  9.700000     -0.83633164
  9.800000     -0.84502320
  9.900000     -0.85379696
 10.000000     -0.86038690
 10.100000     -0.86889829
 10.200000     -0.87865747
 10.300000     -0.88733987
 10.400000     -0.89429987
 10.500000     -0.90211572
 10.600000     -0.91156995
 10.700000     -0.92070822
 10.800000     -0.92824128
 10.900000     -0.93506945
 11.000000     -0.93876367
 11.100000     -0.93958930
 11.200000     -0.94019119
 11.300000     -0.94024271
 11.400000     -0.93923873
 11.500000     -0.93822579
 11.600000     -0.93465574
 11.700000     -0.92948173
 11.800000     -0.92851265
 11.900000     -0.93208448
 12.000000     -0.93740233
 12.100000     -0.94596218
 12.200000     -0.95377405
 12.300000     -0.95919716
 12.400000     -0.96300262
 12.500000     -0.96257476
 12.600000     -0.96235681
 12.700000     -0.96078271
 12.800000     -0.95349008
 12.900000     -0.94451176
 13.000000     -0.93635426
 13.100000     -0.92844717
 13.200000     -0.91502430
 13.300000     -0.90201169
 13.400000     -0.89327382
 13.500000     -0.88650455
 13.600000     -0.88243832
 13.700000     -0.87912808
 13.800000     -0.87746128
 13.900000     -0.87876188
 14.000000     -0.88151902
 14.100000     -0.88293526
 14.200000     -0.88797714
 14.300000     -0.89367024
 14.400000     -0.89699484
 14.500000     -0.90060834
 14.600000     -0.90409808
 14.700000     -0.90820863
 14.800000     -0.91165510
 14.900000     -0.91546041
 15.000000     -0.91921523
 15.100000     -0.92131764
 15.200000     -0.92131713
 15.300000     -0.92103885
 15.400000     -0.92320258
 15.500000     -0.92845751
 15.600000     -0.93327015
 15.700000     -0.93902955
 15.800000     -0.94674099
 15.900000     -0.95413784
 16.000000     -0.96232230
 16.100000     -0.97189525
 16.200000     -0.98028364
 16.300000     -0.98645666
 16.400000     -0.99234241
 16.500000     -0.99764811
 16.600000     -1.00000000
 16.700000     -0.99747778
 16.800000     -0.99259736
 16.900000     -0.98853909
 17.000000     -0.98438515
 17.100000     -0.97883097
 17.200000     -0.97141626
 17.300000     -0.96275010
 17.400000     -0.95533080
 17.500000     -0.94929363
 17.600000     -0.94455088
 17.700000     -0.94166346
 17.800000     -0.93999548
 17.900000     -0.93762961
 18.000000     -0.93776996
 18.100000     -0.94042422
 18.200000     -0.94012669
 18.300000     -0.93821734
 18.400000     -0.93832911
 18.500000     -0.93861829
 18.600000     -0.93758854
 18.700000     -0.93521754
 18.800000     -0.92888605
 18.900000     -0.92107528
 19.000000     -0.91411492
 19.100000     -0.90708766
 19.200000     -0.89829730
 19.300000     -0.89073849
 19.400000     -0.88544433
 19.500000     -0.88162167
 19.600000     -0.88006781
 19.700000     -0.88078581
 19.800000     -0.88308796
 19.900000     -0.88461754
 20.000000     -0.88562362
 20.100000     -0.88656396
 20.200000     -0.88647353
 20.300000     -0.88651269
 20.400000     -0.88583565
 20.500000     -0.88724621
 20.600000     -0.88840349
 20.700000     -0.88658315
 20.800000     -0.88409869
 20.900000     -0.88274029
 21.000000     -0.87894847
 21.100000     -0.87288811
 21.200000     -0.86781616
 21.300000     -0.86298121
 21.400000     -0.85765678
 21.500000     -0.84945404
 21.600000     -0.84067160
 21.700000     -0.83510695
 21.800000     -0.83126208
 21.900000     -0.82813068
 22.000000     -0.82741850
 22.100000     -0.82950414
 22.200000     -0.83301905
 22.300000     -0.83289567
 22.400000     -0.83107934
 22.500000     -0.82982028
 22.600000     -0.82817626
 22.700000     -0.82438370
 22.800000     -0.81785549
 22.900000     -0.81034402
 23.000000     -0.80324917
 23.100000     -0.79815296
 23.200000     -0.79620346
 23.300000     -0.79683264
 23.400000     -0.79983867
 23.500000     -0.80388778
 23.600000     -0.80894714
 23.700000     -0.81474320
 23.800000     -0.81949815
 23.900000     -0.82161021
 24.000000     -0.82110313
 24.100000     -0.81975025
 24.200000     -0.81856050
 24.300000     -0.81535114
 24.400000     -0.81325717
 24.500000     -0.81407786
 24.600000     -0.81387423
 24.700000     -0.81285893
 24.800000     -0.81312378
 24.900000     -0.81335313
 25.000000     -0.81095657
 25.100000     -0.80809227
 25.200000     -0.80685505
 25.300000     -0.80644479
 25.400000     -0.80305594
 25.500000     -0.79979204
 25.600000     -0.79741864
 25.700000     -0.79524428
 25.800000     -0.79608311
 25.900000     -0.79816565
 26.000000     -0.79972142
 26.100000     -0.79945352
 26.200000     -0.79963534
 26.300000     -0.79981277
 26.400000     -0.79928724
 26.500000     -0.79928299
 26.600000     -0.79954652
 26.700000     -0.79939352
 26.800000     -0.79981142
 26.900000     -0.80094278
 27.000000     -0.80183987
 27.100000     -0.80199415
 27.200000     -0.80200516
 27.300000     -0.80217652
 27.400000     -0.80132109
 27.500000     -0.80006058
 27.600000     -0.79958929
 27.700000     -0.79906280
 27.800000     -0.79868437
 27.900000     -0.79804744
 28.000000     -0.79731591
 28.100000     -0.79664618
 28.200000     -0.79551382
 28.300000     -0.79578157
 28.400000     -0.79538334
 28.500000     -0.79400541
 28.600000     -0.79532072
 28.700000     -0.79605491
 28.800000     -0.79565604
 28.900000     -0.79560734
 29.000000     -0.79574285
 29.100000     -0.79558214
 29.200000     -0.79386650
 29.300000     -0.79208354
 29.400000     -0.79110949
 29.500000     -0.78974458
 29.600000     -0.78784001
 29.700000     -0.78571780
 29.800000     -0.78235651
 29.900000     -0.77898871
 30.000000     -0.77576140
 30.100000     -0.77289071
 30.200000     -0.77161886
 30.300000     -0.77126354
 30.400000     -0.77102951
 30.500000     -0.77065354
 30.600000     -0.77023544
 30.700000     -0.76966243
 30.800000     -0.76930888
 30.900000     -0.76921613
 31.000000     -0.76851355
 31.100000     -0.76741564
 31.200000     -0.76659213
 31.300000     -0.76558034
 31.400000     -0.76423774
 31.500000     -0.76347027
 31.600000     -0.76378003
 31.700000     -0.76450315
 31.800000     -0.76552050
 31.900000     -0.76643513
 32.000000     -0.76800862
 32.100000     -0.76953123
 32.200000     -0.76984001
 32.300000     -0.77048475
 32.400000     -0.77221164
 32.500000     -0.77539343
 32.600000     -0.77782913
 32.700000     -0.77805688
 32.800000     -0.77861008
 32.900000     -0.77776720
 33.000000     -0.77649620
 33.100000     -0.77427458
 33.200000     -0.77272550
 33.300000     -0.77132942
 33.400000     -0.76574909
 33.500000     -0.75819380
 33.600000     -0.75508265
 33.700000     -0.75306960
 33.800000     -0.74731428
 33.900000     -0.74158941
 34.000000     -0.73675934
 34.100000     -0.73199120
 34.200000     -0.72724335
 34.300000     -0.72308917
 34.400000     -0.71854116
 34.500000     -0.71462520
 34.600000     -0.71218230
 34.700000     -0.71002707
 34.800000     -0.70844506
 34.900000     -0.70835879
 35.000000     -0.70852663
 35.100000     -0.70790890
 35.200000     -0.70763571
 35.300000     -0.70874568
 35.400000     -0.71040159
 35.500000     -0.71177454
 35.600000     -0.71357133
 35.700000     -0.71506228
 35.800000     -0.71531679
 35.900000     -0.71575552
 36.000000     -0.71588085
 36.100000     -0.71801082
 36.200000     -0.71929668
 36.300000     -0.71800272
 36.400000     -0.71787486
 36.500000     -0.71760548
 36.600000     -0.71675336
 36.700000     -0.71498819
 36.800000     -0.71441657
 36.900000     -0.71340637
 37.000000     -0.71241973
 37.100000     -0.71288122
 37.200000     -0.71311402
 37.300000     -0.71263557
 37.400000     -0.71147938
 37.500000     -0.71096733
 37.600000     -0.71046604
 37.700000     -0.71059342
 37.800000     -0.71143465
 37.900000     -0.71203027
 38.000000     -0.71219771
 38.100000     -0.71147991
 38.200000     -0.71046669
 38.300000     -0.70898883
 38.400000     -0.70747929
 38.500000     -0.70560627
 38.600000     -0.70298197
 38.700000     -0.70108826
 38.800000     -0.69948154
 38.900000     -0.69738101
 39.000000     -0.69610252
 39.100000     -0.69580789
 39.200000     -0.69583901
 39.300000     -0.69582839
 39.400000     -0.69572555
 39.500000     -0.69664801
 39.600000     -0.69788497
 39.700000     -0.69847086
 39.800000     -0.69897324
 39.900000     -0.69937346
