  0.000000     -0.00228765
  0.100000     -0.00200762
  0.200000     -0.00224633
  0.300000     -0.00280513
  0.400000     -0.00336074
  0.500000     -0.00343518
  0.600000     -0.00363885
  0.700000     -0.00406191
  0.800000     -0.00462874
  0.900000     -0.00553346
  1.000000     -0.00657449
  1.100000     -0.00716357
  1.200000     -0.00745827
  1.300000     -0.00780014
  1.400000     -0.00735327
  1.500000     -0.00652455
  1.600000     -0.00539590
  1.700000     -0.00441987
  1.800000     -0.00392019
  1.900000     -0.00290989
  2.000000     -0.00195128
  2.100000     -0.00120831
  2.200000     -0.00094822
  2.300000     -0.00075311
  2.400000     -0.00080871
  2.500000     -0.00151272
  2.600000     -0.00267178
  2.700000     -0.00484991
  2.800000     -0.00633011
  2.900000     -0.00676338
  3.000000     -0.00813630
  3.100000     -0.00974001
  3.200000     -0.01148068
  3.300000     -0.01359838
  3.400000     -0.01616505
  3.500000     -0.01932896
  3.600000     -0.02312654
  3.700000     -0.02701933
  3.800000     -0.03064191
  3.900000     -0.03539541
  4.000000     -0.04101932
  4.100000     -0.04592083
  4.200000     -0.05050495
  4.300000     -0.05500940
  4.400000     -0.06069825
  4.500000     -0.06708165
  4.600000     -0.07162526
  4.700000     -0.07559215
  4.800000     -0.07999367
  4.900000     -0.08466334
  5.000000     -0.08915365
  5.100000     -0.09420409
  5.200000     -0.09971226
  5.300000     -0.10682745
  5.400000     -0.11350215
  5.500000     -0.11880365
  5.600000     -0.12395148
  5.700000     -0.12844466
  5.800000     -0.13238786
  5.900000     -0.13540480
  6.000000     -0.13757259
  6.100000     -0.13811900
  6.200000     -0.13766874
  6.300000     -0.13582197
  6.400000     -0.13163715
  6.500000     -0.12485583
  6.600000     -0.11640373
  6.700000     -0.10704750
  6.800000     -0.09498971
  6.900000     -0.08003224
  7.000000     -0.06251314
  7.100000     -0.04283422
  7.200000     -0.02029313
  7.300000      0.00644295
  7.400000      0.03762499
  7.500000      0.07422037
  7.600000      0.11602764
  7.700000      0.16378160
  7.800000      0.21700179
  7.900000      0.27611209
  8.000000      0.33889571
  8.100000      0.40442162
  8.200000      0.46980569
  8.300000      0.53781555
  8.400000      0.60754156
  8.500000      0.67492825
  8.600000      0.73870921
  8.700000      0.79920027
  8.800000      0.85439628
  8.900000      0.90027852
  9.000000      0.93631048
  9.100000      0.96445015
  9.200000      0.98494105
  9.300000      0.99719197
  9.400000      1.00000000
  9.500000      0.99558014
  9.600000      0.98429919
  9.700000      0.96480774
  9.800000      0.93903097
  9.900000      0.90771861
 10.000000      0.87194028
 10.100000      0.83325337
 10.200000      0.78986856
 10.300000      0.73717578
 10.400000      0.67519059
 10.500000      0.60369301
 10.600000      0.52651945
 10.700000      0.44551741
 10.800000      0.36452176
 10.900000      0.27847072
 11.000000      0.19431018
 11.100000      0.11361926
 11.200000      0.04202063
 11.300000     -0.01927132
 11.400000     -0.07631587
 11.500000     -0.12892711
 11.600000     -0.17557374
 11.700000     -0.22080881
 11.800000     -0.25755215
 11.900000     -0.28770793
 12.000000     -0.31834112
 12.100000     -0.34501545
 12.200000     -0.36627730
 12.300000     -0.38746332
 12.400000     -0.40420846
 12.500000     -0.41674520
 12.600000     -0.42564673
 12.700000     -0.43022914
 12.800000     -0.43458275
 12.900000     -0.43376450
 13.000000     -0.42853332
 13.100000     -0.42203060
 13.200000     -0.41606508
 13.300000     -0.41168404
 13.400000     -0.40744691
 13.500000     -0.40182515
 13.600000     -0.39364946
 13.700000     -0.38549394
 13.800000     -0.37751602
 13.900000     -0.36753961
 14.000000     -0.35507768
 14.100000     -0.34079802
 14.200000     -0.32579496
 14.300000     -0.31001220
 14.400000     -0.29671501
 14.500000     -0.28620783
 14.600000     -0.27611002
 14.700000     -0.27033514
 14.800000     -0.26206218
 14.900000     -0.24797999
 15.000000     -0.23417914
 15.100000     -0.22243520
 15.200000     -0.20507953
 15.300000     -0.18861749
 15.400000     -0.17903453
 15.500000     -0.17461351
 15.600000     -0.16713861
 15.700000     -0.16020912
 15.800000     -0.15448545
 15.900000     -0.15044129
 16.000000     -0.14652577
 16.100000     -0.14345280
 16.200000     -0.14254446
 16.300000     -0.14078396
 16.400000     -0.14029875
 16.500000     -0.13980880
 16.600000     -0.13614044
 16.700000     -0.12891611
 16.800000     -0.12088703
 16.900000     -0.11273179
 17.000000     -0.10471131
 17.100000     -0.09678122
 17.200000     -0.08975232
 17.300000     -0.08296708
 17.400000     -0.07930240
 17.500000     -0.07999460
 17.600000     -0.07889994
 17.700000     -0.07741053
 17.800000     -0.07537459
 17.900000     -0.07254728
 18.000000     -0.06928700
 18.100000     -0.06611276
 18.200000     -0.06274438
 18.300000     -0.06189681
 18.400000     -0.05820731
 18.500000     -0.05417261
 18.600000     -0.05244247
 18.700000     -0.05309715
 18.800000     -0.05792259
 18.900000     -0.06145776
 19.000000     -0.06286001
 19.100000     -0.06250422
 19.200000     -0.06178186
 19.300000     -0.06046916
 19.400000     -0.05987890
 19.500000     -0.06017493
 19.600000     -0.06145151
 19.700000     -0.06262900
 19.800000     -0.06298153
 19.900000     -0.06358607
 20.000000     -0.06468368
 20.100000     -0.06493013
 20.200000     -0.06445545
 20.300000     -0.06492119
 20.400000     -0.06324325
 20.500000     -0.06032375
 20.600000     -0.06071438
 20.700000     -0.06287310
 20.800000     -0.06418380
 20.900000     -0.06390813
 21.000000     -0.06047894
 21.100000     -0.05744859
 21.200000     -0.05498728
 21.300000     -0.05262587
 21.400000     -0.05153259
 21.500000     -0.05086982
 21.600000     -0.05082978
 21.700000     -0.05029306
 21.800000     -0.04902353
 21.900000     -0.04597000
 22.000000     -0.04205625
 22.100000     -0.03872012
 22.200000     -0.03660579
 22.300000     -0.03551460
 22.400000     -0.03605907
 22.500000     -0.03871242
 22.600000     -0.04163886
 22.700000     -0.04396424
 22.800000     -0.04609320
 22.900000     -0.04748375
 23.000000     -0.04805797
 23.100000     -0.04818141
 23.200000     -0.04944592
 23.300000     -0.05218610
 23.400000     -0.05321727
 23.500000     -0.05496795
 23.600000     -0.05526886
 23.700000     -0.05522628
 23.800000     -0.05645227
 23.900000     -0.05710199
 24.000000     -0.05741298
 24.100000     -0.05701656
 24.200000     -0.05714129
 24.300000     -0.05619116
 24.400000     -0.05407215
 24.500000     -0.05244818
 24.600000     -0.04942668
 24.700000     -0.04603364
 24.800000     -0.04239595
 24.900000     -0.03998331
 25.000000     -0.03952386
 25.100000     -0.04263428
 25.200000     -0.04662543
 25.300000     -0.04693231
 25.400000     -0.04875007
 25.500000     -0.05112694
 25.600000     -0.05393200
 25.700000     -0.05339055
 25.800000     -0.05282474
 25.900000     -0.05224545
 26.000000     -0.05139119
 26.100000     -0.04988909
 26.200000     -0.04784509
 26.300000     -0.04479264
 26.400000     -0.04181319
 26.500000     -0.03926338
 26.600000     -0.03748771
 26.700000     -0.03594623
 26.800000     -0.03573133
 26.900000     -0.03544393
 27.000000     -0.03567271
 27.100000     -0.03710663
 27.200000     -0.03822868
 27.300000     -0.03957752
 27.400000     -0.03990719
 27.500000     -0.03832053
 27.600000     -0.03543544
 27.700000     -0.03197050
 27.800000     -0.02764134
 27.900000     -0.02435556
 28.000000     -0.02234608
 28.100000     -0.02071999
 28.200000     -0.01878612
 28.300000     -0.01703306
 28.400000     -0.01551287
 28.500000     -0.01613087
 28.600000     -0.01572183
 28.700000     -0.01476982
 28.800000     -0.01361737
 28.900000     -0.01263856
 29.000000     -0.01378842
 29.100000     -0.01420281
 29.200000     -0.01380922
 29.300000     -0.01419248
 29.400000     -0.01430313
 29.500000     -0.01425452
 29.600000     -0.01393622
 29.700000     -0.01388782
 29.800000     -0.01444028
 29.900000     -0.01446278
 30.000000     -0.01332869
 30.100000     -0.01275816
 30.200000     -0.01247618
 30.300000     -0.01295543
 30.400000     -0.01346582
 30.500000     -0.01412805
 30.600000     -0.01599923
 30.700000     -0.01735520
 30.800000     -0.01896599
 30.900000     -0.02007259
 31.000000     -0.02035789
 31.100000     -0.02132260
 31.200000     -0.02301258
 31.300000     -0.02530111
 31.400000     -0.02721616
 31.500000     -0.02871793
 31.600000     -0.02981760
 31.700000     -0.03066928
 31.800000     -0.03122606
 31.900000     -0.03155007
 32.000000     -0.03167004
 32.100000     -0.03144705
 32.200000     -0.03080964
 32.300000     -0.02906927
 32.400000     -0.02622416
 32.500000     -0.02420041
 32.600000     -0.02139429
 32.700000     -0.01758116
 32.800000     -0.01410843
 32.900000     -0.01198909
 33.000000     -0.00977569
 33.100000     -0.00839651
 33.200000     -0.00744343
 33.300000     -0.00722545
 33.400000     -0.00680941
 33.500000     -0.00723546
 33.600000     -0.00761663
 33.700000     -0.00757940
 33.800000     -0.00856077
 33.900000     -0.01222299
 34.000000     -0.01655697
 34.100000     -0.02028597
 34.200000     -0.02368943
 34.300000     -0.02641174
 34.400000     -0.02834181
 34.500000     -0.02908070
 34.600000     -0.03005620
 34.700000     -0.03100161
 34.800000     -0.03219758
 34.900000     -0.03371577
 35.000000     -0.03492084
 35.100000     -0.03584579
 35.200000     -0.03598749
 35.300000     -0.03567526
 35.400000     -0.03611489
 35.500000     -0.03668925
 35.600000     -0.03695914
 35.700000     -0.03729339
 35.800000     -0.03823880
 35.900000     -0.03864642
 36.000000     -0.03895218
 36.100000     -0.03921678
 36.200000     -0.03990077
 36.300000     -0.04016065
 36.400000     -0.04079598
 36.500000     -0.04146084
 36.600000     -0.04288309
 36.700000     -0.04388187
 36.800000     -0.04424507
 36.900000     -0.04501064
 37.000000     -0.04598622
 37.100000     -0.04627051
 37.200000     -0.04626533
 37.300000     -0.04637870
 37.400000     -0.04695510
 37.500000     -0.04647090
 37.600000     -0.04620999
 37.700000     -0.04595393
 37.800000     -0.04566580
 37.900000     -0.04483092
 38.000000     -0.04387154
 38.100000     -0.04411130
 38.200000     -0.04340723
 38.300000     -0.04159308
 38.400000     -0.04014106
 38.500000     -0.04001972
 38.600000     -0.04011728
 38.700000     -0.04050874
 38.800000     -0.04132034
 38.900000     -0.04253500
 39.000000     -0.04398648
 39.100000     -0.04533914
 39.200000     -0.04694587
 39.300000     -0.04835292
 39.400000     -0.04958225
 39.500000     -0.05074209
 39.600000     -0.05153742
 39.700000     -0.05231295
 39.800000     -0.05343370
 39.900000     -0.05473447
