  0.000000      0.07056933
  0.100000      0.06669327
  0.200000      0.06290864
  0.300000      0.05976466
  0.400000      0.05636229
  0.500000      0.05314757
  0.600000      0.05022974
  0.700000      0.04729667
  0.800000      0.04354939
  0.900000      0.03922515
  1.000000      0.03468000
  1.100000      0.03179264
  1.200000      0.02856117
  1.300000      0.02544847
  1.400000      0.02287510
  1.500000      0.01960043
  1.600000      0.01618730
  1.700000      0.01370782
  1.800000      0.01134664
  1.900000      0.00859060
  2.000000      0.00608878
  2.100000      0.00360682
  2.200000      0.00091935
  2.300000     -0.00163551
  2.400000     -0.00412582
  2.500000     -0.00688219
  2.600000     -0.01028958
  2.700000     -0.01334058
  2.800000     -0.01581216
  2.900000     -0.01945076
  3.000000     -0.02307938
  3.100000     -0.02616689
  3.200000     -0.02871021
  3.300000     -0.03296492
  3.400000     -0.03803329
  3.500000     -0.04189148
  3.600000     -0.04659041
  3.700000     -0.05219790
  3.800000     -0.05676177
  3.900000     -0.06246464
  4.000000     -0.06798624
  4.100000     -0.07308232
  4.200000     -0.07996334
  4.300000     -0.08640142
  4.400000     -0.09166718
  4.500000     -0.10060876
  4.600000     -0.10101624
  4.700000     -0.10823095
  4.800000     -0.11511531
  4.900000     -0.12201478
  5.000000     -0.12922186
  5.100000     -0.13678565
  5.200000     -0.14515517
  5.300000     -0.15284905
  5.400000     -0.16007990
  5.500000     -0.17294768
  5.600000     -0.17498180
  5.700000     -0.18203012
  5.800000     -0.19314447
  5.900000     -0.20096608
  6.000000     -0.21101615
  6.100000     -0.22158285
  6.200000     -0.23192660
  6.300000     -0.24388468
  6.400000     -0.25633267
  6.500000     -0.26575304
  6.600000     -0.27544119
  6.700000     -0.28477627
  6.800000     -0.29467592
  6.900000     -0.30373288
  7.000000     -0.31109746
  7.100000     -0.31807750
  7.200000     -0.32561568
  7.300000     -0.33347934
  7.400000     -0.34047988
  7.500000     -0.34968452
  7.600000     -0.35023871
  7.700000     -0.35473377
  7.800000     -0.35844783
  7.900000     -0.36123305
  8.000000     -0.36293761
  8.100000     -0.36390961
  8.200000     -0.36480610
  8.300000     -0.36507747
  8.400000     -0.36375711
  8.500000     -0.36060684
  8.600000     -0.35506212
  8.700000     -0.35071854
  8.800000     -0.34657073
  8.900000     -0.33930915
  9.000000     -0.32970299
  9.100000     -0.32167002
  9.200000     -0.31454504
  9.300000     -0.30549480
  9.400000     -0.29540534
  9.500000     -0.28359854
  9.600000     -0.27163234
  9.700000     -0.25794131
  9.800000     -0.24314747
  9.900000     -0.22736900
 10.000000     -0.20972024
 10.100000     -0.18976879
 10.200000     -0.16863635
 10.300000     -0.14428922
 10.400000     -0.11928873
 10.500000     -0.09142449
 10.600000     -0.05973573
 10.700000     -0.02690906
 10.800000      0.00935946
 10.900000      0.04823738
 11.000000      0.08943440
 11.100000      0.13214581
 11.200000      0.17559712
 11.300000      0.22223167
 11.400000      0.27118149
 11.500000      0.32089093
 11.600000      0.37166767
 11.700000      0.42451795
 11.800000      0.47827592
 11.900000      0.52918198
 12.000000      0.58151034
 12.100000      0.63194466
 12.200000      0.68052225
 12.300000      0.72703048
 12.400000      0.77113247
 12.500000      0.81062757
 12.600000      0.84637305
 12.700000      0.87799723
 12.800000      0.90724776
 12.900000      0.93368158
 13.000000      0.95511111
 13.100000      0.97143683
 13.200000      0.98455377
 13.300000      0.99368982
 13.400000      0.99846314
 13.500000      1.00000000
 13.600000      0.99597817
 13.700000      0.98779489
 13.800000      0.97723892
 13.900000      0.96102010
 14.000000      0.94150394
 14.100000      0.91902455
 14.200000      0.89240274
 14.300000      0.86107819
 14.400000      0.82428717
 14.500000      0.78506439
 14.600000      0.74148741
 14.700000      0.69324633
 14.800000      0.64342777
 14.900000      0.59154232
 15.000000      0.53757347
 15.100000      0.48032127
 15.200000      0.42201053
 15.300000      0.36271620
 15.400000      0.30221487
 15.500000      0.24204722
 15.600000      0.18313560
 15.700000      0.12570968
 15.800000      0.07241955
 15.900000      0.01974603
 16.000000     -0.02949948
 16.100000     -0.07548632
 16.200000     -0.11810448
 16.300000     -0.15714354
 16.400000     -0.19333363
 16.500000     -0.22754235
 16.600000     -0.25843291
 16.700000     -0.28676360
 16.800000     -0.31306312
 16.900000     -0.33498143
 17.000000     -0.35278099
 17.100000     -0.36911675
 17.200000     -0.38330556
 17.300000     -0.39314132
 17.400000     -0.40104281
 17.500000     -0.40855826
 17.600000     -0.41308322
 17.700000     -0.41656161
 17.800000     -0.42026319
 17.900000     -0.42190072
 18.000000     -0.42159098
 18.100000     -0.42077930
 18.200000     -0.41674074
 18.300000     -0.41271519
 18.400000     -0.40937551
 18.500000     -0.40358014
 18.600000     -0.39758241
 18.700000     -0.39314742
 18.800000     -0.38700114
 18.900000     -0.38104236
 19.000000     -0.37551646
 19.100000     -0.37023501
 19.200000     -0.36397684
 19.300000     -0.35732592
 19.400000     -0.35035835
 19.500000     -0.34433368
 19.600000     -0.33638449
 19.700000     -0.33065807
 19.800000     -0.32483320
 19.900000     -0.32014952
 20.000000     -0.31595190
 20.100000     -0.31290480
 20.200000     -0.30843676
 20.300000     -0.30375895
 20.400000     -0.30007970
 20.500000     -0.29673849
 20.600000     -0.29218360
 20.700000     -0.28646243
 20.800000     -0.28169234
 20.900000     -0.27697838
 21.000000     -0.27110290
 21.100000     -0.26684503
 21.200000     -0.26205727
 21.300000     -0.25682399
 21.400000     -0.25255609
 21.500000     -0.24778840
 21.600000     -0.24309640
 21.700000     -0.23889932
 21.800000     -0.23340570
 21.900000     -0.22739850
 22.000000     -0.22202153
 22.100000     -0.21645287
 22.200000     -0.21194370
 22.300000     -0.20650322
 22.400000     -0.20113583
 22.500000     -0.19541254
 22.600000     -0.19083546
 22.700000     -0.18602272
 22.800000     -0.18016574
 22.900000     -0.17491294
 23.000000     -0.16914023
 23.100000     -0.16349352
 23.200000     -0.15661905
 23.300000     -0.15073388
 23.400000     -0.14654295
 23.500000     -0.14039580
 23.600000     -0.13513439
 23.700000     -0.12963426
 23.800000     -0.12405057
 23.900000     -0.11903646
 24.000000     -0.11434500
 24.100000     -0.10927612
 24.200000     -0.10467130
 24.300000     -0.09884295
 24.400000     -0.09412101
 24.500000     -0.08957409
 24.600000     -0.08520892
 24.700000     -0.08076899
 24.800000     -0.07596677
 24.900000     -0.07148658
 25.000000     -0.06666793
 25.100000     -0.06239996
 25.200000     -0.05889830
 25.300000     -0.05457827
 25.400000     -0.05105885
 25.500000     -0.04845833
 25.600000     -0.04631637
 25.700000     -0.04518226
 25.800000     -0.04265149
 25.900000     -0.04006487
 26.000000     -0.03900503
 26.100000     -0.03709521
 26.200000     -0.03486206
 26.300000     -0.03415177
 26.400000     -0.03402700
 26.500000     -0.03381874
 26.600000     -0.03316109
 26.700000     -0.03337749
 26.800000     -0.03401757
 26.900000     -0.03412853
 27.000000     -0.03408508
 27.100000     -0.03432600
 27.200000     -0.03533535
 27.300000     -0.03544334
 27.400000     -0.03563790
 27.500000     -0.03541222
 27.600000     -0.03629516
 27.700000     -0.03679464
 27.800000     -0.03572554
 27.900000     -0.03582374
 28.000000     -0.03572636
 28.100000     -0.03589602
 28.200000     -0.03599803
 28.300000     -0.03589046
 28.400000     -0.03676142
 28.500000     -0.03730103
 28.600000     -0.03751193
 28.700000     -0.03810278
 28.800000     -0.03867921
 28.900000     -0.04008459
 29.000000     -0.04123561
 29.100000     -0.04210177
 29.200000     -0.04287021
 29.300000     -0.04301620
 29.400000     -0.04408721
 29.500000     -0.04380798
 29.600000     -0.04302381
 29.700000     -0.04330314
 29.800000     -0.04339833
 29.900000     -0.04296060
 30.000000     -0.04238431
 30.100000     -0.04271038
 30.200000     -0.04315312
 30.300000     -0.04403516
 30.400000     -0.04507993
 30.500000     -0.04634719
 30.600000     -0.04778291
 30.700000     -0.04776850
 30.800000     -0.04782114
 30.900000     -0.04853469
 31.000000     -0.04946079
 31.100000     -0.04877122
 31.200000     -0.04783780
 31.300000     -0.04747677
 31.400000     -0.04732820
 31.500000     -0.04773659
 31.600000     -0.04710488
 31.700000     -0.04631808
 31.800000     -0.04624635
 31.900000     -0.04493685
 32.000000     -0.04316198
 32.100000     -0.04142837
 32.200000     -0.03957985
 32.300000     -0.03731858
 32.400000     -0.03415948
 32.500000     -0.03200276
 32.600000     -0.03043149
 32.700000     -0.02750445
 32.800000     -0.02429055
 32.900000     -0.02070096
 33.000000     -0.01696525
 33.100000     -0.01271304
 33.200000     -0.00826636
 33.300000     -0.00410159
 33.400000      0.00089379
 33.500000      0.00535412
 33.600000      0.00956780
 33.700000      0.01332348
 33.800000      0.01629097
 33.900000      0.01891574
 34.000000      0.02199910
 34.100000      0.02558565
 34.200000      0.02946272
 34.300000      0.03240339
 34.400000      0.03530570
 34.500000      0.03715516
 34.600000      0.03895260
 34.700000      0.04092991
 34.800000      0.04293512
 34.900000      0.04445750
 35.000000      0.04529993
 35.100000      0.04549669
 35.200000      0.04651148
 35.300000      0.04754346
 35.400000      0.04748522
 35.500000      0.04727732
 35.600000      0.04838807
 35.700000      0.04887726
 35.800000      0.04861414
 35.900000      0.04798401
 36.000000      0.04721948
 36.100000      0.04653985
 36.200000      0.04644805
 36.300000      0.04548731
 36.400000      0.04512777
 36.500000      0.04572522
 36.600000      0.04660894
 36.700000      0.04660503
 36.800000      0.04602237
 36.900000      0.04529356
 37.000000      0.04505724
 37.100000      0.04499144
 37.200000      0.04470025
 37.300000      0.04439467
 37.400000      0.04397159
 37.500000      0.04378624
 37.600000      0.04349914
 37.700000      0.04315461
 37.800000      0.04318108
 37.900000      0.04260346
 38.000000      0.04218781
 38.100000      0.04202013
 38.200000      0.04195027
 38.300000      0.04095422
 38.400000      0.03984382
 38.500000      0.03889179
 38.600000      0.03858511
 38.700000      0.03887433
 38.800000      0.03845536
 38.900000      0.03812502
 39.000000      0.03919590
 39.100000      0.04060045
 39.200000      0.04150462
 39.300000      0.04243166
 39.400000      0.04284834
 39.500000      0.04356376
 39.600000      0.04418991
 39.700000      0.04433138
 39.800000      0.04461094
 39.900000      0.04640297
