  0.000000      0.00822593
  0.100000      0.00749667
  0.200000      0.00676526
  0.300000      0.00594723
  0.400000      0.00512779
  0.500000      0.00438529
  0.600000      0.00371438
  0.700000      0.00304459
  0.800000      0.00233470
  0.900000      0.00178463
  1.000000      0.00125190
  1.100000      0.00104355
  1.200000      0.00109294
  1.300000      0.00127134
  1.400000      0.00169787
  1.500000      0.00216893
  1.600000      0.00268840
  1.700000      0.00316675
  1.800000      0.00358131
  1.900000      0.00401024
  2.000000      0.00441112
  2.100000      0.00490765
  2.200000      0.00539736
  2.300000      0.00602128
  2.400000      0.00691029
  2.500000      0.00799270
  2.600000      0.00921471
  2.700000      0.01083602
  2.800000      0.01279928
  2.900000      0.01480070
  3.000000      0.01659561
  3.100000      0.01840492
  3.200000      0.02016761
  3.300000      0.02189176
  3.400000      0.02354651
  3.500000      0.02508749
  3.600000      0.02670253
  3.700000      0.02827817
  3.800000      0.02965397
  3.900000      0.03097481
  4.000000      0.03232053
  4.100000      0.03379473
  4.200000      0.03516264
  4.300000      0.03659495
  4.400000      0.03792418
  4.500000      0.03901409
  4.600000      0.03973457
  4.700000      0.04013553
  4.800000      0.04061600
  4.900000      0.04071440
  5.000000      0.04040774
  5.100000      0.03998956
  5.200000      0.03928955
  5.300000      0.03801695
  5.400000      0.03591260
  5.500000      0.03329428
  5.600000      0.03013587
  5.700000      0.02649017
  5.800000      0.02266480
  5.900000      0.01892835
  6.000000      0.01538600
  6.100000      0.01181188
  6.200000      0.00863449
  6.300000      0.00581098
  6.400000      0.00334832
  6.500000      0.00107845
  6.600000     -0.00099739
  6.700000     -0.00292353
  6.800000     -0.00471585
  6.900000     -0.00594405
  7.000000     -0.00644011
  7.100000     -0.00601179
  7.200000     -0.00476887
  7.300000     -0.00285571
  7.400000     -0.00073237
  7.500000      0.00156304
  7.600000      0.00352965
  7.700000      0.00491777
  7.800000      0.00486343
  7.900000      0.00365337
  8.000000      0.00186145
  8.100000     -0.00013113
  8.200000     -0.00193963
  8.300000     -0.00364089
  8.400000     -0.00509752
  8.500000     -0.00654016
  8.600000     -0.00806559
  8.700000     -0.00981661
  8.800000     -0.01184512
  8.900000     -0.01369397
  9.000000     -0.01523164
  9.100000     -0.01628098
  9.200000     -0.01701567
  9.300000     -0.01757755
  9.400000     -0.01827554
  9.500000     -0.01939936
  9.600000     -0.02084246
  9.700000     -0.02263823
  9.800000     -0.02532762
  9.900000     -0.02865674
 10.000000     -0.03301646
 10.100000     -0.03827070
 10.200000     -0.04386191
 10.300000     -0.04943429
 10.400000     -0.05482681
 10.500000     -0.05999657
 10.600000     -0.06518337
 10.700000     -0.07082124
 10.800000     -0.07643019
 10.900000     -0.08154121
 11.000000     -0.08648605
 11.100000     -0.09058543
 11.200000     -0.09318171
 11.300000     -0.09456437
 11.400000     -0.09510507
 11.500000     -0.09409298
 11.600000     -0.09475585
 11.700000     -0.09654826
 11.800000     -0.09785097
 11.900000     -0.09929078
 12.000000     -0.09952676
 12.100000     -0.09768571
 12.200000     -0.09667467
 12.300000     -0.09463927
 12.400000     -0.09098957
 12.500000     -0.08769010
 12.600000     -0.08560288
 12.700000     -0.08242884
 12.800000     -0.07842392
 12.900000     -0.07386998
 13.000000     -0.06541782
 13.100000     -0.05443644
 13.200000     -0.03675816
 13.300000     -0.01388598
 13.400000      0.00923152
 13.500000      0.03174706
 13.600000      0.05342116
 13.700000      0.07597302
 13.800000      0.10183438
 13.900000      0.13451473
 14.000000      0.17468422
 14.100000      0.22045079
 14.200000      0.27133328
 14.300000      0.32517243
 14.400000      0.38122424
 14.500000      0.43862096
 14.600000      0.49616845
 14.700000      0.55217964
 14.800000      0.60650679
 14.900000      0.65707987
 15.000000      0.70682883
 15.100000      0.75787831
 15.200000      0.80674904
 15.300000      0.85169601
 15.400000      0.89413810
 15.500000      0.93030529
 15.600000      0.95833165
 15.700000      0.98095890
 15.800000      0.99570523
 15.900000      1.00000000
 16.000000      0.99712268
 16.100000      0.98974860
 16.200000      0.97821197
 16.300000      0.96249805
 16.400000      0.94452914
 16.500000      0.92466489
 16.600000      0.90061314
 16.700000      0.86992271
 16.800000      0.83461559
 16.900000      0.79247188
 17.000000      0.74217743
 17.100000      0.68754457
 17.200000      0.63085005
 17.300000      0.57249823
 17.400000      0.51270669
 17.500000      0.45323542
 17.600000      0.39450455
 17.700000      0.33677602
 17.800000      0.28055018
 17.900000      0.22726690
 18.000000      0.17720776
 18.100000      0.13272121
 18.200000      0.09358135
 18.300000      0.05884315
 18.400000      0.02878893
 18.500000      0.00311537
 18.600000     -0.01866651
 18.700000     -0.03826008
 18.800000     -0.05650337
 18.900000     -0.07334966
 19.000000     -0.08846016
 19.100000     -0.10170131
 19.200000     -0.11361654
 19.300000     -0.12411258
 19.400000     -0.13284947
 19.500000     -0.14010560
 19.600000     -0.14595995
 19.700000     -0.15039366
 19.800000     -0.15313799
 19.900000     -0.15356612
 20.000000     -0.15171094
 20.100000     -0.14874204
 20.200000     -0.14546577
 20.300000     -0.14299956
 20.400000     -0.14132269
 20.500000     -0.14034812
 20.600000     -0.14028948
 20.700000     -0.14063200
 20.800000     -0.13992883
 20.900000     -0.13785495
 21.000000     -0.13460824
 21.100000     -0.13052889
 21.200000     -0.12591168
 21.300000     -0.12167082
 21.400000     -0.11835271
 21.500000     -0.11591103
 21.600000     -0.11363644
 21.700000     -0.11120925
 21.800000     -0.10874440
 21.900000     -0.10683698
 22.000000     -0.10549839
 22.100000     -0.10467912
 22.200000     -0.10382843
 22.300000     -0.10267673
 22.400000     -0.10088256
 22.500000     -0.09814364
 22.600000     -0.09442069
 22.700000     -0.09010413
 22.800000     -0.08607392
 22.900000     -0.08316239
 23.000000     -0.08177189
 23.100000     -0.08209227
 23.200000     -0.08373070
 23.300000     -0.08629703
 23.400000     -0.08888467
 23.500000     -0.09094309
 23.600000     -0.09196506
 23.700000     -0.09253239
 23.800000     -0.09270791
 23.900000     -0.09263116
 24.000000     -0.09240007
 24.100000     -0.09186263
 24.200000     -0.09130600
 24.300000     -0.09073022
 24.400000     -0.09043359
 24.500000     -0.09045206
 24.600000     -0.09086500
 24.700000     -0.09202435
 24.800000     -0.09350130
 24.900000     -0.09476778
 25.000000     -0.09554071
 25.100000     -0.09599154
 25.200000     -0.09634729
 25.300000     -0.09648991
 25.400000     -0.09695473
 25.500000     -0.09845252
 25.600000     -0.10035321
 25.700000     -0.10182101
 25.800000     -0.10268526
 25.900000     -0.10261429
 26.000000     -0.10127611
 26.100000     -0.09901398
 26.200000     -0.09678799
 26.300000     -0.09503458
 26.400000     -0.09434199
 26.500000     -0.09430733
 26.600000     -0.09447426
 26.700000     -0.09472988
 26.800000     -0.09524496
 26.900000     -0.09650149
 27.000000     -0.09815676
 27.100000     -0.10030614
 27.200000     -0.10295478
 27.300000     -0.10569809
 27.400000     -0.10809784
 27.500000     -0.10912296
 27.600000     -0.10802846
 27.700000     -0.10492467
 27.800000     -0.10032462
 27.900000     -0.09526400
 28.000000     -0.09020646
 28.100000     -0.08521032
 28.200000     -0.08061101
 28.300000     -0.07685943
 28.400000     -0.07365254
 28.500000     -0.07114143
 28.600000     -0.06954171
 28.700000     -0.06847753
 28.800000     -0.06781478
 28.900000     -0.06746647
 29.000000     -0.06785898
 29.100000     -0.06904422
 29.200000     -0.07043950
 29.300000     -0.07186219
 29.400000     -0.07303067
 29.500000     -0.07417048
 29.600000     -0.07520976
 29.700000     -0.07635295
 29.800000     -0.07747327
 29.900000     -0.07801342
 30.000000     -0.07762048
 30.100000     -0.07659387
 30.200000     -0.07526412
 30.300000     -0.07419660
 30.400000     -0.07341448
 30.500000     -0.07313077
 30.600000     -0.07340178
 30.700000     -0.07391776
 30.800000     -0.07433356
 30.900000     -0.07401211
 31.000000     -0.07331169
 31.100000     -0.07209662
 31.200000     -0.07083296
 31.300000     -0.06984862
 31.400000     -0.06985431
 31.500000     -0.07064444
 31.600000     -0.07174819
 31.700000     -0.07271170
 31.800000     -0.07330818
 31.900000     -0.07360900
 32.000000     -0.07362603
 32.100000     -0.07340380
 32.200000     -0.07363574
 32.300000     -0.07437662
 32.400000     -0.07508190
 32.500000     -0.07551376
 32.600000     -0.07593236
 32.700000     -0.07662826
 32.800000     -0.07719032
 32.900000     -0.07781096
 33.000000     -0.07806248
 33.100000     -0.07824216
 33.200000     -0.07833037
 33.300000     -0.07843950
 33.400000     -0.07842576
 33.500000     -0.07813720
 33.600000     -0.07770102
 33.700000     -0.07730556
 33.800000     -0.07700569
 33.900000     -0.07684551
 34.000000     -0.07685105
 34.100000     -0.07665809
 34.200000     -0.07639745
 34.300000     -0.07616001
 34.400000     -0.07610853
 34.500000     -0.07616473
 34.600000     -0.07628998
 34.700000     -0.07652764
 34.800000     -0.07696930
 34.900000     -0.07763321
 35.000000     -0.07845607
 35.100000     -0.07939315
 35.200000     -0.08032843
 35.300000     -0.08124939
 35.400000     -0.08209588
 35.500000     -0.08281161
 35.600000     -0.08340065
 35.700000     -0.08364674
 35.800000     -0.08371297
 35.900000     -0.08375189
 36.000000     -0.08366960
 36.100000     -0.08355847
 36.200000     -0.08354606
 36.300000     -0.08388294
 36.400000     -0.08448411
 36.500000     -0.08542864
 36.600000     -0.08630864
 36.700000     -0.08728130
 36.800000     -0.08832825
 36.900000     -0.08943076
 37.000000     -0.09061369
 37.100000     -0.09180988
 37.200000     -0.09289867
 37.300000     -0.09388127
 37.400000     -0.09477507
 37.500000     -0.09545258
 37.600000     -0.09600420
 37.700000     -0.09620345
 37.800000     -0.09629152
 37.900000     -0.09625530
 38.000000     -0.09614543
 38.100000     -0.09600018
 38.200000     -0.09557038
 38.300000     -0.09508995
 38.400000     -0.09454163
 38.500000     -0.09425157
 38.600000     -0.09417303
 38.700000     -0.09436739
 38.800000     -0.09479780
 38.900000     -0.09539868
 39.000000     -0.09631880
 39.100000     -0.09722660
 39.200000     -0.09815127
 39.300000     -0.09909161
 39.400000     -0.10001531
 39.500000     -0.10095777
 39.600000     -0.10206055
 39.700000     -0.10327275
 39.800000     -0.10462714
 39.900000     -0.10602934
