  0.000000     -0.06709895
  0.100000     -0.06700958
  0.200000     -0.06692022
  0.300000     -0.06684205
  0.400000     -0.06676622
  0.500000     -0.06676654
  0.600000     -0.06689286
  0.700000     -0.06684377
  0.800000     -0.06679205
  0.900000     -0.06673883
  1.000000     -0.06668614
  1.100000     -0.06663237
  1.200000     -0.06657478
  1.300000     -0.06663429
  1.400000     -0.06721942
  1.500000     -0.06718299
  1.600000     -0.06715213
  1.700000     -0.06695628
  1.800000     -0.06709171
  1.900000     -0.06710925
  2.000000     -0.06711879
  2.100000     -0.06714292
  2.200000     -0.06717169
  2.300000     -0.06719348
  2.400000     -0.06724263
  2.500000     -0.06741750
  2.600000     -0.06767530
  2.700000     -0.06771167
  2.800000     -0.06775548
  2.900000     -0.06780985
  3.000000     -0.06787465
  3.100000     -0.06845576
  3.200000     -0.06860990
  3.300000     -0.06870910
  3.400000     -0.06888400
  3.500000     -0.06898783
  3.600000     -0.06931939
  3.700000     -0.06976574
  3.800000     -0.06986450
  3.900000     -0.06996813
  4.000000     -0.07008182
  4.100000     -0.07070302
  4.200000     -0.07083589
  4.300000     -0.07101792
  4.400000     -0.07121286
  4.500000     -0.07141974
  4.600000     -0.07163460
  4.700000     -0.07202526
  4.800000     -0.07271448
  4.900000     -0.07298388
  5.000000     -0.07326099
  5.100000     -0.07354782
  5.200000     -0.07384041
  5.300000     -0.07414244
  5.400000     -0.07445509
  5.500000     -0.07477943
  5.600000     -0.07512681
  5.700000     -0.07548204
  5.800000     -0.07586086
  5.900000     -0.07626406
  6.000000     -0.07691967
  6.100000     -0.07787411
  6.200000     -0.07834647
  6.300000     -0.07884216
  6.400000     -0.07936201
  6.500000     -0.07990632
  6.600000     -0.08048168
  6.700000     -0.08109056
  6.800000     -0.08173586
  6.900000     -0.08242296
  7.000000     -0.08314541
  7.100000     -0.08390823
  7.200000     -0.08471534
  7.300000     -0.08557244
  7.400000     -0.08647814
  7.500000     -0.08759499
  7.600000     -0.09081729
  7.700000     -0.09202083
  7.800000     -0.09318975
  7.900000     -0.09442192
  8.000000     -0.09572264
  8.100000     -0.09709112
  8.200000     -0.09827409
  8.300000     -0.09963331
  8.400000     -0.10122395
  8.500000     -0.10287947
  8.600000     -0.10460015
  8.700000     -0.10638966
  8.800000     -0.10824855
  8.900000     -0.11016480
  9.000000     -0.11214047
  9.100000     -0.11418123
  9.200000     -0.11627970
  9.300000     -0.11843121
  9.400000     -0.12063238
  9.500000     -0.12287938
  9.600000     -0.12516544
  9.700000     -0.12748337
  9.800000     -0.12983336
  9.900000     -0.13221041
 10.000000     -0.13460227
 10.100000     -0.13701135
 10.200000     -0.13943191
 10.300000     -0.14185335
 10.400000     -0.14426176
 10.500000     -0.14663788
 10.600000     -0.14897078
 10.700000     -0.15124898
 10.800000     -0.15346867
 10.900000     -0.15561070
 11.000000     -0.15765735
 11.100000     -0.15959396
 11.200000     -0.16140507
 11.300000     -0.16307238
 11.400000     -0.16457780
 11.500000     -0.16590291
 11.600000     -0.16703133
 11.700000     -0.16794057
 11.800000     -0.16860178
 11.900000     -0.16899172
 12.000000     -0.16909022
 12.100000     -0.16886250
 12.200000     -0.16828254
 12.300000     -0.16732170
 12.400000     -0.16595088
 12.500000     -0.16414727
 12.600000     -0.16187631
 12.700000     -0.15909955
 12.800000     -0.15605828
 12.900000     -0.15219022
 13.000000     -0.14771799
 13.100000     -0.14260389
 13.200000     -0.13682008
 13.300000     -0.13033228
 13.400000     -0.12311181
 13.500000     -0.11513158
 13.600000     -0.10636012
 13.700000     -0.09677026
 13.800000     -0.08633807
 13.900000     -0.07504628
 14.000000     -0.06286952
 14.100000     -0.04978809
 14.200000     -0.03578099
 14.300000     -0.02083290
 14.400000     -0.00493513
 14.500000      0.01191504
 14.600000      0.02972857
 14.700000      0.04849865
 14.800000      0.06822099
 14.900000      0.08888540
 15.000000      0.11046956
 15.100000      0.13296156
 15.200000      0.15632231
 15.300000      0.18052400
 15.400000      0.20551698
 15.500000      0.23125383
 15.600000      0.25768858
 15.700000      0.28475048
 15.800000      0.31237465
 15.900000      0.34048910
 16.000000      0.36901778
 16.100000      0.39788050
 16.200000      0.42698938
 16.300000      0.45626012
 16.400000      0.48560390
 16.500000      0.51493169
 16.600000      0.54415645
 16.700000      0.57318594
 16.800000      0.60193497
 16.900000      0.63031456
 17.000000      0.65824752
 17.100000      0.68564417
 17.200000      0.71241852
 17.300000      0.73845898
 17.400000      0.76372912
 17.500000      0.78815355
 17.600000      0.81163335
 17.700000      0.83410368
 17.800000      0.85549584
 17.900000      0.87544234
 18.000000      0.89437924
 18.100000      0.91158612
 18.200000      0.92779509
 18.300000      0.94253016
 18.400000      0.95573769
 18.500000      0.96735610
 18.600000      0.97730253
 18.700000      0.98553595
 18.800000      0.99202122
 18.900000      0.99668751
 19.000000      0.99904158
 19.100000      1.00000000
 19.200000      0.99903682
 19.300000      0.99535519
 19.400000      0.99049535
 19.500000      0.98366123
 19.600000      0.97485576
 19.700000      0.96414730
 19.800000      0.95158397
 19.900000      0.93720982
 20.000000      0.92108416
 20.100000      0.90325902
 20.200000      0.88386475
 20.300000      0.86300580
 20.400000      0.84078863
 20.500000      0.81731510
 20.600000      0.79254964
 20.700000      0.76678031
 20.800000      0.73971086
 20.900000      0.71186317
 21.000000      0.68224155
 21.100000      0.65149624
 21.200000      0.62011354
 21.300000      0.58736976
 21.400000      0.55317889
 21.500000      0.51752005
 21.600000      0.48041139
 21.700000      0.44197614
 21.800000      0.40237917
 21.900000      0.36182145
 22.000000      0.32054245
 22.100000      0.27875163
 22.200000      0.23504921
 22.300000      0.19172784
 22.400000      0.14966270
 22.500000      0.10782018
 22.600000      0.06603256
 22.700000      0.02466822
 22.800000     -0.01650158
 22.900000     -0.05650957
 23.000000     -0.09588768
 23.100000     -0.13447352
 23.200000     -0.17217645
 23.300000     -0.20907940
 23.400000     -0.24483240
 23.500000     -0.27987169
 23.600000     -0.31317127
 23.700000     -0.34518107
 23.800000     -0.37592764
 23.900000     -0.40558043
 24.000000     -0.43377970
 24.100000     -0.46068001
 24.200000     -0.48830825
 24.300000     -0.51320946
 24.400000     -0.53612158
 24.500000     -0.55755427
 24.600000     -0.57810158
 24.700000     -0.59643250
 24.800000     -0.61348560
 24.900000     -0.62876992
 25.000000     -0.64263228
 25.100000     -0.65511873
 25.200000     -0.66580904
 25.300000     -0.67512843
 25.400000     -0.68313375
 25.500000     -0.68904589
 25.600000     -0.69391466
 25.700000     -0.69697560
 25.800000     -0.69913899
 25.900000     -0.69927695
 26.000000     -0.69875833
 26.100000     -0.69712732
 26.200000     -0.69434544
 26.300000     -0.69050748
 26.400000     -0.68553025
 26.500000     -0.67728011
 26.600000     -0.66958502
 26.700000     -0.66236172
 26.800000     -0.65380689
 26.900000     -0.64373564
 27.000000     -0.63297282
 27.100000     -0.62181175
 27.200000     -0.61027741
 27.300000     -0.59772367
 27.400000     -0.58461581
 27.500000     -0.57099926
 27.600000     -0.55554852
 27.700000     -0.53985566
 27.800000     -0.52477066
 27.900000     -0.50889487
 28.000000     -0.49372707
 28.100000     -0.47818335
 28.200000     -0.46249281
 28.300000     -0.44669662
 28.400000     -0.43091780
 28.500000     -0.41506866
 28.600000     -0.39918239
 28.700000     -0.38335161
 28.800000     -0.36566633
 28.900000     -0.34744516
 29.000000     -0.33188757
 29.100000     -0.31552712
 29.200000     -0.29930360
 29.300000     -0.28276450
 29.400000     -0.26641812
 29.500000     -0.25223782
 29.600000     -0.23837143
 29.700000     -0.22482197
 29.800000     -0.21160251
 29.900000     -0.19872973
 30.000000     -0.18622210
 30.100000     -0.17334639
 30.200000     -0.15995182
 30.300000     -0.14887389
 30.400000     -0.13813102
 30.500000     -0.12717354
 30.600000     -0.11718366
 30.700000     -0.10678502
 30.800000     -0.09698398
 30.900000     -0.08806311
 31.000000     -0.07875981
 31.100000     -0.07033194
 31.200000     -0.06271565
 31.300000     -0.05552228
 31.400000     -0.04710840
 31.500000     -0.04056282
 31.600000     -0.03463724
 31.700000     -0.02914393
 31.800000     -0.02404546
 31.900000     -0.01952610
 32.000000     -0.01519003
 32.100000     -0.01118711
 32.200000     -0.00753758
 32.300000     -0.00423275
 32.400000     -0.00125686
 32.500000      0.00140686
 32.600000      0.00375831
 32.700000      0.00582240
 32.800000      0.00760958
 32.900000      0.00959417
 33.000000      0.01193595
 33.100000      0.01294897
 33.200000      0.01373423
 33.300000      0.01431267
 33.400000      0.01470013
 33.500000      0.01491529
 33.600000      0.01506262
 33.700000      0.01547296
 33.800000      0.01518810
 33.900000      0.01477906
 34.000000      0.01426337
 34.100000      0.01363934
 34.200000      0.01292537
 34.300000      0.01235900
 34.400000      0.01292761
 34.500000      0.01202634
 34.600000      0.01155441
 34.700000      0.01071708
 34.800000      0.00953597
 34.900000      0.00812500
 35.000000      0.00683356
 35.100000      0.00562054
 35.200000      0.00477707
 35.300000      0.00434649
 35.400000      0.00387939
 35.500000      0.00287949
 35.600000      0.00326580
 35.700000      0.00392927
 35.800000      0.00401917
 35.900000      0.00436750
 36.000000      0.00342457
 36.100000      0.00299524
 36.200000      0.00386184
 36.300000      0.00269628
 36.400000      0.00344587
 36.500000      0.00279932
 36.600000      0.00263751
 36.700000      0.00320031
 36.800000      0.00298080
 36.900000      0.00271831
 37.000000      0.00263533
 37.100000      0.00290433
 37.200000      0.00331421
 37.300000      0.00468301
 37.400000      0.00419688
 37.500000      0.00417624
 37.600000      0.00411224
 37.700000      0.00515422
 37.800000      0.00492933
 37.900000      0.00420634
 38.000000      0.00411908
 38.100000      0.00404658
 38.200000      0.00372331
 38.300000      0.00315033
 38.400000      0.00255706
 38.500000      0.00157073
 38.600000      0.00009124
 38.700000     -0.00105419
 38.800000     -0.00118511
 38.900000      0.00014896
 39.000000     -0.00063849
 39.100000     -0.00106449
 39.200000     -0.00169940
 39.300000     -0.00235733
 39.400000     -0.00418360
 39.500000     -0.00664453
 39.600000     -0.00663294
 39.700000     -0.00673116
 39.800000     -0.00740274
 39.900000     -0.00790775
