  0.000000     -0.00714662
  0.100000     -0.00748368
  0.200000     -0.00780880
  0.300000     -0.00807086
  0.400000     -0.00828166
  0.500000     -0.00840452
  0.600000     -0.00853708
  0.700000     -0.00868164
  0.800000     -0.00880451
  0.900000     -0.00892855
  1.000000     -0.00902819
  1.100000     -0.00912404
  1.200000     -0.00920640
  1.300000     -0.00934714
  1.400000     -0.00950511
  1.500000     -0.00967048
  1.600000     -0.00984242
  1.700000     -0.01002759
  1.800000     -0.01024791
  1.900000     -0.01051734
  2.000000     -0.01082272
  2.100000     -0.01112992
  2.200000     -0.01144377
  2.300000     -0.01176004
  2.400000     -0.01207208
  2.500000     -0.01220146
  2.600000     -0.01223640
  2.700000     -0.01224850
  2.800000     -0.01223590
  2.900000     -0.01219886
  3.000000     -0.01213595
  3.100000     -0.01204873
  3.200000     -0.01193821
  3.300000     -0.01180271
  3.400000     -0.01164343
  3.500000     -0.01146180
  3.600000     -0.01125978
  3.700000     -0.01103874
  3.800000     -0.01080178
  3.900000     -0.01055215
  4.000000     -0.01029316
  4.100000     -0.01002848
  4.200000     -0.00971075
  4.300000     -0.00959333
  4.400000     -0.00947077
  4.500000     -0.00926824
  4.600000     -0.00904974
  4.700000     -0.00883402
  4.800000     -0.00862931
  4.900000     -0.00843541
  5.000000     -0.00824134
  5.100000     -0.00807339
  5.200000     -0.00793036
  5.300000     -0.00794921
  5.400000     -0.00903240
  5.500000     -0.00886357
  5.600000     -0.00872099
  5.700000     -0.00862667
  5.800000     -0.00858791
  5.900000     -0.00860204
  6.000000     -0.00866833
  6.100000     -0.00879794
  6.200000     -0.00899154
  6.300000     -0.00924644
  6.400000     -0.00956437
  6.500000     -0.00993745
  6.600000     -0.01036531
  6.700000     -0.01084928
  6.800000     -0.01138924
  6.900000     -0.01198446
  7.000000     -0.01264103
  7.100000     -0.01334207
  7.200000     -0.01408112
  7.300000     -0.01484683
  7.400000     -0.01563864
  7.500000     -0.01645069
  7.600000     -0.01727641
  7.700000     -0.01811788
  7.800000     -0.01896663
  7.900000     -0.01982807
  8.000000     -0.02070163
  8.100000     -0.02158481
  8.200000     -0.02247726
  8.300000     -0.02338432
  8.400000     -0.02430760
  8.500000     -0.02524661
  8.600000     -0.02620220
  8.700000     -0.02718009
  8.800000     -0.02818151
  8.900000     -0.02920951
  9.000000     -0.03027092
  9.100000     -0.03135884
  9.200000     -0.03247248
  9.300000     -0.03361256
  9.400000     -0.03477990
  9.500000     -0.03597458
  9.600000     -0.03719142
  9.700000     -0.03842918
  9.800000     -0.03968429
  9.900000     -0.04095146
 10.000000     -0.04222473
 10.100000     -0.04349403
 10.200000     -0.04475446
 10.300000     -0.04599321
 10.400000     -0.04720384
 10.500000     -0.04837144
 10.600000     -0.04947942
 10.700000     -0.05051903
 10.800000     -0.05147398
 10.900000     -0.05233552
 11.000000     -0.05309111
 11.100000     -0.05371481
 11.200000     -0.05419248
 11.300000     -0.05450187
 11.400000     -0.05463336
 11.500000     -0.05456401
 11.600000     -0.05428098
 11.700000     -0.05376462
 11.800000     -0.05299918
 11.900000     -0.05196778
 12.000000     -0.05064824
 12.100000     -0.04902276
 12.200000     -0.04707433
 12.300000     -0.04478439
 12.400000     -0.04212574
 12.500000     -0.03907735
 12.600000     -0.03562172
 12.700000     -0.03174156
 12.800000     -0.02740672
 12.900000     -0.02259551
 13.000000     -0.01727774
 13.100000     -0.01143534
 13.200000     -0.00504537
 13.300000      0.00193033
 13.400000      0.00951417
 13.500000      0.01773746
 13.600000      0.02661715
 13.700000      0.03618721
 13.800000      0.04647757
 13.900000      0.05751023
 14.000000      0.06931281
 14.100000      0.08191080
 14.200000      0.09531249
 14.300000      0.10954409
 14.400000      0.12462851
 14.500000      0.14056682
 14.600000      0.15736095
 14.700000      0.17501611
 14.800000      0.19353367
 14.900000      0.21290566
 15.000000      0.23311454
 15.100000      0.25414969
 15.200000      0.27598540
 15.300000      0.29860679
 15.400000      0.32197544
 15.500000      0.34606161
 15.600000      0.37082025
 15.700000      0.39620167
 15.800000      0.42215337
 15.900000      0.44860548
 16.000000      0.47549340
 16.100000      0.50273777
 16.200000      0.53025213
 16.300000      0.55795093
 16.400000      0.58573566
 16.500000      0.61351479
 16.600000      0.64118428
 16.700000      0.66864098
 16.800000      0.69577204
 16.900000      0.72246405
 17.000000      0.74860315
 17.100000      0.77406681
 17.200000      0.79872430
 17.300000      0.82246439
 17.400000      0.84516694
 17.500000      0.86672193
 17.600000      0.88701405
 17.700000      0.90593502
 17.800000      0.92337359
 17.900000      0.93924211
 18.000000      0.95344492
 18.100000      0.96589933
 18.200000      0.97653029
 18.300000      0.98524243
 18.400000      0.99199092
 18.500000      0.99674164
 18.600000      0.99943584
 18.700000      1.00000000
 18.800000      0.99846086
 18.900000      0.99484112
 19.000000      0.98915894
 19.100000      0.98135890
 19.200000      0.97151663
 19.300000      0.95969237
 19.400000      0.94591875
 19.500000      0.93020925
 19.600000      0.91260421
 19.700000      0.89318562
 19.800000      0.87202034
 19.900000      0.84919196
 20.000000      0.82474642
 20.100000      0.79873952
 20.200000      0.77126888
 20.300000      0.74243628
 20.400000      0.71232380
 20.500000      0.68098350
 20.600000      0.64847049
 20.700000      0.61493299
 20.800000      0.58045334
 20.900000      0.54512087
 21.000000      0.50895995
 21.100000      0.47211315
 21.200000      0.43470676
 21.300000      0.39678990
 21.400000      0.35845654
 21.500000      0.31979679
 21.600000      0.28092461
 21.700000      0.24192429
 21.800000      0.20286790
 21.900000      0.16386605
 22.000000      0.12501082
 22.100000      0.08639673
 22.200000      0.04800651
 22.300000      0.01018132
 22.400000     -0.02712585
 22.500000     -0.06382919
 22.600000     -0.09985543
 22.700000     -0.13513940
 22.800000     -0.16961183
 22.900000     -0.20319757
 23.000000     -0.23582615
 23.100000     -0.26745238
 23.200000     -0.29803186
 23.300000     -0.32748687
 23.400000     -0.35449420
 23.500000     -0.38153387
 23.600000     -0.40739430
 23.700000     -0.43201515
 23.800000     -0.45537633
 23.900000     -0.47745730
 24.000000     -0.49828794
 24.100000     -0.51783695
 24.200000     -0.53613576
 24.300000     -0.55314590
 24.400000     -0.56889529
 24.500000     -0.58340805
 24.600000     -0.59672226
 24.700000     -0.60885423
 24.800000     -0.61978331
 24.900000     -0.62954752
 25.000000     -0.63820822
 25.100000     -0.64578392
 25.200000     -0.64991925
 25.300000     -0.65533273
 25.400000     -0.65975961
 25.500000     -0.66326934
 25.600000     -0.66586523
 25.700000     -0.66760699
 25.800000     -0.66849661
 25.900000     -0.66861133
 26.000000     -0.66796896
 26.100000     -0.66662647
 26.200000     -0.66462855
 26.300000     -0.66199962
 26.400000     -0.65878382
 26.500000     -0.65501438
 26.600000     -0.65077796
 26.700000     -0.64609775
 26.800000     -0.64098529
 26.900000     -0.63549913
 27.000000     -0.62970912
 27.100000     -0.62365508
 27.200000     -0.61736048
 27.300000     -0.61086447
 27.400000     -0.60422775
 27.500000     -0.59750121
 27.600000     -0.59071014
 27.700000     -0.58389729
 27.800000     -0.57709742
 27.900000     -0.57035817
 28.000000     -0.56370892
 28.100000     -0.55719496
 28.200000     -0.55084000
 28.300000     -0.54466443
 28.400000     -0.53870961
 28.500000     -0.53297948
 28.600000     -0.51932605
 28.700000     -0.51421348
 28.800000     -0.50938863
 28.900000     -0.50486462
 29.000000     -0.50064683
 29.100000     -0.49677789
 29.200000     -0.49072455
 29.300000     -0.48378996
 29.400000     -0.48097461
 29.500000     -0.47067479
 29.600000     -0.46840799
 29.700000     -0.46644437
 29.800000     -0.46477344
 29.900000     -0.46338630
 30.000000     -0.46227052
 30.100000     -0.45707258
 30.200000     -0.45298291
 30.300000     -0.45252409
 30.400000     -0.45228139
 30.500000     -0.45225094
 30.600000     -0.45243413
 30.700000     -0.45057787
 30.800000     -0.44592361
 30.900000     -0.43825870
 31.000000     -0.43581098
 31.100000     -0.43683734
 31.200000     -0.43796387
 31.300000     -0.43404132
 31.400000     -0.43538027
 31.500000     -0.43678581
 31.600000     -0.43824710
 31.700000     -0.42993378
 31.800000     -0.43066921
 31.900000     -0.43229520
 32.000000     -0.43394147
 32.100000     -0.43560685
 32.200000     -0.43725500
 32.300000     -0.43888834
 32.400000     -0.44049816
 32.500000     -0.44207341
 32.600000     -0.44210125
 32.700000     -0.44042571
 32.800000     -0.44192236
 32.900000     -0.44332955
 33.000000     -0.44464274
 33.100000     -0.44584738
 33.200000     -0.44693888
 33.300000     -0.44792331
 33.400000     -0.44877869
 33.500000     -0.44952004
 33.600000     -0.45085424
 33.700000     -0.45216645
 33.800000     -0.45337151
 33.900000     -0.45446261
 34.000000     -0.45172667
 34.100000     -0.45270855
 34.200000     -0.45376944
 34.300000     -0.45481240
 34.400000     -0.45577615
 34.500000     -0.45659967
 34.600000     -0.45728419
 34.700000     -0.45782998
 34.800000     -0.45823856
 34.900000     -0.45866880
 35.000000     -0.45924480
 35.100000     -0.46025820
 35.200000     -0.46112760
 35.300000     -0.46191129
 35.400000     -0.46259033
 35.500000     -0.46311758
 35.600000     -0.46349560
 35.700000     -0.46371169
 35.800000     -0.46376263
 35.900000     -0.45551951
 36.000000     -0.45528489
 36.100000     -0.45485530
 36.200000     -0.45402306
 36.300000     -0.45320922
 36.400000     -0.45217033
 36.500000     -0.45090730
 36.600000     -0.44939595
 36.700000     -0.44762636
 36.800000     -0.44558121
 36.900000     -0.44327172
 37.000000     -0.44068010
 37.100000     -0.43779403
 37.200000     -0.43505971
 37.300000     -0.43222891
 37.400000     -0.42912362
 37.500000     -0.42570556
 37.600000     -0.42197234
 37.700000     -0.41794291
 37.800000     -0.41384719
 37.900000     -0.40985446
 38.000000     -0.40566535
 38.100000     -0.40130262
 38.200000     -0.39662576
 38.300000     -0.39162911
 38.400000     -0.38631918
 38.500000     -0.38069543
 38.600000     -0.37076357
 38.700000     -0.36548911
 38.800000     -0.36040872
 38.900000     -0.35511394
 39.000000     -0.35001824
 39.100000     -0.34471794
 39.200000     -0.33953869
 39.300000     -0.33354342
 39.400000     -0.32865875
 39.500000     -0.32395064
 39.600000     -0.32136223
 39.700000     -0.31860117
 39.800000     -0.31625480
 39.900000     -0.31369307
