  0.000000     -0.05152997
  0.100000     -0.05207254
  0.200000     -0.05210984
  0.300000     -0.05296463
  0.400000     -0.05363774
  0.500000     -0.05373582
  0.600000     -0.05397613
  0.700000     -0.05407798
  0.800000     -0.05429020
  0.900000     -0.05467500
  1.000000     -0.05473374
  1.100000     -0.05553018
  1.200000     -0.05584892
  1.300000     -0.05601241
  1.400000     -0.05648166
  1.500000     -0.05660056
  1.600000     -0.05660417
  1.700000     -0.05668934
  1.800000     -0.05671034
  1.900000     -0.05667064
  2.000000     -0.05675965
  2.100000     -0.05696994
  2.200000     -0.05701485
  2.300000     -0.05704480
  2.400000     -0.05748279
  2.500000     -0.05747674
  2.600000     -0.05748505
  2.700000     -0.05749749
  2.800000     -0.05749882
  2.900000     -0.05750062
  3.000000     -0.05750335
  3.100000     -0.05750077
  3.200000     -0.05750492
  3.300000     -0.05752061
  3.400000     -0.05777165
  3.500000     -0.05782497
  3.600000     -0.05788321
  3.700000     -0.05794370
  3.800000     -0.05818661
  3.900000     -0.05843470
  4.000000     -0.05852316
  4.100000     -0.05862581
  4.200000     -0.05873981
  4.300000     -0.05887299
  4.400000     -0.05902701
  4.500000     -0.05919821
  4.600000     -0.05939433
  4.700000     -0.05961027
  4.800000     -0.05985922
  4.900000     -0.06031461
  5.000000     -0.06056931
  5.100000     -0.06084293
  5.200000     -0.06113508
  5.300000     -0.06144557
  5.400000     -0.06177426
  5.500000     -0.06212050
  5.600000     -0.06248440
  5.700000     -0.06286806
  5.800000     -0.06327135
  5.900000     -0.06369147
  6.000000     -0.06412676
  6.100000     -0.06458590
  6.200000     -0.06507029
  6.300000     -0.06557806
  6.400000     -0.06611004
  6.500000     -0.06667360
  6.600000     -0.06727094
  6.700000     -0.06790739
  6.800000     -0.06858082
  6.900000     -0.06929372
  7.000000     -0.07004693
  7.100000     -0.07084231
  7.200000     -0.07167939
  7.300000     -0.07255839
  7.400000     -0.07348426
  7.500000     -0.07445514
  7.600000     -0.07546664
  7.700000     -0.07651841
  7.800000     -0.07760821
  7.900000     -0.07873476
  8.000000     -0.07989668
  8.100000     -0.08108808
  8.200000     -0.08230005
  8.300000     -0.08354248
  8.400000     -0.08481361
  8.500000     -0.08611178
  8.600000     -0.08743492
  8.700000     -0.08878266
  8.800000     -0.09015151
  8.900000     -0.09154116
  9.000000     -0.09294886
  9.100000     -0.09437122
  9.200000     -0.09580521
  9.300000     -0.09724729
  9.400000     -0.09869392
  9.500000     -0.10014052
  9.600000     -0.10158169
  9.700000     -0.10301207
  9.800000     -0.10442504
  9.900000     -0.10581297
 10.000000     -0.10716796
 10.100000     -0.10848146
 10.200000     -0.10974363
 10.300000     -0.11094339
 10.400000     -0.11207003
 10.500000     -0.11311059
 10.600000     -0.11405233
 10.700000     -0.11488072
 10.800000     -0.11558170
 10.900000     -0.11613762
 11.000000     -0.11653306
 11.100000     -0.11675097
 11.200000     -0.11677316
 11.300000     -0.11658172
 11.400000     -0.11615942
 11.500000     -0.11548691
 11.600000     -0.11454434
 11.700000     -0.11331319
 11.800000     -0.11177465
 11.900000     -0.10990793
 12.000000     -0.10769443
 12.100000     -0.10511448
 12.200000     -0.10214767
 12.300000     -0.09877336
 12.400000     -0.09497006
 12.500000     -0.09072041
 12.600000     -0.08600454
 12.700000     -0.08080171
 12.800000     -0.07509338
 12.900000     -0.06885893
 13.000000     -0.06207865
 13.100000     -0.05473515
 13.200000     -0.04681169
 13.300000     -0.03829035
 13.400000     -0.02915455
 13.500000     -0.01938853
 13.600000     -0.00897736
 13.700000      0.00209378
 13.800000      0.01383538
 13.900000      0.02626187
 14.000000      0.03938499
 14.100000      0.05321116
 14.200000      0.06774483
 14.300000      0.08298795
 14.400000      0.09894140
 14.500000      0.11560625
 14.600000      0.13297831
 14.700000      0.15105290
 14.800000      0.16982028
 14.900000      0.18926971
 15.000000      0.20938719
 15.100000      0.23015473
 15.200000      0.25155370
 15.300000      0.27355842
 15.400000      0.29614127
 15.500000      0.31927204
 15.600000      0.34291802
 15.700000      0.36704196
 15.800000      0.39160119
 15.900000      0.41654766
 16.000000      0.44183126
 16.100000      0.46739701
 16.200000      0.49318744
 16.300000      0.51914160
 16.400000      0.54519332
 16.500000      0.57127233
 16.600000      0.59730807
 16.700000      0.62328290
 16.800000      0.64911008
 16.900000      0.67471955
 17.000000      0.70003371
 17.100000      0.72497169
 17.200000      0.74945727
 17.300000      0.77340867
 17.400000      0.79673152
 17.500000      0.81933382
 17.600000      0.84111929
 17.700000      0.86198580
 17.800000      0.88182217
 17.900000      0.90051314
 18.000000      0.91793840
 18.100000      0.93397679
 18.200000      0.94850925
 18.300000      0.96142155
 18.400000      0.97260599
 18.500000      0.98197106
 18.600000      0.98944325
 18.700000      0.99496350
 18.800000      0.99849340
 18.900000      1.00000000
 19.000000      0.99945192
 19.100000      0.99685335
 19.200000      0.99223605
 19.300000      0.98562656
 19.400000      0.97706621
 19.500000      0.96660791
 19.600000      0.95432152
 19.700000      0.94029651
 19.800000      0.92463781
 19.900000      0.90746825
 20.000000      0.88891342
 20.100000      0.86910525
 20.200000      0.84817175
 20.300000      0.82623680
 20.400000      0.80340382
 20.500000      0.77976578
 20.600000      0.75539781
 20.700000      0.73034049
 20.800000      0.70460902
 20.900000      0.67819698
 21.000000      0.65106211
 21.100000      0.62314374
 21.200000      0.59437142
 21.300000      0.56467033
 21.400000      0.53397827
 21.500000      0.50225883
 21.600000      0.46950209
 21.700000      0.43572263
 21.800000      0.40096535
 21.900000      0.36145883
 22.000000      0.32487640
 22.100000      0.28776117
 22.200000      0.24875890
 22.300000      0.20927915
 22.400000      0.16574135
 22.500000      0.12813028
 22.600000      0.09059194
 22.700000      0.05217026
 22.800000      0.01441836
 22.900000     -0.02122655
 23.000000     -0.05638488
 23.100000     -0.09097736
 23.200000     -0.12816098
 23.300000     -0.16095511
 23.400000     -0.19290922
 23.500000     -0.22395451
 23.600000     -0.25403330
 23.700000     -0.28308336
 23.800000     -0.31105242
 23.900000     -0.33788496
 24.000000     -0.36352637
 24.100000     -0.38793224
 24.200000     -0.41106736
 24.300000     -0.43289695
 24.400000     -0.45338853
 24.500000     -0.47251391
 24.600000     -0.49025123
 24.700000     -0.50657356
 24.800000     -0.52147464
 24.900000     -0.53493976
 25.000000     -0.54695965
 25.100000     -0.55753208
 25.200000     -0.56666131
 25.300000     -0.57435336
 25.400000     -0.58061499
 25.500000     -0.58546148
 25.600000     -0.58890618
 25.700000     -0.59095867
 25.800000     -0.59164661
 25.900000     -0.59100009
 26.000000     -0.58904967
 26.100000     -0.58582344
 26.200000     -0.58135580
 26.300000     -0.57568516
 26.400000     -0.56885419
 26.500000     -0.56090402
 26.600000     -0.55188281
 26.700000     -0.54183496
 26.800000     -0.53081133
 26.900000     -0.51886313
 27.000000     -0.50604480
 27.100000     -0.49241533
 27.200000     -0.47803146
 27.300000     -0.46290310
 27.400000     -0.44722320
 27.500000     -0.43096654
 27.600000     -0.41419647
 27.700000     -0.39697339
 27.800000     -0.37936113
 27.900000     -0.36154116
 28.000000     -0.34327829
 28.100000     -0.32469746
 28.200000     -0.30616498
 28.300000     -0.28755464
 28.400000     -0.26893172
 28.500000     -0.25035554
 28.600000     -0.23189058
 28.700000     -0.21359997
 28.800000     -0.19553397
 28.900000     -0.17774984
 29.000000     -0.16031445
 29.100000     -0.14328186
 29.200000     -0.12580028
 29.300000     -0.10962152
 29.400000     -0.09401818
 29.500000     -0.07898884
 29.600000     -0.06457280
 29.700000     -0.05079696
 29.800000     -0.03768780
 29.900000     -0.02527110
 30.000000     -0.01357285
 30.100000     -0.00260882
 30.200000      0.00760733
 30.300000      0.01707258
 30.400000      0.02577939
 30.500000      0.03363316
 30.600000      0.04091283
 30.700000      0.04721822
 30.800000      0.05297228
 30.900000      0.05800573
 31.000000      0.06234078
 31.100000      0.06599374
 31.200000      0.06898815
 31.300000      0.07134853
 31.400000      0.07310728
 31.500000      0.07429401
 31.600000      0.07449783
 31.700000      0.07367983
 31.800000      0.07330221
 31.900000      0.07248400
 32.000000      0.07125986
 32.100000      0.06965654
 32.200000      0.06754135
 32.300000      0.06527279
 32.400000      0.06271599
 32.500000      0.05989724
 32.600000      0.05684178
 32.700000      0.05356851
 32.800000      0.05009889
 32.900000      0.04644648
 33.000000      0.04262549
 33.100000      0.03864962
 33.200000      0.03452676
 33.300000      0.03026276
 33.400000      0.02340893
 33.500000      0.01877764
 33.600000      0.01406575
 33.700000      0.00854865
 33.800000      0.00278817
 33.900000     -0.00230299
 34.000000     -0.00752295
 34.100000     -0.01318419
 34.200000     -0.01902255
 34.300000     -0.02470869
 34.400000     -0.03053344
 34.500000     -0.03631079
 34.600000     -0.04233782
 34.700000     -0.04863533
 34.800000     -0.05562457
 34.900000     -0.06436738
 35.000000     -0.07103992
 35.100000     -0.07782880
 35.200000     -0.08472244
 35.300000     -0.09175807
 35.400000     -0.09893709
 35.500000     -0.10823617
 35.600000     -0.11843363
 35.700000     -0.12743583
 35.800000     -0.13849907
 35.900000     -0.15047405
 36.000000     -0.16170966
 36.100000     -0.16771054
 36.200000     -0.17489186
 36.300000     -0.18368076
 36.400000     -0.19200976
 36.500000     -0.20070495
 36.600000     -0.20812547
 36.700000     -0.21447416
 36.800000     -0.22369776
 36.900000     -0.23000402
 37.000000     -0.23802145
 37.100000     -0.24473087
 37.200000     -0.25046616
 37.300000     -0.25702455
 37.400000     -0.26308275
 37.500000     -0.26896040
 37.600000     -0.27678113
 37.700000     -0.28241014
 37.800000     -0.28809909
 37.900000     -0.29364978
 38.000000     -0.29764167
 38.100000     -0.30091126
 38.200000     -0.30368822
 38.300000     -0.30658322
 38.400000     -0.30929002
 38.500000     -0.31157685
 38.600000     -0.31383780
 38.700000     -0.31592349
 38.800000     -0.31906306
 38.900000     -0.32093396
 39.000000     -0.32223975
 39.100000     -0.32319716
 39.200000     -0.32453897
 39.300000     -0.32530348
 39.400000     -0.32658135
 39.500000     -0.32752352
 39.600000     -0.32840451
 39.700000     -0.32916306
 39.800000     -0.32980372
 39.900000     -0.33031268
