  0.000000      0.01632530
  0.100000      0.01496680
  0.200000      0.01266634
  0.300000      0.01032881
  0.400000      0.00813332
  0.500000      0.00558018
  0.600000      0.00265012
  0.700000      0.00067766
  0.800000     -0.00108851
  0.900000     -0.00288263
  1.000000     -0.00383306
  1.100000     -0.00455923
  1.200000     -0.00519705
  1.300000     -0.00584931
  1.400000     -0.00623856
  1.500000     -0.00688791
  1.600000     -0.00733083
  1.700000     -0.00747822
  1.800000     -0.00736802
  1.900000     -0.00774768
  2.000000     -0.00787790
  2.100000     -0.00762306
  2.200000     -0.00540334
  2.300000     -0.00316056
  2.400000     -0.00149738
  2.500000     -0.00115601
  2.600000     -0.00001065
  2.700000      0.00158069
  2.800000      0.00297866
  2.900000      0.00371174
  3.000000      0.00494235
  3.100000      0.00637016
  3.200000      0.00734656
  3.300000      0.00739419
  3.400000      0.00703018
  3.500000      0.00640891
  3.600000      0.00748272
  3.700000      0.00896254
  3.800000      0.01040624
  3.900000      0.01188155
  4.000000      0.01278385
  4.100000      0.01326757
  4.200000      0.01447483
  4.300000      0.01615706
  4.400000      0.01639290
  4.500000      0.01668777
  4.600000      0.01709002
  4.700000      0.01758100
  4.800000      0.01830280
  4.900000      0.01892178
  5.000000      0.01903281
  5.100000      0.01742464
  5.200000      0.01530670
  5.300000      0.01362046
  5.400000      0.01269142
  5.500000      0.01197157
  5.600000      0.01185781
  5.700000      0.01236633
  5.800000      0.01244601
  5.900000      0.01221575
  6.000000      0.01192253
  6.100000      0.01119795
  6.200000      0.01082742
  6.300000      0.01124674
  6.400000      0.01244091
  6.500000      0.01406410
  6.600000      0.01534105
  6.700000      0.01657054
  6.800000      0.01757337
  6.900000      0.01865994
  7.000000      0.01867085
  7.100000      0.01887177
  7.200000      0.01992217
  7.300000      0.02188831
  7.400000      0.02429408
  7.500000      0.02707150
  7.600000      0.03004852
  7.700000      0.03327251
  7.800000      0.03676163
  7.900000      0.04198474
  8.000000      0.04731641
  8.100000      0.04675749
  8.200000      0.04871529
  8.300000      0.05372408
  8.400000      0.05766253
  8.500000      0.06261086
  8.600000      0.06791898
  8.700000      0.07108444
  8.800000      0.07421524
  8.900000      0.07662316
  9.000000      0.07886614
  9.100000      0.08109072
  9.200000      0.08602752
  9.300000      0.08865369
  9.400000      0.08956239
  9.500000      0.08632815
  9.600000      0.08225729
  9.700000      0.08332320
  9.800000      0.07976870
  9.900000      0.07380826
 10.000000      0.06748462
 10.100000      0.06104760
 10.200000      0.05370946
 10.300000      0.04505682
 10.400000      0.03492637
 10.500000      0.02678390
 10.600000      0.01635385
 10.700000      0.00715504
 10.800000     -0.00656059
 10.900000     -0.02094319
 11.000000     -0.03337709
 11.100000     -0.04547008
 11.200000     -0.05663175
 11.300000     -0.07171217
 11.400000     -0.08266118
 11.500000     -0.09104006
 11.600000     -0.09979553
 11.700000     -0.10876725
 11.800000     -0.11305276
 11.900000     -0.11255160
 12.000000     -0.11173532
 12.100000     -0.10589707
 12.200000     -0.09415200
 12.300000     -0.07401535
 12.400000     -0.04632402
 12.500000     -0.01038281
 12.600000      0.03180706
 12.700000      0.08679701
 12.800000      0.14966741
 12.900000      0.21816288
 13.000000      0.29502382
 13.100000      0.37785419
 13.200000      0.46548748
 13.300000      0.55353699
 13.400000      0.63920308
 13.500000      0.71994276
 13.600000      0.79209302
 13.700000      0.85612401
 13.800000      0.90586690
 13.900000      0.94447764
 14.000000      0.97487988
 14.100000      0.99358700
 14.200000      1.00000000
 14.300000      0.99090036
 14.400000      0.96556541
 14.500000      0.92854300
 14.600000      0.88165828
 14.700000      0.82416242
 14.800000      0.75314279
 14.900000      0.67013443
 15.000000      0.58006746
 15.100000      0.48697540
 15.200000      0.39148082
 15.300000      0.29456386
 15.400000      0.19865850
 15.500000      0.10392001
 15.600000      0.01855022
 15.700000     -0.05706678
 15.800000     -0.12267687
 15.900000     -0.18058686
 16.000000     -0.22999119
 16.100000     -0.27152839
 16.200000     -0.30276218
 16.300000     -0.32484057
 16.400000     -0.34110802
 16.500000     -0.35094836
 16.600000     -0.35583730
 16.700000     -0.35455295
 16.800000     -0.34955318
 16.900000     -0.34378912
 17.000000     -0.33618598
 17.100000     -0.32839029
 17.200000     -0.32042777
 17.300000     -0.31342658
 17.400000     -0.30557462
 17.500000     -0.29757769
 17.600000     -0.28891509
 17.700000     -0.27745931
 17.800000     -0.26384407
 17.900000     -0.24977975
 18.000000     -0.23737993
 18.100000     -0.22590596
 18.200000     -0.21617921
 18.300000     -0.20756736
 18.400000     -0.19931328
 18.500000     -0.19080574
 18.600000     -0.18294680
 18.700000     -0.17657222
 18.800000     -0.17228322
 18.900000     -0.16911513
 19.000000     -0.16489939
 19.100000     -0.16081023
 19.200000     -0.15946476
 19.300000     -0.15807905
 19.400000     -0.15881594
 19.500000     -0.16049532
 19.600000     -0.16182108
 19.700000     -0.16286071
 19.800000     -0.16214196
 19.900000     -0.15919974
 20.000000     -0.15493137
 20.100000     -0.15067588
 20.200000     -0.14714553
 20.300000     -0.14532488
 20.400000     -0.14629394
 20.500000     -0.14639896
 20.600000     -0.14691321
 20.700000     -0.14902467
 20.800000     -0.15315473
 20.900000     -0.15965919
 21.000000     -0.16567700
 21.100000     -0.17322718
 21.200000     -0.17976843
 21.300000     -0.18501878
 21.400000     -0.18890896
 21.500000     -0.19125129
 21.600000     -0.19041086
 21.700000     -0.18795892
 21.800000     -0.18344139
 21.900000     -0.18001399
 22.000000     -0.17854081
 22.100000     -0.17805825
 22.200000     -0.18020272
 22.300000     -0.18190556
 22.400000     -0.18424355
 22.500000     -0.18733369
 22.600000     -0.18887590
 22.700000     -0.18813693
 22.800000     -0.18560752
 22.900000     -0.18001311
 23.000000     -0.17391372
 23.100000     -0.16829615
 23.200000     -0.16202395
 23.300000     -0.15495589
 23.400000     -0.14595277
 23.500000     -0.13779654
 23.600000     -0.12985653
 23.700000     -0.12041183
 23.800000     -0.11206570
 23.900000     -0.10474713
 24.000000     -0.09807979
 24.100000     -0.09370243
 24.200000     -0.09086813
 24.300000     -0.09003379
 24.400000     -0.09050491
 24.500000     -0.09043757
 24.600000     -0.09222745
 24.700000     -0.09374456
 24.800000     -0.09565788
 24.900000     -0.09687018
 25.000000     -0.09881473
 25.100000     -0.10113612
 25.200000     -0.10329045
 25.300000     -0.10408257
 25.400000     -0.10341665
 25.500000     -0.10144326
 25.600000     -0.09929157
 25.700000     -0.09926128
 25.800000     -0.09930202
 25.900000     -0.09869468
 26.000000     -0.09690960
 26.100000     -0.09489474
 26.200000     -0.09135168
 26.300000     -0.08859634
 26.400000     -0.08634040
 26.500000     -0.08418318
 26.600000     -0.08218120
 26.700000     -0.08111804
 26.800000     -0.08126447
 26.900000     -0.08104031
 27.000000     -0.07944299
 27.100000     -0.07665664
 27.200000     -0.07432670
 27.300000     -0.07210094
 27.400000     -0.07032634
 27.500000     -0.06927454
 27.600000     -0.06945034
 27.700000     -0.07068752
 27.800000     -0.07225001
 27.900000     -0.07349860
 28.000000     -0.07317343
 28.100000     -0.07130901
 28.200000     -0.06865893
 28.300000     -0.06501327
 28.400000     -0.06025005
 28.500000     -0.05526010
 28.600000     -0.05155649
 28.700000     -0.04771419
 28.800000     -0.04317244
 28.900000     -0.03880529
 29.000000     -0.03504094
 29.100000     -0.03198698
 29.200000     -0.02933620
 29.300000     -0.02690569
 29.400000     -0.02419928
 29.500000     -0.02086233
 29.600000     -0.01750323
 29.700000     -0.01590317
 29.800000     -0.01546648
 29.900000     -0.01599919
 30.000000     -0.01739186
 30.100000     -0.01968825
 30.200000     -0.02199937
 30.300000     -0.02415401
 30.400000     -0.02656114
 30.500000     -0.02877752
 30.600000     -0.03027994
 30.700000     -0.03118294
 30.800000     -0.03224287
 30.900000     -0.03392633
 31.000000     -0.03465158
 31.100000     -0.03384576
 31.200000     -0.03277383
 31.300000     -0.03191062
 31.400000     -0.02995395
 31.500000     -0.02739358
 31.600000     -0.02443410
 31.700000     -0.02131217
 31.800000     -0.01907270
 31.900000     -0.01738539
 32.000000     -0.01463221
 32.100000     -0.01215208
 32.200000     -0.01050269
 32.300000     -0.00978231
 32.400000     -0.01005995
 32.500000     -0.01082793
 32.600000     -0.01169223
 32.700000     -0.01288499
 32.800000     -0.01312968
 32.900000     -0.01302750
 33.000000     -0.01302911
 33.100000     -0.01300277
 33.200000     -0.01236082
 33.300000     -0.01142982
 33.400000     -0.01110161
 33.500000     -0.01115123
 33.600000     -0.01111789
 33.700000     -0.01088765
 33.800000     -0.00968032
 33.900000     -0.00791386
 34.000000     -0.00504739
 34.100000     -0.00186628
 34.200000      0.00033442
 34.300000      0.00209190
 34.400000      0.00370175
 34.500000      0.00516834
 34.600000      0.00648996
 34.700000      0.00753644
 34.800000      0.00790016
 34.900000      0.00802033
 35.000000      0.00829592
 35.100000      0.00831773
 35.200000      0.00750376
 35.300000      0.00677496
 35.400000      0.00660966
 35.500000      0.00700570
 35.600000      0.00581753
 35.700000      0.00056035
 35.800000     -0.00152742
 35.900000     -0.00206575
 36.000000     -0.00289543
 36.100000     -0.00831537
 36.200000     -0.01354238
 36.300000     -0.01462145
 36.400000     -0.01562225
 36.500000     -0.01657345
 36.600000     -0.01742936
 36.700000     -0.01747607
 36.800000     -0.01720920
 36.900000     -0.01680328
 37.000000     -0.01606525
 37.100000     -0.01500512
 37.200000     -0.01333439
 37.300000     -0.01153101
 37.400000     -0.00980301
 37.500000     -0.00809007
 37.600000     -0.00657375
 37.700000     -0.00477529
 37.800000     -0.00274672
 37.900000     -0.00108376
 38.000000      0.00048287
 38.100000      0.00255361
 38.200000      0.00503462
 38.300000      0.00856070
 38.400000      0.01249032
 38.500000      0.01675624
 38.600000      0.02109573
 38.700000      0.02522447
 38.800000      0.02926614
 38.900000      0.03325137
 39.000000      0.03668277
 39.100000      0.03935795
 39.200000      0.04045640
 39.300000      0.04135296
 39.400000      0.04248316
 39.500000      0.04372693
 39.600000      0.04476621
 39.700000      0.04526487
 39.800000      0.04528428
 39.900000      0.04470372
