  0.000000      0.03866676
  0.100000      0.03345908
  0.200000      0.03132541
  0.300000      0.02876031
  0.400000      0.02578148
  0.500000      0.02276888
  0.600000      0.01825444
  0.700000      0.01446569
  0.800000      0.00996009
  0.900000      0.00332392
  1.000000     -0.00453468
  1.100000     -0.01153414
  1.200000     -0.01751541
  1.300000     -0.02200062
  1.400000     -0.02398741
  1.500000     -0.02326687
  1.600000     -0.02131585
  1.700000     -0.01542069
  1.800000     -0.00433000
  1.900000      0.01100291
  2.000000      0.02891427
  2.100000      0.04797124
  2.200000      0.06789109
  2.300000      0.08849376
  2.400000      0.10651276
  2.500000      0.12294905
  2.600000      0.13707370
  2.700000      0.14858003
  2.800000      0.15850778
  2.900000      0.16668821
  3.000000      0.17304316
  3.100000      0.17829383
  3.200000      0.18201383
  3.300000      0.18330168
  3.400000      0.18164949
  3.500000      0.17880190
  3.600000      0.17420165
  3.700000      0.16710328
  3.800000      0.15809133
  3.900000      0.14920768
  4.000000      0.13999281
  4.100000      0.13013425
  4.200000      0.12145660
  4.300000      0.11479085
  4.400000      0.11326759
  4.500000      0.11488155
  4.600000      0.11723419
  4.700000      0.12089625
  4.800000      0.12690911
  4.900000      0.13453677
  5.000000      0.14409793
  5.100000      0.15698160
  5.200000      0.16972445
  5.300000      0.18043095
  5.400000      0.18887775
  5.500000      0.19576581
  5.600000      0.19955498
  5.700000      0.20160380
  5.800000      0.20201717
  5.900000      0.19945028
  6.000000      0.19376054
  6.100000      0.18472328
  6.200000      0.17192709
  6.300000      0.15773481
  6.400000      0.14317518
  6.500000      0.13163183
  6.600000      0.12024637
  6.700000      0.10480652
  6.800000      0.09206580
  6.900000      0.08220514
  7.000000      0.07257647
  7.100000      0.06159797
  7.200000      0.04851862
  7.300000      0.03992027
  7.400000      0.03561644
  7.500000      0.03192127
  7.600000      0.02933330
  7.700000      0.02688391
  7.800000      0.02420534
  7.900000      0.02109023
  8.000000      0.01864317
  8.100000      0.01881702
  8.200000      0.01845611
  8.300000      0.01790615
  8.400000      0.01710086
  8.500000      0.01543780
  8.600000      0.01349132
  8.700000      0.00706348
  8.800000     -0.00387978
  8.900000     -0.02000522
  9.000000     -0.03335689
  9.100000     -0.04665652
  9.200000     -0.05999488
  9.300000     -0.07009337
  9.400000     -0.07577719
  9.500000     -0.07191231
  9.600000     -0.05871357
  9.700000     -0.04177217
  9.800000     -0.02185753
  9.900000      0.00032958
 10.000000      0.02220598
 10.100000      0.04636707
 10.200000      0.07206021
 10.300000      0.10180374
 10.400000      0.13412099
 10.500000      0.17143952
 10.600000      0.22028551
 10.700000      0.27891910
 10.800000      0.34279860
 10.900000      0.40939954
 11.000000      0.47469860
 11.100000      0.53631520
 11.200000      0.59876353
 11.300000      0.65967183
 11.400000      0.71797408
 11.500000      0.77112673
 11.600000      0.81952255
 11.700000      0.86251314
 11.800000      0.90102294
 11.900000      0.93494625
 12.000000      0.95987194
 12.100000      0.97612512
 12.200000      0.98609739
 12.300000      0.99261009
 12.400000      0.99865397
 12.500000      1.00000000
 12.600000      0.99643807
 12.700000      0.98466191
 12.800000      0.96495179
 12.900000      0.93765044
 13.000000      0.89560452
 13.100000      0.83680262
 13.200000      0.76442499
 13.300000      0.68534320
 13.400000      0.60424621
 13.500000      0.52526171
 13.600000      0.44330560
 13.700000      0.36581128
 13.800000      0.29161805
 13.900000      0.21971956
 14.000000      0.14528154
 14.100000      0.06576321
 14.200000     -0.01570590
 14.300000     -0.09832842
 14.400000     -0.18175144
 14.500000     -0.26508591
 14.600000     -0.34815824
 14.700000     -0.42874652
 14.800000     -0.50289550
 14.900000     -0.56265207
 15.000000     -0.60901200
 15.100000     -0.64069453
 15.200000     -0.65698706
 15.300000     -0.66625009
 15.400000     -0.66857365
 15.500000     -0.66010525
 15.600000     -0.64448377
 15.700000     -0.62492786
 15.800000     -0.59823204
 15.900000     -0.56234481
 16.000000     -0.52587564
 16.100000     -0.49081727
 16.200000     -0.45756305
 16.300000     -0.43005569
 16.400000     -0.40814148
 16.500000     -0.39371555
 16.600000     -0.38293089
 16.700000     -0.37170551
 16.800000     -0.35906250
 16.900000     -0.34299068
 17.000000     -0.32486563
 17.100000     -0.30954586
 17.200000     -0.29392306
 17.300000     -0.27567592
 17.400000     -0.25731469
 17.500000     -0.24447365
 17.600000     -0.23952453
 17.700000     -0.24107743
 17.800000     -0.24592653
 17.900000     -0.24895322
 18.000000     -0.24916749
 18.100000     -0.24934439
 18.200000     -0.24973434
 18.300000     -0.24817709
 18.400000     -0.24666748
 18.500000     -0.24834738
 18.600000     -0.25214227
 18.700000     -0.25632728
 18.800000     -0.25828010
 18.900000     -0.25583164
 19.000000     -0.24939620
 19.100000     -0.23927574
 19.200000     -0.22638683
 19.300000     -0.21253144
 19.400000     -0.19927711
 19.500000     -0.18848914
 19.600000     -0.17864173
 19.700000     -0.17230023
 19.800000     -0.16277327
 19.900000     -0.15056991
 20.000000     -0.13985329
 20.100000     -0.13114565
 20.200000     -0.12216375
 20.300000     -0.11179692
 20.400000     -0.10352164
 20.500000     -0.09590768
 20.600000     -0.09101661
 20.700000     -0.08829415
 20.800000     -0.09024134
 20.900000     -0.09816897
 21.000000     -0.10530859
 21.100000     -0.11049656
 21.200000     -0.11508369
 21.300000     -0.11822743
 21.400000     -0.12049204
 21.500000     -0.12311082
 21.600000     -0.12518104
 21.700000     -0.12897749
 21.800000     -0.13390385
 21.900000     -0.13872087
 22.000000     -0.14311610
 22.100000     -0.14939000
 22.200000     -0.15363060
 22.300000     -0.15642689
 22.400000     -0.16058942
 22.500000     -0.16570403
 22.600000     -0.17089892
 22.700000     -0.17535655
 22.800000     -0.17779866
 22.900000     -0.17883231
 23.000000     -0.17768173
 23.100000     -0.17670718
 23.200000     -0.17808978
 23.300000     -0.18213817
 23.400000     -0.18543735
 23.500000     -0.18672045
 23.600000     -0.18759034
 23.700000     -0.18865958
 23.800000     -0.19125165
 23.900000     -0.19174742
 24.000000     -0.19392021
 24.100000     -0.19668474
 24.200000     -0.19906877
 24.300000     -0.20011834
 24.400000     -0.19903754
 24.500000     -0.19880695
 24.600000     -0.19858184
 24.700000     -0.19796457
 24.800000     -0.19852582
 24.900000     -0.20226647
 25.000000     -0.20434790
 25.100000     -0.20097904
 25.200000     -0.19569766
 25.300000     -0.19085736
 25.400000     -0.18524975
 25.500000     -0.17947408
 25.600000     -0.17575480
 25.700000     -0.17010399
 25.800000     -0.16308853
 25.900000     -0.15484817
 26.000000     -0.14448731
 26.100000     -0.13160876
 26.200000     -0.12105480
 26.300000     -0.11117207
 26.400000     -0.10175312
 26.500000     -0.09579799
 26.600000     -0.09251879
 26.700000     -0.07739624
 26.800000     -0.06389600
 26.900000     -0.06273928
 27.000000     -0.06177609
 27.100000     -0.06285451
 27.200000     -0.06652833
 27.300000     -0.06942215
 27.400000     -0.07301401
 27.500000     -0.07912242
 27.600000     -0.08664308
 27.700000     -0.09533095
 27.800000     -0.10610359
 27.900000     -0.11655587
 28.000000     -0.12321016
 28.100000     -0.12764156
 28.200000     -0.13302301
 28.300000     -0.13745370
 28.400000     -0.14007447
 28.500000     -0.13715021
 28.600000     -0.13276515
 28.700000     -0.12877602
 28.800000     -0.12121111
 28.900000     -0.11138898
 29.000000     -0.10080789
 29.100000     -0.08826248
 29.200000     -0.07355482
 29.300000     -0.05955442
 29.400000     -0.04941452
 29.500000     -0.04340308
 29.600000     -0.04105125
 29.700000     -0.04272433
 29.800000     -0.04650210
 29.900000     -0.05091504
 30.000000     -0.05447887
 30.100000     -0.05770200
 30.200000     -0.06039075
 30.300000     -0.06330894
 30.400000     -0.06559889
 30.500000     -0.06885109
 30.600000     -0.07356458
 30.700000     -0.07754226
 30.800000     -0.07978881
 30.900000     -0.08116589
 31.000000     -0.08435741
 31.100000     -0.08778436
 31.200000     -0.09020949
 31.300000     -0.08978733
 31.400000     -0.09032068
 31.500000     -0.09138683
 31.600000     -0.09149255
 31.700000     -0.09450974
 31.800000     -0.09860788
 31.900000     -0.10373292
 32.000000     -0.10921070
 32.100000     -0.11366166
 32.200000     -0.11914514
 32.300000     -0.12567738
 32.400000     -0.12960841
 32.500000     -0.13350104
 32.600000     -0.13614913
 32.700000     -0.13677995
 32.800000     -0.13397824
 32.900000     -0.12992982
 33.000000     -0.12820180
 33.100000     -0.12639486
 33.200000     -0.12543954
 33.300000     -0.12473644
 33.400000     -0.12218871
 33.500000     -0.12132506
 33.600000     -0.12097544
 33.700000     -0.11844664
 33.800000     -0.11508626
 33.900000     -0.11121738
 34.000000     -0.10662345
 34.100000     -0.10263847
 34.200000     -0.10049413
 34.300000     -0.09860054
 34.400000     -0.09779066
 34.500000     -0.09753288
 34.600000     -0.09769841
 34.700000     -0.09960857
 34.800000     -0.09972289
 34.900000     -0.09866317
 35.000000     -0.09949002
 35.100000     -0.10020328
 35.200000     -0.09927382
 35.300000     -0.09701379
 35.400000     -0.09425835
 35.500000     -0.09109559
 35.600000     -0.08841217
 35.700000     -0.08580936
 35.800000     -0.08327537
 35.900000     -0.08242450
 36.000000     -0.08101777
 36.100000     -0.07947814
 36.200000     -0.07856592
 36.300000     -0.07566253
 36.400000     -0.07400283
 36.500000     -0.07522272
 36.600000     -0.07681015
 36.700000     -0.07901229
 36.800000     -0.08026339
 36.900000     -0.08144650
 37.000000     -0.08148098
 37.100000     -0.07933460
 37.200000     -0.07851550
 37.300000     -0.07864014
 37.400000     -0.07728737
 37.500000     -0.07731419
 37.600000     -0.07866236
 37.700000     -0.07793512
 37.800000     -0.07491215
 37.900000     -0.07204493
 38.000000     -0.06938668
 38.100000     -0.06884143
 38.200000     -0.06883975
 38.300000     -0.06876122
 38.400000     -0.06726567
 38.500000     -0.06371733
 38.600000     -0.05910011
 38.700000     -0.05334779
 38.800000     -0.04570200
 38.900000     -0.03809577
 39.000000     -0.03167201
 39.100000     -0.02538387
 39.200000     -0.01848392
 39.300000     -0.01161289
 39.400000     -0.00665291
 39.500000     -0.00319995
 39.600000     -0.00080393
 39.700000      0.00029966
 39.800000     -0.00163021
 39.900000     -0.00527403
