  0.000000      0.05240596
  0.100000      0.04988593
  0.200000      0.04725520
  0.300000      0.04464678
  0.400000      0.04190469
  0.500000      0.03936783
  0.600000      0.03691556
  0.700000      0.03467306
  0.800000      0.03263814
  0.900000      0.03054883
  1.000000      0.02872659
  1.100000      0.02696837
  1.200000      0.02548779
  1.300000      0.02417198
  1.400000      0.02308538
  1.500000      0.02244689
  1.600000      0.02199608
  1.700000      0.02177667
  1.800000      0.02149525
  1.900000      0.02154100
  2.000000      0.02174722
  2.100000      0.02200911
  2.200000      0.02245110
  2.300000      0.02289612
  2.400000      0.02324908
  2.500000      0.02341527
  2.600000      0.02348459
  2.700000      0.02351251
  2.800000      0.02351639
  2.900000      0.02352003
  3.000000      0.02357262
  3.100000      0.02350421
  3.200000      0.02338597
  3.300000      0.02314830
  3.400000      0.02252408
  3.500000      0.02195963
  3.600000      0.02147123
  3.700000      0.02098821
  3.800000      0.02032129
  3.900000      0.01985025
  4.000000      0.01926156
  4.100000      0.01849756
  4.200000      0.01764707
  4.300000      0.01654534
  4.400000      0.01543130
  4.500000      0.01432634
  4.600000      0.01375258
  4.700000      0.01331216
  4.800000      0.01307609
  4.900000      0.01303334
  5.000000      0.01287091
  5.100000      0.01259855
  5.200000      0.01231433
  5.300000      0.01189610
  5.400000      0.01156373
  5.500000      0.01157281
  5.600000      0.01170718
  5.700000      0.01193642
  5.800000      0.01225586
  5.900000      0.01262848
  6.000000      0.01255341
  6.100000      0.01246656
  6.200000      0.01226488
  6.300000      0.01174973
  6.400000      0.01114990
  6.500000      0.01032743
  6.600000      0.00895410
  6.700000      0.00750090
  6.800000      0.00606126
  6.900000      0.00459807
  7.000000      0.00325726
  7.100000      0.00218728
  7.200000      0.00118392
  7.300000      0.00040228
  7.400000     -0.00022805
  7.500000     -0.00085943
  7.600000     -0.00135870
  7.700000     -0.00187829
  7.800000     -0.00241338
  7.900000     -0.00288985
  8.000000     -0.00326645
  8.100000     -0.00344456
  8.200000     -0.00359808
  8.300000     -0.00340591
  8.400000     -0.00295275
  8.500000     -0.00231739
  8.600000     -0.00152984
  8.700000     -0.00048729
  8.800000      0.00063948
  8.900000      0.00195286
  9.000000      0.00369019
  9.100000      0.00589514
  9.200000      0.00849774
  9.300000      0.01132727
  9.400000      0.01405567
  9.500000      0.01636015
  9.600000      0.01858641
  9.700000      0.02050453
  9.800000      0.02233179
  9.900000      0.02383281
 10.000000      0.02479087
 10.100000      0.02521526
 10.200000      0.02501270
 10.300000      0.02481488
 10.400000      0.02481171
 10.500000      0.02525948
 10.600000      0.02601193
 10.700000      0.02694658
 10.800000      0.02809586
 10.900000      0.02945142
 11.000000      0.03086155
 11.100000      0.03255997
 11.200000      0.03435691
 11.300000      0.03597003
 11.400000      0.03767013
 11.500000      0.03940068
 11.600000      0.04155939
 11.700000      0.04445167
 11.800000      0.04776416
 11.900000      0.05144107
 12.000000      0.05519634
 12.100000      0.05946265
 12.200000      0.06362870
 12.300000      0.06825801
 12.400000      0.07304379
 12.500000      0.07762955
 12.600000      0.08221731
 12.700000      0.08655164
 12.800000      0.09123010
 12.900000      0.09582408
 13.000000      0.10019507
 13.100000      0.10399814
 13.200000      0.10776995
 13.300000      0.11149305
 13.400000      0.11529532
 13.500000      0.11895682
 13.600000      0.12235838
 13.700000      0.12521571
 13.800000      0.12819510
 13.900000      0.13087577
 14.000000      0.13373017
 14.100000      0.13655148
 14.200000      0.13919712
 14.300000      0.14138232
 14.400000      0.14357601
 14.500000      0.14505320
 14.600000      0.14626236
 14.700000      0.14709239
 14.800000      0.14785777
 14.900000      0.14893174
 15.000000      0.15005785
 15.100000      0.15131123
 15.200000      0.15249510
 15.300000      0.15413133
 15.400000      0.15597793
 15.500000      0.15843609
 15.600000      0.16162321
 15.700000      0.16534915
 15.800000      0.16969225
 15.900000      0.17420951
 16.000000      0.17900835
 16.100000      0.18307667
 16.200000      0.18676431
 16.300000      0.18970041
 16.400000      0.19229505
 16.500000      0.19429957
 16.600000      0.19620313
 16.700000      0.19812288
 16.800000      0.20022838
 16.900000      0.20246900
 17.000000      0.20520468
 17.100000      0.20860604
 17.200000      0.21260201
 17.300000      0.21749021
 17.400000      0.22289477
 17.500000      0.22883235
 17.600000      0.23570721
 17.700000      0.24340204
 17.800000      0.25225833
 17.900000      0.26242159
 18.000000      0.27369685
 18.100000      0.28583793
 18.200000      0.29874879
 18.300000      0.31243535
 18.400000      0.32646163
 18.500000      0.34077704
 18.600000      0.35516480
 18.700000      0.36948652
 18.800000      0.38386002
 18.900000      0.39841751
 19.000000      0.41332198
 19.100000      0.42863111
 19.200000      0.44409207
 19.300000      0.45989657
 19.400000      0.47606480
 19.500000      0.49249162
 19.600000      0.50904326
 19.700000      0.52509764
 19.800000      0.54030278
 19.900000      0.55419243
 20.000000      0.56711510
 20.100000      0.57934350
 20.200000      0.59140875
 20.300000      0.60360384
 20.400000      0.61591297
 20.500000      0.62821821
 20.600000      0.64066538
 20.700000      0.65315366
 20.800000      0.66614180
 20.900000      0.67943530
 21.000000      0.69280377
 21.100000      0.70631572
 21.200000      0.71924682
 21.300000      0.73155897
 21.400000      0.74310235
 21.500000      0.75442257
 21.600000      0.76499208
 21.700000      0.77486329
 21.800000      0.78429419
 21.900000      0.79274064
 22.000000      0.80132096
 22.100000      0.81010496
 22.200000      0.81873903
 22.300000      0.82697731
 22.400000      0.83500767
 22.500000      0.84294942
 22.600000      0.85057800
 22.700000      0.85895953
 22.800000      0.86707886
 22.900000      0.87547354
 23.000000      0.88365046
 23.100000      0.89202521
 23.200000      0.90035817
 23.300000      0.90917446
 23.400000      0.91777608
 23.500000      0.92653996
 23.600000      0.93539710
 23.700000      0.94406373
 23.800000      0.95280251
 23.900000      0.96066972
 24.000000      0.96835930
 24.100000      0.97500858
 24.200000      0.98121097
 24.300000      0.98679006
 24.400000      0.99141827
 24.500000      0.99525145
 24.600000      0.99773238
 24.700000      0.99923200
 24.800000      1.00000000
 24.900000      0.99948643
 25.000000      0.99790566
 25.100000      0.99560490
 25.200000      0.99238151
 25.300000      0.98828258
 25.400000      0.98346381
 25.500000      0.97751224
 25.600000      0.97095263
 25.700000      0.96332196
 25.800000      0.95488626
 25.900000      0.94563951
 26.000000      0.93594838
 26.100000      0.92549831
 26.200000      0.91417836
 26.300000      0.90183175
 26.400000      0.88821176
 26.500000      0.87360770
 26.600000      0.85762485
 26.700000      0.84142265
 26.800000      0.82493850
 26.900000      0.80786611
 27.000000      0.79075378
 27.100000      0.77341525
 27.200000      0.75595490
 27.300000      0.73766957
 27.400000      0.71896914
 27.500000      0.70004477
 27.600000      0.68106159
 27.700000      0.66249205
 27.800000      0.64448566
 27.900000      0.62764692
 28.000000      0.61157467
 28.100000      0.59614209
 28.200000      0.58042689
 28.300000      0.56408519
 28.400000      0.54635821
 28.500000      0.52714690
 28.600000      0.50652717
 28.700000      0.48508850
 28.800000      0.46346310
 28.900000      0.44203038
 29.000000      0.42197090
 29.100000      0.40266534
 29.200000      0.38427459
 29.300000      0.36608703
 29.400000      0.34812292
 29.500000      0.33087633
 29.600000      0.31400966
 29.700000      0.29839341
 29.800000      0.28321858
 29.900000      0.26940329
 30.000000      0.25622912
 30.100000      0.24381261
 30.200000      0.23165245
 30.300000      0.21972359
 30.400000      0.20809643
 30.500000      0.19633741
 30.600000      0.18566417
 30.700000      0.17533498
 30.800000      0.16533524
 30.900000      0.15599916
 31.000000      0.14609168
 31.100000      0.13594315
 31.200000      0.12522293
 31.300000      0.11441879
 31.400000      0.10318904
 31.500000      0.09265119
 31.600000      0.08256777
 31.700000      0.07338175
 31.800000      0.06558654
 31.900000      0.05855439
 32.000000      0.05224356
 32.100000      0.04634859
 32.200000      0.04066235
 32.300000      0.03604607
 32.400000      0.03335986
 32.500000      0.03071031
 32.600000      0.02815482
 32.700000      0.02595749
 32.800000      0.02383926
 32.900000      0.02222072
 33.000000      0.02091658
 33.100000      0.02012993
 33.200000      0.01966755
 33.300000      0.02003253
 33.400000      0.02081813
 33.500000      0.02208723
 33.600000      0.02393863
 33.700000      0.02609105
 33.800000      0.02865279
 33.900000      0.03157380
 34.000000      0.03522632
 34.100000      0.03920674
 34.200000      0.04354772
 34.300000      0.04816247
 34.400000      0.05277743
 34.500000      0.05756319
 34.600000      0.06215078
 34.700000      0.06705416
 34.800000      0.07169175
 34.900000      0.07603586
 35.000000      0.08014068
 35.100000      0.08395567
 35.200000      0.08748111
 35.300000      0.09079044
 35.400000      0.09442545
 35.500000      0.09790388
 35.600000      0.10126963
 35.700000      0.10473300
 35.800000      0.10782712
 35.900000      0.11007845
 36.000000      0.11186755
 36.100000      0.11279103
 36.200000      0.11315240
 36.300000      0.11344200
 36.400000      0.11324428
 36.500000      0.11277967
 36.600000      0.11186859
 36.700000      0.11079309
 36.800000      0.10934377
 36.900000      0.10757037
 37.000000      0.10548516
 37.100000      0.10308211
 37.200000      0.10072610
 37.300000      0.09819093
 37.400000      0.09532202
 37.500000      0.09226428
 37.600000      0.08898067
 37.700000      0.08539843
 37.800000      0.08162252
 37.900000      0.07764970
 38.000000      0.07345601
 38.100000      0.06891198
 38.200000      0.06414081
 38.300000      0.05894231
 38.400000      0.05354352
 38.500000      0.04787958
 38.600000      0.04160061
 38.700000      0.03501677
 38.800000      0.02781988
 38.900000      0.02048176
 39.000000      0.01759415
 39.100000      0.01435586
 39.200000      0.01090556
 39.300000      0.00685442
 39.400000      0.00267613
 39.500000     -0.00193647
 39.600000     -0.00673919
 39.700000     -0.01163082
 39.800000     -0.01685775
 39.900000     -0.02203221
