  0.000000      0.53554355
  0.100000      0.54013018
  0.200000      0.54475266
  0.300000      0.54944683
  0.400000      0.55414100
  0.500000      0.55883517
  0.600000      0.56352934
  0.700000      0.56829440
  0.800000      0.57344633
  0.900000      0.57862164
  1.000000      0.58342751
  1.100000      0.58802852
  1.200000      0.59276293
  1.300000      0.59767918
  1.400000      0.60255294
  1.500000      0.60742669
  1.600000      0.61219362
  1.700000      0.61696054
  1.800000      0.62172746
  1.900000      0.62649438
  2.000000      0.63126372
  2.100000      0.63621708
  2.200000      0.64144637
  2.300000      0.64636385
  2.400000      0.65103235
  2.500000      0.65570084
  2.600000      0.66085152
  2.700000      0.66590069
  2.800000      0.67094986
  2.900000      0.67647688
  3.000000      0.68224283
  3.100000      0.68800878
  3.200000      0.69377472
  3.300000      0.69954067
  3.400000      0.70529171
  3.500000      0.71124888
  3.600000      0.71696394
  3.700000      0.72244590
  3.800000      0.72791352
  3.900000      0.73375708
  4.000000      0.73965848
  4.100000      0.74555988
  4.200000      0.75154478
  4.300000      0.75769668
  4.400000      0.76384857
  4.500000      0.77000047
  4.600000      0.77615237
  4.700000      0.78232865
  4.800000      0.78871823
  4.900000      0.79502034
  5.000000      0.80072259
  5.100000      0.80622850
  5.200000      0.81188166
  5.300000      0.81782634
  5.400000      0.82376955
  5.500000      0.82971275
  5.600000      0.83527386
  5.700000      0.84083496
  5.800000      0.84639607
  5.900000      0.85195718
  6.000000      0.85752450
  6.100000      0.86326934
  6.200000      0.86922136
  6.300000      0.87439870
  6.400000      0.87914935
  6.500000      0.88389999
  6.600000      0.88895926
  6.700000      0.89408403
  6.800000      0.89920881
  6.900000      0.90408780
  7.000000      0.90884390
  7.100000      0.91359999
  7.200000      0.91835608
  7.300000      0.92311218
  7.400000      0.92782302
  7.500000      0.93265989
  7.600000      0.93711273
  7.700000      0.94074674
  7.800000      0.94437060
  7.900000      0.94784528
  8.000000      0.95127900
  8.100000      0.95471273
  8.200000      0.95802371
  8.300000      0.96108922
  8.400000      0.96415473
  8.500000      0.96722024
  8.600000      0.97028575
  8.700000      0.97327199
  8.800000      0.97614991
  8.900000      0.97890613
  9.000000      0.98117689
  9.100000      0.98332409
  9.200000      0.98524543
  9.300000      0.98673274
  9.400000      0.98822890
  9.500000      0.98972506
  9.600000      0.99099249
  9.700000      0.99225992
  9.800000      0.99352735
  9.900000      0.99479478
 10.000000      0.99604961
 10.100000      0.99711746
 10.200000      0.99812898
 10.300000      0.99889579
 10.400000      0.99944790
 10.500000      1.00000000
 10.600000      0.99989508
 10.700000      0.99985154
 10.800000      0.99980800
 10.900000      0.99944211
 11.000000      0.99891505
 11.100000      0.99838798
 11.200000      0.99786092
 11.300000      0.99733386
 11.400000      0.99674506
 11.500000      0.99589757
 11.600000      0.99507001
 11.700000      0.99413909
 11.800000      0.99315483
 11.900000      0.99201184
 12.000000      0.99099310
 12.100000      0.98997436
 12.200000      0.98924490
 12.300000      0.98909401
 12.400000      0.98894312
 12.500000      0.98879224
 12.600000      0.98864135
 12.700000      0.98845299
 12.800000      0.98798270
 12.900000      0.98748301
 13.000000      0.98678350
 13.100000      0.98572902
 13.200000      0.98461897
 13.300000      0.98355830
 13.400000      0.98257789
 13.500000      0.98159749
 13.600000      0.98139069
 13.700000      0.98118389
 13.800000      0.98097709
 13.900000      0.98077029
 14.000000      0.98057240
 14.100000      0.98001827
 14.200000      0.97923358
 14.300000      0.97861382
 14.400000      0.97718946
 14.500000      0.97576509
 14.600000      0.97386052
 14.700000      0.97204153
 14.800000      0.97022254
 14.900000      0.96791326
 15.000000      0.96535885
 15.100000      0.96280443
 15.200000      0.96025001
 15.300000      0.95769559
 15.400000      0.95508453
 15.500000      0.95221451
 15.600000      0.94951500
 15.700000      0.94655878
 15.800000      0.94342520
 15.900000      0.94020436
 16.000000      0.93698858
 16.100000      0.93377280
 16.200000      0.93052841
 16.300000      0.92722679
 16.400000      0.92392518
 16.500000      0.92062356
 16.600000      0.91732195
 16.700000      0.91400974
 16.800000      0.91062536
 16.900000      0.90726174
 17.000000      0.90390604
 17.100000      0.90021598
 17.200000      0.89658805
 17.300000      0.89308910
 17.400000      0.88959251
 17.500000      0.88609592
 17.600000      0.88227906
 17.700000      0.87846220
 17.800000      0.87464535
 17.900000      0.87082849
 18.000000      0.86699271
 18.100000      0.86286609
 18.200000      0.85857428
 18.300000      0.85448584
 18.400000      0.85007908
 18.500000      0.84567231
 18.600000      0.84112229
 18.700000      0.83658879
 18.800000      0.83205529
 18.900000      0.82688039
 19.000000      0.82138480
 19.100000      0.81588920
 19.200000      0.81039361
 19.300000      0.80489801
 19.400000      0.79919136
 19.500000      0.79298688
 19.600000      0.78691272
 19.700000      0.78080845
 19.800000      0.77466227
 19.900000      0.76842049
 20.000000      0.76211852
 20.100000      0.75581654
 20.200000      0.74956523
 20.300000      0.74341527
 20.400000      0.73726531
 20.500000      0.73111535
 20.600000      0.72496539
 20.700000      0.71875636
 20.800000      0.71210314
 20.900000      0.70531164
 21.000000      0.69869505
 21.100000      0.69226080
 21.200000      0.68585560
 21.300000      0.67944480
 21.400000      0.67300212
 21.500000      0.66655944
 21.600000      0.66110887
 21.700000      0.65565829
 21.800000      0.65020771
 21.900000      0.64475714
 22.000000      0.63930503
 22.100000      0.63339603
 22.200000      0.62710196
 22.300000      0.62096858
 22.400000      0.61539279
 22.500000      0.60981700
 22.600000      0.60419531
 22.700000      0.59848983
 22.800000      0.59278434
 22.900000      0.58690542
 23.000000      0.58093978
 23.100000      0.57497415
 23.200000      0.56900852
 23.300000      0.56304288
 23.400000      0.55674600
 23.500000      0.54977829
 23.600000      0.54302306
 23.700000      0.53693547
 23.800000      0.53105415
 23.900000      0.52515721
 24.000000      0.51914975
 24.100000      0.51314230
 24.200000      0.50690242
 24.300000      0.50019766
 24.400000      0.49349290
 24.500000      0.48678814
 24.600000      0.48008338
 24.700000      0.47321993
 24.800000      0.46585214
 24.900000      0.45841650
 25.000000      0.45154982
 25.100000      0.44520048
 25.200000      0.43886171
 25.300000      0.43256121
 25.400000      0.42626927
 25.500000      0.41997733
 25.600000      0.41406408
 25.700000      0.40815083
 25.800000      0.40223757
 25.900000      0.39632432
 26.000000      0.39040258
 26.100000      0.38404829
 26.200000      0.37758378
 26.300000      0.37130993
 26.400000      0.36574096
 26.500000      0.36017199
 26.600000      0.35461918
 26.700000      0.34911535
 26.800000      0.34361152
 26.900000      0.33757988
 27.000000      0.33128432
 27.100000      0.32498877
 27.200000      0.31869321
 27.300000      0.31239766
 27.400000      0.30581858
 27.500000      0.29901000
 27.600000      0.29242575
 27.700000      0.28627270
 27.800000      0.28017026
 27.900000      0.27412164
 28.000000      0.26820971
 28.100000      0.26229778
 28.200000      0.25624231
 28.300000      0.24989975
 28.400000      0.24355719
 28.500000      0.23721463
 28.600000      0.23087207
 28.700000      0.22442405
 28.800000      0.21777077
 28.900000      0.21123181
 29.000000      0.20491415
 29.100000      0.19857402
 29.200000      0.19228200
 29.300000      0.18617061
 29.400000      0.18010142
 29.500000      0.17403224
 29.600000      0.16946608
 29.700000      0.16489993
 29.800000      0.16033378
 29.900000      0.15576762
 30.000000      0.15120046
 30.100000      0.14643399
 30.200000      0.14184361
 30.300000      0.13752828
 30.400000      0.13301810
 30.500000      0.12850793
 30.600000      0.12401304
 30.700000      0.11954058
 30.800000      0.11506812
 30.900000      0.11037897
 31.000000      0.10558148
 31.100000      0.10078399
 31.200000      0.09598650
 31.300000      0.09118900
 31.400000      0.08621152
 31.500000      0.08141724
 31.600000      0.07678091
 31.700000      0.07208186
 31.800000      0.06720653
 31.900000      0.06243135
 32.000000      0.05773811
 32.100000      0.05304487
 32.200000      0.04828257
 32.300000      0.04338213
 32.400000      0.03848170
 32.500000      0.03358127
 32.600000      0.02868083
 32.700000      0.02374392
 32.800000      0.01885255
 32.900000      0.01411092
 33.000000      0.00928054
 33.100000      0.00408608
 33.200000     -0.00099376
 33.300000     -0.00580070
 33.400000     -0.01058579
 33.500000     -0.01537089
 33.600000     -0.01904352
 33.700000     -0.02271615
 33.800000     -0.02638878
 33.900000     -0.03006141
 34.000000     -0.03374081
 34.100000     -0.03739720
 34.200000     -0.04099528
 34.300000     -0.04433810
 34.400000     -0.04799034
 34.500000     -0.05164258
 34.600000     -0.05527521
 34.700000     -0.05885945
 34.800000     -0.06244368
 34.900000     -0.06689718
 35.000000     -0.07178531
 35.100000     -0.07667344
 35.200000     -0.08156158
 35.300000     -0.08644971
 35.400000     -0.09129950
 35.500000     -0.09614387
 35.600000     -0.10099496
 35.700000     -0.10580105
 35.800000     -0.11064206
 35.900000     -0.11563076
 36.000000     -0.12059415
 36.100000     -0.12555754
 36.200000     -0.13077717
 36.300000     -0.13650928
 36.400000     -0.14224139
 36.500000     -0.14797351
 36.600000     -0.15370562
 36.700000     -0.15937216
 36.800000     -0.16492056
 36.900000     -0.17055091
 37.000000     -0.17641907
 37.100000     -0.18240598
 37.200000     -0.18841596
 37.300000     -0.19439120
 37.400000     -0.20032601
 37.500000     -0.20626083
 37.600000     -0.21142115
 37.700000     -0.21658148
 37.800000     -0.22174180
 37.900000     -0.22690213
 38.000000     -0.23205237
 38.100000     -0.23696042
 38.200000     -0.24194620
 38.300000     -0.24726139
 38.400000     -0.25276834
 38.500000     -0.25827530
 38.600000     -0.26362543
 38.700000     -0.26889765
 38.800000     -0.27416988
 38.900000     -0.27956694
 39.000000     -0.28502641
 39.100000     -0.29048589
 39.200000     -0.29594537
 39.300000     -0.30140485
 39.400000     -0.30659335
 39.500000     -0.31191524
 39.600000     -0.31739792
 39.700000     -0.32296807
 39.800000     -0.32846389
 39.900000     -0.33379517
