  0.000000      0.22540812
  0.100000      0.22335922
  0.200000      0.22095397
  0.300000      0.21823936
  0.400000      0.21535584
  0.500000      0.21213281
  0.600000      0.20903015
  0.700000      0.20581743
  0.800000      0.20258240
  0.900000      0.19915628
  1.000000      0.19564295
  1.100000      0.19194794
  1.200000      0.18775282
  1.300000      0.18325878
  1.400000      0.17836531
  1.500000      0.17331395
  1.600000      0.16837441
  1.700000      0.16322870
  1.800000      0.15806925
  1.900000      0.15347757
  2.000000      0.14942582
  2.100000      0.14574301
  2.200000      0.14215137
  2.300000      0.13880971
  2.400000      0.13565225
  2.500000      0.13305015
  2.600000      0.13071845
  2.700000      0.12811034
  2.800000      0.12516227
  2.900000      0.12213485
  3.000000      0.12031028
  3.100000      0.11860574
  3.200000      0.11667967
  3.300000      0.11391685
  3.400000      0.10986335
  3.500000      0.10442826
  3.600000      0.09744386
  3.700000      0.08896133
  3.800000      0.07917025
  3.900000      0.06812078
  4.000000      0.05621915
  4.100000      0.04391063
  4.200000      0.03166638
  4.300000      0.01945497
  4.400000      0.00779306
  4.500000     -0.00330921
  4.600000     -0.01356173
  4.700000     -0.02233514
  4.800000     -0.02984592
  4.900000     -0.03564611
  5.000000     -0.03943985
  5.100000     -0.04101943
  5.200000     -0.04054592
  5.300000     -0.03847304
  5.400000     -0.03521782
  5.500000     -0.03091192
  5.600000     -0.02593832
  5.700000     -0.02053859
  5.800000     -0.01518735
  5.900000     -0.00965535
  6.000000     -0.00475798
  6.100000     -0.00049911
  6.200000      0.00288702
  6.300000      0.00590546
  6.400000      0.00903817
  6.500000      0.01257766
  6.600000      0.01657094
  6.700000      0.02109718
  6.800000      0.02661758
  6.900000      0.03235670
  7.000000      0.03719117
  7.100000      0.04092053
  7.200000      0.04412680
  7.300000      0.04787646
  7.400000      0.05306469
  7.500000      0.05934037
  7.600000      0.06638750
  7.700000      0.07353620
  7.800000      0.08013003
  7.900000      0.08639882
  8.000000      0.09220978
  8.100000      0.09524535
  8.200000      0.09842701
  8.300000      0.10134588
  8.400000      0.10480868
  8.500000      0.10913404
  8.600000      0.10915544
  8.700000      0.10742405
  8.800000      0.10479038
  8.900000      0.10174979
  9.000000      0.09801172
  9.100000      0.09410381
  9.200000      0.09039864
  9.300000      0.08647220
  9.400000      0.08302287
  9.500000      0.08266537
  9.600000      0.08353163
  9.700000      0.08381181
  9.800000      0.08438297
  9.900000      0.08441486
 10.000000      0.08492204
 10.100000      0.08615949
 10.200000      0.08744912
 10.300000      0.09073341
 10.400000      0.09751298
 10.500000      0.10724262
 10.600000      0.11445271
 10.700000      0.11298453
 10.800000      0.09838812
 10.900000      0.07639358
 11.000000      0.05480983
 11.100000      0.03610718
 11.200000      0.02055580
 11.300000      0.00563112
 11.400000     -0.00744122
 11.500000     -0.01919472
 11.600000     -0.03210434
 11.700000     -0.04534123
 11.800000     -0.05900378
 11.900000     -0.07263507
 12.000000     -0.07999476
 12.100000     -0.07566891
 12.200000     -0.06175065
 12.300000     -0.04898590
 12.400000     -0.05071554
 12.500000     -0.06114613
 12.600000     -0.08003081
 12.700000     -0.10366353
 12.800000     -0.12735586
 12.900000     -0.14935806
 13.000000     -0.16853051
 13.100000     -0.18238258
 13.200000     -0.19015691
 13.300000     -0.19042693
 13.400000     -0.18367445
 13.500000     -0.17443619
 13.600000     -0.16503080
 13.700000     -0.15261296
 13.800000     -0.12732323
 13.900000     -0.08439773
 14.000000     -0.02816943
 14.100000      0.03284105
 14.200000      0.09033793
 14.300000      0.14232905
 14.400000      0.18697125
 14.500000      0.22576695
 14.600000      0.26225290
 14.700000      0.29829265
 14.800000      0.34025107
 14.900000      0.39070123
 15.000000      0.45036741
 15.100000      0.52121542
 15.200000      0.59851479
 15.300000      0.67745093
 15.400000      0.75423850
 15.500000      0.82593060
 15.600000      0.89013540
 15.700000      0.94314375
 15.800000      0.98038439
 15.900000      0.99861571
 16.000000      1.00000000
 16.100000      0.99357908
 16.200000      0.98813344
 16.300000      0.98808792
 16.400000      0.99116925
 16.500000      0.99615194
 16.600000      0.99985321
 16.700000      0.99507436
 16.800000      0.98021518
 16.900000      0.95541591
 17.000000      0.92320530
 17.100000      0.88474160
 17.200000      0.83750025
 17.300000      0.78094946
 17.400000      0.71813885
 17.500000      0.65318463
 17.600000      0.58931035
 17.700000      0.52732724
 17.800000      0.46550176
 17.900000      0.40309877
 18.000000      0.33865435
 18.100000      0.27175107
 18.200000      0.19723783
 18.300000      0.11900189
 18.400000      0.04320785
 18.500000     -0.02860470
 18.600000     -0.09485974
 18.700000     -0.15683476
 18.800000     -0.21286321
 18.900000     -0.26269467
 19.000000     -0.30154617
 19.100000     -0.33232006
 19.200000     -0.36077105
 19.300000     -0.38686181
 19.400000     -0.40986457
 19.500000     -0.42953059
 19.600000     -0.44873015
 19.700000     -0.46927739
 19.800000     -0.48622673
 19.900000     -0.49698590
 20.000000     -0.50240715
 20.100000     -0.50219512
 20.200000     -0.50025615
 20.300000     -0.49612555
 20.400000     -0.48860664
 20.500000     -0.47762218
 20.600000     -0.46587035
 20.700000     -0.45577824
 20.800000     -0.45213189
 20.900000     -0.45287983
 21.000000     -0.45176069
 21.100000     -0.44804467
 21.200000     -0.43988485
 21.300000     -0.42840682
 21.400000     -0.41552441
 21.500000     -0.40560708
 21.600000     -0.40125317
 21.700000     -0.40301484
 21.800000     -0.40675550
 21.900000     -0.41091961
 22.000000     -0.41269925
 22.100000     -0.41141200
 22.200000     -0.40674351
 22.300000     -0.39926317
 22.400000     -0.38931345
 22.500000     -0.37646894
 22.600000     -0.36230489
 22.700000     -0.34798404
 22.800000     -0.33380495
 22.900000     -0.32028785
 23.000000     -0.30961598
 23.100000     -0.30242958
 23.200000     -0.29637031
 23.300000     -0.29121829
 23.400000     -0.28704757
 23.500000     -0.28492639
 23.600000     -0.28596259
 23.700000     -0.28936257
 23.800000     -0.29083648
 23.900000     -0.28996226
 24.000000     -0.28567244
 24.100000     -0.27867805
 24.200000     -0.27260208
 24.300000     -0.26881891
 24.400000     -0.26594153
 24.500000     -0.26056469
 24.600000     -0.25021180
 24.700000     -0.23533289
 24.800000     -0.21551226
 24.900000     -0.19325857
 25.000000     -0.17153101
 25.100000     -0.15270754
 25.200000     -0.13670175
 25.300000     -0.12168627
 25.400000     -0.10531844
 25.500000     -0.09143639
 25.600000     -0.08031319
 25.700000     -0.07214704
 25.800000     -0.06653544
 25.900000     -0.06352499
 26.000000     -0.06301344
 26.100000     -0.05969084
 26.200000     -0.06218242
 26.300000     -0.06596654
 26.400000     -0.06981183
 26.500000     -0.07360333
 26.600000     -0.07743093
 26.700000     -0.07935324
 26.800000     -0.07900920
 26.900000     -0.07740486
 27.000000     -0.07413781
 27.100000     -0.06969353
 27.200000     -0.06494003
 27.300000     -0.05996113
 27.400000     -0.05582975
 27.500000     -0.05500724
 27.600000     -0.05593091
 27.700000     -0.05874628
 27.800000     -0.06225850
 27.900000     -0.06445784
 28.000000     -0.06394554
 28.100000     -0.06061603
 28.200000     -0.05520368
 28.300000     -0.04833542
 28.400000     -0.04230733
 28.500000     -0.03763948
 28.600000     -0.03467526
 28.700000     -0.03315409
 28.800000     -0.03571777
 28.900000     -0.03963386
 29.000000     -0.04372444
 29.100000     -0.04836277
 29.200000     -0.05372135
 29.300000     -0.06011042
 29.400000     -0.06779167
 29.500000     -0.07575252
 29.600000     -0.08286185
 29.700000     -0.08919856
 29.800000     -0.09594764
 29.900000     -0.10231381
 30.000000     -0.10652373
 30.100000     -0.10876105
 30.200000     -0.11003078
 30.300000     -0.10906370
 30.400000     -0.10645519
 30.500000     -0.10270032
 30.600000     -0.09840510
 30.700000     -0.09324835
 30.800000     -0.08754468
 30.900000     -0.08136061
 31.000000     -0.07367191
 31.100000     -0.06518914
 31.200000     -0.05526505
 31.300000     -0.04469998
 31.400000     -0.03408918
 31.500000     -0.02411071
 31.600000     -0.01544720
 31.700000     -0.00744532
 31.800000     -0.00046025
 31.900000      0.00541707
 32.000000      0.00965992
 32.100000      0.01193244
 32.200000      0.01237260
 32.300000      0.01050811
 32.400000      0.00543827
 32.500000     -0.00100577
 32.600000     -0.00861021
 32.700000     -0.01724903
 32.800000     -0.02677931
 32.900000     -0.03663967
 33.000000     -0.04677594
 33.100000     -0.05691740
 33.200000     -0.06702324
 33.300000     -0.07676409
 33.400000     -0.08609240
 33.500000     -0.09492881
 33.600000     -0.10323423
 33.700000     -0.11101607
 33.800000     -0.11813830
 33.900000     -0.12437641
 34.000000     -0.12968410
 34.100000     -0.13438356
 34.200000     -0.13859848
 34.300000     -0.14175474
 34.400000     -0.14437892
 34.500000     -0.14655144
 34.600000     -0.14813311
 34.700000     -0.14923002
 34.800000     -0.15011335
 34.900000     -0.15057283
 35.000000     -0.15028395
 35.100000     -0.14959858
 35.200000     -0.14911046
 35.300000     -0.14803088
 35.400000     -0.14639436
 35.500000     -0.14463885
 35.600000     -0.14250015
 35.700000     -0.13987617
 35.800000     -0.13655348
 35.900000     -0.13265429
 36.000000     -0.12844543
 36.100000     -0.12377509
 36.200000     -0.11873312
 36.300000     -0.11335209
 36.400000     -0.10792661
 36.500000     -0.10196332
 36.600000     -0.09606635
 36.700000     -0.09089182
 36.800000     -0.08646791
 36.900000     -0.08251492
 37.000000     -0.07877854
 37.100000     -0.07535011
 37.200000     -0.07244241
 37.300000     -0.06982519
 37.400000     -0.06758836
 37.500000     -0.06587459
 37.600000     -0.06452624
 37.700000     -0.06356453
 37.800000     -0.06332787
 37.900000     -0.06420651
 38.000000     -0.06622061
 38.100000     -0.06927187
 38.200000     -0.07311820
 38.300000     -0.07719681
 38.400000     -0.08089942
 38.500000     -0.08509970
 38.600000     -0.08938673
 38.700000     -0.09350434
 38.800000     -0.09728882
 38.900000     -0.10087277
 39.000000     -0.10416405
 39.100000     -0.10683082
 39.200000     -0.10929814
 39.300000     -0.11148621
 39.400000     -0.11341411
 39.500000     -0.11512238
 39.600000     -0.11653685
 39.700000     -0.11737196
 39.800000     -0.11749464
 39.900000     -0.11689191
