  0.000000      0.01132266
  0.100000      0.01182143
  0.200000      0.01223634
  0.300000      0.01316547
  0.400000      0.01441437
  0.500000      0.01561411
  0.600000      0.01649364
  0.700000      0.01743483
  0.800000      0.01858954
  0.900000      0.01976785
  1.000000      0.02131753
  1.100000      0.02303298
  1.200000      0.02460545
  1.300000      0.02575814
  1.400000      0.02718390
  1.500000      0.02871832
  1.600000      0.03021104
  1.700000      0.03178640
  1.800000      0.03295985
  1.900000      0.03420116
  2.000000      0.03515973
  2.100000      0.03577273
  2.200000      0.03635745
  2.300000      0.03685193
  2.400000      0.03740528
  2.500000      0.03796573
  2.600000      0.03857138
  2.700000      0.03880471
  2.800000      0.03900857
  2.900000      0.03916062
  3.000000      0.03941742
  3.100000      0.03976267
  3.200000      0.03984929
  3.300000      0.03964749
  3.400000      0.03956347
  3.500000      0.03929692
  3.600000      0.03861701
  3.700000      0.03858192
  3.800000      0.03864496
  3.900000      0.03853478
  4.000000      0.03820823
  4.100000      0.03781486
  4.200000      0.03731651
  4.300000      0.03690511
  4.400000      0.03673558
  4.500000      0.03651091
  4.600000      0.03635289
  4.700000      0.03622892
  4.800000      0.03626361
  4.900000      0.03615072
  5.000000      0.03598723
  5.100000      0.03640869
  5.200000      0.03626276
  5.300000      0.03590376
  5.400000      0.03534553
  5.500000      0.03471784
  5.600000      0.03406070
  5.700000      0.03306911
  5.800000      0.03203075
  5.900000      0.03121008
  6.000000      0.03024628
  6.100000      0.02857588
  6.200000      0.02730947
  6.300000      0.02600902
  6.400000      0.02429381
  6.500000      0.02265191
  6.600000      0.02061319
  6.700000      0.01872673
  6.800000      0.01640216
  6.900000      0.01415711
  7.000000      0.01229293
  7.100000      0.01041351
  7.200000      0.00766719
  7.300000      0.00494713
  7.400000      0.00265170
  7.500000     -0.00000720
  7.600000     -0.00226217
  7.700000     -0.00453690
  7.800000     -0.00672573
  7.900000     -0.00892022
  8.000000     -0.01055009
  8.100000     -0.01202108
  8.200000     -0.01351529
  8.300000     -0.01543759
  8.400000     -0.01685786
  8.500000     -0.01788306
  8.600000     -0.01882465
  8.700000     -0.01975310
  8.800000     -0.02022715
  8.900000     -0.01998355
  9.000000     -0.01862029
  9.100000     -0.01652385
  9.200000     -0.01286946
  9.300000     -0.00813520
  9.400000     -0.00024689
  9.500000      0.00946423
  9.600000      0.02155487
  9.700000      0.03645649
  9.800000      0.05438527
  9.900000      0.07497943
 10.000000      0.09859644
 10.100000      0.12527786
 10.200000      0.15511158
 10.300000      0.18854217
 10.400000      0.22467692
 10.500000      0.26370151
 10.600000      0.30546080
 10.700000      0.34950830
 10.800000      0.39589570
 10.900000      0.44359658
 11.000000      0.49136215
 11.100000      0.53850863
 11.200000      0.58543390
 11.300000      0.63203960
 11.400000      0.67738453
 11.500000      0.72204303
 11.600000      0.76524811
 11.700000      0.80663542
 11.800000      0.84450069
 11.900000      0.87848673
 12.000000      0.90892528
 12.100000      0.93531290
 12.200000      0.95825614
 12.300000      0.97609379
 12.400000      0.98906946
 12.500000      0.99719514
 12.600000      1.00000000
 12.700000      0.99614499
 12.800000      0.98616359
 12.900000      0.97105795
 13.000000      0.95023084
 13.100000      0.92493735
 13.200000      0.89443984
 13.300000      0.85859460
 13.400000      0.81685094
 13.500000      0.76910687
 13.600000      0.71768744
 13.700000      0.66309228
 13.800000      0.60547415
 13.900000      0.54460586
 14.000000      0.48086519
 14.100000      0.41630170
 14.200000      0.35134602
 14.300000      0.28565749
 14.400000      0.22052391
 14.500000      0.15701034
 14.600000      0.09410178
 14.700000      0.03370259
 14.800000     -0.02469007
 14.900000     -0.08024928
 15.000000     -0.13275065
 15.100000     -0.18212124
 15.200000     -0.22764675
 15.300000     -0.26923117
 15.400000     -0.30824163
 15.500000     -0.34352388
 15.600000     -0.37535537
 15.700000     -0.40353565
 15.800000     -0.42868405
 15.900000     -0.45007827
 16.000000     -0.46823665
 16.100000     -0.48331337
 16.200000     -0.49574295
 16.300000     -0.50502918
 16.400000     -0.51147330
 16.500000     -0.51560479
 16.600000     -0.51778552
 16.700000     -0.51796985
 16.800000     -0.51557121
 16.900000     -0.51191780
 17.000000     -0.50701410
 17.100000     -0.50015322
 17.200000     -0.49287868
 17.300000     -0.48386815
 17.400000     -0.47479217
 17.500000     -0.46505575
 17.600000     -0.45546930
 17.700000     -0.44607478
 17.800000     -0.43702852
 17.900000     -0.42798594
 18.000000     -0.41778727
 18.100000     -0.40757081
 18.200000     -0.39724618
 18.300000     -0.38666468
 18.400000     -0.37605240
 18.500000     -0.36567656
 18.600000     -0.35493009
 18.700000     -0.34452102
 18.800000     -0.33342243
 18.900000     -0.32181796
 19.000000     -0.31104009
 19.100000     -0.30057528
 19.200000     -0.28908069
 19.300000     -0.27738515
 19.400000     -0.26533331
 19.500000     -0.25346424
 19.600000     -0.24160950
 19.700000     -0.22965863
 19.800000     -0.21754430
 19.900000     -0.20628609
 20.000000     -0.19514601
 20.100000     -0.18510131
 20.200000     -0.17532505
 20.300000     -0.16515818
 20.400000     -0.15525404
 20.500000     -0.14569295
 20.600000     -0.13726153
 20.700000     -0.12934161
 20.800000     -0.12237299
 20.900000     -0.11699708
 21.000000     -0.11326490
 21.100000     -0.11028259
 21.200000     -0.10833902
 21.300000     -0.10749804
 21.400000     -0.10733597
 21.500000     -0.10779383
 21.600000     -0.10876478
 21.700000     -0.11089706
 21.800000     -0.11397271
 21.900000     -0.11740417
 22.000000     -0.12186896
 22.100000     -0.12694537
 22.200000     -0.13253294
 22.300000     -0.13843913
 22.400000     -0.14501229
 22.500000     -0.15162387
 22.600000     -0.15832158
 22.700000     -0.16556001
 22.800000     -0.17314144
 22.900000     -0.18059137
 23.000000     -0.18797538
 23.100000     -0.19565193
 23.200000     -0.20292101
 23.300000     -0.21019598
 23.400000     -0.21692227
 23.500000     -0.22279806
 23.600000     -0.22804479
 23.700000     -0.23314792
 23.800000     -0.23812142
 23.900000     -0.24224919
 24.000000     -0.24577713
 24.100000     -0.24889976
 24.200000     -0.25118103
 24.300000     -0.25355144
 24.400000     -0.25574928
 24.500000     -0.25734362
 24.600000     -0.25806774
 24.700000     -0.25850122
 24.800000     -0.25859091
 24.900000     -0.25797183
 25.000000     -0.25682292
 25.100000     -0.25541121
 25.200000     -0.25356364
 25.300000     -0.25120482
 25.400000     -0.24832605
 25.500000     -0.24482875
 25.600000     -0.24106621
 25.700000     -0.23721162
 25.800000     -0.23304460
 25.900000     -0.22807717
 26.000000     -0.22231858
 26.100000     -0.21649892
 26.200000     -0.20997416
 26.300000     -0.20343634
 26.400000     -0.19707322
 26.500000     -0.19024209
 26.600000     -0.18267916
 26.700000     -0.17521206
 26.800000     -0.16812878
 26.900000     -0.16083404
 27.000000     -0.15320152
 27.100000     -0.14609245
 27.200000     -0.13913099
 27.300000     -0.13184455
 27.400000     -0.12481311
 27.500000     -0.11819474
 27.600000     -0.11210798
 27.700000     -0.10625846
 27.800000     -0.10070043
 27.900000     -0.09501397
 28.000000     -0.08983062
 28.100000     -0.08499477
 28.200000     -0.08016364
 28.300000     -0.07533598
 28.400000     -0.07050505
 28.500000     -0.06594992
 28.600000     -0.06110651
 28.700000     -0.05611973
 28.800000     -0.05124574
 28.900000     -0.04604776
 29.000000     -0.04055300
 29.100000     -0.03528291
 29.200000     -0.03027648
 29.300000     -0.02477431
 29.400000     -0.01967264
 29.500000     -0.01496985
 29.600000     -0.01025844
 29.700000     -0.00507937
 29.800000     -0.00021749
 29.900000      0.00426389
 30.000000      0.00869864
 30.100000      0.01289874
 30.200000      0.01686670
 30.300000      0.02036913
 30.400000      0.02375122
 30.500000      0.02681128
 30.600000      0.02938483
 30.700000      0.03107893
 30.800000      0.03273591
 30.900000      0.03436102
 31.000000      0.03537270
 31.100000      0.03581005
 31.200000      0.03625555
 31.300000      0.03650560
 31.400000      0.03588715
 31.500000      0.03500449
 31.600000      0.03421375
 31.700000      0.03331665
 31.800000      0.03202126
 31.900000      0.03050468
 32.000000      0.02959510
 32.100000      0.02921955
 32.200000      0.02897012
 32.300000      0.02882725
 32.400000      0.02890921
 32.500000      0.02926712
 32.600000      0.02940985
 32.700000      0.02970616
 32.800000      0.03005558
 32.900000      0.03049604
 33.000000      0.03085366
 33.100000      0.03112975
 33.200000      0.03122975
 33.300000      0.03094408
 33.400000      0.03011195
 33.500000      0.02897624
 33.600000      0.02799697
 33.700000      0.02668962
 33.800000      0.02524691
 33.900000      0.02395606
 34.000000      0.02257608
 34.100000      0.02100837
 34.200000      0.01925394
 34.300000      0.01777934
 34.400000      0.01700072
 34.500000      0.01650835
 34.600000      0.01587821
 34.700000      0.01550658
 34.800000      0.01521074
 34.900000      0.01523296
 35.000000      0.01514888
 35.100000      0.01499253
 35.200000      0.01561796
 35.300000      0.01632757
 35.400000      0.01675231
 35.500000      0.01734831
 35.600000      0.01808725
 35.700000      0.01908334
 35.800000      0.02031113
 35.900000      0.02153272
 36.000000      0.02263844
 36.100000      0.02348722
 36.200000      0.02428869
 36.300000      0.02551265
 36.400000      0.02679089
 36.500000      0.02806253
 36.600000      0.02952078
 36.700000      0.03085333
 36.800000      0.03160632
 36.900000      0.03212491
 37.000000      0.03265548
 37.100000      0.03331831
 37.200000      0.03409498
 37.300000      0.03460716
 37.400000      0.03499654
 37.500000      0.03561593
 37.600000      0.03616109
 37.700000      0.03671262
 37.800000      0.03705474
 37.900000      0.03752007
 38.000000      0.03769032
 38.100000      0.03756378
 38.200000      0.03738480
 38.300000      0.03718038
 38.400000      0.03724302
 38.500000      0.03702432
 38.600000      0.03675341
 38.700000      0.03645593
 38.800000      0.03611794
 38.900000      0.03555124
 39.000000      0.03486075
 39.100000      0.03471214
 39.200000      0.03448643
 39.300000      0.03419054
 39.400000      0.03417751
 39.500000      0.03398513
 39.600000      0.03369361
 39.700000      0.03363452
 39.800000      0.03392496
 39.900000      0.03381058
