  0.000000      0.05229063
  0.100000      0.05470719
  0.200000      0.05333580
  0.300000      0.05113648
  0.400000      0.04879796
  0.500000      0.04415637
  0.600000      0.03948823
  0.700000      0.03300848
  0.800000      0.03120844
  0.900000      0.03109307
  1.000000      0.02909846
  1.100000      0.02603667
  1.200000      0.02069011
  1.300000      0.01504766
  1.400000      0.01090304
  1.500000      0.00715805
  1.600000      0.00369093
  1.700000     -0.00016741
  1.800000     -0.00335898
  1.900000     -0.00598788
  2.000000     -0.01013654
  2.100000     -0.01603960
  2.200000     -0.02098857
  2.300000     -0.02218548
  2.400000     -0.01964885
  2.500000     -0.01854754
  2.600000     -0.02038497
  2.700000     -0.02441517
  2.800000     -0.02613681
  2.900000     -0.02493093
  3.000000     -0.02435589
  3.100000     -0.02551290
  3.200000     -0.02960307
  3.300000     -0.03654998
  3.400000     -0.04219201
  3.500000     -0.04833969
  3.600000     -0.05526489
  3.700000     -0.05914913
  3.800000     -0.06286407
  3.900000     -0.06775219
  4.000000     -0.07369511
  4.100000     -0.07779504
  4.200000     -0.07962172
  4.300000     -0.08006835
  4.400000     -0.07904944
  4.500000     -0.07808005
  4.600000     -0.07606244
  4.700000     -0.07285246
  4.800000     -0.06761629
  4.900000     -0.06269569
  5.000000     -0.06153432
  5.100000     -0.05934693
  5.200000     -0.05548022
  5.300000     -0.04985093
  5.400000     -0.04539512
  5.500000     -0.04305427
  5.600000     -0.03780812
  5.700000     -0.03128108
  5.800000     -0.02239787
  5.900000     -0.01578865
  6.000000     -0.01492871
  6.100000     -0.01456951
  6.200000     -0.01574738
  6.300000     -0.01508160
  6.400000     -0.01422696
  6.500000     -0.01063299
  6.600000     -0.00758879
  6.700000     -0.00513256
  6.800000     -0.00263430
  6.900000     -0.00041595
  7.000000      0.00169987
  7.100000      0.00385895
  7.200000      0.00675569
  7.300000      0.00877384
  7.400000      0.00854423
  7.500000      0.00871622
  7.600000      0.01143276
  7.700000      0.01640805
  7.800000      0.01925348
  7.900000      0.02078219
  8.000000      0.02072009
  8.100000      0.02001274
  8.200000      0.01891766
  8.300000      0.01835657
  8.400000      0.01784261
  8.500000      0.01694322
  8.600000      0.01549810
  8.700000      0.01876242
  8.800000      0.02279478
  8.900000      0.02813565
  9.000000      0.03275773
  9.100000      0.03875843
  9.200000      0.04566454
  9.300000      0.04856590
  9.400000      0.05297553
  9.500000      0.06053025
  9.600000      0.07283867
  9.700000      0.09059133
  9.800000      0.11338222
  9.900000      0.13848814
 10.000000      0.16355660
 10.100000      0.18978677
 10.200000      0.21757571
 10.300000      0.24924232
 10.400000      0.28346688
 10.500000      0.31903033
 10.600000      0.35585991
 10.700000      0.39568797
 10.800000      0.43508331
 10.900000      0.47443504
 11.000000      0.51619665
 11.100000      0.55892348
 11.200000      0.60124946
 11.300000      0.64128915
 11.400000      0.67768595
 11.500000      0.71124574
 11.600000      0.74506327
 11.700000      0.77420416
 11.800000      0.80018765
 11.900000      0.82465657
 12.000000      0.84893134
 12.100000      0.87461898
 12.200000      0.89800007
 12.300000      0.91783371
 12.400000      0.93206771
 12.500000      0.94477059
 12.600000      0.95601763
 12.700000      0.96550618
 12.800000      0.97492844
 12.900000      0.98325403
 13.000000      0.98880398
 13.100000      0.99240696
 13.200000      0.99516764
 13.300000      0.99472492
 13.400000      0.99345653
 13.500000      0.99409686
 13.600000      0.99404917
 13.700000      0.99761399
 13.800000      0.99916696
 13.900000      1.00000000
 14.000000      0.99460867
 14.100000      0.98422353
 14.200000      0.96996170
 14.300000      0.95611884
 14.400000      0.94573705
 14.500000      0.93526876
 14.600000      0.92248441
 14.700000      0.90379030
 14.800000      0.87953429
 14.900000      0.85026016
 15.000000      0.81771323
 15.100000      0.77934749
 15.200000      0.74265866
 15.300000      0.70581950
 15.400000      0.67049687
 15.500000      0.63152389
 15.600000      0.58682083
 15.700000      0.53442299
 15.800000      0.47877847
 15.900000      0.42305346
 16.000000      0.36847115
 16.100000      0.31630776
 16.200000      0.26256834
 16.300000      0.20877077
 16.400000      0.15333477
 16.500000      0.09599927
 16.600000      0.03907395
 16.700000     -0.01973028
 16.800000     -0.07512815
 16.900000     -0.12580885
 17.000000     -0.17124023
 17.100000     -0.21678962
 17.200000     -0.26526488
 17.300000     -0.31548805
 17.400000     -0.36356238
 17.500000     -0.40979475
 17.600000     -0.45137761
 17.700000     -0.48542494
 17.800000     -0.51275217
 17.900000     -0.53555859
 18.000000     -0.55733236
 18.100000     -0.57749528
 18.200000     -0.59719832
 18.300000     -0.61372396
 18.400000     -0.62951920
 18.500000     -0.65074187
 18.600000     -0.67584157
 18.700000     -0.70294287
 18.800000     -0.72576139
 18.900000     -0.74336873
 19.000000     -0.75737159
 19.100000     -0.76730012
 19.200000     -0.77479706
 19.300000     -0.78123758
 19.400000     -0.78965975
 19.500000     -0.79830382
 19.600000     -0.80693566
 19.700000     -0.81014946
 19.800000     -0.80909638
 19.900000     -0.80405514
 20.000000     -0.79756245
 20.100000     -0.79335904
 20.200000     -0.78743472
 20.300000     -0.78104180
 20.400000     -0.77654003
 20.500000     -0.77067657
 20.600000     -0.76484023
 20.700000     -0.75722186
 20.800000     -0.74908937
 20.900000     -0.74023363
 21.000000     -0.73240701
 21.100000     -0.71765141
 21.200000     -0.69923360
 21.300000     -0.67965111
 21.400000     -0.66091751
 21.500000     -0.64968046
 21.600000     -0.64373020
 21.700000     -0.64000526
 21.800000     -0.63211705
 21.900000     -0.62154137
 22.000000     -0.61058504
 22.100000     -0.59808026
 22.200000     -0.58636282
 22.300000     -0.57543752
 22.400000     -0.56595065
 22.500000     -0.55768411
 22.600000     -0.54916048
 22.700000     -0.53950145
 22.800000     -0.52976037
 22.900000     -0.51928875
 23.000000     -0.50919319
 23.100000     -0.49680115
 23.200000     -0.48601455
 23.300000     -0.47533296
 23.400000     -0.46688354
 23.500000     -0.45624054
 23.600000     -0.44210960
 23.700000     -0.42477895
 23.800000     -0.40621051
 23.900000     -0.39225965
 24.000000     -0.38266916
 24.100000     -0.37425458
 24.200000     -0.36376854
 24.300000     -0.35309291
 24.400000     -0.34285289
 24.500000     -0.33359162
 24.600000     -0.32494635
 24.700000     -0.31589132
 24.800000     -0.30812365
 24.900000     -0.29835231
 25.000000     -0.28551170
 25.100000     -0.26826043
 25.200000     -0.24986528
 25.300000     -0.23323764
 25.400000     -0.22225045
 25.500000     -0.21621972
 25.600000     -0.20665445
 25.700000     -0.19582617
 25.800000     -0.18611173
 25.900000     -0.17827654
 26.000000     -0.16819601
 26.100000     -0.15938349
 26.200000     -0.15250351
 26.300000     -0.14823935
 26.400000     -0.14422287
 26.500000     -0.13855030
 26.600000     -0.13232617
 26.700000     -0.12506414
 26.800000     -0.11972948
 26.900000     -0.11655707
 27.000000     -0.10977790
 27.100000     -0.09984647
 27.200000     -0.09058166
 27.300000     -0.08240701
 27.400000     -0.07663923
 27.500000     -0.07002543
 27.600000     -0.06337918
 27.700000     -0.06029696
 27.800000     -0.06255523
 27.900000     -0.06609864
 28.000000     -0.07100335
 28.100000     -0.07494360
 28.200000     -0.07914885
 28.300000     -0.08195926
 28.400000     -0.08399204
 28.500000     -0.08466674
 28.600000     -0.08783644
 28.700000     -0.09425212
 28.800000     -0.09891947
 28.900000     -0.10081451
 29.000000     -0.10071467
 29.100000     -0.10048547
 29.200000     -0.10456473
 29.300000     -0.10911268
 29.400000     -0.11116456
 29.500000     -0.11510164
 29.600000     -0.11635457
 29.700000     -0.11947784
 29.800000     -0.11975632
 29.900000     -0.11955195
 30.000000     -0.11793825
 30.100000     -0.11765007
 30.200000     -0.11885885
 30.300000     -0.11610719
 30.400000     -0.11331803
 30.500000     -0.10755507
 30.600000     -0.10136526
 30.700000     -0.09552946
 30.800000     -0.09097830
 30.900000     -0.08687769
 31.000000     -0.08251814
 31.100000     -0.08115938
 31.200000     -0.08084476
 31.300000     -0.07991954
 31.400000     -0.07981917
 31.500000     -0.07964564
 31.600000     -0.08036526
 31.700000     -0.08148362
 31.800000     -0.08041324
 31.900000     -0.07770677
 32.000000     -0.07584330
 32.100000     -0.07602200
 32.200000     -0.07742233
 32.300000     -0.07870349
 32.400000     -0.07673959
 32.500000     -0.07585053
 32.600000     -0.07632391
 32.700000     -0.07709840
 32.800000     -0.07703042
 32.900000     -0.07712212
 33.000000     -0.07891769
 33.100000     -0.07858071
 33.200000     -0.07652548
 33.300000     -0.06707461
 33.400000     -0.05681794
 33.500000     -0.04908112
 33.600000     -0.04219051
 33.700000     -0.03448826
 33.800000     -0.02105836
 33.900000     -0.00896151
 34.000000      0.00098939
 34.100000      0.00697279
 34.200000      0.00872565
 34.300000      0.00944342
 34.400000      0.01181011
 34.500000      0.01434560
 34.600000      0.01659582
 34.700000      0.02196230
 34.800000      0.02891850
 34.900000      0.03617000
 35.000000      0.04009272
 35.100000      0.04303896
 35.200000      0.04557978
 35.300000      0.04777267
 35.400000      0.04962065
 35.500000      0.04962852
 35.600000      0.05084573
 35.700000      0.05406982
 35.800000      0.05878080
 35.900000      0.06177825
 36.000000      0.06242076
 36.100000      0.06004908
 36.200000      0.05755437
 36.300000      0.05655813
 36.400000      0.05737653
 36.500000      0.05883146
 36.600000      0.05804769
 36.700000      0.05488272
 36.800000      0.05364168
 36.900000      0.05188030
 37.000000      0.04943920
 37.100000      0.04534705
 37.200000      0.04108412
 37.300000      0.03934990
 37.400000      0.03891254
 37.500000      0.03990396
 37.600000      0.04248373
 37.700000      0.04402147
 37.800000      0.04471523
 37.900000      0.04536361
 38.000000      0.04564964
 38.100000      0.04643617
 38.200000      0.04638774
 38.300000      0.04613995
 38.400000      0.04384959
 38.500000      0.04051549
 38.600000      0.03841659
 38.700000      0.03791898
 38.800000      0.03736829
 38.900000      0.03397374
 39.000000      0.03115417
 39.100000      0.03079679
 39.200000      0.03281759
 39.300000      0.03447905
 39.400000      0.03613692
 39.500000      0.03823244
 39.600000      0.04264940
 39.700000      0.04684777
 39.800000      0.04799829
 39.900000      0.04803243
