  0.000000     -0.01804808
  0.100000     -0.01828821
  0.200000     -0.01730679
  0.300000     -0.01689085
  0.400000     -0.01647464
  0.500000     -0.01622484
  0.600000     -0.01632264
  0.700000     -0.01638717
  0.800000     -0.01586214
  0.900000     -0.01525183
  1.000000     -0.01461814
  1.100000     -0.01248430
  1.200000     -0.01069218
  1.300000     -0.01090206
  1.400000     -0.01025492
  1.500000     -0.01007517
  1.600000     -0.01056799
  1.700000     -0.01085528
  1.800000     -0.01008934
  1.900000     -0.00875227
  2.000000     -0.00852830
  2.100000     -0.00828649
  2.200000     -0.00806558
  2.300000     -0.00790311
  2.400000     -0.00757625
  2.500000     -0.00735625
  2.600000     -0.00719508
  2.700000     -0.00753414
  2.800000     -0.00641470
  2.900000     -0.00629890
  3.000000     -0.00610407
  3.100000     -0.00573705
  3.200000     -0.00604238
  3.300000     -0.00670514
  3.400000     -0.00720798
  3.500000     -0.00754083
  3.600000     -0.00795594
  3.700000     -0.00853285
  3.800000     -0.01059617
  3.900000     -0.01177442
  4.000000     -0.01184387
  4.100000     -0.01241585
  4.200000     -0.01289318
  4.300000     -0.01367068
  4.400000     -0.01459227
  4.500000     -0.01559394
  4.600000     -0.01621898
  4.700000     -0.01694605
  4.800000     -0.01813322
  4.900000     -0.01834731
  5.000000     -0.01884484
  5.100000     -0.01903438
  5.200000     -0.02014818
  5.300000     -0.02063250
  5.400000     -0.02146690
  5.500000     -0.02248002
  5.600000     -0.02325609
  5.700000     -0.02428820
  5.800000     -0.02534239
  5.900000     -0.02650105
  6.000000     -0.02840482
  6.100000     -0.03013209
  6.200000     -0.03176346
  6.300000     -0.03335222
  6.400000     -0.03503297
  6.500000     -0.03680675
  6.600000     -0.03867847
  6.700000     -0.04094594
  6.800000     -0.04318922
  6.900000     -0.04427516
  7.000000     -0.04665476
  7.100000     -0.04929340
  7.200000     -0.05194259
  7.300000     -0.05467185
  7.400000     -0.05747283
  7.500000     -0.06030942
  7.600000     -0.06338123
  7.700000     -0.06654735
  7.800000     -0.06979725
  7.900000     -0.07312229
  8.000000     -0.07652155
  8.100000     -0.07994844
  8.200000     -0.08324215
  8.300000     -0.08670001
  8.400000     -0.09010194
  8.500000     -0.09354779
  8.600000     -0.09703265
  8.700000     -0.10055156
  8.800000     -0.10409471
  8.900000     -0.10765487
  9.000000     -0.11122710
  9.100000     -0.11479443
  9.200000     -0.11835470
  9.300000     -0.12189827
  9.400000     -0.12541121
  9.500000     -0.12888089
  9.600000     -0.13230590
  9.700000     -0.13566447
  9.800000     -0.13894861
  9.900000     -0.14214645
 10.000000     -0.14524799
 10.100000     -0.14823442
 10.200000     -0.15109536
 10.300000     -0.15381568
 10.400000     -0.15638235
 10.500000     -0.15877460
 10.600000     -0.16098353
 10.700000     -0.16299644
 10.800000     -0.16479103
 10.900000     -0.16635687
 11.000000     -0.16767649
 11.100000     -0.16873014
 11.200000     -0.16950598
 11.300000     -0.16997000
 11.400000     -0.17010178
 11.500000     -0.16987570
 11.600000     -0.16926915
 11.700000     -0.16824424
 11.800000     -0.16675860
 11.900000     -0.16478744
 12.000000     -0.16227235
 12.100000     -0.15918480
 12.200000     -0.15548774
 12.300000     -0.15112760
 12.400000     -0.14606539
 12.500000     -0.14025118
 12.600000     -0.13365932
 12.700000     -0.12624581
 12.800000     -0.11796743
 12.900000     -0.10881284
 13.000000     -0.09873179
 13.100000     -0.08768664
 13.200000     -0.07567528
 13.300000     -0.06267744
 13.400000     -0.04867135
 13.500000     -0.03365381
 13.600000     -0.01760346
 13.700000     -0.00050029
 13.800000      0.01764026
 13.900000      0.03681481
 14.000000      0.05702950
 14.100000      0.07829164
 14.200000      0.10057201
 14.300000      0.12385071
 14.400000      0.14809889
 14.500000      0.17330099
 14.600000      0.19942089
 14.700000      0.22640565
 14.800000      0.25421195
 14.900000      0.28277967
 15.000000      0.31203833
 15.100000      0.34195396
 15.200000      0.37241099
 15.300000      0.40333918
 15.400000      0.43464739
 15.500000      0.46624803
 15.600000      0.49802824
 15.700000      0.52988197
 15.800000      0.56169866
 15.900000      0.59336206
 16.000000      0.62473181
 16.100000      0.65569434
 16.200000      0.68611259
 16.300000      0.71584664
 16.400000      0.74476626
 16.500000      0.77273433
 16.600000      0.79961609
 16.700000      0.82527951
 16.800000      0.84957570
 16.900000      0.87241912
 17.000000      0.89368926
 17.100000      0.91326735
 17.200000      0.93107411
 17.300000      0.94695588
 17.400000      0.96088019
 17.500000      0.97277154
 17.600000      0.98257828
 17.700000      0.99025481
 17.800000      0.99571945
 17.900000      0.99897849
 18.000000      1.00000000
 18.100000      0.99874374
 18.200000      0.99523114
 18.300000      0.98948691
 18.400000      0.98151011
 18.500000      0.97134261
 18.600000      0.95904270
 18.700000      0.94463650
 18.800000      0.92818681
 18.900000      0.90975930
 19.000000      0.88939573
 19.100000      0.86713824
 19.200000      0.84313349
 19.300000      0.81744743
 19.400000      0.79014781
 19.500000      0.76132530
 19.600000      0.73108094
 19.700000      0.69951933
 19.800000      0.66674362
 19.900000      0.63287649
 20.000000      0.59802384
 20.100000      0.56229486
 20.200000      0.52581938
 20.300000      0.48871661
 20.400000      0.45111864
 20.500000      0.41313589
 20.600000      0.37489966
 20.700000      0.33653008
 20.800000      0.29814483
 20.900000      0.25987031
 21.000000      0.22180315
 21.100000      0.18406703
 21.200000      0.14675560
 21.300000      0.10997491
 21.400000      0.07381730
 21.500000      0.03837856
 21.600000      0.00373785
 21.700000     -0.03002773
 21.800000     -0.06284127
 21.900000     -0.09464873
 22.000000     -0.12537184
 22.100000     -0.15495491
 22.200000     -0.18337367
 22.300000     -0.21056765
 22.400000     -0.23650158
 22.500000     -0.26113155
 22.600000     -0.28445792
 22.700000     -0.30643795
 22.800000     -0.32705348
 22.900000     -0.34632472
 23.000000     -0.36422831
 23.100000     -0.38071922
 23.200000     -0.39584888
 23.300000     -0.40963211
 23.400000     -0.42208482
 23.500000     -0.43323330
 23.600000     -0.44309084
 23.700000     -0.45167211
 23.800000     -0.45903920
 23.900000     -0.46521623
 24.000000     -0.47023854
 24.100000     -0.47413825
 24.200000     -0.47697703
 24.300000     -0.47878287
 24.400000     -0.47962127
 24.500000     -0.47953764
 24.600000     -0.47858676
 24.700000     -0.47681918
 24.800000     -0.47431232
 24.900000     -0.47110565
 25.000000     -0.46728375
 25.100000     -0.46289404
 25.200000     -0.45801167
 25.300000     -0.45269450
 25.400000     -0.44701079
 25.500000     -0.44101722
 25.600000     -0.43477501
 25.700000     -0.42834282
 25.800000     -0.42176862
 25.900000     -0.41509567
 26.000000     -0.40836257
 26.100000     -0.40160051
 26.200000     -0.39484386
 26.300000     -0.38812315
 26.400000     -0.38145542
 26.500000     -0.37485652
 26.600000     -0.36833903
 26.700000     -0.36191880
 26.800000     -0.35560872
 26.900000     -0.34940587
 27.000000     -0.34332324
 27.100000     -0.33736594
 27.200000     -0.33153937
 27.300000     -0.32584498
 27.400000     -0.32029131
 27.500000     -0.31487772
 27.600000     -0.30960746
 27.700000     -0.30447886
 27.800000     -0.29949970
 27.900000     -0.29415608
 28.000000     -0.28927281
 28.100000     -0.28477335
 28.200000     -0.28042845
 28.300000     -0.27624740
 28.400000     -0.27224342
 28.500000     -0.26840855
 28.600000     -0.26473858
 28.700000     -0.26124237
 28.800000     -0.25791586
 28.900000     -0.25476084
 29.000000     -0.25178341
 29.100000     -0.24897742
 29.200000     -0.24634017
 29.300000     -0.24386970
 29.400000     -0.24155308
 29.500000     -0.23940104
 29.600000     -0.23740263
 29.700000     -0.23554115
 29.800000     -0.23380746
 29.900000     -0.23220256
 30.000000     -0.23070378
 30.100000     -0.22931461
 30.200000     -0.22800728
 30.300000     -0.22677277
 30.400000     -0.22560389
 30.500000     -0.22448202
 30.600000     -0.22207515
 30.700000     -0.22101862
 30.800000     -0.21997462
 30.900000     -0.21892249
 31.000000     -0.21784878
 31.100000     -0.21674728
 31.200000     -0.21559575
 31.300000     -0.21439156
 31.400000     -0.21312596
 31.500000     -0.21132273
 31.600000     -0.20990531
 31.700000     -0.20839935
 31.800000     -0.20680386
 31.900000     -0.20510262
 32.000000     -0.20332525
 32.100000     -0.20152305
 32.200000     -0.19879851
 32.300000     -0.19614158
 32.400000     -0.19396101
 32.500000     -0.19168719
 32.600000     -0.18930582
 32.700000     -0.18679942
 32.800000     -0.18422988
 32.900000     -0.18170991
 33.000000     -0.17916048
 33.100000     -0.17657161
 33.200000     -0.17396767
 33.300000     -0.17135543
 33.400000     -0.16873823
 33.500000     -0.16613181
 33.600000     -0.16354243
 33.700000     -0.16098024
 33.800000     -0.15843817
 33.900000     -0.15590462
 34.000000     -0.15340935
 34.100000     -0.15118083
 34.200000     -0.14902571
 34.300000     -0.14611976
 34.400000     -0.14266284
 34.500000     -0.14067134
 34.600000     -0.13876451
 34.700000     -0.13696844
 34.800000     -0.13521667
 34.900000     -0.13351625
 35.000000     -0.13185792
 35.100000     -0.13020857
 35.200000     -0.12867671
 35.300000     -0.12717672
 35.400000     -0.12568334
 35.500000     -0.12419578
 35.600000     -0.12191480
 35.700000     -0.12017274
 35.800000     -0.11844418
 35.900000     -0.11678576
 36.000000     -0.11507070
 36.100000     -0.11329467
 36.200000     -0.11143379
 36.300000     -0.10948421
 36.400000     -0.10856493
 36.500000     -0.10724409
 36.600000     -0.10489900
 36.700000     -0.10246028
 36.800000     -0.09988914
 36.900000     -0.09719464
 37.000000     -0.09439891
 37.100000     -0.09151353
 37.200000     -0.08858145
 37.300000     -0.08556840
 37.400000     -0.08211009
 37.500000     -0.07893071
 37.600000     -0.07569452
 37.700000     -0.07235890
 37.800000     -0.06896155
 37.900000     -0.06570186
 38.000000     -0.06433818
 38.100000     -0.06184764
 38.200000     -0.05824020
 38.300000     -0.05436974
 38.400000     -0.05016065
 38.500000     -0.04635152
 38.600000     -0.04199511
 38.700000     -0.03765564
 38.800000     -0.03332329
 38.900000     -0.02850919
 39.000000     -0.02360302
 39.100000     -0.01853420
 39.200000     -0.01412154
 39.300000     -0.00965934
 39.400000     -0.00521534
 39.500000     -0.00080703
 39.600000      0.00362360
 39.700000      0.00791803
 39.800000      0.01170324
 39.900000      0.01541670
