  0.000000     -0.03401305
  0.100000     -0.03407170
  0.200000     -0.03401287
  0.300000     -0.03398962
  0.400000     -0.03392680
  0.500000     -0.03387943
  0.600000     -0.03384447
  0.700000     -0.03367651
  0.800000     -0.03365138
  0.900000     -0.03366638
  1.000000     -0.03369324
  1.100000     -0.03371576
  1.200000     -0.03404879
  1.300000     -0.03414181
  1.400000     -0.03417015
  1.500000     -0.03419624
  1.600000     -0.03428411
  1.700000     -0.03438184
  1.800000     -0.03448420
  1.900000     -0.03459834
  2.000000     -0.03472979
  2.100000     -0.03481937
  2.200000     -0.03495467
  2.300000     -0.03510290
  2.400000     -0.03525505
  2.500000     -0.03541634
  2.600000     -0.03558582
  2.700000     -0.03575178
  2.800000     -0.03591934
  2.900000     -0.03609636
  3.000000     -0.03628327
  3.100000     -0.03648016
  3.200000     -0.03668538
  3.300000     -0.03689232
  3.400000     -0.03709669
  3.500000     -0.03730260
  3.600000     -0.03751114
  3.700000     -0.03772112
  3.800000     -0.03793572
  3.900000     -0.03815659
  4.000000     -0.03838738
  4.100000     -0.03863420
  4.200000     -0.03889617
  4.300000     -0.03916148
  4.400000     -0.03941899
  4.500000     -0.03968465
  4.600000     -0.03996205
  4.700000     -0.04026270
  4.800000     -0.04058957
  4.900000     -0.04093904
  5.000000     -0.04130115
  5.100000     -0.04166552
  5.200000     -0.04204421
  5.300000     -0.04243476
  5.400000     -0.04283668
  5.500000     -0.04324623
  5.600000     -0.04366632
  5.700000     -0.04410534
  5.800000     -0.04455919
  5.900000     -0.04502765
  6.000000     -0.04550113
  6.100000     -0.04598899
  6.200000     -0.04649163
  6.300000     -0.04701881
  6.400000     -0.04757093
  6.500000     -0.04813844
  6.600000     -0.04873397
  6.700000     -0.04934761
  6.800000     -0.04998194
  6.900000     -0.05063265
  7.000000     -0.05130971
  7.100000     -0.05201182
  7.200000     -0.05272783
  7.300000     -0.05318199
  7.400000     -0.05399795
  7.500000     -0.05499316
  7.600000     -0.05579459
  7.700000     -0.05662017
  7.800000     -0.05746858
  7.900000     -0.05834095
  8.000000     -0.05923727
  8.100000     -0.06015677
  8.200000     -0.06109840
  8.300000     -0.06206049
  8.400000     -0.06304028
  8.500000     -0.06403907
  8.600000     -0.06505627
  8.700000     -0.06608970
  8.800000     -0.06713881
  8.900000     -0.06819351
  9.000000     -0.06924372
  9.100000     -0.07030517
  9.200000     -0.07137290
  9.300000     -0.07245332
  9.400000     -0.07353424
  9.500000     -0.07461190
  9.600000     -0.07568178
  9.700000     -0.07673997
  9.800000     -0.07778144
  9.900000     -0.07880256
 10.000000     -0.07979794
 10.100000     -0.08076196
 10.200000     -0.08168992
 10.300000     -0.08257673
 10.400000     -0.08341495
 10.500000     -0.08419792
 10.600000     -0.08491905
 10.700000     -0.08557352
 10.800000     -0.08615449
 10.900000     -0.08665200
 11.000000     -0.08705730
 11.100000     -0.08736303
 11.200000     -0.08756092
 11.300000     -0.08764015
 11.400000     -0.08759004
 11.500000     -0.08740097
 11.600000     -0.08706069
 11.700000     -0.08655745
 11.800000     -0.08588046
 11.900000     -0.08501832
 12.000000     -0.08395470
 12.100000     -0.08267567
 12.200000     -0.08116977
 12.300000     -0.07942169
 12.400000     -0.07741654
 12.500000     -0.07513649
 12.600000     -0.07256500
 12.700000     -0.06968530
 12.800000     -0.06648234
 12.900000     -0.06293295
 13.000000     -0.05902319
 13.100000     -0.05473328
 13.200000     -0.05004240
 13.300000     -0.04492914
 13.400000     -0.03937887
 13.500000     -0.03337056
 13.600000     -0.02688825
 13.700000     -0.01990595
 13.800000     -0.01240917
 13.900000     -0.00437936
 14.000000      0.00420002
 14.100000      0.01334182
 14.200000      0.02306726
 14.300000      0.03338171
 14.400000      0.04430628
 14.500000      0.05584933
 14.600000      0.06802055
 14.700000      0.08081901
 14.800000      0.09425915
 14.900000      0.10834477
 15.000000      0.12307014
 15.100000      0.13843903
 15.200000      0.15444566
 15.300000      0.17108359
 15.400000      0.18834759
 15.500000      0.20622234
 15.600000      0.22469033
 15.700000      0.24373424
 15.800000      0.26333228
 15.900000      0.28346843
 16.000000      0.30410608
 16.100000      0.32521838
 16.200000      0.34676745
 16.300000      0.36872029
 16.400000      0.39103666
 16.500000      0.41367637
 16.600000      0.43659242
 16.700000      0.45973607
 16.800000      0.48305874
 16.900000      0.50650783
 17.000000      0.53002986
 17.100000      0.55356870
 17.200000      0.57706436
 17.300000      0.60045887
 17.400000      0.62369226
 17.500000      0.64670499
 17.600000      0.66943745
 17.700000      0.69182543
 17.800000      0.71381142
 17.900000      0.73533537
 18.000000      0.75634382
 18.100000      0.77677256
 18.200000      0.79657124
 18.300000      0.81568927
 18.400000      0.83407391
 18.500000      0.85167304
 18.600000      0.86844870
 18.700000      0.88435433
 18.800000      0.89935114
 18.900000      0.91340721
 19.000000      0.92648279
 19.100000      0.93855523
 19.200000      0.94959836
 19.300000      0.95959286
 19.400000      0.96849959
 19.500000      0.97632191
 19.600000      0.98304722
 19.700000      0.98866168
 19.800000      0.99315490
 19.900000      0.99653620
 20.000000      0.99880334
 20.100000      0.99995299
 20.200000      1.00000000
 20.300000      0.99895837
 20.400000      0.99682630
 20.500000      0.99362769
 20.600000      0.98936138
 20.700000      0.98407010
 20.800000      0.97778218
 20.900000      0.97050576
 21.000000      0.96225830
 21.100000      0.95307142
 21.200000      0.94298177
 21.300000      0.93200724
 21.400000      0.92017460
 21.500000      0.90751393
 21.600000      0.89404834
 21.700000      0.87981171
 21.800000      0.86483218
 21.900000      0.84914369
 22.000000      0.83276217
 22.100000      0.81571540
 22.200000      0.79803898
 22.300000      0.77976159
 22.400000      0.76091267
 22.500000      0.74150728
 22.600000      0.72157778
 22.700000      0.70115434
 22.800000      0.68026219
 22.900000      0.65892213
 23.000000      0.63716180
 23.100000      0.61500786
 23.200000      0.59247938
 23.300000      0.56959846
 23.400000      0.54639558
 23.500000      0.52289469
 23.600000      0.49911734
 23.700000      0.47507784
 23.800000      0.45080688
 23.900000      0.42632507
 24.000000      0.40165347
 24.100000      0.37681391
 24.200000      0.35182609
 24.300000      0.32671373
 24.400000      0.30149641
 24.500000      0.27619292
 24.600000      0.25082438
 24.700000      0.22541017
 24.800000      0.19997010
 24.900000      0.17452192
 25.000000      0.14908522
 25.100000      0.12368236
 25.200000      0.09832886
 25.300000      0.07304594
 25.400000      0.04785461
 25.500000      0.02276956
 25.600000     -0.00218713
 25.700000     -0.02699408
 25.800000     -0.05163536
 25.900000     -0.07609307
 26.000000     -0.10034425
 26.100000     -0.12436896
 26.200000     -0.14816130
 26.300000     -0.17169088
 26.400000     -0.19494668
 26.500000     -0.21791334
 26.600000     -0.24057456
 26.700000     -0.26289090
 26.800000     -0.28486649
 26.900000     -0.30648704
 27.000000     -0.32773300
 27.100000     -0.34859888
 27.200000     -0.36906819
 27.300000     -0.38912398
 27.400000     -0.40875212
 27.500000     -0.42764990
 27.600000     -0.44632959
 27.700000     -0.46461813
 27.800000     -0.48243228
 27.900000     -0.49976449
 28.000000     -0.51661012
 28.100000     -0.53294647
 28.200000     -0.54877113
 28.300000     -0.56407995
 28.400000     -0.57886070
 28.500000     -0.59310023
 28.600000     -0.60680263
 28.700000     -0.61995770
 28.800000     -0.63256261
 28.900000     -0.64461010
 29.000000     -0.65609894
 29.100000     -0.66702809
 29.200000     -0.67739696
 29.300000     -0.68720699
 29.400000     -0.69644862
 29.500000     -0.70513299
 29.600000     -0.71326486
 29.700000     -0.72084327
 29.800000     -0.72787365
 29.900000     -0.73435482
 30.000000     -0.74029781
 30.100000     -0.74570564
 30.200000     -0.75059119
 30.300000     -0.75423527
 30.400000     -0.75787239
 30.500000     -0.75844512
 30.600000     -0.76126134
 30.700000     -0.76351632
 30.800000     -0.76368838
 30.900000     -0.76474825
 31.000000     -0.76553443
 31.100000     -0.76590501
 31.200000     -0.76502644
 31.300000     -0.76365875
 31.400000     -0.76272317
 31.500000     -0.76163394
 31.600000     -0.75854351
 31.700000     -0.75513460
 31.800000     -0.75230324
 31.900000     -0.74857596
 32.000000     -0.74249299
 32.100000     -0.73518567
 32.200000     -0.72564782
 32.300000     -0.71658035
 32.400000     -0.71249227
 32.500000     -0.70803044
 32.600000     -0.70231487
 32.700000     -0.69291527
 32.800000     -0.68748007
 32.900000     -0.68217991
 33.000000     -0.67442748
 33.100000     -0.66732642
 33.200000     -0.66082292
 33.300000     -0.65297976
 33.400000     -0.64698487
 33.500000     -0.63960384
 33.600000     -0.63178732
 33.700000     -0.62288215
 33.800000     -0.61178750
 33.900000     -0.60031690
 34.000000     -0.59354477
 34.100000     -0.58581193
 34.200000     -0.57783548
 34.300000     -0.57096161
 34.400000     -0.55989571
 34.500000     -0.55086522
 34.600000     -0.54324883
 34.700000     -0.53535712
 34.800000     -0.52600437
 34.900000     -0.51802826
 35.000000     -0.50895662
 35.100000     -0.49654487
 35.200000     -0.48762335
 35.300000     -0.48005366
 35.400000     -0.47072850
 35.500000     -0.45928568
 35.600000     -0.45013997
 35.700000     -0.44251269
 35.800000     -0.43347043
 35.900000     -0.42438401
 36.000000     -0.41475424
 36.100000     -0.40707184
 36.200000     -0.39691389
 36.300000     -0.38684221
 36.400000     -0.37699376
 36.500000     -0.36556050
 36.600000     -0.35805133
 36.700000     -0.34960421
 36.800000     -0.34137396
 36.900000     -0.33396414
 37.000000     -0.32501182
 37.100000     -0.31807764
 37.200000     -0.31046183
 37.300000     -0.30165763
 37.400000     -0.29506720
 37.500000     -0.28736666
 37.600000     -0.27932541
 37.700000     -0.27197828
 37.800000     -0.26560160
 37.900000     -0.25906590
 38.000000     -0.25093774
 38.100000     -0.24392978
 38.200000     -0.23466657
 38.300000     -0.22858329
 38.400000     -0.22245326
 38.500000     -0.21608075
 38.600000     -0.21099425
 38.700000     -0.20443639
 38.800000     -0.19741556
 38.900000     -0.19099168
 39.000000     -0.18511709
 39.100000     -0.17924909
 39.200000     -0.17340085
 39.300000     -0.16757607
 39.400000     -0.16175827
 39.500000     -0.15598750
 39.600000     -0.15027743
 39.700000     -0.14460258
 39.800000     -0.13905702
 39.900000     -0.13366961
