  0.000000     -0.03982773
  0.100000     -0.03949881
  0.200000     -0.03933678
  0.300000     -0.03925734
  0.400000     -0.03954942
  0.500000     -0.03941949
  0.600000     -0.03918278
  0.700000     -0.03914432
  0.800000     -0.03965139
  0.900000     -0.03974761
  1.000000     -0.04002927
  1.100000     -0.04022897
  1.200000     -0.04005124
  1.300000     -0.04058967
  1.400000     -0.04044954
  1.500000     -0.04039377
  1.600000     -0.04091338
  1.700000     -0.04127171
  1.800000     -0.04147979
  1.900000     -0.04146739
  2.000000     -0.04135940
  2.100000     -0.04116689
  2.200000     -0.04092052
  2.300000     -0.04081175
  2.400000     -0.04098781
  2.500000     -0.04152269
  2.600000     -0.04167538
  2.700000     -0.04164937
  2.800000     -0.04148843
  2.900000     -0.04131726
  3.000000     -0.04135305
  3.100000     -0.04187795
  3.200000     -0.04179018
  3.300000     -0.04179721
  3.400000     -0.04250146
  3.500000     -0.04271941
  3.600000     -0.04259505
  3.700000     -0.04240344
  3.800000     -0.04310386
  3.900000     -0.04315274
  4.000000     -0.04340461
  4.100000     -0.04350382
  4.200000     -0.04386255
  4.300000     -0.04390188
  4.400000     -0.04427261
  4.500000     -0.04430006
  4.600000     -0.04486315
  4.700000     -0.04606650
  4.800000     -0.04712386
  4.900000     -0.04811125
  5.000000     -0.04877732
  5.100000     -0.04910247
  5.200000     -0.04961254
  5.300000     -0.05019671
  5.400000     -0.05050308
  5.500000     -0.05100453
  5.600000     -0.05150061
  5.700000     -0.05181828
  5.800000     -0.05215337
  5.900000     -0.05250527
  6.000000     -0.05273336
  6.100000     -0.05310366
  6.200000     -0.05352730
  6.300000     -0.05396643
  6.400000     -0.05455888
  6.500000     -0.05500634
  6.600000     -0.05546230
  6.700000     -0.05592613
  6.800000     -0.05639589
  6.900000     -0.05682836
  7.000000     -0.05727708
  7.100000     -0.05775678
  7.200000     -0.05823818
  7.300000     -0.05871954
  7.400000     -0.05919991
  7.500000     -0.06002259
  7.600000     -0.06063306
  7.700000     -0.06112920
  7.800000     -0.06161921
  7.900000     -0.06210325
  8.000000     -0.06258092
  8.100000     -0.06305082
  8.200000     -0.06351364
  8.300000     -0.06396906
  8.400000     -0.06441637
  8.500000     -0.06485296
  8.600000     -0.06528271
  8.700000     -0.06570536
  8.800000     -0.06615489
  8.900000     -0.06667586
  9.000000     -0.06722578
  9.100000     -0.06762027
  9.200000     -0.06800311
  9.300000     -0.06837306
  9.400000     -0.06872793
  9.500000     -0.06906528
  9.600000     -0.06938238
  9.700000     -0.06967593
  9.800000     -0.06994330
  9.900000     -0.07018064
 10.000000     -0.07038411
 10.100000     -0.07055113
 10.200000     -0.07067723
 10.300000     -0.07075782
 10.400000     -0.07078864
 10.500000     -0.07076470
 10.600000     -0.07068052
 10.700000     -0.07052974
 10.800000     -0.07030705
 10.900000     -0.07000695
 11.000000     -0.06962213
 11.100000     -0.06914595
 11.200000     -0.06857115
 11.300000     -0.06789021
 11.400000     -0.06709620
 11.500000     -0.06618140
 11.600000     -0.06513713
 11.700000     -0.06395382
 11.800000     -0.06262099
 11.900000     -0.06112898
 12.000000     -0.05946675
 12.100000     -0.05762254
 12.200000     -0.05558436
 12.300000     -0.05334001
 12.400000     -0.05087761
 12.500000     -0.04818462
 12.600000     -0.04524981
 12.700000     -0.04205958
 12.800000     -0.03860080
 12.900000     -0.03486239
 13.000000     -0.03083175
 13.100000     -0.02649581
 13.200000     -0.02184423
 13.300000     -0.01686398
 13.400000     -0.01154395
 13.500000     -0.00587163
 13.600000      0.00016492
 13.700000      0.00657644
 13.800000      0.01337459
 13.900000      0.02057115
 14.000000      0.02817687
 14.100000      0.03620261
 14.200000      0.04465778
 14.300000      0.05355138
 14.400000      0.06289103
 14.500000      0.07268655
 14.600000      0.08294163
 14.700000      0.09366172
 14.800000      0.10485085
 14.900000      0.11651088
 15.000000      0.12863963
 15.100000      0.14123784
 15.200000      0.15430173
 15.300000      0.16782610
 15.400000      0.18180487
 15.500000      0.19622944
 15.600000      0.21108792
 15.700000      0.22636957
 15.800000      0.24205999
 15.900000      0.25814357
 16.000000      0.27460291
 16.100000      0.29141936
 16.200000      0.30857301
 16.300000      0.32604163
 16.400000      0.34380101
 16.500000      0.36182765
 16.600000      0.38009585
 16.700000      0.39857972
 16.800000      0.41725216
 16.900000      0.43608653
 17.000000      0.45505549
 17.100000      0.47413101
 17.200000      0.49328445
 17.300000      0.51248704
 17.400000      0.53170981
 17.500000      0.55092416
 17.600000      0.57010019
 17.700000      0.58920981
 17.800000      0.60822430
 17.900000      0.62711368
 18.000000      0.64584942
 18.100000      0.66440261
 18.200000      0.68274639
 18.300000      0.70085201
 18.400000      0.71869214
 18.500000      0.73623842
 18.600000      0.75346348
 18.700000      0.77033770
 18.800000      0.78683573
 18.900000      0.80293057
 19.000000      0.81859418
 19.100000      0.83379908
 19.200000      0.84851746
 19.300000      0.86272152
 19.400000      0.87638339
 19.500000      0.88947383
 19.600000      0.90196604
 19.700000      0.91383162
 19.800000      0.92504293
 19.900000      0.93557000
 20.000000      0.94538603
 20.100000      0.95446506
 20.200000      0.96278340
 20.300000      0.97031516
 20.400000      0.97703783
 20.500000      0.98293104
 20.600000      0.98797701
 20.700000      0.99215807
 20.800000      0.99546319
 20.900000      0.99787767
 21.000000      0.99939206
 21.100000      1.00000000
 21.200000      0.99969748
 21.300000      0.99848460
 21.400000      0.99636944
 21.500000      0.99335976
 21.600000      0.98946779
 21.700000      0.98470668
 21.800000      0.97909157
 21.900000      0.97264107
 22.000000      0.96537335
 22.100000      0.95730716
 22.200000      0.94846593
 22.300000      0.93887446
 22.400000      0.92855706
 22.500000      0.91753629
 22.600000      0.90583760
 22.700000      0.89348526
 22.800000      0.88050144
 22.900000      0.86690830
 23.000000      0.85272610
 23.100000      0.83797220
 23.200000      0.82266483
 23.300000      0.80681643
 23.400000      0.79043728
 23.500000      0.77353372
 23.600000      0.75611154
 23.700000      0.73817320
 23.800000      0.71971828
 23.900000      0.70074435
 24.000000      0.68124446
 24.100000      0.66121035
 24.200000      0.64063613
 24.300000      0.61951045
 24.400000      0.59782329
 24.500000      0.57556137
 24.600000      0.55271740
 24.700000      0.52928013
 24.800000      0.50524150
 24.900000      0.48059122
 25.000000      0.45532575
 25.100000      0.42943961
 25.200000      0.40293423
 25.300000      0.37581202
 25.400000      0.34807843
 25.500000      0.31973887
 25.600000      0.29080984
 25.700000      0.26130867
 25.800000      0.23125350
 25.900000      0.20066859
 26.000000      0.16958530
 26.100000      0.13803432
 26.200000      0.10605231
 26.300000      0.07368242
 26.400000      0.04096746
 26.500000      0.00795678
 26.600000     -0.02529727
 26.700000     -0.05874170
 26.800000     -0.09231913
 26.900000     -0.12597150
 27.000000     -0.15963815
 27.100000     -0.19325390
 27.200000     -0.22675494
 27.300000     -0.26007793
 27.400000     -0.29315599
 27.500000     -0.32592392
 27.600000     -0.35831758
 27.700000     -0.39027156
 27.800000     -0.42172294
 27.900000     -0.45260809
 28.000000     -0.48286802
 28.100000     -0.51244371
 28.200000     -0.54128243
 28.300000     -0.56932854
 28.400000     -0.59653216
 28.500000     -0.62284454
 28.600000     -0.64822635
 28.700000     -0.67263123
 28.800000     -0.69602364
 28.900000     -0.71837313
 29.000000     -0.73964844
 29.100000     -0.75982239
 29.200000     -0.77887492
 29.300000     -0.79678516
 29.400000     -0.81354241
 29.500000     -0.82913544
 29.600000     -0.84355922
 29.700000     -0.85680912
 29.800000     -0.86888729
 29.900000     -0.87979495
 30.000000     -0.88954059
 30.100000     -0.89813478
 30.200000     -0.90559288
 30.300000     -0.91192998
 30.400000     -0.91716653
 30.500000     -0.92132152
 30.600000     -0.92441678
 30.700000     -0.92648058
 30.800000     -0.92755084
 30.900000     -0.92764406
 31.000000     -0.92678740
 31.100000     -0.92501118
 31.200000     -0.92185949
 31.300000     -0.91787833
 31.400000     -0.91357486
 31.500000     -0.90849388
 31.600000     -0.90267442
 31.700000     -0.89615684
 31.800000     -0.88898070
 31.900000     -0.88118597
 32.000000     -0.87281058
 32.100000     -0.86389213
 32.200000     -0.85447196
 32.300000     -0.84459182
 32.400000     -0.83428885
 32.500000     -0.82359985
 32.600000     -0.81256449
 32.700000     -0.80121894
 32.800000     -0.78959763
 32.900000     -0.77773472
 33.000000     -0.76566084
 33.100000     -0.75340754
 33.200000     -0.74100594
 33.300000     -0.72848461
 33.400000     -0.71586875
 33.500000     -0.70318139
 33.600000     -0.69044538
 33.700000     -0.67768287
 33.800000     -0.66491372
 33.900000     -0.65216839
 34.000000     -0.63945307
 34.100000     -0.62678244
 34.200000     -0.61417436
 34.300000     -0.60164146
 34.400000     -0.58919714
 34.500000     -0.57685372
 34.600000     -0.56462138
 34.700000     -0.55251066
 34.800000     -0.54053215
 34.900000     -0.52869272
 35.000000     -0.51699010
 35.100000     -0.50544001
 35.200000     -0.49405029
 35.300000     -0.48284208
 35.400000     -0.47183518
 35.500000     -0.46104193
 35.600000     -0.45044204
 35.700000     -0.44003703
 35.800000     -0.42981954
 35.900000     -0.41978574
 36.000000     -0.40993763
 36.100000     -0.40036035
 36.200000     -0.39098397
 36.300000     -0.38180178
 36.400000     -0.37282921
 36.500000     -0.36406018
 36.600000     -0.35548218
 36.700000     -0.34711234
 36.800000     -0.33893936
 36.900000     -0.33095955
 37.000000     -0.32321074
 37.100000     -0.31567415
 37.200000     -0.30831656
 37.300000     -0.30115634
 37.400000     -0.29421472
 37.500000     -0.28748931
 37.600000     -0.28099279
 37.700000     -0.27471287
 37.800000     -0.26876092
 37.900000     -0.26301444
 38.000000     -0.25753344
 38.100000     -0.25222048
 38.200000     -0.24709054
 38.300000     -0.24210948
 38.400000     -0.23731146
 38.500000     -0.23270233
 38.600000     -0.22753108
 38.700000     -0.22302086
 38.800000     -0.21913782
 38.900000     -0.21554017
 39.000000     -0.21214093
 39.100000     -0.20893531
 39.200000     -0.20587129
 39.300000     -0.20316236
 39.400000     -0.20062337
 39.500000     -0.19826050
 39.600000     -0.19605431
 39.700000     -0.19395315
 39.800000     -0.19205808
 39.900000     -0.18981421
