  0.000000     -0.01543352
  0.100000     -0.01490360
  0.200000     -0.01377855
  0.300000     -0.01247586
  0.400000     -0.01181483
  0.500000     -0.01075405
  0.600000     -0.00914962
  0.700000     -0.00828646
  0.800000     -0.00751704
  0.900000     -0.00665585
  1.000000     -0.00643451
  1.100000     -0.00625712
  1.200000     -0.00634703
  1.300000     -0.00766621
  1.400000     -0.00997579
  1.500000     -0.01248769
  1.600000     -0.01531005
  1.700000     -0.01844526
  1.800000     -0.02188546
  1.900000     -0.02538956
  2.000000     -0.02773214
  2.100000     -0.02898481
  2.200000     -0.03026986
  2.300000     -0.03129621
  2.400000     -0.03095586
  2.500000     -0.02942433
  2.600000     -0.02707295
  2.700000     -0.02378967
  2.800000     -0.01914562
  2.900000     -0.01300522
  3.000000     -0.00600450
  3.100000      0.00206579
  3.200000      0.01108642
  3.300000      0.01903771
  3.400000      0.02591803
  3.500000      0.03131319
  3.600000      0.03487879
  3.700000      0.03790969
  3.800000      0.03750240
  3.900000      0.03483571
  4.000000      0.03197566
  4.100000      0.02863659
  4.200000      0.02902364
  4.300000      0.02910666
  4.400000      0.03053330
  4.500000      0.03259623
  4.600000      0.03593488
  4.700000      0.04017103
  4.800000      0.04524576
  4.900000      0.05205935
  5.000000      0.05909889
  5.100000      0.06632808
  5.200000      0.07329044
  5.300000      0.07910520
  5.400000      0.08395892
  5.500000      0.08826896
  5.600000      0.09193818
  5.700000      0.09459327
  5.800000      0.09492841
  5.900000      0.09342858
  6.000000      0.08999848
  6.100000      0.08560953
  6.200000      0.08031544
  6.300000      0.07255346
  6.400000      0.06364798
  6.500000      0.05353134
  6.600000      0.04415406
  6.700000      0.03510836
  6.800000      0.02805657
  6.900000      0.02248259
  7.000000      0.01894337
  7.100000      0.01742540
  7.200000      0.01730653
  7.300000      0.01809306
  7.400000      0.01816453
  7.500000      0.01727013
  7.600000      0.01751037
  7.700000      0.01969377
  7.800000      0.02118637
  7.900000      0.02195324
  8.000000      0.02353956
  8.100000      0.02735487
  8.200000      0.03175088
  8.300000      0.03718163
  8.400000      0.04447211
  8.500000      0.05455461
  8.600000      0.06705512
  8.700000      0.08062115
  8.800000      0.09536405
  8.900000      0.10792483
  9.000000      0.11643229
  9.100000      0.12231893
  9.200000      0.12443982
  9.300000      0.12440576
  9.400000      0.12142574
  9.500000      0.11442281
  9.600000      0.10192861
  9.700000      0.08492434
  9.800000      0.06527473
  9.900000      0.04052381
 10.000000      0.01127677
 10.100000     -0.01821211
 10.200000     -0.04893063
 10.300000     -0.08066855
 10.400000     -0.11302618
 10.500000     -0.14543547
 10.600000     -0.17597855
 10.700000     -0.20652199
 10.800000     -0.23935689
 10.900000     -0.27381759
 11.000000     -0.30752513
 11.100000     -0.33834088
 11.200000     -0.36555923
 11.300000     -0.38784145
 11.400000     -0.40376278
 11.500000     -0.41427298
 11.600000     -0.42283143
 11.700000     -0.42706146
 11.800000     -0.42731330
 11.900000     -0.42139195
 12.000000     -0.40949714
 12.100000     -0.38825769
 12.200000     -0.35919465
 12.300000     -0.32121059
 12.400000     -0.27058785
 12.500000     -0.20420053
 12.600000     -0.12096852
 12.700000     -0.02297731
 12.800000      0.08252127
 12.900000      0.18881149
 13.000000      0.29836228
 13.100000      0.40696871
 13.200000      0.50944307
 13.300000      0.60358461
 13.400000      0.69027792
 13.500000      0.76834736
 13.600000      0.83696191
 13.700000      0.89545577
 13.800000      0.94501981
 13.900000      0.98116419
 14.000000      1.00000000
 14.100000      0.99871262
 14.200000      0.97786308
 14.300000      0.93831834
 14.400000      0.88031806
 14.500000      0.80695939
 14.600000      0.72266294
 14.700000      0.63530498
 14.800000      0.54762618
 14.900000      0.46316892
 15.000000      0.38298086
 15.100000      0.30602691
 15.200000      0.23295924
 15.300000      0.16311656
 15.400000      0.09586302
 15.500000      0.02831578
 15.600000     -0.03602521
 15.700000     -0.08957768
 15.800000     -0.12862272
 15.900000     -0.15561946
 16.000000     -0.17473600
 16.100000     -0.18700546
 16.200000     -0.18966525
 16.300000     -0.18545410
 16.400000     -0.17880450
 16.500000     -0.17167183
 16.600000     -0.16281823
 16.700000     -0.15116616
 16.800000     -0.14061290
 16.900000     -0.13532014
 17.000000     -0.13671478
 17.100000     -0.14282066
 17.200000     -0.14934998
 17.300000     -0.15787944
 17.400000     -0.17207094
 17.500000     -0.18687100
 17.600000     -0.20195465
 17.700000     -0.21529600
 17.800000     -0.22411032
 17.900000     -0.22746680
 18.000000     -0.22670623
 18.100000     -0.22329109
 18.200000     -0.21828440
 18.300000     -0.21199035
 18.400000     -0.20496560
 18.500000     -0.19849400
 18.600000     -0.19094330
 18.700000     -0.18240700
 18.800000     -0.17565179
 18.900000     -0.17343846
 19.000000     -0.17777197
 19.100000     -0.18539559
 19.200000     -0.19373519
 19.300000     -0.20249439
 19.400000     -0.21008945
 19.500000     -0.21400261
 19.600000     -0.21367962
 19.700000     -0.20972993
 19.800000     -0.20464685
 19.900000     -0.19963112
 20.000000     -0.19326935
 20.100000     -0.18723553
 20.200000     -0.18180430
 20.300000     -0.17590839
 20.400000     -0.16729234
 20.500000     -0.15753816
 20.600000     -0.14737639
 20.700000     -0.13920024
 20.800000     -0.13293434
 20.900000     -0.12965702
 21.000000     -0.12899835
 21.100000     -0.12955928
 21.200000     -0.12965569
 21.300000     -0.12962832
 21.400000     -0.12845849
 21.500000     -0.12575255
 21.600000     -0.12125892
 21.700000     -0.11579185
 21.800000     -0.11133570
 21.900000     -0.10777989
 22.000000     -0.10466424
 22.100000     -0.10163965
 22.200000     -0.09871834
 22.300000     -0.09724938
 22.400000     -0.09771240
 22.500000     -0.09910857
 22.600000     -0.10101775
 22.700000     -0.10321830
 22.800000     -0.10458887
 22.900000     -0.10328800
 23.000000     -0.10036110
 23.100000     -0.09659347
 23.200000     -0.09338413
 23.300000     -0.09068172
 23.400000     -0.09002961
 23.500000     -0.09176273
 23.600000     -0.09605272
 23.700000     -0.10319125
 23.800000     -0.11133967
 23.900000     -0.11978524
 24.000000     -0.12739423
 24.100000     -0.13385944
 24.200000     -0.13837031
 24.300000     -0.14062791
 24.400000     -0.14065501
 24.500000     -0.14138743
 24.600000     -0.14102922
 24.700000     -0.14072475
 24.800000     -0.14157590
 24.900000     -0.14264267
 25.000000     -0.14290420
 25.100000     -0.14046510
 25.200000     -0.13547422
 25.300000     -0.12702595
 25.400000     -0.11664152
 25.500000     -0.10432914
 25.600000     -0.09690933
 25.700000     -0.09342308
 25.800000     -0.09178187
 25.900000     -0.09238151
 26.000000     -0.09445524
 26.100000     -0.09813470
 26.200000     -0.10090738
 26.300000     -0.10314473
 26.400000     -0.10394076
 26.500000     -0.10248824
 26.600000     -0.09903840
 26.700000     -0.09476914
 26.800000     -0.09210857
 26.900000     -0.09115498
 27.000000     -0.09234243
 27.100000     -0.09375918
 27.200000     -0.09433523
 27.300000     -0.09502607
 27.400000     -0.09574212
 27.500000     -0.09639820
 27.600000     -0.09731308
 27.700000     -0.09858368
 27.800000     -0.09935291
 27.900000     -0.09974198
 28.000000     -0.09995630
 28.100000     -0.10146176
 28.200000     -0.10384667
 28.300000     -0.10757411
 28.400000     -0.11244833
 28.500000     -0.11751137
 28.600000     -0.12227187
 28.700000     -0.12555426
 28.800000     -0.12809361
 28.900000     -0.13078010
 29.000000     -0.13353448
 29.100000     -0.13652237
 29.200000     -0.13936478
 29.300000     -0.14045213
 29.400000     -0.13934459
 29.500000     -0.13655316
 29.600000     -0.13384370
 29.700000     -0.13017649
 29.800000     -0.12400643
 29.900000     -0.11551669
 30.000000     -0.10557649
 30.100000     -0.09569153
 30.200000     -0.08616595
 30.300000     -0.07846641
 30.400000     -0.07357930
 30.500000     -0.07163530
 30.600000     -0.07110653
 30.700000     -0.07175710
 30.800000     -0.07384646
 30.900000     -0.07650369
 31.000000     -0.08027730
 31.100000     -0.08436589
 31.200000     -0.08883088
 31.300000     -0.09413063
 31.400000     -0.10173469
 31.500000     -0.10966924
 31.600000     -0.11863140
 31.700000     -0.12842142
 31.800000     -0.13822828
 31.900000     -0.14658669
 32.000000     -0.15383940
 32.100000     -0.15843586
 32.200000     -0.16050606
 32.300000     -0.16068265
 32.400000     -0.15900996
 32.500000     -0.15603815
 32.600000     -0.15140082
 32.700000     -0.14679216
 32.800000     -0.14160970
 32.900000     -0.13575163
 33.000000     -0.13012604
 33.100000     -0.12492421
 33.200000     -0.11944928
 33.300000     -0.11383701
 33.400000     -0.10927151
 33.500000     -0.10683583
 33.600000     -0.10584237
 33.700000     -0.10566635
 33.800000     -0.10604685
 33.900000     -0.10677249
 34.000000     -0.10849707
 34.100000     -0.11155487
 34.200000     -0.11455289
 34.300000     -0.11714219
 34.400000     -0.11929734
 34.500000     -0.12054947
 34.600000     -0.12119306
 34.700000     -0.12175751
 34.800000     -0.12175252
 34.900000     -0.12058042
 35.000000     -0.11867126
 35.100000     -0.11673431
 35.200000     -0.11657377
 35.300000     -0.11731315
 35.400000     -0.11817418
 35.500000     -0.11867683
 35.600000     -0.11850637
 35.700000     -0.11810467
 35.800000     -0.11735025
 35.900000     -0.11657116
 36.000000     -0.11643892
 36.100000     -0.11699172
 36.200000     -0.11742654
 36.300000     -0.11774736
 36.400000     -0.11901849
 36.500000     -0.12054979
 36.600000     -0.12102767
 36.700000     -0.12284234
 36.800000     -0.12506244
 36.900000     -0.12504436
 37.000000     -0.12393599
 37.100000     -0.12213145
 37.200000     -0.11921895
 37.300000     -0.11587793
 37.400000     -0.11189393
 37.500000     -0.10653313
 37.600000     -0.10034429
 37.700000     -0.09481023
 37.800000     -0.09053889
 37.900000     -0.08691224
 38.000000     -0.08374595
 38.100000     -0.08246987
 38.200000     -0.08470934
 38.300000     -0.08807063
 38.400000     -0.09146403
 38.500000     -0.09451114
 38.600000     -0.09779111
 38.700000     -0.10106120
 38.800000     -0.10362835
 38.900000     -0.10557998
 39.000000     -0.10772302
 39.100000     -0.11041130
 39.200000     -0.11326472
 39.300000     -0.11551073
 39.400000     -0.11789335
 39.500000     -0.12201177
 39.600000     -0.12552152
 39.700000     -0.12798576
 39.800000     -0.12956058
 39.900000     -0.12997306
