  0.000000     -0.00692684
  0.100000     -0.00594213
  0.200000     -0.00488621
  0.300000     -0.00391424
  0.400000     -0.00333550
  0.500000     -0.00233077
  0.600000     -0.00150602
  0.700000     -0.00098674
  0.800000     -0.00024711
  0.900000      0.00085887
  1.000000      0.00259118
  1.100000      0.00387484
  1.200000      0.00472585
  1.300000      0.00547934
  1.400000      0.00625780
  1.500000      0.00681729
  1.600000      0.00741244
  1.700000      0.00816533
  1.800000      0.00887633
  1.900000      0.01029888
  2.000000      0.01134344
  2.100000      0.01268513
  2.200000      0.01384364
  2.300000      0.01435835
  2.400000      0.01451001
  2.500000      0.01418108
  2.600000      0.01333204
  2.700000      0.01188851
  2.800000      0.01023058
  2.900000      0.00862054
  3.000000      0.00691109
  3.100000      0.00520274
  3.200000      0.00318140
  3.300000      0.00095387
  3.400000     -0.00161881
  3.500000     -0.00365918
  3.600000     -0.00484078
  3.700000     -0.00583150
  3.800000     -0.00601616
  3.900000     -0.00544857
  4.000000     -0.00499722
  4.100000     -0.00438191
  4.200000     -0.00327032
  4.300000     -0.00209918
  4.400000     -0.00117344
  4.500000     -0.00030274
  4.600000      0.00146417
  4.700000      0.00329554
  4.800000      0.00494580
  4.900000      0.00672111
  5.000000      0.00782130
  5.100000      0.00873674
  5.200000      0.00985454
  5.300000      0.01055892
  5.400000      0.01084014
  5.500000      0.01112901
  5.600000      0.01138852
  5.700000      0.01187725
  5.800000      0.01251069
  5.900000      0.01329621
  6.000000      0.01386771
  6.100000      0.01396731
  6.200000      0.01454207
  6.300000      0.01563416
  6.400000      0.01661034
  6.500000      0.01741607
  6.600000      0.01799879
  6.700000      0.01837048
  6.800000      0.01846553
  6.900000      0.01869564
  7.000000      0.01828698
  7.100000      0.01812411
  7.200000      0.01805297
  7.300000      0.01754125
  7.400000      0.01669290
  7.500000      0.01528288
  7.600000      0.01493294
  7.700000      0.01504060
  7.800000      0.01536480
  7.900000      0.01713772
  8.000000      0.01984606
  8.100000      0.02183731
  8.200000      0.02437589
  8.300000      0.02808261
  8.400000      0.03198757
  8.500000      0.03609659
  8.600000      0.04118582
  8.700000      0.04512215
  8.800000      0.04913832
  8.900000      0.05416203
  9.000000      0.05858917
  9.100000      0.06176831
  9.200000      0.06537227
  9.300000      0.06806024
  9.400000      0.07113711
  9.500000      0.07427543
  9.600000      0.07638255
  9.700000      0.07763223
  9.800000      0.07892917
  9.900000      0.08086814
 10.000000      0.08277577
 10.100000      0.08415081
 10.200000      0.08555187
 10.300000      0.08799079
 10.400000      0.08863934
 10.500000      0.09005910
 10.600000      0.09352865
 10.700000      0.09585114
 10.800000      0.09749893
 10.900000      0.10069352
 11.000000      0.10242234
 11.100000      0.10437003
 11.200000      0.10859972
 11.300000      0.11137318
 11.400000      0.11262689
 11.500000      0.11335527
 11.600000      0.11492479
 11.700000      0.11689093
 11.800000      0.11896106
 11.900000      0.12171221
 12.000000      0.12338674
 12.100000      0.12412395
 12.200000      0.12569651
 12.300000      0.12683808
 12.400000      0.12715731
 12.500000      0.12696335
 12.600000      0.12598496
 12.700000      0.12462927
 12.800000      0.12196688
 12.900000      0.11983860
 13.000000      0.11721194
 13.100000      0.11537802
 13.200000      0.11355839
 13.300000      0.11060401
 13.400000      0.10771032
 13.500000      0.10691089
 13.600000      0.10578943
 13.700000      0.10462025
 13.800000      0.10405388
 13.900000      0.10377702
 14.000000      0.10443543
 14.100000      0.10537346
 14.200000      0.10649956
 14.300000      0.10738010
 14.400000      0.10788254
 14.500000      0.10793841
 14.600000      0.10806560
 14.700000      0.10811094
 14.800000      0.10775177
 14.900000      0.10827055
 15.000000      0.10848319
 15.100000      0.10840068
 15.200000      0.10772966
 15.300000      0.10750425
 15.400000      0.10685571
 15.500000      0.10604920
 15.600000      0.10423059
 15.700000      0.10182924
 15.800000      0.09885170
 15.900000      0.09426919
 16.000000      0.09179030
 16.100000      0.08781304
 16.200000      0.08231632
 16.300000      0.07734825
 16.400000      0.07313331
 16.500000      0.06778020
 16.600000      0.06021859
 16.700000      0.05250720
 16.800000      0.04303422
 16.900000      0.03300148
 17.000000      0.02248772
 17.100000      0.01128903
 17.200000      0.00043392
 17.300000     -0.00934949
 17.400000     -0.02035460
 17.500000     -0.03230767
 17.600000     -0.04208465
 17.700000     -0.05322524
 17.800000     -0.06364998
 17.900000     -0.07581498
 18.000000     -0.08872767
 18.100000     -0.10294757
 18.200000     -0.11840257
 18.300000     -0.13454071
 18.400000     -0.15196575
 18.500000     -0.16927318
 18.600000     -0.18785478
 18.700000     -0.20648629
 18.800000     -0.22517687
 18.900000     -0.24399476
 19.000000     -0.26542509
 19.100000     -0.28683215
 19.200000     -0.30980979
 19.300000     -0.33451330
 19.400000     -0.36034658
 19.500000     -0.38848861
 19.600000     -0.41693243
 19.700000     -0.44500265
 19.800000     -0.47245721
 19.900000     -0.49887192
 20.000000     -0.52455095
 20.100000     -0.54864292
 20.200000     -0.57158924
 20.300000     -0.59452243
 20.400000     -0.61596981
 20.500000     -0.63700569
 20.600000     -0.65657276
 20.700000     -0.67545878
 20.800000     -0.69436925
 20.900000     -0.71670133
 21.000000     -0.73801943
 21.100000     -0.76068176
 21.200000     -0.78417399
 21.300000     -0.80662987
 21.400000     -0.82839018
 21.500000     -0.85134481
 21.600000     -0.87495970
 21.700000     -0.89623901
 21.800000     -0.91666580
 21.900000     -0.93487862
 22.000000     -0.95070817
 22.100000     -0.96384260
 22.200000     -0.97416869
 22.300000     -0.98296019
 22.400000     -0.99038616
 22.500000     -0.99603206
 22.600000     -0.99992553
 22.700000     -1.00000000
 22.800000     -0.99647018
 22.900000     -0.99001683
 23.000000     -0.98059051
 23.100000     -0.96833794
 23.200000     -0.95097942
 23.300000     -0.93015959
 23.400000     -0.90373370
 23.500000     -0.86967129
 23.600000     -0.82928994
 23.700000     -0.77961685
 23.800000     -0.72064156
 23.900000     -0.65480431
 24.000000     -0.58416350
 24.100000     -0.50922527
 24.200000     -0.42966160
 24.300000     -0.34556765
 24.400000     -0.25809688
 24.500000     -0.16614903
 24.600000     -0.07314246
 24.700000      0.01807550
 24.800000      0.11089179
 24.900000      0.20242907
 25.000000      0.29095220
 25.100000      0.37818688
 25.200000      0.45977787
 25.300000      0.53310793
 25.400000      0.59784715
 25.500000      0.65479883
 25.600000      0.70366886
 25.700000      0.74237153
 25.800000      0.77360307
 25.900000      0.79611377
 26.000000      0.81345918
 26.100000      0.82591903
 26.200000      0.83335145
 26.300000      0.83851552
 26.400000      0.84178927
 26.500000      0.84259402
 26.600000      0.83955050
 26.700000      0.83228215
 26.800000      0.82322546
 26.900000      0.81428558
 27.000000      0.80438051
 27.100000      0.79222326
 27.200000      0.77988708
 27.300000      0.76568916
 27.400000      0.74869023
 27.500000      0.73064457
 27.600000      0.70834182
 27.700000      0.68258918
 27.800000      0.65423226
 27.900000      0.62291270
 28.000000      0.58936477
 28.100000      0.55203360
 28.200000      0.51244263
 28.300000      0.47215775
 28.400000      0.43168501
 28.500000      0.39155213
 28.600000      0.35093289
 28.700000      0.31042452
 28.800000      0.27101797
 28.900000      0.23455647
 29.000000      0.19918955
 29.100000      0.16625971
 29.200000      0.13743729
 29.300000      0.11103893
 29.400000      0.08629107
 29.500000      0.06342576
 29.600000      0.04394318
 29.700000      0.02531943
 29.800000      0.00920555
 29.900000     -0.00435370
 30.000000     -0.01543649
 30.100000     -0.02532821
 30.200000     -0.03284547
 30.300000     -0.03994968
 30.400000     -0.04517158
 30.500000     -0.04991119
 30.600000     -0.05569320
 30.700000     -0.06168145
 30.800000     -0.06715844
 30.900000     -0.07135972
 31.000000     -0.07312704
 31.100000     -0.07437661
 31.200000     -0.07401861
 31.300000     -0.07233837
 31.400000     -0.07077040
 31.500000     -0.06924568
 31.600000     -0.06555695
 31.700000     -0.06115790
 31.800000     -0.05849049
 31.900000     -0.05509751
 32.000000     -0.04944664
 32.100000     -0.04434752
 32.200000     -0.03917693
 32.300000     -0.03355303
 32.400000     -0.02936153
 32.500000     -0.02577646
 32.600000     -0.02115250
 32.700000     -0.01709091
 32.800000     -0.01306844
 32.900000     -0.00628682
 33.000000      0.00123690
 33.100000      0.00831867
 33.200000      0.01259490
 33.300000      0.01757903
 33.400000      0.02327270
 33.500000      0.02897932
 33.600000      0.03524744
 33.700000      0.04188449
 33.800000      0.04727133
 33.900000      0.05269177
 34.000000      0.05791589
 34.100000      0.06122291
 34.200000      0.06246078
 34.300000      0.06458147
 34.400000      0.06497068
 34.500000      0.06332746
 34.600000      0.06268167
 34.700000      0.06300357
 34.800000      0.06203692
 34.900000      0.06202089
 35.000000      0.06200430
 35.100000      0.06114357
 35.200000      0.06150356
 35.300000      0.06252105
 35.400000      0.06273392
 35.500000      0.06396943
 35.600000      0.06572989
 35.700000      0.06677332
 35.800000      0.06932395
 35.900000      0.07287202
 36.000000      0.07533190
 36.100000      0.07715037
 36.200000      0.07978329
 36.300000      0.08110157
 36.400000      0.08264420
 36.500000      0.08497492
 36.600000      0.08717513
 36.700000      0.09011121
 36.800000      0.09275662
 36.900000      0.09563625
 37.000000      0.09924345
 37.100000      0.10259865
 37.200000      0.10561138
 37.300000      0.10785795
 37.400000      0.10943407
 37.500000      0.11137415
 37.600000      0.11328349
 37.700000      0.11528386
 37.800000      0.11721540
 37.900000      0.11867932
 38.000000      0.11971810
 38.100000      0.12041536
 38.200000      0.12017861
 38.300000      0.11951938
 38.400000      0.11814665
 38.500000      0.11677061
 38.600000      0.11539525
 38.700000      0.11416881
 38.800000      0.11288161
 38.900000      0.11121390
 39.000000      0.11041944
 39.100000      0.11048437
 39.200000      0.11074309
 39.300000      0.11103642
 39.400000      0.11090091
 39.500000      0.11069558
 39.600000      0.11067367
 39.700000      0.11116441
 39.800000      0.11221442
 39.900000      0.11382289
