  0.000000     -0.02843261
  0.100000     -0.02779803
  0.200000     -0.02808979
  0.300000     -0.02878165
  0.400000     -0.02992364
  0.500000     -0.03084415
  0.600000     -0.03181598
  0.700000     -0.03334864
  0.800000     -0.03481242
  0.900000     -0.03585716
  1.000000     -0.03694141
  1.100000     -0.03850434
  1.200000     -0.04014362
  1.300000     -0.04115265
  1.400000     -0.04225828
  1.500000     -0.04364843
  1.600000     -0.04532764
  1.700000     -0.04697742
  1.800000     -0.04863270
  1.900000     -0.04958089
  2.000000     -0.04981858
  2.100000     -0.04992454
  2.200000     -0.04983109
  2.300000     -0.04925829
  2.400000     -0.04805831
  2.500000     -0.04732122
  2.600000     -0.04651990
  2.700000     -0.04515743
  2.800000     -0.04395676
  2.900000     -0.04317166
  3.000000     -0.04193527
  3.100000     -0.04077058
  3.200000     -0.03984635
  3.300000     -0.03910491
  3.400000     -0.03909200
  3.500000     -0.03947136
  3.600000     -0.03990348
  3.700000     -0.04096797
  3.800000     -0.04152377
  3.900000     -0.04137355
  4.000000     -0.04068173
  4.100000     -0.04052343
  4.200000     -0.04045421
  4.300000     -0.04009251
  4.400000     -0.03939626
  4.500000     -0.03780612
  4.600000     -0.03524014
  4.700000     -0.03265749
  4.800000     -0.02999734
  4.900000     -0.02752270
  5.000000     -0.02574291
  5.100000     -0.02321610
  5.200000     -0.02033552
  5.300000     -0.01693710
  5.400000     -0.01391284
  5.500000     -0.01055149
  5.600000     -0.00755526
  5.700000     -0.00389138
  5.800000     -0.00033256
  5.900000      0.00314590
  6.000000      0.00641062
  6.100000      0.00885703
  6.200000      0.01039975
  6.300000      0.01182767
  6.400000      0.01298082
  6.500000      0.01298090
  6.600000      0.01216737
  6.700000      0.01081596
  6.800000      0.00985866
  6.900000      0.00842581
  7.000000      0.00740471
  7.100000      0.00747034
  7.200000      0.00722125
  7.300000      0.00734931
  7.400000      0.00717418
  7.500000      0.00594929
  7.600000      0.00435300
  7.700000      0.00174197
  7.800000     -0.00197190
  7.900000     -0.00544826
  8.000000     -0.01015484
  8.100000     -0.01491196
  8.200000     -0.02141187
  8.300000     -0.02752365
  8.400000     -0.03318636
  8.500000     -0.03772867
  8.600000     -0.04234428
  8.700000     -0.04569687
  8.800000     -0.04833654
  8.900000     -0.05089334
  9.000000     -0.05425093
  9.100000     -0.05544514
  9.200000     -0.05603708
  9.300000     -0.05545430
  9.400000     -0.05440858
  9.500000     -0.05376693
  9.600000     -0.05296753
  9.700000     -0.05211041
  9.800000     -0.05099670
  9.900000     -0.04994150
 10.000000     -0.04926784
 10.100000     -0.04941248
 10.200000     -0.04941261
 10.300000     -0.04971062
 10.400000     -0.04944364
 10.500000     -0.05160611
 10.600000     -0.05597553
 10.700000     -0.06120126
 10.800000     -0.06623501
 10.900000     -0.07153686
 11.000000     -0.07676606
 11.100000     -0.08045093
 11.200000     -0.08450247
 11.300000     -0.08710051
 11.400000     -0.08869040
 11.500000     -0.08934343
 11.600000     -0.08676651
 11.700000     -0.08149256
 11.800000     -0.07490741
 11.900000     -0.06621946
 12.000000     -0.05417971
 12.100000     -0.04094058
 12.200000     -0.02640778
 12.300000     -0.00929750
 12.400000      0.01046585
 12.500000      0.03412311
 12.600000      0.06177321
 12.700000      0.09285839
 12.800000      0.12744398
 12.900000      0.16507546
 13.000000      0.20563848
 13.100000      0.25057281
 13.200000      0.29775779
 13.300000      0.34849888
 13.400000      0.40152418
 13.500000      0.45543482
 13.600000      0.51048792
 13.700000      0.56412205
 13.800000      0.61638324
 13.900000      0.66670215
 14.000000      0.71562602
 14.100000      0.76343896
 14.200000      0.80595263
 14.300000      0.84415300
 14.400000      0.88022185
 14.500000      0.91288328
 14.600000      0.94086053
 14.700000      0.96173958
 14.800000      0.97838817
 14.900000      0.99021176
 15.000000      0.99814583
 15.100000      1.00000000
 15.200000      0.99888142
 15.300000      0.99721240
 15.400000      0.99258296
 15.500000      0.98339103
 15.600000      0.97136275
 15.700000      0.95593741
 15.800000      0.93733124
 15.900000      0.91526058
 16.000000      0.88860297
 16.100000      0.85727545
 16.200000      0.82391261
 16.300000      0.78566371
 16.400000      0.74315615
 16.500000      0.69962616
 16.600000      0.65511008
 16.700000      0.60943097
 16.800000      0.56083476
 16.900000      0.50964826
 17.000000      0.45797568
 17.100000      0.40870190
 17.200000      0.36096577
 17.300000      0.31559811
 17.400000      0.27158733
 17.500000      0.22806478
 17.600000      0.18532567
 17.700000      0.14593885
 17.800000      0.11009237
 17.900000      0.07588204
 18.000000      0.04343520
 18.100000      0.01402454
 18.200000     -0.01473622
 18.300000     -0.03887157
 18.400000     -0.05903355
 18.500000     -0.07928238
 18.600000     -0.09600568
 18.700000     -0.10816302
 18.800000     -0.11759721
 18.900000     -0.12392592
 19.000000     -0.13008987
 19.100000     -0.13381475
 19.200000     -0.13676369
 19.300000     -0.13817077
 19.400000     -0.13965507
 19.500000     -0.14009631
 19.600000     -0.13906256
 19.700000     -0.13769742
 19.800000     -0.13676568
 19.900000     -0.13622901
 20.000000     -0.13400900
 20.100000     -0.13011158
 20.200000     -0.12773417
 20.300000     -0.12660625
 20.400000     -0.12400903
 20.500000     -0.12137414
 20.600000     -0.12021030
 20.700000     -0.12187080
 20.800000     -0.12467795
 20.900000     -0.12733228
 21.000000     -0.13050104
 21.100000     -0.13341968
 21.200000     -0.13619175
 21.300000     -0.13990708
 21.400000     -0.14380943
 21.500000     -0.14843648
 21.600000     -0.15279792
 21.700000     -0.15673784
 21.800000     -0.16001403
 21.900000     -0.16226044
 22.000000     -0.16394247
 22.100000     -0.16443822
 22.200000     -0.16330386
 22.300000     -0.16158020
 22.400000     -0.15939166
 22.500000     -0.15628076
 22.600000     -0.15338074
 22.700000     -0.15102195
 22.800000     -0.14908245
 22.900000     -0.14601676
 23.000000     -0.14386880
 23.100000     -0.14252882
 23.200000     -0.14157940
 23.300000     -0.14079780
 23.400000     -0.14073990
 23.500000     -0.14054059
 23.600000     -0.13959879
 23.700000     -0.14001251
 23.800000     -0.14044400
 23.900000     -0.14075690
 24.000000     -0.14063242
 24.100000     -0.14017010
 24.200000     -0.14968441
 24.300000     -0.15300047
 24.400000     -0.15335423
 24.500000     -0.15290565
 24.600000     -0.15180667
 24.700000     -0.15200565
 24.800000     -0.15275466
 24.900000     -0.15299047
 25.000000     -0.15335901
 25.100000     -0.15435958
 25.200000     -0.15644661
 25.300000     -0.15867361
 25.400000     -0.16128347
 25.500000     -0.16434010
 25.600000     -0.16690482
 25.700000     -0.16873640
 25.800000     -0.16986185
 25.900000     -0.17038013
 26.000000     -0.17073318
 26.100000     -0.17054470
 26.200000     -0.17051597
 26.300000     -0.16987488
 26.400000     -0.16824467
 26.500000     -0.16614634
 26.600000     -0.16486116
 26.700000     -0.16422358
 26.800000     -0.16371197
 26.900000     -0.16318899
 27.000000     -0.16306553
 27.100000     -0.16373667
 27.200000     -0.16405826
 27.300000     -0.16434167
 27.400000     -0.16494783
 27.500000     -0.16556525
 27.600000     -0.16555590
 27.700000     -0.16582642
 27.800000     -0.16621238
 27.900000     -0.16677213
 28.000000     -0.16788496
 28.100000     -0.16936775
 28.200000     -0.17115291
 28.300000     -0.17273801
 28.400000     -0.17337434
 28.500000     -0.17356585
 28.600000     -0.17342756
 28.700000     -0.17295850
 28.800000     -0.17185609
 28.900000     -0.17009386
 29.000000     -0.16857863
 29.100000     -0.16780939
 29.200000     -0.16773933
 29.300000     -0.16677270
 29.400000     -0.16570105
 29.500000     -0.16560429
 29.600000     -0.16639841
 29.700000     -0.16707493
 29.800000     -0.16847341
 29.900000     -0.17066822
 30.000000     -0.17367642
 30.100000     -0.17470138
 30.200000     -0.17496096
 30.300000     -0.17604094
 30.400000     -0.17683694
 30.500000     -0.17674338
 30.600000     -0.17623453
 30.700000     -0.17483569
 30.800000     -0.17341195
 30.900000     -0.17241159
 31.000000     -0.17302936
 31.100000     -0.17508097
 31.200000     -0.17756373
 31.300000     -0.17974858
 31.400000     -0.18173085
 31.500000     -0.18289386
 31.600000     -0.18388462
 31.700000     -0.18473957
 31.800000     -0.18451739
 31.900000     -0.18445884
 32.000000     -0.18412233
 32.100000     -0.18329421
 32.200000     -0.18265144
 32.300000     -0.18255843
 32.400000     -0.18265969
 32.500000     -0.18276566
 32.600000     -0.18127519
 32.700000     -0.17943754
 32.800000     -0.17779220
 32.900000     -0.17621850
 33.000000     -0.17462422
 33.100000     -0.17276757
 33.200000     -0.17048002
 33.300000     -0.16793581
 33.400000     -0.16568325
 33.500000     -0.16387064
 33.600000     -0.16160704
 33.700000     -0.15888941
 33.800000     -0.15655032
 33.900000     -0.15292343
 34.000000     -0.14893271
 34.100000     -0.14610497
 34.200000     -0.14440352
 34.300000     -0.14426671
 34.400000     -0.14571638
 34.500000     -0.14800613
 34.600000     -0.15040662
 34.700000     -0.15306394
 34.800000     -0.15625507
 34.900000     -0.15858361
 35.000000     -0.16114630
 35.100000     -0.16283315
 35.200000     -0.16442810
 35.300000     -0.16712304
 35.400000     -0.16922842
 35.500000     -0.17038449
 35.600000     -0.17168495
 35.700000     -0.17260590
 35.800000     -0.17430075
 35.900000     -0.17608819
 36.000000     -0.17662891
 36.100000     -0.17630675
 36.200000     -0.17543187
 36.300000     -0.17415749
 36.400000     -0.17186073
 36.500000     -0.16873652
 36.600000     -0.16551713
 36.700000     -0.16260997
 36.800000     -0.15995893
 36.900000     -0.15743442
 37.000000     -0.15485283
 37.100000     -0.15286973
 37.200000     -0.15162612
 37.300000     -0.15139976
 37.400000     -0.15196920
 37.500000     -0.15308548
 37.600000     -0.15375868
 37.700000     -0.15455460
 37.800000     -0.15529500
 37.900000     -0.15660900
 38.000000     -0.15827403
 38.100000     -0.16048216
 38.200000     -0.16293552
 38.300000     -0.16454120
 38.400000     -0.16626929
 38.500000     -0.16789161
 38.600000     -0.16918885
 38.700000     -0.17079982
 38.800000     -0.17241220
 38.900000     -0.17413219
 39.000000     -0.17553082
 39.100000     -0.17742968
 39.200000     -0.17889990
 39.300000     -0.18028154
 39.400000     -0.18135728
 39.500000     -0.18275708
 39.600000     -0.18315178
 39.700000     -0.18372572
 39.800000     -0.18440093
 39.900000     -0.18453607
