  0.000000     -0.03302951
  0.100000     -0.03328770
  0.200000     -0.03334427
  0.300000     -0.03330502
  0.400000     -0.03340147
  0.500000     -0.03346442
  0.600000     -0.03355394
  0.700000     -0.03346795
  0.800000     -0.03357314
  0.900000     -0.03348403
  1.000000     -0.03340138
  1.100000     -0.03351702
  1.200000     -0.03432617
  1.300000     -0.03428880
  1.400000     -0.03455827
  1.500000     -0.03475054
  1.600000     -0.03474324
  1.700000     -0.03485940
  1.800000     -0.03449659
  1.900000     -0.03493819
  2.000000     -0.03514024
  2.100000     -0.03557160
  2.200000     -0.03585902
  2.300000     -0.03631779
  2.400000     -0.03684147
  2.500000     -0.03782158
  2.600000     -0.03827717
  2.700000     -0.03938183
  2.800000     -0.03948194
  2.900000     -0.03926597
  3.000000     -0.03941987
  3.100000     -0.03966859
  3.200000     -0.03987479
  3.300000     -0.04012012
  3.400000     -0.04022080
  3.500000     -0.04054845
  3.600000     -0.04048499
  3.700000     -0.04099643
  3.800000     -0.04133178
  3.900000     -0.04144676
  4.000000     -0.04155246
  4.100000     -0.04206785
  4.200000     -0.04271578
  4.300000     -0.04290879
  4.400000     -0.04371686
  4.500000     -0.04458643
  4.600000     -0.04562096
  4.700000     -0.04592738
  4.800000     -0.04603042
  4.900000     -0.04571184
  5.000000     -0.04590806
  5.100000     -0.04610232
  5.200000     -0.04677119
  5.300000     -0.04737960
  5.400000     -0.04794763
  5.500000     -0.04886651
  5.600000     -0.04887145
  5.700000     -0.04928900
  5.800000     -0.04944386
  5.900000     -0.04959880
  6.000000     -0.05018164
  6.100000     -0.05112826
  6.200000     -0.05240572
  6.300000     -0.05333242
  6.400000     -0.05430772
  6.500000     -0.05475871
  6.600000     -0.05507658
  6.700000     -0.05541893
  6.800000     -0.05584218
  6.900000     -0.05716698
  7.000000     -0.05747680
  7.100000     -0.05734096
  7.200000     -0.05720766
  7.300000     -0.05752903
  7.400000     -0.05765916
  7.500000     -0.05775832
  7.600000     -0.05803610
  7.700000     -0.05833124
  7.800000     -0.05849809
  7.900000     -0.05868928
  8.000000     -0.05885154
  8.100000     -0.05958624
  8.200000     -0.06007139
  8.300000     -0.06035218
  8.400000     -0.06063759
  8.500000     -0.06091474
  8.600000     -0.06149726
  8.700000     -0.06188436
  8.800000     -0.06229119
  8.900000     -0.06280976
  9.000000     -0.06372935
  9.100000     -0.06423426
  9.200000     -0.06475880
  9.300000     -0.06529668
  9.400000     -0.06585786
  9.500000     -0.06644147
  9.600000     -0.06704637
  9.700000     -0.06767219
  9.800000     -0.06850959
  9.900000     -0.06941510
 10.000000     -0.07069701
 10.100000     -0.07144879
 10.200000     -0.07269196
 10.300000     -0.07358687
 10.400000     -0.07434857
 10.500000     -0.07507500
 10.600000     -0.07578116
 10.700000     -0.07645754
 10.800000     -0.07709421
 10.900000     -0.07766898
 11.000000     -0.07808464
 11.100000     -0.07880059
 11.200000     -0.07919789
 11.300000     -0.07950643
 11.400000     -0.07971661
 11.500000     -0.07982055
 11.600000     -0.07980736
 11.700000     -0.07966582
 11.800000     -0.07936800
 11.900000     -0.07911716
 12.000000     -0.07878761
 12.100000     -0.07813578
 12.200000     -0.07717370
 12.300000     -0.07602384
 12.400000     -0.07467493
 12.500000     -0.07311251
 12.600000     -0.07132330
 12.700000     -0.06929206
 12.800000     -0.06700689
 12.900000     -0.06445194
 13.000000     -0.06160994
 13.100000     -0.05846267
 13.200000     -0.05499795
 13.300000     -0.05119930
 13.400000     -0.04705067
 13.500000     -0.04253633
 13.600000     -0.03763980
 13.700000     -0.03234354
 13.800000     -0.02663740
 13.900000     -0.02050280
 14.000000     -0.01392655
 14.100000     -0.00689318
 14.200000      0.00061044
 14.300000      0.00835359
 14.400000      0.01684121
 14.500000      0.02584079
 14.600000      0.03535848
 14.700000      0.04540655
 14.800000      0.05599374
 14.900000      0.06713669
 15.000000      0.07883725
 15.100000      0.09110195
 15.200000      0.10393706
 15.300000      0.11734642
 15.400000      0.13132719
 15.500000      0.14588130
 15.600000      0.16100411
 15.700000      0.17669257
 15.800000      0.19293513
 15.900000      0.20972215
 16.000000      0.22704082
 16.100000      0.24487958
 16.200000      0.26321764
 16.300000      0.28203847
 16.400000      0.30132532
 16.500000      0.32105221
 16.600000      0.34119224
 16.700000      0.36172002
 16.800000      0.38260918
 16.900000      0.40382261
 17.000000      0.42532698
 17.100000      0.44708437
 17.200000      0.46905360
 17.300000      0.49119015
 17.400000      0.51344859
 17.500000      0.53578001
 17.600000      0.55813321
 17.700000      0.58045563
 17.800000      0.60269400
 17.900000      0.62479224
 18.000000      0.64669482
 18.100000      0.66834225
 18.200000      0.68968225
 18.300000      0.71066196
 18.400000      0.73122198
 18.500000      0.75131251
 18.600000      0.77088377
 18.700000      0.78988907
 18.800000      0.80828280
 18.900000      0.82601027
 19.000000      0.84303989
 19.100000      0.85933042
 19.200000      0.87484323
 19.300000      0.88954324
 19.400000      0.90340519
 19.500000      0.91640067
 19.600000      0.92850459
 19.700000      0.93968993
 19.800000      0.94995102
 19.900000      0.95926711
 20.000000      0.96762900
 20.100000      0.97502948
 20.200000      0.98146405
 20.300000      0.98693586
 20.400000      0.99144301
 20.500000      0.99498887
 20.600000      0.99759008
 20.700000      0.99925464
 20.800000      1.00000000
 20.900000      0.99984375
 21.000000      0.99881217
 21.100000      0.99693039
 21.200000      0.99422238
 21.300000      0.99070976
 21.400000      0.98642780
 21.500000      0.98141172
 21.600000      0.97568955
 21.700000      0.96928745
 21.800000      0.96223631
 21.900000      0.95456747
 22.000000      0.94631247
 22.100000      0.93750042
 22.200000      0.92815906
 22.300000      0.91831585
 22.400000      0.90800436
 22.500000      0.89724935
 22.600000      0.88607814
 22.700000      0.87451366
 22.800000      0.86258372
 22.900000      0.85031181
 23.000000      0.83772045
 23.100000      0.82482844
 23.200000      0.81166008
 23.300000      0.79823350
 23.400000      0.78457066
 23.500000      0.77068523
 23.600000      0.75659277
 23.700000      0.74230812
 23.800000      0.72785217
 23.900000      0.71323130
 24.000000      0.69846027
 24.100000      0.68355022
 24.200000      0.66851228
 24.300000      0.65335551
 24.400000      0.63808872
 24.500000      0.62272139
 24.600000      0.60726260
 24.700000      0.59171829
 24.800000      0.57609621
 24.900000      0.56040195
 25.000000      0.54464203
 25.100000      0.52882171
 25.200000      0.51294957
 25.300000      0.49702722
 25.400000      0.48106225
 25.500000      0.46506058
 25.600000      0.44902897
 25.700000      0.43297335
 25.800000      0.41689914
 25.900000      0.40081367
 26.000000      0.38472426
 26.100000      0.36863898
 26.200000      0.35256262
 26.300000      0.33650536
 26.400000      0.32047778
 26.500000      0.30448704
 26.600000      0.28854227
 26.700000      0.27265336
 26.800000      0.25683177
 26.900000      0.24108845
 27.000000      0.22543196
 27.100000      0.20987524
 27.200000      0.19443322
 27.300000      0.17911837
 27.400000      0.16393676
 27.500000      0.14890543
 27.600000      0.13403561
 27.700000      0.11934418
 27.800000      0.10483795
 27.900000      0.09053313
 28.000000      0.07644809
 28.100000      0.06259849
 28.200000      0.04898911
 28.300000      0.03563593
 28.400000      0.02255449
 28.500000      0.00975670
 28.600000     -0.00274968
 28.700000     -0.01495514
 28.800000     -0.02685254
 28.900000     -0.03842531
 29.000000     -0.04967814
 29.100000     -0.06060519
 29.200000     -0.07120049
 29.300000     -0.08145933
 29.400000     -0.09138168
 29.500000     -0.10096469
 29.600000     -0.11020478
 29.700000     -0.11909909
 29.800000     -0.12765059
 29.900000     -0.13585301
 30.000000     -0.14370629
 30.100000     -0.15120959
 30.200000     -0.15835961
 30.300000     -0.16515538
 30.400000     -0.17159667
 30.500000     -0.17767994
 30.600000     -0.18340680
 30.700000     -0.18877262
 30.800000     -0.19378030
 30.900000     -0.19842749
 31.000000     -0.20271784
 31.100000     -0.20665397
 31.200000     -0.21023362
 31.300000     -0.21346005
 31.400000     -0.21633984
 31.500000     -0.21887910
 31.600000     -0.22107558
 31.700000     -0.22293930
 31.800000     -0.22447517
 31.900000     -0.22568595
 32.000000     -0.22657749
 32.100000     -0.22715778
 32.200000     -0.22741957
 32.300000     -0.22736919
 32.400000     -0.22702651
 32.500000     -0.22640368
 32.600000     -0.22550950
 32.700000     -0.22435586
 32.800000     -0.22295050
 32.900000     -0.22130907
 33.000000     -0.21944361
 33.100000     -0.21736861
 33.200000     -0.21509426
 33.300000     -0.21263586
 33.400000     -0.21000542
 33.500000     -0.20722108
 33.600000     -0.20425226
 33.700000     -0.20113204
 33.800000     -0.19786684
 33.900000     -0.19448782
 34.000000     -0.19099130
 34.100000     -0.18742111
 34.200000     -0.18383389
 34.300000     -0.18020856
 34.400000     -0.17655670
 34.500000     -0.17287150
 34.600000     -0.16910382
 34.700000     -0.16532385
 34.800000     -0.16156743
 34.900000     -0.15785173
 35.000000     -0.15418806
 35.100000     -0.15058709
 35.200000     -0.14701467
 35.300000     -0.14348707
 35.400000     -0.14002676
 35.500000     -0.13659272
 35.600000     -0.13318133
 35.700000     -0.12970606
 35.800000     -0.12618893
 35.900000     -0.12261771
 36.000000     -0.11908641
 36.100000     -0.11566930
 36.200000     -0.11224921
 36.300000     -0.10887162
 36.400000     -0.10560224
 36.500000     -0.10227773
 36.600000     -0.09892216
 36.700000     -0.09555911
 36.800000     -0.09227900
 36.900000     -0.08893755
 37.000000     -0.08549322
 37.100000     -0.08213453
 37.200000     -0.07884053
 37.300000     -0.07564753
 37.400000     -0.07245291
 37.500000     -0.06915045
 37.600000     -0.06590499
 37.700000     -0.06270168
 37.800000     -0.05954053
 37.900000     -0.05636918
 38.000000     -0.05326417
 38.100000     -0.05013653
 38.200000     -0.04701722
 38.300000     -0.04393814
 38.400000     -0.04090628
 38.500000     -0.03794733
 38.600000     -0.03503607
 38.700000     -0.03211518
 38.800000     -0.02920248
 38.900000     -0.02634576
 39.000000     -0.02356399
 39.100000     -0.02087840
 39.200000     -0.01823461
 39.300000     -0.01562328
 39.400000     -0.01301667
 39.500000     -0.01041645
 39.600000     -0.00789562
 39.700000     -0.00544553
 39.800000     -0.00295831
 39.900000     -0.00051065
