  0.000000     -0.06930125
  0.100000     -0.06895754
  0.200000     -0.06862667
  0.300000     -0.06832262
  0.400000     -0.06804325
  0.500000     -0.06778499
  0.600000     -0.06755498
  0.700000     -0.06735392
  0.800000     -0.06717398
  0.900000     -0.06702742
  1.000000     -0.06690743
  1.100000     -0.06679672
  1.200000     -0.06670924
  1.300000     -0.06663770
  1.400000     -0.06657306
  1.500000     -0.06653423
  1.600000     -0.06650626
  1.700000     -0.06647675
  1.800000     -0.06645618
  1.900000     -0.06644637
  2.000000     -0.06644489
  2.100000     -0.06646264
  2.200000     -0.06650581
  2.300000     -0.06656628
  2.400000     -0.06665513
  2.500000     -0.06677913
  2.600000     -0.06694655
  2.700000     -0.06720095
  2.800000     -0.06749397
  2.900000     -0.06781521
  3.000000     -0.06816378
  3.100000     -0.06854074
  3.200000     -0.06893751
  3.300000     -0.06936589
  3.400000     -0.06980990
  3.500000     -0.07026695
  3.600000     -0.07073246
  3.700000     -0.07118906
  3.800000     -0.07162550
  3.900000     -0.07204661
  4.000000     -0.07243746
  4.100000     -0.07280057
  4.200000     -0.07314080
  4.300000     -0.07343333
  4.400000     -0.07368523
  4.500000     -0.07390666
  4.600000     -0.07407466
  4.700000     -0.07419522
  4.800000     -0.07426786
  4.900000     -0.07428260
  5.000000     -0.07424727
  5.100000     -0.07418094
  5.200000     -0.07407001
  5.300000     -0.07391547
  5.400000     -0.07375442
  5.500000     -0.07357110
  5.600000     -0.07376984
  5.700000     -0.07399896
  5.800000     -0.07420414
  5.900000     -0.07439444
  6.000000     -0.07456425
  6.100000     -0.07471054
  6.200000     -0.07483200
  6.300000     -0.07493179
  6.400000     -0.07502225
  6.500000     -0.07510586
  6.600000     -0.07517135
  6.700000     -0.07522597
  6.800000     -0.07527874
  6.900000     -0.07530079
  7.000000     -0.07526848
  7.100000     -0.07515485
  7.200000     -0.07495708
  7.300000     -0.07469107
  7.400000     -0.07436059
  7.500000     -0.07397570
  7.600000     -0.07354327
  7.700000     -0.07307452
  7.800000     -0.07256074
  7.900000     -0.07198561
  8.000000     -0.07136108
  8.100000     -0.07069567
  8.200000     -0.06998034
  8.300000     -0.06923022
  8.400000     -0.06847340
  8.500000     -0.06772803
  8.600000     -0.06699758
  8.700000     -0.06627266
  8.800000     -0.06556109
  8.900000     -0.06488172
  9.000000     -0.06420178
  9.100000     -0.06348820
  9.200000     -0.06178327
  9.300000     -0.05994206
  9.400000     -0.05799432
  9.500000     -0.05593396
  9.600000     -0.05381969
  9.700000     -0.05166672
  9.800000     -0.04953838
  9.900000     -0.04744655
 10.000000     -0.04538822
 10.100000     -0.04336050
 10.200000     -0.04140447
 10.300000     -0.03952387
 10.400000     -0.03771297
 10.500000     -0.03597495
 10.600000     -0.03424651
 10.700000     -0.03252185
 10.800000     -0.03085104
 10.900000     -0.02926398
 11.000000     -0.02777364
 11.100000     -0.02649767
 11.200000     -0.02538592
 11.300000     -0.02438242
 11.400000     -0.02346605
 11.500000     -0.02263255
 11.600000     -0.02184529
 11.700000     -0.02105103
 11.800000     -0.02026940
 11.900000     -0.01946362
 12.000000     -0.01860312
 12.100000     -0.01773141
 12.200000     -0.01685878
 12.300000     -0.01599377
 12.400000     -0.01517746
 12.500000     -0.01444574
 12.600000     -0.01387424
 12.700000     -0.01342773
 12.800000     -0.01312299
 12.900000     -0.01292390
 13.000000     -0.01276400
 13.100000     -0.01265335
 13.200000     -0.01252345
 13.300000     -0.01230609
 13.400000     -0.01195911
 13.500000     -0.01147248
 13.600000     -0.01090263
 13.700000     -0.01018956
 13.800000     -0.00926636
 13.900000     -0.00818640
 14.000000     -0.00696601
 14.100000     -0.00563834
 14.200000     -0.00420180
 14.300000     -0.00287331
 14.400000     -0.00132151
 14.500000      0.00075029
 14.600000      0.00259922
 14.700000      0.00465766
 14.800000      0.00688121
 14.900000      0.00939113
 15.000000      0.01206992
 15.100000      0.01491197
 15.200000      0.01788116
 15.300000      0.02096076
 15.400000      0.02400368
 15.500000      0.02689138
 15.600000      0.02936766
 15.700000      0.03156016
 15.800000      0.03365508
 15.900000      0.03581802
 16.000000      0.03811125
 16.100000      0.04038208
 16.200000      0.04253953
 16.300000      0.04462246
 16.400000      0.04648523
 16.500000      0.04804451
 16.600000      0.04937003
 16.700000      0.05035401
 16.800000      0.05115348
 16.900000      0.05222289
 17.000000      0.05336628
 17.100000      0.05430606
 17.200000      0.05516699
 17.300000      0.05615013
 17.400000      0.05719445
 17.500000      0.05833084
 17.600000      0.05927659
 17.700000      0.05996939
 17.800000      0.06072949
 17.900000      0.06148419
 18.000000      0.06204470
 18.100000      0.06240237
 18.200000      0.06264972
 18.300000      0.06271162
 18.400000      0.06249580
 18.500000      0.06185393
 18.600000      0.06086426
 18.700000      0.05959577
 18.800000      0.05769543
 18.900000      0.05532671
 19.000000      0.05268205
 19.100000      0.04991882
 19.200000      0.04717271
 19.300000      0.04453705
 19.400000      0.04222666
 19.500000      0.04008099
 19.600000      0.03816138
 19.700000      0.03655590
 19.800000      0.03531065
 19.900000      0.03449732
 20.000000      0.03413234
 20.100000      0.03435287
 20.200000      0.03472681
 20.300000      0.03498885
 20.400000      0.03506781
 20.500000      0.03495358
 20.600000      0.03468274
 20.700000      0.03437211
 20.800000      0.03382564
 20.900000      0.03285580
 21.000000      0.03119784
 21.100000      0.02924684
 21.200000      0.02764052
 21.300000      0.02643934
 21.400000      0.02547790
 21.500000      0.02455398
 21.600000      0.02342380
 21.700000      0.02276566
 21.800000      0.02327268
 21.900000      0.02463974
 22.000000      0.02675501
 22.100000      0.02908000
 22.200000      0.03104693
 22.300000      0.03237503
 22.400000      0.03346421
 22.500000      0.03441010
 22.600000      0.03502798
 22.700000      0.03485712
 22.800000      0.03412948
 22.900000      0.03361533
 23.000000      0.03419844
 23.100000      0.03630228
 23.200000      0.03889309
 23.300000      0.04096401
 23.400000      0.04232638
 23.500000      0.04279139
 23.600000      0.04241157
 23.700000      0.04127576
 23.800000      0.03981784
 23.900000      0.03828166
 24.000000      0.03654295
 24.100000      0.03426077
 24.200000      0.03099857
 24.300000      0.02693122
 24.400000      0.02263170
 24.500000      0.01808055
 24.600000      0.01317191
 24.700000      0.00801558
 24.800000      0.00242610
 24.900000     -0.00378940
 25.000000     -0.01024975
 25.100000     -0.01672470
 25.200000     -0.02329310
 25.300000     -0.02951650
 25.400000     -0.03539584
 25.500000     -0.04120574
 25.600000     -0.04702223
 25.700000     -0.05256000
 25.800000     -0.05693394
 25.900000     -0.06035788
 26.000000     -0.06344404
 26.100000     -0.06662917
 26.200000     -0.07063763
 26.300000     -0.07523537
 26.400000     -0.07996464
 26.500000     -0.08508501
 26.600000     -0.09047147
 26.700000     -0.09592432
 26.800000     -0.10079903
 26.900000     -0.10456791
 27.000000     -0.10715940
 27.100000     -0.10875870
 27.200000     -0.11013622
 27.300000     -0.11205477
 27.400000     -0.11420866
 27.500000     -0.11593510
 27.600000     -0.11677573
 27.700000     -0.11684110
 27.800000     -0.11669935
 27.900000     -0.11661458
 28.000000     -0.11637928
 28.100000     -0.11540206
 28.200000     -0.11340506
 28.300000     -0.11077046
 28.400000     -0.10768905
 28.500000     -0.10422566
 28.600000     -0.10085832
 28.700000     -0.09782868
 28.800000     -0.09543546
 28.900000     -0.09331648
 29.000000     -0.09098227
 29.100000     -0.08831501
 29.200000     -0.08501222
 29.300000     -0.08091927
 29.400000     -0.07537914
 29.500000     -0.06829515
 29.600000     -0.05963022
 29.700000     -0.04942269
 29.800000     -0.03808170
 29.900000     -0.02595012
 30.000000     -0.01300642
 30.100000      0.00091881
 30.200000      0.01570621
 30.300000      0.03084139
 30.400000      0.04607813
 30.500000      0.06158126
 30.600000      0.07742849
 30.700000      0.09344012
 30.800000      0.10879208
 30.900000      0.12338383
 31.000000      0.13764458
 31.100000      0.15224115
 31.200000      0.16770701
 31.300000      0.18388098
 31.400000      0.20018571
 31.500000      0.21582580
 31.600000      0.23112726
 31.700000      0.24697294
 31.800000      0.26377684
 31.900000      0.28143000
 32.000000      0.30009051
 32.100000      0.31965272
 32.200000      0.33960748
 32.300000      0.35933062
 32.400000      0.37820919
 32.500000      0.39632655
 32.600000      0.41503379
 32.700000      0.43507271
 32.800000      0.45646269
 32.900000      0.47851115
 33.000000      0.50036717
 33.100000      0.52231426
 33.200000      0.54510788
 33.300000      0.56899283
 33.400000      0.59369227
 33.500000      0.61918168
 33.600000      0.64529629
 33.700000      0.67173978
 33.800000      0.69829482
 33.900000      0.72502883
 34.000000      0.75180211
 34.100000      0.77785610
 34.200000      0.80221015
 34.300000      0.82524202
 34.400000      0.84738847
 34.500000      0.86944666
 34.600000      0.89116208
 34.700000      0.91184184
 34.800000      0.93087958
 34.900000      0.94763848
 35.000000      0.96138344
 35.100000      0.97125485
 35.200000      0.97819297
 35.300000      0.98390747
 35.400000      0.98953304
 35.500000      0.99482219
 35.600000      0.99889774
 35.700000      1.00000000
 35.800000      0.99819002
 35.900000      0.99469887
 36.000000      0.98981261
 36.100000      0.98473011
 36.200000      0.97957041
 36.300000      0.97354186
 36.400000      0.96519156
 36.500000      0.95357024
 36.600000      0.93912451
 36.700000      0.92378024
 36.800000      0.90783799
 36.900000      0.89040061
 37.000000      0.87205729
 37.100000      0.85462750
 37.200000      0.83456308
 37.300000      0.81171479
 37.400000      0.78827745
 37.500000      0.76721734
 37.600000      0.74581507
 37.700000      0.72809642
 37.800000      0.70947519
 37.900000      0.68982497
 38.000000      0.66930297
 38.100000      0.64871264
 38.200000      0.62857748
 38.300000      0.61060626
 38.400000      0.59332189
 38.500000      0.57730049
 38.600000      0.56352751
 38.700000      0.55176877
 38.800000      0.53969695
 38.900000      0.52770665
 39.000000      0.51574413
 39.100000      0.50396972
 39.200000      0.49220109
 39.300000      0.48230053
 39.400000      0.47335178
 39.500000      0.46506346
 39.600000      0.45705464
 39.700000      0.44915754
 39.800000      0.44307643
 39.900000      0.43695238
