  0.000000     -0.18700880
  0.100000     -0.18680772
  0.200000     -0.18665588
  0.300000     -0.18654218
  0.400000     -0.18647233
  0.500000     -0.18644929
  0.600000     -0.18649593
  0.700000     -0.18665875
  0.800000     -0.18686429
  0.900000     -0.18710860
  1.000000     -0.18741463
  1.100000     -0.18777678
  1.200000     -0.18818594
  1.300000     -0.18863917
  1.400000     -0.18912963
  1.500000     -0.18965543
  1.600000     -0.19021741
  1.700000     -0.19088774
  1.800000     -0.19160982
  1.900000     -0.19236090
  2.000000     -0.19313451
  2.100000     -0.19392745
  2.200000     -0.19473714
  2.300000     -0.19555718
  2.400000     -0.19639287
  2.500000     -0.20149908
  2.600000     -0.20235715
  2.700000     -0.20320434
  2.800000     -0.20405077
  2.900000     -0.20490828
  3.000000     -0.20576883
  3.100000     -0.20660407
  3.200000     -0.20744711
  3.300000     -0.20828350
  3.400000     -0.20911111
  3.500000     -0.20992874
  3.600000     -0.21257925
  3.700000     -0.21737008
  3.800000     -0.21844143
  3.900000     -0.21949939
  4.000000     -0.22060553
  4.100000     -0.22170491
  4.200000     -0.22382840
  4.300000     -0.22995803
  4.400000     -0.23103464
  4.500000     -0.23209344
  4.600000     -0.23312617
  4.700000     -0.23412962
  4.800000     -0.23510016
  4.900000     -0.23603436
  5.000000     -0.23698266
  5.100000     -0.23788962
  5.200000     -0.23874971
  5.300000     -0.23955763
  5.400000     -0.24031046
  5.500000     -0.24100822
  5.600000     -0.24178232
  5.700000     -0.24254436
  5.800000     -0.24324923
  5.900000     -0.24390078
  6.000000     -0.24449507
  6.100000     -0.24503317
  6.200000     -0.24551211
  6.300000     -0.24591960
  6.400000     -0.24635325
  6.500000     -0.24676756
  6.600000     -0.24719905
  6.700000     -0.24762856
  6.800000     -0.24804298
  6.900000     -0.24844725
  7.000000     -0.24885989
  7.100000     -0.24928716
  7.200000     -0.24974225
  7.300000     -0.25033766
  7.400000     -0.25105984
  7.500000     -0.25184911
  7.600000     -0.25271351
  7.700000     -0.25366446
  7.800000     -0.25471124
  7.900000     -0.25585533
  8.000000     -0.25710265
  8.100000     -0.25846255
  8.200000     -0.25993311
  8.300000     -0.26151423
  8.400000     -0.26320305
  8.500000     -0.26498467
  8.600000     -0.26685484
  8.700000     -0.26880033
  8.800000     -0.27081569
  8.900000     -0.27288310
  9.000000     -0.27499240
  9.100000     -0.27713959
  9.200000     -0.27930867
  9.300000     -0.28148917
  9.400000     -0.28372926
  9.500000     -0.28594691
  9.600000     -0.28813156
  9.700000     -0.29026569
  9.800000     -0.29233821
  9.900000     -0.29433429
 10.000000     -0.29623962
 10.100000     -0.29804892
 10.200000     -0.29974985
 10.300000     -0.30132691
 10.400000     -0.30276899
 10.500000     -0.30405651
 10.600000     -0.30518480
 10.700000     -0.30614260
 10.800000     -0.30692070
 10.900000     -0.30750848
 11.000000     -0.30788496
 11.100000     -0.30804316
 11.200000     -0.30797386
 11.300000     -0.30765571
 11.400000     -0.30708688
 11.500000     -0.30625104
 11.600000     -0.30511563
 11.700000     -0.30367959
 11.800000     -0.30191310
 11.900000     -0.29980110
 12.000000     -0.29732250
 12.100000     -0.29445212
 12.200000     -0.29116221
 12.300000     -0.28742613
 12.400000     -0.28323506
 12.500000     -0.27855192
 12.600000     -0.27335629
 12.700000     -0.26762091
 12.800000     -0.26131889
 12.900000     -0.25441683
 13.000000     -0.24689645
 13.100000     -0.23873732
 13.200000     -0.22991320
 13.300000     -0.22039754
 13.400000     -0.21017716
 13.500000     -0.19922068
 13.600000     -0.18751696
 13.700000     -0.17504567
 13.800000     -0.16179993
 13.900000     -0.14776373
 14.000000     -0.13290956
 14.100000     -0.11724435
 14.200000     -0.10075946
 14.300000     -0.08345672
 14.400000     -0.06532882
 14.500000     -0.04637249
 14.600000     -0.02661457
 14.700000     -0.00605751
 14.800000      0.01529044
 14.900000      0.03740007
 15.000000      0.06025997
 15.100000      0.08383072
 15.200000      0.10807836
 15.300000      0.13297790
 15.400000      0.15848390
 15.500000      0.18455972
 15.600000      0.21114166
 15.700000      0.23817876
 15.800000      0.26561149
 15.900000      0.29339086
 16.000000      0.32143943
 16.100000      0.34969735
 16.200000      0.37809185
 16.300000      0.40655132
 16.400000      0.43500742
 16.500000      0.46338148
 16.600000      0.49160741
 16.700000      0.51960578
 16.800000      0.54730907
 16.900000      0.57464438
 17.000000      0.60154352
 17.100000      0.62793101
 17.200000      0.65375917
 17.300000      0.67896735
 17.400000      0.70347685
 17.500000      0.72725434
 17.600000      0.75023404
 17.700000      0.77238043
 17.800000      0.79364615
 17.900000      0.81399300
 18.000000      0.83338183
 18.100000      0.85178962
 18.200000      0.86917795
 18.300000      0.88552623
 18.400000      0.90079982
 18.500000      0.91501713
 18.600000      0.92811992
 18.700000      0.94013369
 18.800000      0.95101402
 18.900000      0.96078966
 19.000000      0.96944920
 19.100000      0.97700279
 19.200000      0.98345958
 19.300000      0.98883328
 19.400000      0.99312775
 19.500000      0.99637717
 19.600000      0.99858442
 19.700000      0.99978180
 19.800000      1.00000000
 19.900000      0.99927146
 20.000000      0.99758667
 20.100000      0.99499046
 20.200000      0.99154049
 20.300000      0.98723939
 20.400000      0.98213106
 20.500000      0.97620840
 20.600000      0.96952497
 20.700000      0.96211215
 20.800000      0.95401396
 20.900000      0.94524973
 21.000000      0.93581554
 21.100000      0.92577520
 21.200000      0.91514343
 21.300000      0.90394812
 21.400000      0.89223246
 21.500000      0.88001781
 21.600000      0.86730086
 21.700000      0.85414241
 21.800000      0.84055340
 21.900000      0.82654831
 22.000000      0.81213760
 22.100000      0.79735673
 22.200000      0.78220725
 22.300000      0.76671096
 22.400000      0.75088875
 22.500000      0.73474258
 22.600000      0.71829301
 22.700000      0.70154957
 22.800000      0.68452438
 22.900000      0.66723125
 23.000000      0.64968241
 23.100000      0.63190459
 23.200000      0.61390544
 23.300000      0.59569917
 23.400000      0.57730851
 23.500000      0.55874820
 23.600000      0.54004526
 23.700000      0.52122906
 23.800000      0.50231459
 23.900000      0.48332110
 24.000000      0.46428041
 24.100000      0.44521910
 24.200000      0.42615855
 24.300000      0.40712455
 24.400000      0.38812886
 24.500000      0.36919672
 24.600000      0.35035619
 24.700000      0.33162021
 24.800000      0.31300982
 24.900000      0.29453646
 25.000000      0.27623356
 25.100000      0.25810421
 25.200000      0.24016088
 25.300000      0.22242704
 25.400000      0.20490574
 25.500000      0.18762131
 25.600000      0.17058018
 25.700000      0.15379595
 25.800000      0.13727320
 25.900000      0.12102326
 26.000000      0.10507340
 26.100000      0.08942146
 26.200000      0.07408016
 26.300000      0.05904874
 26.400000      0.04432831
 26.500000      0.02995459
 26.600000      0.01593221
 26.700000      0.00225797
 26.800000     -0.01107122
 26.900000     -0.02370421
 27.000000     -0.03611851
 27.100000     -0.04815851
 27.200000     -0.05982358
 27.300000     -0.07120234
 27.400000     -0.08539884
 27.500000     -0.09565889
 27.600000     -0.10555891
 27.700000     -0.11839834
 27.800000     -0.13069150
 27.900000     -0.13896645
 28.000000     -0.14675570
 28.100000     -0.15426968
 28.200000     -0.16144362
 28.300000     -0.16824857
 28.400000     -0.17423007
 28.500000     -0.18229365
 28.600000     -0.18724427
 28.700000     -0.19231795
 28.800000     -0.19708277
 28.900000     -0.20203867
 29.000000     -0.20641056
 29.100000     -0.21024692
 29.200000     -0.21382118
 29.300000     -0.21714228
 29.400000     -0.22021964
 29.500000     -0.22782648
 29.600000     -0.23036714
 29.700000     -0.23267718
 29.800000     -0.23477799
 29.900000     -0.23666563
 30.000000     -0.23832792
 30.100000     -0.23978705
 30.200000     -0.24104838
 30.300000     -0.24210106
 30.400000     -0.24295728
 30.500000     -0.24361300
 30.600000     -0.24407279
 30.700000     -0.24434087
 30.800000     -0.24286012
 30.900000     -0.24275916
 31.000000     -0.24248177
 31.100000     -0.24203258
 31.200000     -0.24141402
 31.300000     -0.24062984
 31.400000     -0.23969231
 31.500000     -0.23860602
 31.600000     -0.23736776
 31.700000     -0.23599548
 31.800000     -0.23395494
 31.900000     -0.23165631
 32.000000     -0.22974545
 32.100000     -0.22772986
 32.200000     -0.22142157
 32.300000     -0.21309666
 32.400000     -0.21150544
 32.500000     -0.20945809
 32.600000     -0.20689504
 32.700000     -0.20415169
 32.800000     -0.19807074
 32.900000     -0.19227142
 33.000000     -0.17972326
 33.100000     -0.17721358
 33.200000     -0.17470291
 33.300000     -0.17034533
 33.400000     -0.16772663
 33.500000     -0.16138645
 33.600000     -0.16069551
 33.700000     -0.15948175
 33.800000     -0.15687064
 33.900000     -0.15427870
 34.000000     -0.15170788
 34.100000     -0.14916520
 34.200000     -0.14665160
 34.300000     -0.14416040
 34.400000     -0.14169737
 34.500000     -0.13926963
 34.600000     -0.13687018
 34.700000     -0.13450069
 34.800000     -0.13216776
 34.900000     -0.12986334
 35.000000     -0.12215276
 35.100000     -0.11721358
 35.200000     -0.11515452
 35.300000     -0.11313201
 35.400000     -0.11114903
 35.500000     -0.10920645
 35.600000     -0.10729960
 35.700000     -0.10543423
 35.800000     -0.10309992
 35.900000     -0.10032538
 36.000000     -0.09859356
 36.100000     -0.09696106
 36.200000     -0.09548051
 36.300000     -0.09404957
 36.400000     -0.09266897
 36.500000     -0.09134034
 36.600000     -0.09011618
 36.700000     -0.08954794
 36.800000     -0.08833417
 36.900000     -0.07936587
 37.000000     -0.07810656
 37.100000     -0.07693998
 37.200000     -0.07580510
 37.300000     -0.07470255
 37.400000     -0.07363489
 37.500000     -0.07260224
 37.600000     -0.07160367
 37.700000     -0.07064084
 37.800000     -0.06917943
 37.900000     -0.06347758
 38.000000     -0.06247304
 38.100000     -0.06150851
 38.200000     -0.06057375
 38.300000     -0.05968503
 38.400000     -0.05883039
 38.500000     -0.05807123
 38.600000     -0.05758234
 38.700000     -0.05715017
 38.800000     -0.05677339
 38.900000     -0.05644678
 39.000000     -0.05607993
 39.100000     -0.05570169
 39.200000     -0.05585341
 39.300000     -0.05585038
 39.400000     -0.05563119
 39.500000     -0.05546664
 39.600000     -0.05536209
 39.700000     -0.05925426
 39.800000     -0.06107874
 39.900000     -0.06132240
