  0.000000      0.09740688
  0.100000      0.09992333
  0.200000      0.10243435
  0.300000      0.10443924
  0.400000      0.10643436
  0.500000      0.10904343
  0.600000      0.11141257
  0.700000      0.11378948
  0.800000      0.11546882
  0.900000      0.11499043
  1.000000      0.11387898
  1.100000      0.11324563
  1.200000      0.11301378
  1.300000      0.11420360
  1.400000      0.11567710
  1.500000      0.11578371
  1.600000      0.11446559
  1.700000      0.11242828
  1.800000      0.10910942
  1.900000      0.10646523
  2.000000      0.10343849
  2.100000      0.10035274
  2.200000      0.09726834
  2.300000      0.09505461
  2.400000      0.09276602
  2.500000      0.08999962
  2.600000      0.08835071
  2.700000      0.08684694
  2.800000      0.08427396
  2.900000      0.08288868
  3.000000      0.08117708
  3.100000      0.07522788
  3.200000      0.07114558
  3.300000      0.06575514
  3.400000      0.05853242
  3.500000      0.05475620
  3.600000      0.04546474
  3.700000      0.04171262
  3.800000      0.03473825
  3.900000      0.02727410
  4.000000      0.02266390
  4.100000      0.01499959
  4.200000      0.00511751
  4.300000     -0.00443483
  4.400000     -0.01246144
  4.500000     -0.01862696
  4.600000     -0.02663375
  4.700000     -0.03603843
  4.800000     -0.04311929
  4.900000     -0.05380966
  5.000000     -0.06229447
  5.100000     -0.07098594
  5.200000     -0.07878921
  5.300000     -0.09111239
  5.400000     -0.09976790
  5.500000     -0.11048257
  5.600000     -0.11904774
  5.700000     -0.12648965
  5.800000     -0.13250776
  5.900000     -0.13926584
  6.000000     -0.14401745
  6.100000     -0.14465032
  6.200000     -0.14603098
  6.300000     -0.14760572
  6.400000     -0.14803611
  6.500000     -0.14527969
  6.600000     -0.14132572
  6.700000     -0.13796052
  6.800000     -0.13420229
  6.900000     -0.12680445
  7.000000     -0.11741528
  7.100000     -0.11012242
  7.200000     -0.09812672
  7.300000     -0.08752994
  7.400000     -0.07772873
  7.500000     -0.06337868
  7.600000     -0.04337240
  7.700000     -0.02574408
  7.800000     -0.00198765
  7.900000      0.01614312
  8.000000      0.04693962
  8.100000      0.07464439
  8.200000      0.10918184
  8.300000      0.14702563
  8.400000      0.18054992
  8.500000      0.22676982
  8.600000      0.26826547
  8.700000      0.31479016
  8.800000      0.35878518
  8.900000      0.40094784
  9.000000      0.45015776
  9.100000      0.50370338
  9.200000      0.55478913
  9.300000      0.60041428
  9.400000      0.65056688
  9.500000      0.69742975
  9.600000      0.74368820
  9.700000      0.78504304
  9.800000      0.82453663
  9.900000      0.85960134
 10.000000      0.89272205
 10.100000      0.92208023
 10.200000      0.94488863
 10.300000      0.96727785
 10.400000      0.98233462
 10.500000      0.99159472
 10.600000      0.99871173
 10.700000      1.00000000
 10.800000      0.99259220
 10.900000      0.99324961
 11.000000      0.97828697
 11.100000      0.95478336
 11.200000      0.92739901
 11.300000      0.89332818
 11.400000      0.86372117
 11.500000      0.83563981
 11.600000      0.80561338
 11.700000      0.77700696
 11.800000      0.73936675
 11.900000      0.69783379
 12.000000      0.65016434
 12.100000      0.59954212
 12.200000      0.54780770
 12.300000      0.49155863
 12.400000      0.43047262
 12.500000      0.36832425
 12.600000      0.30977568
 12.700000      0.25207230
 12.800000      0.19377901
 12.900000      0.13851637
 13.000000      0.07850976
 13.100000      0.01828405
 13.200000     -0.04075862
 13.300000     -0.09797897
 13.400000     -0.15073298
 13.500000     -0.19716040
 13.600000     -0.23861474
 13.700000     -0.27580399
 13.800000     -0.30671189
 13.900000     -0.34021043
 14.000000     -0.36907632
 14.100000     -0.39134085
 14.200000     -0.40997386
 14.300000     -0.42576659
 14.400000     -0.43510825
 14.500000     -0.44151372
 14.600000     -0.44418619
 14.700000     -0.43960951
 14.800000     -0.44611827
 14.900000     -0.45304408
 15.000000     -0.45872179
 15.100000     -0.46555324
 15.200000     -0.47061101
 15.300000     -0.47282412
 15.400000     -0.47578761
 15.500000     -0.47930504
 15.600000     -0.48062860
 15.700000     -0.48008073
 15.800000     -0.47709096
 15.900000     -0.47597238
 16.000000     -0.47682688
 16.100000     -0.47841913
 16.200000     -0.47688902
 16.300000     -0.47259273
 16.400000     -0.46395976
 16.500000     -0.45379053
 16.600000     -0.44586569
 16.700000     -0.43662159
 16.800000     -0.42489241
 16.900000     -0.41310271
 17.000000     -0.40219940
 17.100000     -0.39189315
 17.200000     -0.38211001
 17.300000     -0.37219540
 17.400000     -0.36209376
 17.500000     -0.35239623
 17.600000     -0.34410331
 17.700000     -0.33594592
 17.800000     -0.32589724
 17.900000     -0.31455253
 18.000000     -0.30337547
 18.100000     -0.29243504
 18.200000     -0.27990197
 18.300000     -0.27262445
 18.400000     -0.26597974
 18.500000     -0.26003134
 18.600000     -0.25404656
 18.700000     -0.24920491
 18.800000     -0.24324539
 18.900000     -0.23795112
 19.000000     -0.23157175
 19.100000     -0.22617041
 19.200000     -0.22127626
 19.300000     -0.21603627
 19.400000     -0.20938515
 19.500000     -0.20406211
 19.600000     -0.19885521
 19.700000     -0.19274710
 19.800000     -0.18665376
 19.900000     -0.18209914
 20.000000     -0.17803464
 20.100000     -0.17503875
 20.200000     -0.17172703
 20.300000     -0.16836886
 20.400000     -0.16487652
 20.500000     -0.16202282
 20.600000     -0.15837822
 20.700000     -0.15392681
 20.800000     -0.14862384
 20.900000     -0.14430737
 21.000000     -0.13869524
 21.100000     -0.13149577
 21.200000     -0.12335219
 21.300000     -0.11485128
 21.400000     -0.10649473
 21.500000     -0.09831226
 21.600000     -0.09031278
 21.700000     -0.08162608
 21.800000     -0.07304899
 21.900000     -0.06579732
 22.000000     -0.05947197
 22.100000     -0.05501584
 22.200000     -0.05095873
 22.300000     -0.04733206
 22.400000     -0.04224831
 22.500000     -0.03882829
 22.600000     -0.03726391
 22.700000     -0.03645598
 22.800000     -0.03577667
 22.900000     -0.03543772
 23.000000     -0.03494929
 23.100000     -0.03412433
 23.200000     -0.03339229
 23.300000     -0.03231229
 23.400000     -0.03113593
 23.500000     -0.03070969
 23.600000     -0.03039996
 23.700000     -0.02987516
 23.800000     -0.02981445
 23.900000     -0.03016173
 24.000000     -0.03036610
 24.100000     -0.03235294
 24.200000     -0.03187647
 24.300000     -0.03141384
 24.400000     -0.03195224
 24.500000     -0.03222669
 24.600000     -0.03378527
 24.700000     -0.03614795
 24.800000     -0.04072893
 24.900000     -0.04576607
 25.000000     -0.05070936
 25.100000     -0.05682340
 25.200000     -0.06182539
 25.300000     -0.06843738
 25.400000     -0.07262636
 25.500000     -0.07571160
 25.600000     -0.07805915
 25.700000     -0.07808953
 25.800000     -0.07924517
 25.900000     -0.07903922
 26.000000     -0.07910688
 26.100000     -0.07798444
 26.200000     -0.07679033
 26.300000     -0.07536961
 26.400000     -0.07231294
 26.500000     -0.06798049
 26.600000     -0.06187652
 26.700000     -0.05733215
 26.800000     -0.05183685
 26.900000     -0.04614292
 27.000000     -0.04070243
 27.100000     -0.03534914
 27.200000     -0.03075773
 27.300000     -0.02518625
 27.400000     -0.02175660
 27.500000     -0.01912175
 27.600000     -0.01564491
 27.700000     -0.01239708
 27.800000     -0.00983572
 27.900000     -0.00809347
 28.000000     -0.00701599
 28.100000     -0.00689904
 28.200000     -0.00614935
 28.300000     -0.00576408
 28.400000     -0.00479360
 28.500000     -0.00433555
 28.600000     -0.00435822
 28.700000     -0.00398086
 28.800000     -0.00449321
 28.900000     -0.00398849
 29.000000     -0.00446199
 29.100000     -0.00487471
 29.200000     -0.00580133
 29.300000     -0.00715510
 29.400000     -0.00876935
 29.500000     -0.00993603
 29.600000     -0.01178643
 29.700000     -0.01401640
 29.800000     -0.01611500
 29.900000     -0.01704735
 30.000000     -0.01827842
 30.100000     -0.01923270
 30.200000     -0.02009804
 30.300000     -0.01962386
 30.400000     -0.01961545
 30.500000     -0.01915350
 30.600000     -0.01861669
 30.700000     -0.01767343
 30.800000     -0.01571509
 30.900000     -0.01297585
 31.000000     -0.00781999
 31.100000     -0.00319619
 31.200000      0.00048360
 31.300000      0.00394174
 31.400000      0.00852914
 31.500000      0.01322520
 31.600000      0.01823818
 31.700000      0.02332217
 31.800000      0.02811221
 31.900000      0.03268056
 32.000000      0.03629444
 32.100000      0.04018799
 32.200000      0.04411630
 32.300000      0.04589422
 32.400000      0.04683563
 32.500000      0.04833642
 32.600000      0.04893282
 32.700000      0.04670612
 32.800000      0.04388148
 32.900000      0.04257943
 33.000000      0.03984823
 33.100000      0.03668102
 33.200000      0.03352359
 33.300000      0.02966318
 33.400000      0.02533555
 33.500000      0.02163257
 33.600000      0.01780307
 33.700000      0.01262792
 33.800000      0.00658996
 33.900000      0.00141229
 34.000000     -0.00289821
 34.100000     -0.00609179
 34.200000     -0.01264380
 34.300000     -0.01874629
 34.400000     -0.02654638
 34.500000     -0.03360974
 34.600000     -0.03797293
 34.700000     -0.04237372
 34.800000     -0.04658020
 34.900000     -0.05072269
 35.000000     -0.05511982
 35.100000     -0.05831156
 35.200000     -0.06101643
 35.300000     -0.06293176
 35.400000     -0.06491020
 35.500000     -0.06761067
 35.600000     -0.07143322
 35.700000     -0.07594285
 35.800000     -0.07963933
 35.900000     -0.08266464
 36.000000     -0.08536621
 36.100000     -0.08812585
 36.200000     -0.09054512
 36.300000     -0.09277774
 36.400000     -0.09441101
 36.500000     -0.09558027
 36.600000     -0.09661720
 36.700000     -0.09703821
 36.800000     -0.09660383
 36.900000     -0.09662191
 37.000000     -0.09569831
 37.100000     -0.09367151
 37.200000     -0.09206810
 37.300000     -0.08919411
 37.400000     -0.08533721
 37.500000     -0.08130916
 37.600000     -0.07673240
 37.700000     -0.07245239
 37.800000     -0.06854373
 37.900000     -0.06542980
 38.000000     -0.06250299
 38.100000     -0.05983001
 38.200000     -0.05804220
 38.300000     -0.05556114
 38.400000     -0.05213118
 38.500000     -0.04780576
 38.600000     -0.04281638
 38.700000     -0.03869849
 38.800000     -0.03474165
 38.900000     -0.03053927
 39.000000     -0.02666496
 39.100000     -0.02269675
 39.200000     -0.01910792
 39.300000     -0.01611877
 39.400000     -0.01322149
 39.500000     -0.01060854
 39.600000     -0.00782609
 39.700000     -0.00523144
 39.800000     -0.00292971
 39.900000     -0.00030697
