  0.000000      0.01678551
  0.100000      0.01303624
  0.200000      0.00977917
  0.300000      0.00836046
  0.400000      0.00830697
  0.500000      0.00618780
  0.600000      0.00436145
  0.700000      0.00307839
  0.800000      0.00085406
  0.900000     -0.00139263
  1.000000     -0.00130558
  1.100000     -0.00096215
  1.200000     -0.00047245
  1.300000      0.00155162
  1.400000      0.00390355
  1.500000      0.00413568
  1.600000      0.00325610
  1.700000      0.00301382
  1.800000      0.00207485
  1.900000      0.00105670
  2.000000     -0.00046657
  2.100000     -0.00168635
  2.200000     -0.00313975
  2.300000     -0.00329443
  2.400000     -0.00365882
  2.500000     -0.00422195
  2.600000     -0.00497260
  2.700000     -0.00317739
  2.800000      0.00135618
  2.900000      0.00368826
  3.000000      0.00472969
  3.100000      0.00711399
  3.200000      0.01243863
  3.300000      0.01769156
  3.400000      0.02250854
  3.500000      0.02659384
  3.600000      0.02910972
  3.700000      0.03103083
  3.800000      0.03366351
  3.900000      0.03343531
  4.000000      0.03203381
  4.100000      0.03139405
  4.200000      0.03126251
  4.300000      0.03129756
  4.400000      0.03113123
  4.500000      0.02888988
  4.600000      0.02480896
  4.700000      0.02084926
  4.800000      0.01750200
  4.900000      0.01550087
  5.000000      0.01415560
  5.100000      0.01615180
  5.200000      0.01907711
  5.300000      0.02115802
  5.400000      0.02223997
  5.500000      0.02452639
  5.600000      0.02615295
  5.700000      0.02724282
  5.800000      0.02879303
  5.900000      0.02841111
  6.000000      0.02881118
  6.100000      0.02839969
  6.200000      0.02682516
  6.300000      0.02309377
  6.400000      0.02229989
  6.500000      0.02315357
  6.600000      0.02243816
  6.700000      0.01710986
  6.800000      0.01141263
  6.900000      0.00681289
  7.000000      0.00356858
  7.100000      0.00225334
  7.200000      0.00282077
  7.300000      0.00759099
  7.400000      0.00876258
  7.500000      0.01310047
  7.600000      0.02066861
  7.700000      0.02703736
  7.800000      0.03329943
  7.900000      0.03690064
  8.000000      0.04174951
  8.100000      0.04805039
  8.200000      0.05217903
  8.300000      0.05958694
  8.400000      0.06269476
  8.500000      0.06538084
  8.600000      0.06890810
  8.700000      0.07169984
  8.800000      0.07009942
  8.900000      0.06941849
  9.000000      0.06833339
  9.100000      0.05982486
  9.200000      0.04874560
  9.300000      0.03436440
  9.400000      0.02191203
  9.500000      0.00484381
  9.600000     -0.01058465
  9.700000     -0.02305150
  9.800000     -0.03125273
  9.900000     -0.04015408
 10.000000     -0.04680170
 10.100000     -0.05367376
 10.200000     -0.05488044
 10.300000     -0.05245529
 10.400000     -0.05078365
 10.500000     -0.05060332
 10.600000     -0.05256511
 10.700000     -0.04981687
 10.800000     -0.04734159
 10.900000     -0.04419773
 11.000000     -0.04176785
 11.100000     -0.03863331
 11.200000     -0.03311372
 11.300000     -0.02671832
 11.400000     -0.02038596
 11.500000     -0.01289958
 11.600000     -0.00605775
 11.700000      0.00267449
 11.800000      0.01260602
 11.900000      0.02251765
 12.000000      0.03188448
 12.100000      0.04367044
 12.200000      0.05418708
 12.300000      0.06388672
 12.400000      0.07576600
 12.500000      0.08519968
 12.600000      0.09109530
 12.700000      0.09543276
 12.800000      0.10248271
 12.900000      0.10754631
 13.000000      0.10432277
 13.100000      0.10141065
 13.200000      0.09935680
 13.300000      0.09602794
 13.400000      0.09505000
 13.500000      0.09635378
 13.600000      0.09054687
 13.700000      0.08622981
 13.800000      0.08272332
 13.900000      0.07608989
 14.000000      0.07359681
 14.100000      0.07165361
 14.200000      0.06816798
 14.300000      0.06609942
 14.400000      0.06530460
 14.500000      0.06749225
 14.600000      0.06849572
 14.700000      0.06076429
 14.800000      0.05450507
 14.900000      0.05141842
 15.000000      0.04269599
 15.100000      0.03317731
 15.200000      0.02085593
 15.300000      0.00855618
 15.400000     -0.00164031
 15.500000     -0.01510721
 15.600000     -0.02547019
 15.700000     -0.03828816
 15.800000     -0.04760844
 15.900000     -0.05223982
 16.000000     -0.05399664
 16.100000     -0.05584393
 16.200000     -0.06061425
 16.300000     -0.06866664
 16.400000     -0.07948316
 16.500000     -0.08892212
 16.600000     -0.09746068
 16.700000     -0.10799870
 16.800000     -0.12173260
 16.900000     -0.13270063
 17.000000     -0.14570736
 17.100000     -0.15706419
 17.200000     -0.16063315
 17.300000     -0.16282263
 17.400000     -0.16271481
 17.500000     -0.16390194
 17.600000     -0.15883795
 17.700000     -0.15201941
 17.800000     -0.14921838
 17.900000     -0.14306643
 18.000000     -0.13601167
 18.100000     -0.13149938
 18.200000     -0.12419342
 18.300000     -0.11489084
 18.400000     -0.10741687
 18.500000     -0.10126780
 18.600000     -0.09534390
 18.700000     -0.08590352
 18.800000     -0.07730191
 18.900000     -0.07214799
 19.000000     -0.06213787
 19.100000     -0.04919234
 19.200000     -0.03841212
 19.300000     -0.02569881
 19.400000     -0.01682241
 19.500000     -0.00829554
 19.600000      0.00360874
 19.700000      0.01497100
 19.800000      0.02420855
 19.900000      0.03237523
 20.000000      0.04205831
 20.100000      0.05349439
 20.200000      0.06290060
 20.300000      0.06973428
 20.400000      0.07593733
 20.500000      0.08050056
 20.600000      0.08951447
 20.700000      0.09417169
 20.800000      0.09399569
 20.900000      0.09254164
 21.000000      0.08823891
 21.100000      0.08309001
 21.200000      0.07215488
 21.300000      0.05602201
 21.400000      0.04242398
 21.500000      0.02653290
 21.600000      0.00978269
 21.700000     -0.00641512
 21.800000     -0.01954277
 21.900000     -0.02763313
 22.000000     -0.03387022
 22.100000     -0.03652183
 22.200000     -0.03784642
 22.300000     -0.03999434
 22.400000     -0.04523873
 22.500000     -0.04499247
 22.600000     -0.04548701
 22.700000     -0.04632125
 22.800000     -0.04251799
 22.900000     -0.03485219
 23.000000     -0.02800199
 23.100000     -0.02322693
 23.200000     -0.01769691
 23.300000     -0.01123973
 23.400000     -0.00989232
 23.500000     -0.00703746
 23.600000     -0.00286467
 23.700000     -0.00224693
 23.800000     -0.00173200
 23.900000     -0.00223127
 24.000000     -0.00498881
 24.100000     -0.00643426
 24.200000     -0.01126156
 24.300000     -0.01820157
 24.400000     -0.02672174
 24.500000     -0.03175448
 24.600000     -0.03697594
 24.700000     -0.04015097
 24.800000     -0.04203111
 24.900000     -0.04295893
 25.000000     -0.04432550
 25.100000     -0.04396573
 25.200000     -0.03892422
 25.300000     -0.04020699
 25.400000     -0.03726572
 25.500000     -0.03919802
 25.600000     -0.03929740
 25.700000     -0.03658032
 25.800000     -0.03003068
 25.900000     -0.02294503
 26.000000     -0.01829195
 26.100000     -0.01391607
 26.200000     -0.01070367
 26.300000     -0.01262447
 26.400000     -0.01810625
 26.500000     -0.02322451
 26.600000     -0.03270689
 26.700000     -0.04688329
 26.800000     -0.05714540
 26.900000     -0.06571075
 27.000000     -0.06976726
 27.100000     -0.06745039
 27.200000     -0.06431443
 27.300000     -0.06081557
 27.400000     -0.06091560
 27.500000     -0.05737338
 27.600000     -0.05761770
 27.700000     -0.05303067
 27.800000     -0.05375371
 27.900000     -0.06098555
 28.000000     -0.06819017
 28.100000     -0.07537707
 28.200000     -0.07948750
 28.300000     -0.08687683
 28.400000     -0.09359768
 28.500000     -0.09956287
 28.600000     -0.10114601
 28.700000     -0.10702076
 28.800000     -0.11656496
 28.900000     -0.12663995
 29.000000     -0.13324689
 29.100000     -0.13735729
 29.200000     -0.14393198
 29.300000     -0.15215557
 29.400000     -0.16161187
 29.500000     -0.16886376
 29.600000     -0.16974348
 29.700000     -0.17490810
 29.800000     -0.17904232
 29.900000     -0.18405655
 30.000000     -0.18270589
 30.100000     -0.18223188
 30.200000     -0.18441018
 30.300000     -0.18423461
 30.400000     -0.18608562
 30.500000     -0.18741710
 30.600000     -0.19016054
 30.700000     -0.19291213
 30.800000     -0.19383797
 30.900000     -0.19430635
 31.000000     -0.19150628
 31.100000     -0.18938099
 31.200000     -0.19044837
 31.300000     -0.19284583
 31.400000     -0.18762330
 31.500000     -0.18415753
 31.600000     -0.17898445
 31.700000     -0.17186088
 31.800000     -0.16715381
 31.900000     -0.16292118
 32.000000     -0.15585071
 32.100000     -0.14833413
 32.200000     -0.14164685
 32.300000     -0.13383628
 32.400000     -0.12709499
 32.500000     -0.12134900
 32.600000     -0.11406446
 32.700000     -0.10521974
 32.800000     -0.09850645
 32.900000     -0.09204569
 33.000000     -0.08963922
 33.100000     -0.08942063
 33.200000     -0.09192962
 33.300000     -0.09805910
 33.400000     -0.09931845
 33.500000     -0.09815896
 33.600000     -0.10278644
 33.700000     -0.10943167
 33.800000     -0.11330258
 33.900000     -0.12218133
 34.000000     -0.13261386
 34.100000     -0.14359579
 34.200000     -0.15384992
 34.300000     -0.16242888
 34.400000     -0.16814920
 34.500000     -0.17046260
 34.600000     -0.16996122
 34.700000     -0.17031748
 34.800000     -0.16275228
 34.900000     -0.15342286
 35.000000     -0.14287039
 35.100000     -0.12968703
 35.200000     -0.11131724
 35.300000     -0.09032639
 35.400000     -0.07033249
 35.500000     -0.03773520
 35.600000     -0.00139827
 35.700000      0.03223803
 35.800000      0.07065857
 35.900000      0.11994479
 36.000000      0.16869725
 36.100000      0.21399031
 36.200000      0.26475879
 36.300000      0.32629530
 36.400000      0.38998567
 36.500000      0.45347597
 36.600000      0.51741539
 36.700000      0.58155429
 36.800000      0.64031686
 36.900000      0.69701952
 37.000000      0.75058877
 37.100000      0.80113173
 37.200000      0.85052535
 37.300000      0.89302582
 37.400000      0.92623368
 37.500000      0.95427087
 37.600000      0.97736772
 37.700000      0.99254937
 37.800000      0.99945160
 37.900000      1.00000000
 38.000000      0.99643981
 38.100000      0.98277509
 38.200000      0.95078663
 38.300000      0.91761118
 38.400000      0.88511891
 38.500000      0.84863452
 38.600000      0.81131174
 38.700000      0.77179357
 38.800000      0.73469996
 38.900000      0.69941354
 39.000000      0.66566559
 39.100000      0.63379846
 39.200000      0.60548127
 39.300000      0.58037753
 39.400000      0.55994066
 39.500000      0.53841082
 39.600000      0.51984092
 39.700000      0.50546468
 39.800000      0.49345214
 39.900000      0.48378304
