  0.000000      0.12559146
  0.100000      0.12333072
  0.200000      0.12077063
  0.300000      0.11820820
  0.400000      0.11583430
  0.500000      0.11370712
  0.600000      0.11192012
  0.700000      0.11026607
  0.800000      0.10876218
  0.900000      0.10736551
  1.000000      0.10578289
  1.100000      0.10399676
  1.200000      0.10233957
  1.300000      0.10110230
  1.400000      0.10018891
  1.500000      0.10003947
  1.600000      0.10039750
  1.700000      0.10121616
  1.800000      0.10249240
  1.900000      0.10420951
  2.000000      0.10594546
  2.100000      0.10805727
  2.200000      0.11060435
  2.300000      0.11319813
  2.400000      0.11551850
  2.500000      0.11738787
  2.600000      0.11848091
  2.700000      0.11895802
  2.800000      0.11859325
  2.900000      0.11692828
  3.000000      0.11455065
  3.100000      0.11141780
  3.200000      0.10777240
  3.300000      0.10406978
  3.400000      0.10057098
  3.500000      0.09739093
  3.600000      0.09483347
  3.700000      0.09301129
  3.800000      0.09195590
  3.900000      0.09145387
  4.000000      0.09149639
  4.100000      0.09171681
  4.200000      0.09238465
  4.300000      0.09286207
  4.400000      0.09288545
  4.500000      0.09238183
  4.600000      0.09140636
  4.700000      0.08976590
  4.800000      0.08728867
  4.900000      0.08446157
  5.000000      0.08114153
  5.100000      0.07773948
  5.200000      0.07450232
  5.300000      0.07126665
  5.400000      0.06836691
  5.500000      0.06584283
  5.600000      0.06377871
  5.700000      0.06191212
  5.800000      0.06038015
  5.900000      0.05902879
  6.000000      0.05756410
  6.100000      0.05625719
  6.200000      0.05513952
  6.300000      0.05395704
  6.400000      0.05258491
  6.500000      0.05084435
  6.600000      0.04846850
  6.700000      0.04593625
  6.800000      0.04275799
  6.900000      0.03901725
  7.000000      0.03473897
  7.100000      0.03004778
  7.200000      0.02513764
  7.300000      0.01974197
  7.400000      0.01506372
  7.500000      0.01031907
  7.600000      0.00632693
  7.700000      0.00272812
  7.800000     -0.00055232
  7.900000     -0.00308254
  8.000000     -0.00513732
  8.100000     -0.00570923
  8.200000     -0.00604167
  8.300000     -0.00536215
  8.400000     -0.00216301
  8.500000      0.00272145
  8.600000      0.00853620
  8.700000      0.01417906
  8.800000      0.01992352
  8.900000      0.02516524
  9.000000      0.02986266
  9.100000      0.03448715
  9.200000      0.03940343
  9.300000      0.04400085
  9.400000      0.04859545
  9.500000      0.05281438
  9.600000      0.05572043
  9.700000      0.05732133
  9.800000      0.05821542
  9.900000      0.05961772
 10.000000      0.06192549
 10.100000      0.06625852
 10.200000      0.07175404
 10.300000      0.07723722
 10.400000      0.08138769
 10.500000      0.08403950
 10.600000      0.08625254
 10.700000      0.08778864
 10.800000      0.08999487
 10.900000      0.09213791
 11.000000      0.09444697
 11.100000      0.09520019
 11.200000      0.09274066
 11.300000      0.09000337
 11.400000      0.08704123
 11.500000      0.08473136
 11.600000      0.08350552
 11.700000      0.08303862
 11.800000      0.08226563
 11.900000      0.08048187
 12.000000      0.07848136
 12.100000      0.07720338
 12.200000      0.07640831
 12.300000      0.07602718
 12.400000      0.07578358
 12.500000      0.07557093
 12.600000      0.07587231
 12.700000      0.07672835
 12.800000      0.07758406
 12.900000      0.07807829
 13.000000      0.07746607
 13.100000      0.07597363
 13.200000      0.07271949
 13.300000      0.06770315
 13.400000      0.06134804
 13.500000      0.05455984
 13.600000      0.04764122
 13.700000      0.04129697
 13.800000      0.03581726
 13.900000      0.03037212
 14.000000      0.02479966
 14.100000      0.01961682
 14.200000      0.01557516
 14.300000      0.01321497
 14.400000      0.01333476
 14.500000      0.01487082
 14.600000      0.01728372
 14.700000      0.02087469
 14.800000      0.02537697
 14.900000      0.03095512
 15.000000      0.03695032
 15.100000      0.04372148
 15.200000      0.05202658
 15.300000      0.06259177
 15.400000      0.07432590
 15.500000      0.08574300
 15.600000      0.09701437
 15.700000      0.10849724
 15.800000      0.12082772
 15.900000      0.13460901
 16.000000      0.15060727
 16.100000      0.16883411
 16.200000      0.18905533
 16.300000      0.21161466
 16.400000      0.23615904
 16.500000      0.26218142
 16.600000      0.29005305
 16.700000      0.31925538
 16.800000      0.34943263
 16.900000      0.38019612
 17.000000      0.41250783
 17.100000      0.44588151
 17.200000      0.48061932
 17.300000      0.51633382
 17.400000      0.55195950
 17.500000      0.58629766
 17.600000      0.61841848
 17.700000      0.64835031
 17.800000      0.67605456
 17.900000      0.70134108
 18.000000      0.72488010
 18.100000      0.74781286
 18.200000      0.77036624
 18.300000      0.79299514
 18.400000      0.81513958
 18.500000      0.83719506
 18.600000      0.85903482
 18.700000      0.87942690
 18.800000      0.89783418
 18.900000      0.91384980
 19.000000      0.92878634
 19.100000      0.94297558
 19.200000      0.95649380
 19.300000      0.96884304
 19.400000      0.97980668
 19.500000      0.98896790
 19.600000      0.99588890
 19.700000      0.99959062
 19.800000      1.00000000
 19.900000      0.99797734
 20.000000      0.99391161
 20.100000      0.98860144
 20.200000      0.98148513
 20.300000      0.97440467
 20.400000      0.96748073
 20.500000      0.96070688
 20.600000      0.95373948
 20.700000      0.94605267
 20.800000      0.93810872
 20.900000      0.92944570
 21.000000      0.91929296
 21.100000      0.90650338
 21.200000      0.89063891
 21.300000      0.87270138
 21.400000      0.85410563
 21.500000      0.83616122
 21.600000      0.81971338
 21.700000      0.80495330
 21.800000      0.79106196
 21.900000      0.77807291
 22.000000      0.76540544
 22.100000      0.75414409
 22.200000      0.74417704
 22.300000      0.73549502
 22.400000      0.72654258
 22.500000      0.71530153
 22.600000      0.70081517
 22.700000      0.68303996
 22.800000      0.66226845
 22.900000      0.63796262
 23.000000      0.61122023
 23.100000      0.58325511
 23.200000      0.55515457
 23.300000      0.52723015
 23.400000      0.49981253
 23.500000      0.47279171
 23.600000      0.44520481
 23.700000      0.41752497
 23.800000      0.38963470
 23.900000      0.36267095
 24.000000      0.33693240
 24.100000      0.31275540
 24.200000      0.29023185
 24.300000      0.26939501
 24.400000      0.25001662
 24.500000      0.23095399
 24.600000      0.21258875
 24.700000      0.19468773
 24.800000      0.17610375
 24.900000      0.15735983
 25.000000      0.13849330
 25.100000      0.11980710
 25.200000      0.10177325
 25.300000      0.08467401
 25.400000      0.06868790
 25.500000      0.05437404
 25.600000      0.04113434
 25.700000      0.02811843
 25.800000      0.01450855
 25.900000      0.00043110
 26.000000     -0.01326224
 26.100000     -0.02639286
 26.200000     -0.03852770
 26.300000     -0.05020188
 26.400000     -0.06118553
 26.500000     -0.07099777
 26.600000     -0.07954032
 26.700000     -0.08671964
 26.800000     -0.09207936
 26.900000     -0.09511607
 27.000000     -0.09668936
 27.100000     -0.09772387
 27.200000     -0.09837343
 27.300000     -0.09907905
 27.400000     -0.10021647
 27.500000     -0.10138754
 27.600000     -0.10236796
 27.700000     -0.10327633
 27.800000     -0.10444741
 27.900000     -0.10538585
 28.000000     -0.10607140
 28.100000     -0.10745698
 28.200000     -0.11008553
 28.300000     -0.11397097
 28.400000     -0.11849865
 28.500000     -0.12316134
 28.600000     -0.12699209
 28.700000     -0.12994365
 28.800000     -0.13147889
 28.900000     -0.13224758
 29.000000     -0.13355472
 29.100000     -0.13554022
 29.200000     -0.13766673
 29.300000     -0.13945564
 29.400000     -0.14093173
 29.500000     -0.14227470
 29.600000     -0.14384642
 29.700000     -0.14632063
 29.800000     -0.15024363
 29.900000     -0.15576023
 30.000000     -0.16267348
 30.100000     -0.16964897
 30.200000     -0.17634825
 30.300000     -0.18207992
 30.400000     -0.18605714
 30.500000     -0.18937168
 30.600000     -0.19271131
 30.700000     -0.19704042
 30.800000     -0.20331906
 30.900000     -0.21112778
 31.000000     -0.22004418
 31.100000     -0.22934778
 31.200000     -0.23848584
 31.300000     -0.24664934
 31.400000     -0.25315239
 31.500000     -0.25896833
 31.600000     -0.26401613
 31.700000     -0.26782481
 31.800000     -0.27026507
 31.900000     -0.27154791
 32.000000     -0.27177797
 32.100000     -0.27164864
 32.200000     -0.27368981
 32.300000     -0.27680483
 32.400000     -0.28046319
 32.500000     -0.28466848
 32.600000     -0.28939423
 32.700000     -0.29488409
 32.800000     -0.30108871
 32.900000     -0.30785914
 33.000000     -0.31511658
 33.100000     -0.32262994
 33.200000     -0.33034370
 33.300000     -0.33785215
 33.400000     -0.34504571
 33.500000     -0.35137551
 33.600000     -0.35687209
 33.700000     -0.36153229
 33.800000     -0.36519597
 33.900000     -0.36785521
 34.000000     -0.36934316
 34.100000     -0.37007489
 34.200000     -0.36959153
 34.300000     -0.36858995
 34.400000     -0.36714790
 34.500000     -0.36550467
 34.600000     -0.36416138
 34.700000     -0.36273357
 34.800000     -0.36158808
 34.900000     -0.36060630
 35.000000     -0.35978826
 35.100000     -0.35923200
 35.200000     -0.35878872
 35.300000     -0.35850393
 35.400000     -0.35803779
 35.500000     -0.35753879
 35.600000     -0.35708138
 35.700000     -0.35665717
 35.800000     -0.35609846
 35.900000     -0.35554698
 36.000000     -0.35485924
 36.100000     -0.35435172
 36.200000     -0.35417593
 36.300000     -0.35429221
 36.400000     -0.35473522
 36.500000     -0.35544080
 36.600000     -0.35639671
 36.700000     -0.35772701
 36.800000     -0.35945148
 36.900000     -0.36116774
 37.000000     -0.36342952
 37.100000     -0.36632531
 37.200000     -0.36942712
 37.300000     -0.37296347
 37.400000     -0.37662049
 37.500000     -0.38093937
 37.600000     -0.38528633
 37.700000     -0.38991443
 37.800000     -0.39477069
 37.900000     -0.39962464
 38.000000     -0.40450919
 38.100000     -0.40922620
 38.200000     -0.41400126
 38.300000     -0.41863636
 38.400000     -0.42298565
 38.500000     -0.42708581
 38.600000     -0.43063321
 38.700000     -0.43351333
 38.800000     -0.43602947
 38.900000     -0.43783883
 39.000000     -0.43944100
 39.100000     -0.44093610
 39.200000     -0.44245957
 39.300000     -0.44349123
 39.400000     -0.44424055
 39.500000     -0.44500539
 39.600000     -0.44499020
 39.700000     -0.44477272
 39.800000     -0.44454117
 39.900000     -0.44466996
