  0.000000     -0.02110217
  0.100000     -0.02143505
  0.200000     -0.02193301
  0.300000     -0.02247697
  0.400000     -0.02311952
  0.500000     -0.02381253
  0.600000     -0.02458453
  0.700000     -0.02540736
  0.800000     -0.02626487
  0.900000     -0.02707934
  1.000000     -0.02793024
  1.100000     -0.02872135
  1.200000     -0.02938644
  1.300000     -0.02998487
  1.400000     -0.03045964
  1.500000     -0.03097089
  1.600000     -0.03156994
  1.700000     -0.03222621
  1.800000     -0.03269716
  1.900000     -0.03290223
  2.000000     -0.03320380
  2.100000     -0.03368662
  2.200000     -0.03439067
  2.300000     -0.03528986
  2.400000     -0.03636102
  2.500000     -0.03766583
  2.600000     -0.03906095
  2.700000     -0.04064097
  2.800000     -0.04228271
  2.900000     -0.04397208
  3.000000     -0.04577617
  3.100000     -0.04759236
  3.200000     -0.04947911
  3.300000     -0.05133820
  3.400000     -0.05319710
  3.500000     -0.05499377
  3.600000     -0.05621900
  3.700000     -0.05649819
  3.800000     -0.05649199
  3.900000     -0.05647780
  4.000000     -0.05604077
  4.100000     -0.05519711
  4.200000     -0.05394808
  4.300000     -0.05255539
  4.400000     -0.05085284
  4.500000     -0.04880186
  4.600000     -0.04681022
  4.700000     -0.04531389
  4.800000     -0.04452768
  4.900000     -0.04409837
  5.000000     -0.04381895
  5.100000     -0.04341704
  5.200000     -0.04252808
  5.300000     -0.04142320
  5.400000     -0.03999340
  5.500000     -0.03828726
  5.600000     -0.03640651
  5.700000     -0.03451699
  5.800000     -0.03292971
  5.900000     -0.03209179
  6.000000     -0.03182012
  6.100000     -0.03171637
  6.200000     -0.03161521
  6.300000     -0.03089198
  6.400000     -0.02922797
  6.500000     -0.02724455
  6.600000     -0.02561695
  6.700000     -0.02418602
  6.800000     -0.02280148
  6.900000     -0.02133184
  7.000000     -0.01954072
  7.100000     -0.01746660
  7.200000     -0.01518996
  7.300000     -0.01247287
  7.400000     -0.00956276
  7.500000     -0.00693783
  7.600000     -0.00506465
  7.700000     -0.00395624
  7.800000     -0.00355122
  7.900000     -0.00346895
  8.000000     -0.00360908
  8.100000     -0.00370168
  8.200000     -0.00377427
  8.300000     -0.00399793
  8.400000     -0.00463841
  8.500000     -0.00599002
  8.600000     -0.00760933
  8.700000     -0.00868577
  8.800000     -0.00892845
  8.900000     -0.00863977
  9.000000     -0.00854529
  9.100000     -0.00872089
  9.200000     -0.00910206
  9.300000     -0.00947136
  9.400000     -0.00940053
  9.500000     -0.00866294
  9.600000     -0.00773330
  9.700000     -0.00699504
  9.800000     -0.00653803
  9.900000     -0.00629655
 10.000000     -0.00606439
 10.100000     -0.00590200
 10.200000     -0.00583492
 10.300000     -0.00559196
 10.400000     -0.00581414
 10.500000     -0.00733039
 10.600000     -0.00824368
 10.700000     -0.01123927
 10.800000     -0.01336268
 10.900000     -0.01699030
 11.000000     -0.02049054
 11.100000     -0.02416897
 11.200000     -0.02913332
 11.300000     -0.03340620
 11.400000     -0.03919253
 11.500000     -0.04408452
 11.600000     -0.05031837
 11.700000     -0.05605587
 11.800000     -0.06316376
 11.900000     -0.06872349
 12.000000     -0.07375250
 12.100000     -0.07766885
 12.200000     -0.08044842
 12.300000     -0.08240400
 12.400000     -0.08331266
 12.500000     -0.08429081
 12.600000     -0.08443031
 12.700000     -0.08295597
 12.800000     -0.08122456
 12.900000     -0.07786613
 13.000000     -0.07405401
 13.100000     -0.06987327
 13.200000     -0.06509637
 13.300000     -0.06023358
 13.400000     -0.05575319
 13.500000     -0.05210186
 13.600000     -0.04740274
 13.700000     -0.04502778
 13.800000     -0.04241658
 13.900000     -0.04096069
 14.000000     -0.04028160
 14.100000     -0.04106942
 14.200000     -0.04150259
 14.300000     -0.04448189
 14.400000     -0.04741997
 14.500000     -0.05029785
 14.600000     -0.05334446
 14.700000     -0.05590210
 14.800000     -0.05690461
 14.900000     -0.05786531
 15.000000     -0.05766656
 15.100000     -0.05752363
 15.200000     -0.05560319
 15.300000     -0.05352549
 15.400000     -0.05132009
 15.500000     -0.04894567
 15.600000     -0.04681035
 15.700000     -0.04506462
 15.800000     -0.04489606
 15.900000     -0.04521733
 16.000000     -0.04713284
 16.100000     -0.04948800
 16.200000     -0.05361317
 16.300000     -0.05802716
 16.400000     -0.06302533
 16.500000     -0.06951358
 16.600000     -0.07520961
 16.700000     -0.08065061
 16.800000     -0.08611274
 16.900000     -0.09057787
 17.000000     -0.09380652
 17.100000     -0.09763614
 17.200000     -0.10003289
 17.300000     -0.10236547
 17.400000     -0.10373501
 17.500000     -0.10468206
 17.600000     -0.10504182
 17.700000     -0.10329562
 17.800000     -0.10037488
 17.900000     -0.09790005
 18.000000     -0.09542581
 18.100000     -0.09235149
 18.200000     -0.08999610
 18.300000     -0.08709224
 18.400000     -0.08590151
 18.500000     -0.08504719
 18.600000     -0.08484070
 18.700000     -0.08603510
 18.800000     -0.08528412
 18.900000     -0.08564557
 19.000000     -0.08549006
 19.100000     -0.08470259
 19.200000     -0.08543217
 19.300000     -0.08565290
 19.400000     -0.08468234
 19.500000     -0.08280107
 19.600000     -0.08108389
 19.700000     -0.07772525
 19.800000     -0.07485500
 19.900000     -0.07165569
 20.000000     -0.06767291
 20.100000     -0.06179592
 20.200000     -0.05619282
 20.300000     -0.04643380
 20.400000     -0.03816949
 20.500000     -0.02651456
 20.600000     -0.01495218
 20.700000     -0.00304666
 20.800000      0.01153769
 20.900000      0.02739165
 21.000000      0.04501136
 21.100000      0.06405065
 21.200000      0.08464192
 21.300000      0.10613924
 21.400000      0.12860984
 21.500000      0.15164067
 21.600000      0.17437227
 21.700000      0.19775499
 21.800000      0.22114736
 21.900000      0.24476309
 22.000000      0.26995879
 22.100000      0.29676112
 22.200000      0.32415795
 22.300000      0.35358390
 22.400000      0.38315117
 22.500000      0.41356753
 22.600000      0.44479252
 22.700000      0.47742607
 22.800000      0.51235513
 22.900000      0.54771605
 23.000000      0.58387005
 23.100000      0.62024836
 23.200000      0.65399485
 23.300000      0.68594252
 23.400000      0.71792413
 23.500000      0.74622881
 23.600000      0.77197502
 23.700000      0.79670044
 23.800000      0.81914800
 23.900000      0.83816874
 24.000000      0.85648288
 24.100000      0.87366966
 24.200000      0.88836845
 24.300000      0.90232412
 24.400000      0.91513895
 24.500000      0.92735338
 24.600000      0.93789575
 24.700000      0.94860076
 24.800000      0.95847270
 24.900000      0.96731212
 25.000000      0.97687592
 25.100000      0.98493249
 25.200000      0.98988679
 25.300000      0.99472572
 25.400000      0.99661736
 25.500000      0.99832654
 25.600000      0.99928735
 25.700000      0.99929198
 25.800000      1.00000000
 25.900000      0.99961502
 26.000000      0.99690925
 26.100000      0.99470249
 26.200000      0.98960595
 26.300000      0.98395878
 26.400000      0.97632030
 26.500000      0.96672962
 26.600000      0.95492080
 26.700000      0.94324417
 26.800000      0.92922648
 26.900000      0.91323926
 27.000000      0.89616895
 27.100000      0.87899551
 27.200000      0.86170306
 27.300000      0.84314329
 27.400000      0.82537435
 27.500000      0.80671271
 27.600000      0.78702890
 27.700000      0.76755169
 27.800000      0.74683757
 27.900000      0.72569671
 28.000000      0.70366830
 28.100000      0.68096531
 28.200000      0.65728088
 28.300000      0.63350902
 28.400000      0.60829156
 28.500000      0.58094245
 28.600000      0.55207253
 28.700000      0.52268437
 28.800000      0.49143434
 28.900000      0.45963003
 29.000000      0.42821051
 29.100000      0.39576187
 29.200000      0.36368405
 29.300000      0.33107983
 29.400000      0.29808571
 29.500000      0.26638865
 29.600000      0.23471092
 29.700000      0.20408129
 29.800000      0.17302131
 29.900000      0.14500549
 30.000000      0.11669643
 30.100000      0.08866056
 30.200000      0.06189207
 30.300000      0.03598697
 30.400000      0.00938881
 30.500000     -0.01469257
 30.600000     -0.03931450
 30.700000     -0.06154249
 30.800000     -0.08259717
 30.900000     -0.10228920
 31.000000     -0.11958290
 31.100000     -0.13537365
 31.200000     -0.15100835
 31.300000     -0.16432987
 31.400000     -0.17551147
 31.500000     -0.18578664
 31.600000     -0.19463182
 31.700000     -0.20364126
 31.800000     -0.21210508
 31.900000     -0.22101423
 32.000000     -0.22888658
 32.100000     -0.23518808
 32.200000     -0.24096953
 32.300000     -0.24715964
 32.400000     -0.25378918
 32.500000     -0.26038588
 32.600000     -0.26805477
 32.700000     -0.27527794
 32.800000     -0.28103110
 32.900000     -0.28627099
 33.000000     -0.29090259
 33.100000     -0.29411948
 33.200000     -0.29703729
 33.300000     -0.29917542
 33.400000     -0.30218816
 33.500000     -0.30387930
 33.600000     -0.30660692
 33.700000     -0.30874369
 33.800000     -0.31166350
 33.900000     -0.31409820
 34.000000     -0.31675158
 34.100000     -0.31817264
 34.200000     -0.31923840
 34.300000     -0.32037153
 34.400000     -0.32156615
 34.500000     -0.32251464
 34.600000     -0.32311295
 34.700000     -0.32327269
 34.800000     -0.32292118
 34.900000     -0.32230885
 35.000000     -0.32196152
 35.100000     -0.32137427
 35.200000     -0.32026277
 35.300000     -0.31860874
 35.400000     -0.31682687
 35.500000     -0.31489305
 35.600000     -0.31288390
 35.700000     -0.31079882
 35.800000     -0.30895529
 35.900000     -0.30732546
 36.000000     -0.30572641
 36.100000     -0.30408592
 36.200000     -0.30231897
 36.300000     -0.30073331
 36.400000     -0.29957847
 36.500000     -0.29896890
 36.600000     -0.29855224
 36.700000     -0.29832206
 36.800000     -0.29841248
 36.900000     -0.29860848
 37.000000     -0.29859676
 37.100000     -0.29818377
 37.200000     -0.29704627
 37.300000     -0.29510179
 37.400000     -0.29208653
 37.500000     -0.28872375
 37.600000     -0.28440238
 37.700000     -0.27955939
 37.800000     -0.27459038
 37.900000     -0.26961963
 38.000000     -0.26476342
 38.100000     -0.26013739
 38.200000     -0.25583418
 38.300000     -0.25204650
 38.400000     -0.24874555
 38.500000     -0.24600719
 38.600000     -0.24395117
 38.700000     -0.24250230
 38.800000     -0.24178708
 38.900000     -0.24120303
 39.000000     -0.23951898
 39.100000     -0.23839733
 39.200000     -0.23753366
 39.300000     -0.23698844
 39.400000     -0.23668436
 39.500000     -0.23675802
 39.600000     -0.23707069
 39.700000     -0.23762448
 39.800000     -0.23836438
 39.900000     -0.23917151
