  0.000000     -0.01382306
  0.100000     -0.01466122
  0.200000     -0.01550785
  0.300000     -0.01634612
  0.400000     -0.01719525
  0.500000     -0.01804614
  0.600000     -0.01892586
  0.700000     -0.01984017
  0.800000     -0.02079587
  0.900000     -0.02181330
  1.000000     -0.02289840
  1.100000     -0.02406338
  1.200000     -0.02531127
  1.300000     -0.02666804
  1.400000     -0.02811135
  1.500000     -0.02963714
  1.600000     -0.03132975
  1.700000     -0.03315835
  1.800000     -0.03504505
  1.900000     -0.03698685
  2.000000     -0.03896564
  2.100000     -0.04096330
  2.200000     -0.04295536
  2.300000     -0.04492434
  2.400000     -0.04683135
  2.500000     -0.04867310
  2.600000     -0.05039025
  2.700000     -0.05199335
  2.800000     -0.05349055
  2.900000     -0.05488062
  3.000000     -0.05615574
  3.100000     -0.05726170
  3.200000     -0.05822605
  3.300000     -0.05905102
  3.400000     -0.06221913
  3.500000     -0.06275643
  3.600000     -0.06325250
  3.700000     -0.06360231
  3.800000     -0.06380509
  3.900000     -0.06388880
  4.000000     -0.06385748
  4.100000     -0.06374124
  4.200000     -0.06356504
  4.300000     -0.06327162
  4.400000     -0.06290182
  4.500000     -0.06246445
  4.600000     -0.06196953
  4.700000     -0.06142249
  4.800000     -0.06079911
  4.900000     -0.06015504
  5.000000     -0.05950236
  5.100000     -0.05885299
  5.200000     -0.05821595
  5.300000     -0.05760562
  5.400000     -0.05703976
  5.500000     -0.05652342
  5.600000     -0.05606960
  5.700000     -0.05823993
  5.800000     -0.06109691
  5.900000     -0.06094806
  6.000000     -0.06090608
  6.100000     -0.06097238
  6.200000     -0.06115455
  6.300000     -0.06146133
  6.400000     -0.06191810
  6.500000     -0.06249549
  6.600000     -0.06319162
  6.700000     -0.06400570
  6.800000     -0.06493811
  6.900000     -0.06600197
  7.000000     -0.06717018
  7.100000     -0.06844038
  7.200000     -0.06981722
  7.300000     -0.07129324
  7.400000     -0.07287005
  7.500000     -0.07454828
  7.600000     -0.07631830
  7.700000     -0.07817937
  7.800000     -0.08012584
  7.900000     -0.08215982
  8.000000     -0.08463352
  8.100000     -0.09049736
  8.200000     -0.09320809
  8.300000     -0.09552953
  8.400000     -0.09790736
  8.500000     -0.10034165
  8.600000     -0.10281882
  8.700000     -0.10533451
  8.800000     -0.10788012
  8.900000     -0.11044369
  9.000000     -0.11302035
  9.100000     -0.11559699
  9.200000     -0.11816236
  9.300000     -0.12071566
  9.400000     -0.12324246
  9.500000     -0.12571085
  9.600000     -0.12811054
  9.700000     -0.13043592
  9.800000     -0.13265282
  9.900000     -0.13475617
 10.000000     -0.13673701
 10.100000     -0.13856129
 10.200000     -0.14021962
 10.300000     -0.14170790
 10.400000     -0.14300589
 10.500000     -0.14410136
 10.600000     -0.14496040
 10.700000     -0.14558839
 10.800000     -0.14596660
 10.900000     -0.14607132
 11.000000     -0.14588846
 11.100000     -0.14539423
 11.200000     -0.14457386
 11.300000     -0.14341122
 11.400000     -0.14187798
 11.500000     -0.13995863
 11.600000     -0.13762910
 11.700000     -0.13486293
 11.800000     -0.13163674
 11.900000     -0.12793425
 12.000000     -0.12372262
 12.100000     -0.11898685
 12.200000     -0.11369517
 12.300000     -0.10782465
 12.400000     -0.10136092
 12.500000     -0.09428417
 12.600000     -0.08656496
 12.700000     -0.07817838
 12.800000     -0.06913103
 12.900000     -0.05939947
 13.000000     -0.04896780
 13.100000     -0.03782591
 13.200000     -0.02595727
 13.300000     -0.01336843
 13.400000     -0.00005251
 13.500000      0.01399901
 13.600000      0.02879565
 13.700000      0.04433263
 13.800000      0.06060620
 13.900000      0.07761268
 14.000000      0.09532299
 14.100000      0.11376105
 14.200000      0.13292053
 14.300000      0.15274958
 14.400000      0.17326694
 14.500000      0.19447264
 14.600000      0.21630164
 14.700000      0.23875923
 14.800000      0.26183262
 14.900000      0.28547438
 15.000000      0.30965849
 15.100000      0.33434665
 15.200000      0.35950496
 15.300000      0.38507516
 15.400000      0.41101484
 15.500000      0.43727054
 15.600000      0.46377492
 15.700000      0.49046044
 15.800000      0.51727745
 15.900000      0.54414549
 16.000000      0.57098188
 16.100000      0.59772743
 16.200000      0.62430099
 16.300000      0.65061099
 16.400000      0.67658801
 16.500000      0.70214540
 16.600000      0.72719896
 16.700000      0.75166329
 16.800000      0.77545437
 16.900000      0.79850456
 17.000000      0.82070530
 17.100000      0.84199518
 17.200000      0.86229307
 17.300000      0.88150517
 17.400000      0.89955167
 17.500000      0.91636598
 17.600000      0.93187017
 17.700000      0.94596013
 17.800000      0.95859377
 17.900000      0.96968028
 18.000000      0.97913378
 18.100000      0.98694451
 18.200000      0.99298650
 18.300000      0.99719724
 18.400000      0.99957360
 18.500000      1.00000000
 18.600000      0.99841760
 18.700000      0.99482540
 18.800000      0.98917207
 18.900000      0.98144768
 19.000000      0.97161789
 19.100000      0.95965698
 19.200000      0.94560771
 19.300000      0.92945133
 19.400000      0.91118545
 19.500000      0.89081789
 19.600000      0.86838885
 19.700000      0.84396960
 19.800000      0.81755092
 19.900000      0.78921643
 20.000000      0.75903819
 20.100000      0.72707027
 20.200000      0.69339098
 20.300000      0.65809749
 20.400000      0.62126816
 20.500000      0.58301914
 20.600000      0.54345337
 20.700000      0.50270013
 20.800000      0.46086033
 20.900000      0.41805657
 21.000000      0.37443157
 21.100000      0.33044541
 21.200000      0.28567009
 21.300000      0.24047730
 21.400000      0.19503417
 21.500000      0.14948569
 21.600000      0.10397645
 21.700000      0.05864748
 21.800000      0.01364547
 21.900000     -0.03088622
 22.000000     -0.07479771
 22.100000     -0.11797111
 22.200000     -0.16026759
 22.300000     -0.20156096
 22.400000     -0.24175153
 22.500000     -0.28072781
 22.600000     -0.31836765
 22.700000     -0.35458190
 22.800000     -0.38931506
 22.900000     -0.42248759
 23.000000     -0.45404410
 23.100000     -0.48390639
 23.200000     -0.51202017
 23.300000     -0.53839042
 23.400000     -0.56298645
 23.500000     -0.58579547
 23.600000     -0.60675533
 23.700000     -0.62588559
 23.800000     -0.64320723
 23.900000     -0.65873114
 24.000000     -0.67251334
 24.100000     -0.68452885
 24.200000     -0.69478028
 24.300000     -0.70338301
 24.400000     -0.71033939
 24.500000     -0.71565831
 24.600000     -0.71943457
 24.700000     -0.72170896
 24.800000     -0.72253236
 24.900000     -0.72197603
 25.000000     -0.72008328
 25.100000     -0.71691873
 25.200000     -0.71254321
 25.300000     -0.70704362
 25.400000     -0.70045691
 25.500000     -0.69285450
 25.600000     -0.68432455
 25.700000     -0.67493272
 25.800000     -0.66472233
 25.900000     -0.65377466
 26.000000     -0.64214705
 26.100000     -0.62990425
 26.200000     -0.61711841
 26.300000     -0.60384698
 26.400000     -0.59014104
 26.500000     -0.57606148
 26.600000     -0.56166538
 26.700000     -0.54699594
 26.800000     -0.53210788
 26.900000     -0.51706727
 27.000000     -0.50189268
 27.100000     -0.48664279
 27.200000     -0.47135548
 27.300000     -0.45607178
 27.400000     -0.44083456
 27.500000     -0.42567211
 27.600000     -0.41061886
 27.700000     -0.39571017
 27.800000     -0.38097341
 27.900000     -0.36643115
 28.000000     -0.35210921
 28.100000     -0.33803007
 28.200000     -0.32421283
 28.300000     -0.31066796
 28.400000     -0.29741502
 28.500000     -0.28446403
 28.600000     -0.27184720
 28.700000     -0.25955369
 28.800000     -0.24758644
 28.900000     -0.23596854
 29.000000     -0.22469237
 29.100000     -0.21376065
 29.200000     -0.20318409
 29.300000     -0.19295669
 29.400000     -0.18308541
 29.500000     -0.17357904
 29.600000     -0.16441886
 29.700000     -0.15560591
 29.800000     -0.14714811
 29.900000     -0.13903856
 30.000000     -0.13126739
 30.100000     -0.12382401
 30.200000     -0.11671423
 30.300000     -0.10993128
 30.400000     -0.10346968
 30.500000     -0.09731445
 30.600000     -0.09145194
 30.700000     -0.08587684
 30.800000     -0.08059424
 30.900000     -0.07559619
 31.000000     -0.07086812
 31.100000     -0.06639576
 31.200000     -0.06217402
 31.300000     -0.05820380
 31.400000     -0.05448305
 31.500000     -0.05098808
 31.600000     -0.04770971
 31.700000     -0.04464082
 31.800000     -0.04177641
 31.900000     -0.03822846
 32.000000     -0.03152487
 32.100000     -0.02972031
 32.200000     -0.02807085
 32.300000     -0.02655970
 32.400000     -0.02516480
 32.500000     -0.02387815
 32.600000     -0.02269702
 32.700000     -0.02159758
 32.800000     -0.02056173
 32.900000     -0.01958921
 33.000000     -0.01866157
 33.100000     -0.01776552
 33.200000     -0.01690238
 33.300000     -0.01072141
 33.400000     -0.00995175
 33.500000     -0.00921252
 33.600000     -0.00850706
 33.700000     -0.00781991
 33.800000     -0.00714702
 33.900000     -0.00648886
 34.000000     -0.00584126
 34.100000     -0.00521249
 34.200000     -0.00458915
 34.300000     -0.00404607
 34.400000     -0.00355609
 34.500000     -0.00309858
 34.600000     -0.00266327
 34.700000     -0.00226357
 34.800000     -0.00190287
 34.900000     -0.00157729
 35.000000     -0.00128399
 35.100000     -0.00103604
 35.200000     -0.00083686
 35.300000     -0.00067749
 35.400000     -0.00055368
 35.500000     -0.00047347
 35.600000      0.00067828
 35.700000      0.00091379
 35.800000     -0.00044657
 35.900000     -0.00078074
 36.000000     -0.00482129
 36.100000     -0.00545068
 36.200000     -0.00544078
 36.300000     -0.00592845
 36.400000     -0.00660204
 36.500000     -0.00688393
 36.600000     -0.00709854
 36.700000     -0.00729270
 36.800000     -0.00750610
 36.900000     -0.00959417
 37.000000     -0.01191259
 37.100000     -0.01213435
 37.200000     -0.01235385
 37.300000     -0.01268757
 37.400000     -0.01299385
 37.500000     -0.01349889
 37.600000     -0.01583207
 37.700000     -0.01607338
 37.800000     -0.01625959
 37.900000     -0.01638889
 38.000000     -0.01645575
 38.100000     -0.01645529
 38.200000     -0.01640556
 38.300000     -0.01629410
 38.400000     -0.01610951
 38.500000     -0.01792157
 38.600000     -0.01759910
 38.700000     -0.01951905
 38.800000     -0.01957256
 38.900000     -0.01989460
 39.000000     -0.01628680
 39.100000     -0.01841804
 39.200000     -0.01767529
 39.300000     -0.01336709
 39.400000     -0.01250671
 39.500000     -0.01110410
 39.600000     -0.00913636
 39.700000     -0.00961113
 39.800000     -0.01082862
 39.900000     -0.01101084
