  0.000000     -0.00903966
  0.100000     -0.01049736
  0.200000     -0.01137024
  0.300000     -0.01186083
  0.400000     -0.01297699
  0.500000     -0.01376701
  0.600000     -0.01421349
  0.700000     -0.01554260
  0.800000     -0.01725685
  0.900000     -0.01874126
  1.000000     -0.02035925
  1.100000     -0.02163588
  1.200000     -0.02352857
  1.300000     -0.02540419
  1.400000     -0.02715155
  1.500000     -0.02845457
  1.600000     -0.03003116
  1.700000     -0.03200427
  1.800000     -0.03355410
  1.900000     -0.03463335
  2.000000     -0.03568040
  2.100000     -0.03720519
  2.200000     -0.03943200
  2.300000     -0.04063575
  2.400000     -0.04164120
  2.500000     -0.04180515
  2.600000     -0.04261426
  2.700000     -0.04285930
  2.800000     -0.04351755
  2.900000     -0.04491630
  3.000000     -0.04489282
  3.100000     -0.04507610
  3.200000     -0.04649169
  3.300000     -0.04854713
  3.400000     -0.04980334
  3.500000     -0.05003540
  3.600000     -0.05117354
  3.700000     -0.05298466
  3.800000     -0.05454815
  3.900000     -0.05661467
  4.000000     -0.05962686
  4.100000     -0.06305516
  4.200000     -0.06742946
  4.300000     -0.07256812
  4.400000     -0.07478562
  4.500000     -0.07858566
  4.600000     -0.08238175
  4.700000     -0.08645421
  4.800000     -0.08940018
  4.900000     -0.09177129
  5.000000     -0.09500008
  5.100000     -0.09663762
  5.200000     -0.09908467
  5.300000     -0.09974613
  5.400000     -0.09960124
  5.500000     -0.10117485
  5.600000     -0.10129630
  5.700000     -0.10041641
  5.800000     -0.09801636
  5.900000     -0.09633902
  6.000000     -0.09380103
  6.100000     -0.09049594
  6.200000     -0.08576220
  6.300000     -0.08112918
  6.400000     -0.07819692
  6.500000     -0.07473770
  6.600000     -0.07248153
  6.700000     -0.06955242
  6.800000     -0.06606087
  6.900000     -0.06289041
  7.000000     -0.05899405
  7.100000     -0.05578099
  7.200000     -0.04924174
  7.300000     -0.04316563
  7.400000     -0.03641945
  7.500000     -0.02742014
  7.600000     -0.01906409
  7.700000     -0.00858819
  7.800000      0.00296493
  7.900000      0.01596677
  8.000000      0.02922681
  8.100000      0.04121353
  8.200000      0.05471383
  8.300000      0.06677496
  8.400000      0.08065028
  8.500000      0.09644834
  8.600000      0.11178863
  8.700000      0.12653539
  8.800000      0.14110866
  8.900000      0.15800626
  9.000000      0.17479172
  9.100000      0.19257516
  9.200000      0.21084871
  9.300000      0.23227614
  9.400000      0.25430917
  9.500000      0.27594109
  9.600000      0.29856771
  9.700000      0.32307509
  9.800000      0.35010635
  9.900000      0.37631021
 10.000000      0.40320111
 10.100000      0.43015223
 10.200000      0.45833679
 10.300000      0.48780505
 10.400000      0.51478775
 10.500000      0.54172634
 10.600000      0.56923293
 10.700000      0.59672361
 10.800000      0.62296566
 10.900000      0.64915894
 11.000000      0.67566944
 11.100000      0.70108840
 11.200000      0.72695973
 11.300000      0.75253499
 11.400000      0.77634140
 11.500000      0.79812548
 11.600000      0.81979025
 11.700000      0.84095970
 11.800000      0.86159370
 11.900000      0.88093237
 12.000000      0.89849737
 12.100000      0.91382864
 12.200000      0.92832286
 12.300000      0.93991366
 12.400000      0.95266248
 12.500000      0.96225431
 12.600000      0.97080558
 12.700000      0.97863239
 12.800000      0.98477519
 12.900000      0.99165555
 13.000000      0.99641769
 13.100000      0.99989009
 13.200000      1.00000000
 13.300000      0.99825532
 13.400000      0.99531808
 13.500000      0.99053477
 13.600000      0.98417337
 13.700000      0.97504214
 13.800000      0.96359565
 13.900000      0.95063890
 14.000000      0.93623430
 14.100000      0.91937163
 14.200000      0.90241213
 14.300000      0.88419235
 14.400000      0.86304483
 14.500000      0.83902393
 14.600000      0.81215868
 14.700000      0.78334876
 14.800000      0.74934203
 14.900000      0.71082030
 15.000000      0.67105425
 15.100000      0.63367716
 15.200000      0.59872885
 15.300000      0.56579252
 15.400000      0.53180744
 15.500000      0.49759444
 15.600000      0.46082440
 15.700000      0.42276239
 15.800000      0.38148471
 15.900000      0.33661672
 16.000000      0.29158995
 16.100000      0.24857374
 16.200000      0.20708947
 16.300000      0.16165827
 16.400000      0.11880568
 16.500000      0.07468143
 16.600000      0.03183527
 16.700000     -0.01082074
 16.800000     -0.05105083
 16.900000     -0.09015002
 17.000000     -0.12962672
 17.100000     -0.16539056
 17.200000     -0.20005091
 17.300000     -0.22909626
 17.400000     -0.25684671
 17.500000     -0.28449158
 17.600000     -0.30901665
 17.700000     -0.33189485
 17.800000     -0.35544197
 17.900000     -0.38081762
 18.000000     -0.40877275
 18.100000     -0.43607074
 18.200000     -0.46022184
 18.300000     -0.48426462
 18.400000     -0.50692130
 18.500000     -0.52726965
 18.600000     -0.54633999
 18.700000     -0.56268831
 18.800000     -0.57636414
 18.900000     -0.58902775
 19.000000     -0.60014389
 19.100000     -0.61017637
 19.200000     -0.61720259
 19.300000     -0.62446914
 19.400000     -0.63116166
 19.500000     -0.63591207
 19.600000     -0.64103091
 19.700000     -0.64536239
 19.800000     -0.64845407
 19.900000     -0.64853950
 20.000000     -0.64838580
 20.100000     -0.64891357
 20.200000     -0.64528124
 20.300000     -0.64128528
 20.400000     -0.63617018
 20.500000     -0.63064603
 20.600000     -0.62308799
 20.700000     -0.61495697
 20.800000     -0.60622966
 20.900000     -0.59687925
 21.000000     -0.58780033
 21.100000     -0.57934572
 21.200000     -0.57179425
 21.300000     -0.56307544
 21.400000     -0.55448785
 21.500000     -0.54662677
 21.600000     -0.54034882
 21.700000     -0.53355939
 21.800000     -0.52528877
 21.900000     -0.51835898
 22.000000     -0.51215229
 22.100000     -0.50643759
 22.200000     -0.50095264
 22.300000     -0.49315707
 22.400000     -0.48608580
 22.500000     -0.47664771
 22.600000     -0.46792353
 22.700000     -0.45891129
 22.800000     -0.44846484
 22.900000     -0.43784300
 23.000000     -0.42541175
 23.100000     -0.41481244
 23.200000     -0.40467524
 23.300000     -0.39699305
 23.400000     -0.38925447
 23.500000     -0.38210576
 23.600000     -0.37569541
 23.700000     -0.36838281
 23.800000     -0.36337777
 23.900000     -0.35738259
 24.000000     -0.35144808
 24.100000     -0.34562237
 24.200000     -0.33826326
 24.300000     -0.33368215
 24.400000     -0.32718027
 24.500000     -0.32204892
 24.600000     -0.31589930
 24.700000     -0.31148895
 24.800000     -0.30578746
 24.900000     -0.29976604
 25.000000     -0.29562897
 25.100000     -0.28815613
 25.200000     -0.28233251
 25.300000     -0.27699003
 25.400000     -0.27074529
 25.500000     -0.26522572
 25.600000     -0.26029487
 25.700000     -0.25558366
 25.800000     -0.24977712
 25.900000     -0.24527832
 26.000000     -0.24110342
 26.100000     -0.23742796
 26.200000     -0.23437462
 26.300000     -0.23111188
 26.400000     -0.22899178
 26.500000     -0.22708803
 26.600000     -0.22645972
 26.700000     -0.22579027
 26.800000     -0.22375507
 26.900000     -0.22197072
 27.000000     -0.22029886
 27.100000     -0.21784235
 27.200000     -0.21629334
 27.300000     -0.21567198
 27.400000     -0.21601524
 27.500000     -0.21599719
 27.600000     -0.21563920
 27.700000     -0.21372217
 27.800000     -0.21201028
 27.900000     -0.21077408
 28.000000     -0.20912630
 28.100000     -0.20783692
 28.200000     -0.20805354
 28.300000     -0.20713023
 28.400000     -0.20596051
 28.500000     -0.20540935
 28.600000     -0.20511519
 28.700000     -0.20639523
 28.800000     -0.20650559
 28.900000     -0.20573584
 29.000000     -0.20493816
 29.100000     -0.20328129
 29.200000     -0.19992756
 29.300000     -0.19703797
 29.400000     -0.19537522
 29.500000     -0.19279376
 29.600000     -0.18795927
 29.700000     -0.18296675
 29.800000     -0.17892858
 29.900000     -0.17557137
 30.000000     -0.17026071
 30.100000     -0.16690074
 30.200000     -0.16414861
 30.300000     -0.15991039
 30.400000     -0.15596241
 30.500000     -0.15263047
 30.600000     -0.14997398
 30.700000     -0.14639923
 30.800000     -0.14284206
 30.900000     -0.14137884
 31.000000     -0.13852442
 31.100000     -0.13604627
 31.200000     -0.13387011
 31.300000     -0.13252711
 31.400000     -0.13177199
 31.500000     -0.13016396
 31.600000     -0.12857569
 31.700000     -0.12584734
 31.800000     -0.12490096
 31.900000     -0.12202785
 32.000000     -0.11886295
 32.100000     -0.11703479
 32.200000     -0.11507409
 32.300000     -0.11189455
 32.400000     -0.10915314
 32.500000     -0.10857554
 32.600000     -0.10778552
 32.700000     -0.10706435
 32.800000     -0.10622633
 32.900000     -0.10566442
 33.000000     -0.10509833
 33.100000     -0.10359656
 33.200000     -0.10256808
 33.300000     -0.10134951
 33.400000     -0.10000667
 33.500000     -0.09702574
 33.600000     -0.09337043
 33.700000     -0.09211282
 33.800000     -0.08819524
 33.900000     -0.08457007
 34.000000     -0.08152887
 34.100000     -0.07902941
 34.200000     -0.07607072
 34.300000     -0.07304924
 34.400000     -0.07014102
 34.500000     -0.06696716
 34.600000     -0.06411278
 34.700000     -0.06167187
 34.800000     -0.06068457
 34.900000     -0.05946065
 35.000000     -0.05772347
 35.100000     -0.05690160
 35.200000     -0.05515930
 35.300000     -0.05569359
 35.400000     -0.05463445
 35.500000     -0.05296832
 35.600000     -0.05083633
 35.700000     -0.04848598
 35.800000     -0.04619309
 35.900000     -0.04221449
 36.000000     -0.04012257
 36.100000     -0.03875487
 36.200000     -0.03522817
 36.300000     -0.03080283
 36.400000     -0.02794414
 36.500000     -0.02540086
 36.600000     -0.02250907
 36.700000     -0.01969236
 36.800000     -0.01680232
 36.900000     -0.01375021
 37.000000     -0.01203934
 37.100000     -0.01023953
 37.200000     -0.00779228
 37.300000     -0.00657612
 37.400000     -0.00541953
 37.500000     -0.00404535
 37.600000     -0.00382676
 37.700000     -0.00499391
 37.800000     -0.00585290
 37.900000     -0.00614422
 38.000000     -0.00645524
 38.100000     -0.00780453
 38.200000     -0.00860143
 38.300000     -0.00940452
 38.400000     -0.01109485
 38.500000     -0.01255312
 38.600000     -0.01351625
 38.700000     -0.01503559
 38.800000     -0.01675345
 38.900000     -0.01829823
 39.000000     -0.01958049
 39.100000     -0.02134129
 39.200000     -0.02273615
 39.300000     -0.02352406
 39.400000     -0.02423713
 39.500000     -0.02539833
 39.600000     -0.02617300
 39.700000     -0.02682252
 39.800000     -0.02853177
 39.900000     -0.02954458
