  0.000000      0.02295661
  0.100000      0.02267448
  0.200000      0.02237254
  0.300000      0.02245859
  0.400000      0.02259571
  0.500000      0.02249949
  0.600000      0.02213106
  0.700000      0.02178033
  0.800000      0.02152826
  0.900000      0.02063445
  1.000000      0.01943358
  1.100000      0.01809113
  1.200000      0.01703172
  1.300000      0.01610216
  1.400000      0.01542604
  1.500000      0.01561453
  1.600000      0.01632083
  1.700000      0.01680528
  1.800000      0.01782831
  1.900000      0.01975598
  2.000000      0.02275358
  2.100000      0.02500643
  2.200000      0.02554829
  2.300000      0.02621654
  2.400000      0.02782153
  2.500000      0.03010665
  2.600000      0.03234293
  2.700000      0.03357504
  2.800000      0.03491139
  2.900000      0.03727423
  3.000000      0.04002752
  3.100000      0.04246755
  3.200000      0.04460688
  3.300000      0.04640728
  3.400000      0.04952289
  3.500000      0.05316158
  3.600000      0.05714694
  3.700000      0.06071035
  3.800000      0.06413807
  3.900000      0.06605519
  4.000000      0.06711450
  4.100000      0.06869399
  4.200000      0.07008877
  4.300000      0.07011227
  4.400000      0.06965863
  4.500000      0.06880030
  4.600000      0.06782389
  4.700000      0.06582343
  4.800000      0.06420000
  4.900000      0.06377579
  5.000000      0.06353507
  5.100000      0.06307665
  5.200000      0.06334162
  5.300000      0.06434042
  5.400000      0.06420861
  5.500000      0.06236565
  5.600000      0.06076341
  5.700000      0.05844898
  5.800000      0.05454987
  5.900000      0.05086382
  6.000000      0.04586386
  6.100000      0.04010593
  6.200000      0.03220127
  6.300000      0.02334999
  6.400000      0.01561703
  6.500000      0.00769401
  6.600000     -0.00179294
  6.700000     -0.01183777
  6.800000     -0.02191281
  6.900000     -0.03121478
  7.000000     -0.04195064
  7.100000     -0.05216876
  7.200000     -0.06180185
  7.300000     -0.07143239
  7.400000     -0.08359864
  7.500000     -0.09619544
  7.600000     -0.10724979
  7.700000     -0.11943260
  7.800000     -0.12923843
  7.900000     -0.13892805
  8.000000     -0.14766371
  8.100000     -0.15588231
  8.200000     -0.16275860
  8.300000     -0.16728519
  8.400000     -0.17302637
  8.500000     -0.17743635
  8.600000     -0.18002530
  8.700000     -0.17983666
  8.800000     -0.18036736
  8.900000     -0.17671295
  9.000000     -0.17188586
  9.100000     -0.16297788
  9.200000     -0.15193709
  9.300000     -0.13863044
  9.400000     -0.12251212
  9.500000     -0.10288677
  9.600000     -0.07607318
  9.700000     -0.04668804
  9.800000     -0.01165073
  9.900000      0.02598890
 10.000000      0.06797349
 10.100000      0.11840455
 10.200000      0.17491032
 10.300000      0.23533668
 10.400000      0.30004963
 10.500000      0.36916649
 10.600000      0.43851873
 10.700000      0.51094599
 10.800000      0.58162547
 10.900000      0.65013127
 11.000000      0.71728957
 11.100000      0.77667262
 11.200000      0.83240189
 11.300000      0.87821327
 11.400000      0.91892831
 11.500000      0.95257647
 11.600000      0.97740029
 11.700000      0.99339918
 11.800000      0.99965745
 11.900000      1.00000000
 12.000000      0.99086926
 12.100000      0.97422024
 12.200000      0.95106283
 12.300000      0.92084173
 12.400000      0.88353561
 12.500000      0.83930146
 12.600000      0.78662528
 12.700000      0.72714890
 12.800000      0.66387297
 12.900000      0.59016296
 13.000000      0.51706533
 13.100000      0.43522024
 13.200000      0.35330167
 13.300000      0.27238261
 13.400000      0.18585578
 13.500000      0.10360033
 13.600000      0.02120125
 13.700000     -0.05864328
 13.800000     -0.13205894
 13.900000     -0.20221578
 14.000000     -0.26658421
 14.100000     -0.32487743
 14.200000     -0.37621919
 14.300000     -0.42104560
 14.400000     -0.46172891
 14.500000     -0.49558144
 14.600000     -0.52434076
 14.700000     -0.54749131
 14.800000     -0.56202026
 14.900000     -0.57377361
 15.000000     -0.58020553
 15.100000     -0.58367922
 15.200000     -0.58343390
 15.300000     -0.58065536
 15.400000     -0.57576042
 15.500000     -0.56582096
 15.600000     -0.55401541
 15.700000     -0.53813128
 15.800000     -0.52049125
 15.900000     -0.50116999
 16.000000     -0.48041770
 16.100000     -0.45986013
 16.200000     -0.43882554
 16.300000     -0.41711309
 16.400000     -0.39559948
 16.500000     -0.37139257
 16.600000     -0.34664336
 16.700000     -0.32395331
 16.800000     -0.30215444
 16.900000     -0.28196581
 17.000000     -0.25986127
 17.100000     -0.23986817
 17.200000     -0.21828831
 17.300000     -0.19752158
 17.400000     -0.17897028
 17.500000     -0.16085413
 17.600000     -0.14506755
 17.700000     -0.13142603
 17.800000     -0.11775847
 17.900000     -0.10610922
 18.000000     -0.09802000
 18.100000     -0.08999502
 18.200000     -0.08622343
 18.300000     -0.08290397
 18.400000     -0.08017184
 18.500000     -0.07946329
 18.600000     -0.07606190
 18.700000     -0.07624396
 18.800000     -0.07851566
 18.900000     -0.08137573
 19.000000     -0.08335023
 19.100000     -0.08633245
 19.200000     -0.08753407
 19.300000     -0.08611269
 19.400000     -0.08710291
 19.500000     -0.08580696
 19.600000     -0.08720603
 19.700000     -0.08474615
 19.800000     -0.08287665
 19.900000     -0.08506723
 20.000000     -0.08489461
 20.100000     -0.08614806
 20.200000     -0.08799635
 20.300000     -0.08930015
 20.400000     -0.09007970
 20.500000     -0.09106626
 20.600000     -0.09382043
 20.700000     -0.09565383
 20.800000     -0.09796267
 20.900000     -0.09847355
 21.000000     -0.09875922
 21.100000     -0.09590283
 21.200000     -0.09670491
 21.300000     -0.09580929
 21.400000     -0.09381983
 21.500000     -0.09283754
 21.600000     -0.08972511
 21.700000     -0.08986668
 21.800000     -0.08932662
 21.900000     -0.08851494
 22.000000     -0.08838115
 22.100000     -0.08744317
 22.200000     -0.08858649
 22.300000     -0.08849027
 22.400000     -0.09149725
 22.500000     -0.09202898
 22.600000     -0.09351040
 22.700000     -0.09283451
 22.800000     -0.09273736
 22.900000     -0.09246899
 23.000000     -0.09096319
 23.100000     -0.09074048
 23.200000     -0.08805465
 23.300000     -0.08715313
 23.400000     -0.08458325
 23.500000     -0.08236934
 23.600000     -0.08252731
 23.700000     -0.08036541
 23.800000     -0.07912618
 23.900000     -0.07760886
 24.000000     -0.07491347
 24.100000     -0.07282350
 24.200000     -0.07293062
 24.300000     -0.07057204
 24.400000     -0.07088660
 24.500000     -0.07121291
 24.600000     -0.06940651
 24.700000     -0.07026578
 24.800000     -0.06928190
 24.900000     -0.07041022
 25.000000     -0.06997656
 25.100000     -0.06728443
 25.200000     -0.06856217
 25.300000     -0.06673293
 25.400000     -0.06478886
 25.500000     -0.06217914
 25.600000     -0.05876306
 25.700000     -0.05705728
 25.800000     -0.05219416
 25.900000     -0.05033288
 26.000000     -0.04573148
 26.100000     -0.04203514
 26.200000     -0.03929927
 26.300000     -0.03598119
 26.400000     -0.03636964
 26.500000     -0.03293731
 26.600000     -0.03007696
 26.700000     -0.03004926
 26.800000     -0.02836248
 26.900000     -0.02742753
 27.000000     -0.02662541
 27.100000     -0.02527523
 27.200000     -0.02553035
 27.300000     -0.02602454
 27.400000     -0.02657147
 27.500000     -0.02935296
 27.600000     -0.03054134
 27.700000     -0.03212694
 27.800000     -0.03362206
 27.900000     -0.03375914
 28.000000     -0.03462362
 28.100000     -0.03602258
 28.200000     -0.03791691
 28.300000     -0.04002662
 28.400000     -0.03990252
 28.500000     -0.04062320
 28.600000     -0.04227401
 28.700000     -0.04403231
 28.800000     -0.04520631
 28.900000     -0.04557938
 29.000000     -0.04538993
 29.100000     -0.04721757
 29.200000     -0.04981760
 29.300000     -0.05057593
 29.400000     -0.05114512
 29.500000     -0.04969414
 29.600000     -0.04991959
 29.700000     -0.05001385
 29.800000     -0.04756765
 29.900000     -0.04584411
 30.000000     -0.04257635
 30.100000     -0.03918433
 30.200000     -0.03614945
 30.300000     -0.03366409
 30.400000     -0.03125677
 30.500000     -0.02776139
 30.600000     -0.02508088
 30.700000     -0.02263197
 30.800000     -0.02028619
 30.900000     -0.01719584
 31.000000     -0.01493168
 31.100000     -0.01380093
 31.200000     -0.01259669
 31.300000     -0.01090818
 31.400000     -0.00981365
 31.500000     -0.00979423
 31.600000     -0.00757627
 31.700000     -0.00708962
 31.800000     -0.00751902
 31.900000     -0.00924822
 32.000000     -0.01203311
 32.100000     -0.01442734
 32.200000     -0.01677531
 32.300000     -0.01988539
 32.400000     -0.02421955
 32.500000     -0.02868385
 32.600000     -0.03192679
 32.700000     -0.03490860
 32.800000     -0.03784539
 32.900000     -0.04024935
 33.000000     -0.04227089
 33.100000     -0.04293892
 33.200000     -0.04254012
 33.300000     -0.04206194
 33.400000     -0.04132417
 33.500000     -0.04051206
 33.600000     -0.03929174
 33.700000     -0.03679581
 33.800000     -0.03414430
 33.900000     -0.03053772
 34.000000     -0.02750093
 34.100000     -0.02457412
 34.200000     -0.02115705
 34.300000     -0.01862132
 34.400000     -0.01646562
 34.500000     -0.01393170
 34.600000     -0.01152516
 34.700000     -0.00921795
 34.800000     -0.00744222
 34.900000     -0.00637355
 35.000000     -0.00498540
 35.100000     -0.00294521
 35.200000     -0.00122478
 35.300000     -0.00025545
 35.400000      0.00078966
 35.500000      0.00255732
 35.600000      0.00487209
 35.700000      0.00643951
 35.800000      0.00708803
 35.900000      0.00700786
 36.000000      0.00681674
 36.100000      0.00663037
 36.200000      0.00603403
 36.300000      0.00541904
 36.400000      0.00498861
 36.500000      0.00473257
 36.600000      0.00462313
 36.700000      0.00411166
 36.800000      0.00371855
 36.900000      0.00364713
 37.000000      0.00392122
 37.100000      0.00345951
 37.200000      0.00242735
 37.300000      0.00181643
 37.400000      0.00142445
 37.500000      0.00059082
 37.600000     -0.00098092
 37.700000     -0.00271846
 37.800000     -0.00344469
 37.900000     -0.00319252
 38.000000     -0.00293568
 38.100000     -0.00257428
 38.200000     -0.00180266
 38.300000     -0.00127578
 38.400000     -0.00081201
 38.500000     -0.00109207
 38.600000     -0.00151570
 38.700000     -0.00153578
 38.800000     -0.00128605
 38.900000     -0.00078139
 39.000000     -0.00039275
 39.100000     -0.00002698
 39.200000      0.00046334
 39.300000      0.00080543
 39.400000      0.00147954
 39.500000      0.00242652
 39.600000      0.00311735
 39.700000      0.00299213
 39.800000      0.00358176
 39.900000      0.00425515
