  0.000000     -0.03621398
  0.100000     -0.03612678
  0.200000     -0.03594534
  0.300000     -0.03619720
  0.400000     -0.03652766
  0.500000     -0.03784153
  0.600000     -0.03776506
  0.700000     -0.03743853
  0.800000     -0.03680107
  0.900000     -0.03685156
  1.000000     -0.03690823
  1.100000     -0.03684471
  1.200000     -0.03679080
  1.300000     -0.03662102
  1.400000     -0.03637525
  1.500000     -0.03847145
  1.600000     -0.03875648
  1.700000     -0.03981981
  1.800000     -0.03926281
  1.900000     -0.03906550
  2.000000     -0.03928609
  2.100000     -0.03921837
  2.200000     -0.03896214
  2.300000     -0.03869604
  2.400000     -0.03841604
  2.500000     -0.03798726
  2.600000     -0.03824203
  2.700000     -0.03806808
  2.800000     -0.03789693
  2.900000     -0.03788461
  3.000000     -0.03816885
  3.100000     -0.03835100
  3.200000     -0.03784609
  3.300000     -0.03765637
  3.400000     -0.03747023
  3.500000     -0.03729398
  3.600000     -0.03712997
  3.700000     -0.03698188
  3.800000     -0.03663093
  3.900000     -0.03693713
  4.000000     -0.03705876
  4.100000     -0.03697134
  4.200000     -0.03690868
  4.300000     -0.03701514
  4.400000     -0.03787929
  4.500000     -0.03791225
  4.600000     -0.03797991
  4.700000     -0.03808262
  4.800000     -0.03822259
  4.900000     -0.03840064
  5.000000     -0.03862011
  5.100000     -0.03889730
  5.200000     -0.03922023
  5.300000     -0.03958754
  5.400000     -0.03998376
  5.500000     -0.04021915
  5.600000     -0.04007451
  5.700000     -0.04056224
  5.800000     -0.04109486
  5.900000     -0.04166807
  6.000000     -0.04228097
  6.100000     -0.04293287
  6.200000     -0.04362307
  6.300000     -0.04435360
  6.400000     -0.04512762
  6.500000     -0.04594440
  6.600000     -0.04679672
  6.700000     -0.04769146
  6.800000     -0.04862018
  6.900000     -0.04997993
  7.000000     -0.05146554
  7.100000     -0.05248388
  7.200000     -0.05354544
  7.300000     -0.05465231
  7.400000     -0.05586126
  7.500000     -0.05738968
  7.600000     -0.05859623
  7.700000     -0.05985934
  7.800000     -0.06117885
  7.900000     -0.06255905
  8.000000     -0.06399881
  8.100000     -0.06549803
  8.200000     -0.06706257
  8.300000     -0.06868232
  8.400000     -0.07035808
  8.500000     -0.07208707
  8.600000     -0.07386728
  8.700000     -0.07569184
  8.800000     -0.07756567
  8.900000     -0.07948421
  9.000000     -0.08144496
  9.100000     -0.08344113
  9.200000     -0.08546539
  9.300000     -0.08752155
  9.400000     -0.08960989
  9.500000     -0.09172403
  9.600000     -0.09386287
  9.700000     -0.09602564
  9.800000     -0.09820367
  9.900000     -0.10039205
 10.000000     -0.10257630
 10.100000     -0.10475044
 10.200000     -0.10691375
 10.300000     -0.10906057
 10.400000     -0.11117984
 10.500000     -0.11326704
 10.600000     -0.11530741
 10.700000     -0.11728302
 10.800000     -0.11917559
 10.900000     -0.12097101
 11.000000     -0.12264479
 11.100000     -0.12418016
 11.200000     -0.12555604
 11.300000     -0.12674874
 11.400000     -0.12773677
 11.500000     -0.12849219
 11.600000     -0.12899932
 11.700000     -0.12922894
 11.800000     -0.12916112
 11.900000     -0.12876570
 12.000000     -0.12802488
 12.100000     -0.12691593
 12.200000     -0.12541571
 12.300000     -0.12349951
 12.400000     -0.12114881
 12.500000     -0.11834236
 12.600000     -0.11505737
 12.700000     -0.11126802
 12.800000     -0.10695920
 12.900000     -0.10210765
 13.000000     -0.09669175
 13.100000     -0.09068511
 13.200000     -0.08406627
 13.300000     -0.07681871
 13.400000     -0.06891136
 13.500000     -0.06032207
 13.600000     -0.05103035
 13.700000     -0.04102161
 13.800000     -0.03026787
 13.900000     -0.01875461
 14.000000     -0.00646412
 14.100000      0.00661424
 14.200000      0.02049888
 14.300000      0.03519995
 14.400000      0.05071646
 14.500000      0.06705512
 14.600000      0.08421621
 14.700000      0.10220255
 14.800000      0.12100597
 14.900000      0.14061616
 15.000000      0.16102248
 15.100000      0.18221096
 15.200000      0.20415335
 15.300000      0.22682192
 15.400000      0.25019271
 15.500000      0.27422636
 15.600000      0.29888764
 15.700000      0.32413203
 15.800000      0.34991424
 15.900000      0.37617880
 16.000000      0.40286624
 16.100000      0.42991294
 16.200000      0.45725771
 16.300000      0.48483459
 16.400000      0.51256856
 16.500000      0.54038561
 16.600000      0.56817520
 16.700000      0.59585135
 16.800000      0.62336190
 16.900000      0.65062164
 17.000000      0.67753769
 17.100000      0.70402065
 17.200000      0.72997271
 17.300000      0.75529677
 17.400000      0.77989404
 17.500000      0.80366471
 17.600000      0.82651287
 17.700000      0.84834479
 17.800000      0.86905198
 17.900000      0.88822738
 18.000000      0.90642404
 18.100000      0.92322565
 18.200000      0.93854946
 18.300000      0.95230851
 18.400000      0.96445254
 18.500000      0.97490509
 18.600000      0.98361591
 18.700000      0.99052375
 18.800000      0.99557937
 18.900000      0.99874869
 19.000000      1.00000000
 19.100000      0.99930057
 19.200000      0.99663980
 19.300000      0.99202157
 19.400000      0.98545724
 19.500000      0.97697363
 19.600000      0.96662881
 19.700000      0.95446364
 19.800000      0.94051464
 19.900000      0.92484272
 20.000000      0.90754005
 20.100000      0.88869184
 20.200000      0.86835761
 20.300000      0.84662504
 20.400000      0.82359330
 20.500000      0.79934204
 20.600000      0.77392440
 20.700000      0.74736588
 20.800000      0.71969354
 20.900000      0.69091522
 21.000000      0.66100729
 21.100000      0.62999770
 21.200000      0.59794996
 21.300000      0.56494061
 21.400000      0.53106998
 21.500000      0.49648276
 21.600000      0.46137782
 21.700000      0.42591678
 21.800000      0.39025697
 21.900000      0.35453030
 22.000000      0.31889305
 22.100000      0.28346614
 22.200000      0.24828949
 22.300000      0.21328958
 22.400000      0.17911434
 22.500000      0.14547860
 22.600000      0.11243929
 22.700000      0.08004674
 22.800000      0.04836002
 22.900000      0.01742766
 23.000000     -0.01269568
 23.100000     -0.04194200
 23.200000     -0.07025704
 23.300000     -0.09758491
 23.400000     -0.12387324
 23.500000     -0.14906474
 23.600000     -0.17314276
 23.700000     -0.19609583
 23.800000     -0.21789499
 23.900000     -0.23853142
 24.000000     -0.25802043
 24.100000     -0.27635817
 24.200000     -0.29351752
 24.300000     -0.30947760
 24.400000     -0.32426025
 24.500000     -0.33787579
 24.600000     -0.35032126
 24.700000     -0.36162502
 24.800000     -0.37176295
 24.900000     -0.38082799
 25.000000     -0.38883950
 25.100000     -0.39575953
 25.200000     -0.40167085
 25.300000     -0.40663838
 25.400000     -0.41068279
 25.500000     -0.41376397
 25.600000     -0.41595611
 25.700000     -0.41734013
 25.800000     -0.41793602
 25.900000     -0.41777313
 26.000000     -0.41692472
 26.100000     -0.41543145
 26.200000     -0.41331843
 26.300000     -0.41060670
 26.400000     -0.40736380
 26.500000     -0.40363036
 26.600000     -0.39943080
 26.700000     -0.39479290
 26.800000     -0.38976753
 26.900000     -0.38438437
 27.000000     -0.37865584
 27.100000     -0.37229435
 27.200000     -0.36552779
 27.300000     -0.35885354
 27.400000     -0.35195311
 27.500000     -0.34484838
 27.600000     -0.33756724
 27.700000     -0.33013101
 27.800000     -0.32251523
 27.900000     -0.31474606
 28.000000     -0.30689861
 28.100000     -0.29898789
 28.200000     -0.29103832
 28.300000     -0.28307064
 28.400000     -0.27510453
 28.500000     -0.26715219
 28.600000     -0.25923820
 28.700000     -0.25138069
 28.800000     -0.24347315
 28.900000     -0.23562156
 29.000000     -0.22786323
 29.100000     -0.22019359
 29.200000     -0.21261495
 29.300000     -0.20516361
 29.400000     -0.19785483
 29.500000     -0.19070413
 29.600000     -0.18369934
 29.700000     -0.17684313
 29.800000     -0.17014166
 29.900000     -0.16361358
 30.000000     -0.15723979
 30.100000     -0.15102288
 30.200000     -0.14496613
 30.300000     -0.13908011
 30.400000     -0.13334733
 30.500000     -0.12777320
 30.600000     -0.12235605
 30.700000     -0.11610544
 30.800000     -0.11102231
 30.900000     -0.10609143
 31.000000     -0.10131875
 31.100000     -0.09670876
 31.200000     -0.09224873
 31.300000     -0.08793960
 31.400000     -0.08378616
 31.500000     -0.07524778
 31.600000     -0.06852820
 31.700000     -0.06473727
 31.800000     -0.06110122
 31.900000     -0.05762755
 32.000000     -0.05430860
 32.100000     -0.04982326
 32.200000     -0.04648071
 32.300000     -0.04363839
 32.400000     -0.04095935
 32.500000     -0.03844459
 32.600000     -0.03609710
 32.700000     -0.03392767
 32.800000     -0.03192582
 32.900000     -0.03009287
 33.000000     -0.02842214
 33.100000     -0.02692528
 33.200000     -0.02767562
 33.300000     -0.02820636
 33.400000     -0.02728929
 33.500000     -0.02652867
 33.600000     -0.02590919
 33.700000     -0.02543531
 33.800000     -0.02509998
 33.900000     -0.02490204
 34.000000     -0.02670591
 34.100000     -0.02754019
 34.200000     -0.02762929
 34.300000     -0.02779420
 34.400000     -0.02806641
 34.500000     -0.02813650
 34.600000     -0.02582210
 34.700000     -0.02642226
 34.800000     -0.02714206
 34.900000     -0.02797801
 35.000000     -0.02892530
 35.100000     -0.03001451
 35.200000     -0.03124327
 35.300000     -0.03257660
 35.400000     -0.03403467
 35.500000     -0.03562592
 35.600000     -0.03735348
 35.700000     -0.03921387
 35.800000     -0.04067548
 35.900000     -0.04163984
 36.000000     -0.04259056
 36.100000     -0.04350071
 36.200000     -0.04409612
 36.300000     -0.04463068
 36.400000     -0.04460000
 36.500000     -0.04381763
 36.600000     -0.04300293
 36.700000     -0.04115072
 36.800000     -0.04068822
 36.900000     -0.04149634
 37.000000     -0.04240809
 37.100000     -0.04327029
 37.200000     -0.04206144
 37.300000     -0.04302803
 37.400000     -0.04423672
 37.500000     -0.04532970
 37.600000     -0.04642488
 37.700000     -0.04765415
 37.800000     -0.04608595
 37.900000     -0.04723687
 38.000000     -0.04868501
 38.100000     -0.05009687
 38.200000     -0.05159562
 38.300000     -0.05315420
 38.400000     -0.05484153
 38.500000     -0.05612545
 38.600000     -0.05558190
 38.700000     -0.05476966
 38.800000     -0.05641647
 38.900000     -0.05871953
 39.000000     -0.06117006
 39.100000     -0.06376377
 39.200000     -0.06646851
 39.300000     -0.06930824
 39.400000     -0.07228592
 39.500000     -0.07533681
 39.600000     -0.07799023
 39.700000     -0.08066460
 39.800000     -0.08208050
 39.900000     -0.08357430
