  0.000000      0.03362599
  0.100000      0.03160879
  0.200000      0.02975626
  0.300000      0.02804886
  0.400000      0.02643423
  0.500000      0.02500506
  0.600000      0.02380410
  0.700000      0.02291182
  0.800000      0.02198765
  0.900000      0.02112135
  1.000000      0.02000565
  1.100000      0.01900133
  1.200000      0.01814915
  1.300000      0.01736134
  1.400000      0.01642883
  1.500000      0.01529744
  1.600000      0.01404941
  1.700000      0.01281915
  1.800000      0.01206980
  1.900000      0.01185063
  2.000000      0.01178548
  2.100000      0.01164620
  2.200000      0.01129529
  2.300000      0.01094811
  2.400000      0.01031428
  2.500000      0.00892804
  2.600000      0.00691647
  2.700000      0.00441985
  2.800000      0.00151979
  2.900000     -0.00142451
  3.000000     -0.00444714
  3.100000     -0.00780273
  3.200000     -0.01125983
  3.300000     -0.01489066
  3.400000     -0.01830346
  3.500000     -0.02109266
  3.600000     -0.02383812
  3.700000     -0.02622967
  3.800000     -0.02811526
  3.900000     -0.02983955
  4.000000     -0.03124273
  4.100000     -0.03241325
  4.200000     -0.03340416
  4.300000     -0.03381705
  4.400000     -0.03353575
  4.500000     -0.03277730
  4.600000     -0.03191951
  4.700000     -0.03086582
  4.800000     -0.02909804
  4.900000     -0.02724915
  5.000000     -0.02495974
  5.100000     -0.02241333
  5.200000     -0.01975632
  5.300000     -0.01648216
  5.400000     -0.01244560
  5.500000     -0.00788571
  5.600000     -0.00277380
  5.700000      0.00260005
  5.800000      0.00882065
  5.900000      0.01549045
  6.000000      0.02256363
  6.100000      0.02972718
  6.200000      0.03646439
  6.300000      0.04346491
  6.400000      0.05115964
  6.500000      0.05955872
  6.600000      0.06909586
  6.700000      0.07957197
  6.800000      0.09140361
  6.900000      0.10489710
  7.000000      0.11970926
  7.100000      0.13626302
  7.200000      0.15541652
  7.300000      0.17689325
  7.400000      0.20038416
  7.500000      0.22575958
  7.600000      0.25282563
  7.700000      0.28263502
  7.800000      0.31783923
  7.900000      0.35349722
  8.000000      0.38987471
  8.100000      0.42716743
  8.200000      0.46618475
  8.300000      0.50935606
  8.400000      0.55103854
  8.500000      0.59160510
  8.600000      0.63210933
  8.700000      0.67075179
  8.800000      0.70619781
  8.900000      0.74107991
  9.000000      0.77450027
  9.100000      0.80360031
  9.200000      0.82824591
  9.300000      0.85217897
  9.400000      0.87493457
  9.500000      0.89764440
  9.600000      0.91603167
  9.700000      0.93183834
  9.800000      0.94451873
  9.900000      0.95770001
 10.000000      0.97261048
 10.100000      0.98690381
 10.200000      0.99768353
 10.300000      1.00000000
 10.400000      0.99633083
 10.500000      0.99231406
 10.600000      0.98636940
 10.700000      0.97982074
 10.800000      0.97246618
 10.900000      0.96290772
 11.000000      0.95085492
 11.100000      0.93565170
 11.200000      0.91853814
 11.300000      0.89818259
 11.400000      0.87862137
 11.500000      0.85988429
 11.600000      0.84001930
 11.700000      0.81784623
 11.800000      0.79595460
 11.900000      0.77197063
 12.000000      0.74725488
 12.100000      0.72265778
 12.200000      0.69670674
 12.300000      0.66882293
 12.400000      0.64054445
 12.500000      0.61456937
 12.600000      0.58918299
 12.700000      0.56245683
 12.800000      0.53626587
 12.900000      0.51347052
 13.000000      0.48972663
 13.100000      0.46303624
 13.200000      0.43936306
 13.300000      0.41385423
 13.400000      0.38719628
 13.500000      0.35941190
 13.600000      0.33387208
 13.700000      0.30830863
 13.800000      0.28499575
 13.900000      0.26253515
 14.000000      0.23796043
 14.100000      0.21315405
 14.200000      0.18692523
 14.300000      0.15972318
 14.400000      0.14262635
 14.500000      0.11959422
 14.600000      0.09773578
 14.700000      0.07431571
 14.800000      0.05049766
 14.900000      0.02607889
 15.000000      0.00300460
 15.100000     -0.01968398
 15.200000     -0.04580179
 15.300000     -0.06766943
 15.400000     -0.08828490
 15.500000     -0.10632761
 15.600000     -0.12094543
 15.700000     -0.13023510
 15.800000     -0.11706245
 15.900000     -0.11138658
 16.000000     -0.12684755
 16.100000     -0.14033872
 16.200000     -0.15436397
 16.300000     -0.16963718
 16.400000     -0.18520106
 16.500000     -0.19812262
 16.600000     -0.20553422
 16.700000     -0.20757289
 16.800000     -0.20806519
 16.900000     -0.19813578
 17.000000     -0.20461024
 17.100000     -0.21522383
 17.200000     -0.22653468
 17.300000     -0.23514924
 17.400000     -0.24034900
 17.500000     -0.24375097
 17.600000     -0.24567537
 17.700000     -0.24710834
 17.800000     -0.24772699
 17.900000     -0.24993050
 18.000000     -0.25081326
 18.100000     -0.25114201
 18.200000     -0.25047496
 18.300000     -0.24963720
 18.400000     -0.24963610
 18.500000     -0.25076636
 18.600000     -0.25219547
 18.700000     -0.25526681
 18.800000     -0.25957777
 18.900000     -0.26429276
 19.000000     -0.26731497
 19.100000     -0.26827574
 19.200000     -0.26837804
 19.300000     -0.26723512
 19.400000     -0.26559691
 19.500000     -0.26292912
 19.600000     -0.26002009
 19.700000     -0.25775022
 19.800000     -0.25626134
 19.900000     -0.25462680
 20.000000     -0.25303728
 20.100000     -0.25197327
 20.200000     -0.25123301
 20.300000     -0.25074611
 20.400000     -0.24972333
 20.500000     -0.24758442
 20.600000     -0.24545185
 20.700000     -0.24329739
 20.800000     -0.24101118
 20.900000     -0.23810826
 21.000000     -0.23409072
 21.100000     -0.22934316
 21.200000     -0.22457798
 21.300000     -0.21997319
 21.400000     -0.21526362
 21.500000     -0.21072999
 21.600000     -0.20704334
 21.700000     -0.20494591
 21.800000     -0.20446863
 21.900000     -0.20400061
 22.000000     -0.20333627
 22.100000     -0.20134226
 22.200000     -0.19819723
 22.300000     -0.19402095
 22.400000     -0.18788481
 22.500000     -0.18047900
 22.600000     -0.17281387
 22.700000     -0.16554017
 22.800000     -0.15868294
 22.900000     -0.15291249
 23.000000     -0.14883876
 23.100000     -0.14633451
 23.200000     -0.14409460
 23.300000     -0.13982851
 23.400000     -0.13362528
 23.500000     -0.12720738
 23.600000     -0.12039327
 23.700000     -0.11363880
 23.800000     -0.10765044
 23.900000     -0.10197078
 24.000000     -0.09683614
 24.100000     -0.09187391
 24.200000     -0.08696226
 24.300000     -0.08203221
 24.400000     -0.07756652
 24.500000     -0.07369867
 24.600000     -0.07019881
 24.700000     -0.06742670
 24.800000     -0.06506696
 24.900000     -0.06269600
 25.000000     -0.06038733
 25.100000     -0.05808083
 25.200000     -0.05584635
 25.300000     -0.05408794
 25.400000     -0.05215365
 25.500000     -0.05035149
 25.600000     -0.04861043
 25.700000     -0.04670680
 25.800000     -0.04454749
 25.900000     -0.04230237
 26.000000     -0.04038134
 26.100000     -0.03881788
 26.200000     -0.03787137
 26.300000     -0.03766472
 26.400000     -0.03768961
 26.500000     -0.03830263
 26.600000     -0.03886272
 26.700000     -0.03960593
 26.800000     -0.04035472
 26.900000     -0.04044063
 27.000000     -0.04039943
 27.100000     -0.04004785
 27.200000     -0.03925442
 27.300000     -0.03849675
 27.400000     -0.03757133
 27.500000     -0.03692692
 27.600000     -0.03657990
 27.700000     -0.03669201
 27.800000     -0.03733009
 27.900000     -0.03789604
 28.000000     -0.03862547
 28.100000     -0.03935810
 28.200000     -0.04051364
 28.300000     -0.04193271
 28.400000     -0.04383197
 28.500000     -0.04609941
 28.600000     -0.04894115
 28.700000     -0.05238596
 28.800000     -0.05604338
 28.900000     -0.05944278
 29.000000     -0.06231326
 29.100000     -0.06452460
 29.200000     -0.06596761
 29.300000     -0.06709792
 29.400000     -0.06789929
 29.500000     -0.06835264
 29.600000     -0.06853922
 29.700000     -0.06840330
 29.800000     -0.06846341
 29.900000     -0.06834658
 30.000000     -0.06803479
 30.100000     -0.06725908
 30.200000     -0.06587082
 30.300000     -0.06442643
 30.400000     -0.06283942
 30.500000     -0.06125979
 30.600000     -0.05939258
 30.700000     -0.05754290
 30.800000     -0.05564315
 30.900000     -0.05423898
 31.000000     -0.05305476
 31.100000     -0.05211850
 31.200000     -0.05148877
 31.300000     -0.05165508
 31.400000     -0.05267094
 31.500000     -0.05459385
 31.600000     -0.05698799
 31.700000     -0.05945568
 31.800000     -0.06184401
 31.900000     -0.06376633
 32.000000     -0.06515855
 32.100000     -0.06620172
 32.200000     -0.06750420
 32.300000     -0.06913989
 32.400000     -0.07076203
 32.500000     -0.07201766
 32.600000     -0.07277745
 32.700000     -0.07335560
 32.800000     -0.07366806
 32.900000     -0.07331748
 33.000000     -0.07276902
 33.100000     -0.07223361
 33.200000     -0.07174964
 33.300000     -0.07148617
 33.400000     -0.07150347
 33.500000     -0.07157135
 33.600000     -0.07168125
 33.700000     -0.07169610
 33.800000     -0.07155048
 33.900000     -0.07145534
 34.000000     -0.07125351
 34.100000     -0.07084364
 34.200000     -0.07074731
 34.300000     -0.07051139
 34.400000     -0.07100432
 34.500000     -0.07189988
 34.600000     -0.07253269
 34.700000     -0.07298207
 34.800000     -0.07316481
 34.900000     -0.07334718
 35.000000     -0.07354541
 35.100000     -0.07377886
 35.200000     -0.07413854
 35.300000     -0.07387290
 35.400000     -0.07297923
 35.500000     -0.07118581
 35.600000     -0.06873025
 35.700000     -0.06668913
 35.800000     -0.06416928
 35.900000     -0.06183364
 36.000000     -0.05936824
 36.100000     -0.05678140
 36.200000     -0.05430209
 36.300000     -0.05171615
 36.400000     -0.04926157
 36.500000     -0.04676025
 36.600000     -0.04411627
 36.700000     -0.04163740
 36.800000     -0.03924866
 36.900000     -0.03693972
 37.000000     -0.03471699
 37.100000     -0.03235496
 37.200000     -0.03031702
 37.300000     -0.02851488
 37.400000     -0.02701574
 37.500000     -0.02563069
 37.600000     -0.02462179
 37.700000     -0.02392711
 37.800000     -0.02341190
 37.900000     -0.02310875
 38.000000     -0.02277337
 38.100000     -0.02280682
 38.200000     -0.02304934
 38.300000     -0.02356751
 38.400000     -0.02438930
 38.500000     -0.02542448
 38.600000     -0.02647108
 38.700000     -0.02740124
 38.800000     -0.02818895
 38.900000     -0.02896304
 39.000000     -0.02983730
 39.100000     -0.03077620
 39.200000     -0.03193438
 39.300000     -0.03313888
 39.400000     -0.03423850
 39.500000     -0.03540513
 39.600000     -0.03650555
 39.700000     -0.03735791
 39.800000     -0.03810616
 39.900000     -0.03861124
