  0.000000      0.00451710
  0.100000      0.00487477
  0.200000      0.00506766
  0.300000      0.00568002
  0.400000      0.00648555
  0.500000      0.00745759
  0.600000      0.00885886
  0.700000      0.01013101
  0.800000      0.01113084
  0.900000      0.01180566
  1.000000      0.01269704
  1.100000      0.01364505
  1.200000      0.01395125
  1.300000      0.01421189
  1.400000      0.01448616
  1.500000      0.01521152
  1.600000      0.01583255
  1.700000      0.01626781
  1.800000      0.01680232
  1.900000      0.01754202
  2.000000      0.01817951
  2.100000      0.01906676
  2.200000      0.01997781
  2.300000      0.02052159
  2.400000      0.02048470
  2.500000      0.02088749
  2.600000      0.02138785
  2.700000      0.02149552
  2.800000      0.02160192
  2.900000      0.02192977
  3.000000      0.02156398
  3.100000      0.02109212
  3.200000      0.02085725
  3.300000      0.02040851
  3.400000      0.01821707
  3.500000      0.01769561
  3.600000      0.01812457
  3.700000      0.01836396
  3.800000      0.01833201
  3.900000      0.01834618
  4.000000      0.01855221
  4.100000      0.01871681
  4.200000      0.01875371
  4.300000      0.01844779
  4.400000      0.01825080
  4.500000      0.01845677
  4.600000      0.01808073
  4.700000      0.01769951
  4.800000      0.01750169
  4.900000      0.01745914
  5.000000      0.01749464
  5.100000      0.01782849
  5.200000      0.01801381
  5.300000      0.01825567
  5.400000      0.01846588
  5.500000      0.01839902
  5.600000      0.01807995
  5.700000      0.01724160
  5.800000      0.01710023
  5.900000      0.01766745
  6.000000      0.01797453
  6.100000      0.01796833
  6.200000      0.01820737
  6.300000      0.01856824
  6.400000      0.01919092
  6.500000      0.01965963
  6.600000      0.02066678
  6.700000      0.02182451
  6.800000      0.02341495
  6.900000      0.02489925
  7.000000      0.02609063
  7.100000      0.02694285
  7.200000      0.02784992
  7.300000      0.02926693
  7.400000      0.03027640
  7.500000      0.03163576
  7.600000      0.03303584
  7.700000      0.03448291
  7.800000      0.03579858
  7.900000      0.03647478
  8.000000      0.03752138
  8.100000      0.03813272
  8.200000      0.03888286
  8.300000      0.03860562
  8.400000      0.03852832
  8.500000      0.03857726
  8.600000      0.03816740
  8.700000      0.03764577
  8.800000      0.03665245
  8.900000      0.03497952
  9.000000      0.03315362
  9.100000      0.03041619
  9.200000      0.02736357
  9.300000      0.02406753
  9.400000      0.02033068
  9.500000      0.01656550
  9.600000      0.01332959
  9.700000      0.01058500
  9.800000      0.00840045
  9.900000      0.00624598
 10.000000      0.00380913
 10.100000      0.00204736
 10.200000     -0.00022765
 10.300000     -0.00457498
 10.400000     -0.00948093
 10.500000     -0.01422476
 10.600000     -0.01840201
 10.700000     -0.02248016
 10.800000     -0.02840418
 10.900000     -0.03455016
 11.000000     -0.04176864
 11.100000     -0.04936362
 11.200000     -0.05706823
 11.300000     -0.06559054
 11.400000     -0.07437005
 11.500000     -0.08206159
 11.600000     -0.08642605
 11.700000     -0.08915546
 11.800000     -0.09044218
 11.900000     -0.09118524
 12.000000     -0.09191277
 12.100000     -0.09159445
 12.200000     -0.08982814
 12.300000     -0.08633415
 12.400000     -0.07994836
 12.500000     -0.07058118
 12.600000     -0.05824717
 12.700000     -0.04157213
 12.800000     -0.02034686
 12.900000      0.00582347
 13.000000      0.03928946
 13.100000      0.07863867
 13.200000      0.12398023
 13.300000      0.17258015
 13.400000      0.22241728
 13.500000      0.28311399
 13.600000      0.34668824
 13.700000      0.41196136
 13.800000      0.47793612
 13.900000      0.54457010
 14.000000      0.61026146
 14.100000      0.67500158
 14.200000      0.73609882
 14.300000      0.79270215
 14.400000      0.84315706
 14.500000      0.88785728
 14.600000      0.92557034
 14.700000      0.95607578
 14.800000      0.97943550
 14.900000      0.99371049
 15.000000      1.00000000
 15.100000      0.99715051
 15.200000      0.98587290
 15.300000      0.96519749
 15.400000      0.93529785
 15.500000      0.89482815
 15.600000      0.84540888
 15.700000      0.78817071
 15.800000      0.72311429
 15.900000      0.65208813
 16.000000      0.57554065
 16.100000      0.49437330
 16.200000      0.40958902
 16.300000      0.32335259
 16.400000      0.23768282
 16.500000      0.15533516
 16.600000      0.07841438
 16.700000      0.00730476
 16.800000     -0.05754715
 16.900000     -0.11562713
 17.000000     -0.16867073
 17.100000     -0.21526333
 17.200000     -0.25514039
 17.300000     -0.28871066
 17.400000     -0.31617932
 17.500000     -0.33805482
 17.600000     -0.35463787
 17.700000     -0.36741317
 17.800000     -0.37521644
 17.900000     -0.38018944
 18.000000     -0.38162724
 18.100000     -0.38194033
 18.200000     -0.38161044
 18.300000     -0.37956995
 18.400000     -0.37613661
 18.500000     -0.36985398
 18.600000     -0.36288427
 18.700000     -0.35269872
 18.800000     -0.34023391
 18.900000     -0.32675777
 19.000000     -0.31314333
 19.100000     -0.30091789
 19.200000     -0.28938653
 19.300000     -0.27747938
 19.400000     -0.26557983
 19.500000     -0.25288094
 19.600000     -0.23931540
 19.700000     -0.22676285
 19.800000     -0.21522915
 19.900000     -0.20572518
 20.000000     -0.19724865
 20.100000     -0.18953944
 20.200000     -0.18230094
 20.300000     -0.17571396
 20.400000     -0.16968531
 20.500000     -0.16472682
 20.600000     -0.16005544
 20.700000     -0.15539119
 20.800000     -0.15115417
 20.900000     -0.14797237
 21.000000     -0.14628512
 21.100000     -0.14594142
 21.200000     -0.14639066
 21.300000     -0.14679205
 21.400000     -0.14829893
 21.500000     -0.14964106
 21.600000     -0.15082196
 21.700000     -0.15232821
 21.800000     -0.15441689
 21.900000     -0.15712692
 22.000000     -0.16026271
 22.100000     -0.16373947
 22.200000     -0.16844901
 22.300000     -0.17254328
 22.400000     -0.17778443
 22.500000     -0.18357555
 22.600000     -0.18949371
 22.700000     -0.19506665
 22.800000     -0.20135675
 22.900000     -0.20584562
 23.000000     -0.20826767
 23.100000     -0.20934668
 23.200000     -0.20960354
 23.300000     -0.20967282
 23.400000     -0.20907319
 23.500000     -0.20885339
 23.600000     -0.20941312
 23.700000     -0.20991008
 23.800000     -0.20973016
 23.900000     -0.20991967
 24.000000     -0.20997367
 24.100000     -0.20977152
 24.200000     -0.20825857
 24.300000     -0.20541510
 24.400000     -0.20111462
 24.500000     -0.19632143
 24.600000     -0.19193183
 24.700000     -0.18843550
 24.800000     -0.18625138
 24.900000     -0.18429571
 25.000000     -0.18234479
 25.100000     -0.18045039
 25.200000     -0.17923482
 25.300000     -0.17691461
 25.400000     -0.17463872
 25.500000     -0.17204714
 25.600000     -0.16901984
 25.700000     -0.16599221
 25.800000     -0.16298153
 25.900000     -0.15903712
 26.000000     -0.15540420
 26.100000     -0.15230809
 26.200000     -0.14958779
 26.300000     -0.14754614
 26.400000     -0.14458605
 26.500000     -0.14138748
 26.600000     -0.13843887
 26.700000     -0.13682149
 26.800000     -0.13484639
 26.900000     -0.13265020
 27.000000     -0.13087565
 27.100000     -0.12854592
 27.200000     -0.12577682
 27.300000     -0.12207796
 27.400000     -0.11772072
 27.500000     -0.11340163
 27.600000     -0.10896469
 27.700000     -0.10438454
 27.800000     -0.10018760
 27.900000     -0.09623207
 28.000000     -0.09254348
 28.100000     -0.08877918
 28.200000     -0.08475598
 28.300000     -0.08140518
 28.400000     -0.07764319
 28.500000     -0.07372543
 28.600000     -0.06995763
 28.700000     -0.06666226
 28.800000     -0.06327772
 28.900000     -0.06083463
 29.000000     -0.05938914
 29.100000     -0.05855711
 29.200000     -0.05727688
 29.300000     -0.05628244
 29.400000     -0.05542643
 29.500000     -0.05530759
 29.600000     -0.05521811
 29.700000     -0.05420214
 29.800000     -0.05232997
 29.900000     -0.05114968
 30.000000     -0.05000468
 30.100000     -0.04815794
 30.200000     -0.04657196
 30.300000     -0.04486550
 30.400000     -0.04293576
 30.500000     -0.04101452
 30.600000     -0.03943257
 30.700000     -0.03855412
 30.800000     -0.03749998
 30.900000     -0.03727303
 31.000000     -0.03739741
 31.100000     -0.03757533
 31.200000     -0.03797173
 31.300000     -0.03891945
 31.400000     -0.03934923
 31.500000     -0.03980472
 31.600000     -0.03926201
 31.700000     -0.03806775
 31.800000     -0.03644143
 31.900000     -0.03499186
 32.000000     -0.03453116
 32.100000     -0.03505476
 32.200000     -0.03776943
 32.300000     -0.03854753
 32.400000     -0.03457184
 32.500000     -0.03149486
 32.600000     -0.02915696
 32.700000     -0.02649406
 32.800000     -0.02438212
 32.900000     -0.02262069
 33.000000     -0.02018549
 33.100000     -0.01762372
 33.200000     -0.01620363
 33.300000     -0.01518768
 33.400000     -0.01427963
 33.500000     -0.01350683
 33.600000     -0.01325913
 33.700000     -0.01364792
 33.800000     -0.01457623
 33.900000     -0.01561561
 34.000000     -0.01656698
 34.100000     -0.01762580
 34.200000     -0.01936446
 34.300000     -0.02086193
 34.400000     -0.02094451
 34.500000     -0.02053123
 34.600000     -0.02019977
 34.700000     -0.01986181
 34.800000     -0.01880793
 34.900000     -0.01714857
 35.000000     -0.01531887
 35.100000     -0.01389359
 35.200000     -0.01251196
 35.300000     -0.01145711
 35.400000     -0.01068244
 35.500000     -0.01013234
 35.600000     -0.00968326
 35.700000     -0.00896134
 35.800000     -0.00776048
 35.900000     -0.00629501
 36.000000     -0.00461117
 36.100000     -0.00348480
 36.200000     -0.00331272
 36.300000     -0.00322117
 36.400000     -0.00346039
 36.500000     -0.00397444
 36.600000     -0.00471553
 36.700000     -0.00535923
 36.800000     -0.00528752
 36.900000     -0.00476043
 37.000000     -0.00431714
 37.100000     -0.00375067
 37.200000     -0.00298924
 37.300000     -0.00206153
 37.400000     -0.00130018
 37.500000     -0.00086406
 37.600000     -0.00022815
 37.700000      0.00048365
 37.800000      0.00151822
 37.900000      0.00260162
 38.000000      0.00391630
 38.100000      0.00492955
 38.200000      0.00578060
 38.300000      0.00656225
 38.400000      0.00754301
 38.500000      0.00816988
 38.600000      0.00830175
 38.700000      0.00837683
 38.800000      0.00811886
 38.900000      0.00726103
 39.000000      0.00639213
 39.100000      0.00577684
 39.200000      0.00543483
 39.300000      0.00534531
 39.400000      0.00523736
 39.500000      0.00477293
 39.600000      0.00454293
 39.700000      0.00443176
 39.800000      0.00445579
 39.900000      0.00399855
