  0.000000     -0.02097683
  0.100000     -0.02066663
  0.200000     -0.02029544
  0.300000     -0.01989192
  0.400000     -0.01953732
  0.500000     -0.01930144
  0.600000     -0.01900419
  0.700000     -0.01865267
  0.800000     -0.01824686
  0.900000     -0.01789561
  1.000000     -0.01759499
  1.100000     -0.01731489
  1.200000     -0.01698589
  1.300000     -0.01678467
  1.400000     -0.01676952
  1.500000     -0.01680966
  1.600000     -0.01692003
  1.700000     -0.01717247
  1.800000     -0.01761064
  1.900000     -0.01802901
  2.000000     -0.01838532
  2.100000     -0.01881118
  2.200000     -0.01921855
  2.300000     -0.01962372
  2.400000     -0.02012184
  2.500000     -0.02063766
  2.600000     -0.02107335
  2.700000     -0.02147575
  2.800000     -0.02196723
  2.900000     -0.02233586
  3.000000     -0.02255219
  3.100000     -0.02274588
  3.200000     -0.02298825
  3.300000     -0.02325539
  3.400000     -0.02338317
  3.500000     -0.02348898
  3.600000     -0.02343178
  3.700000     -0.02330443
  3.800000     -0.02336280
  3.900000     -0.02336030
  4.000000     -0.02337862
  4.100000     -0.02324571
  4.200000     -0.02303205
  4.300000     -0.02286362
  4.400000     -0.02270879
  4.500000     -0.02267157
  4.600000     -0.02261005
  4.700000     -0.02251560
  4.800000     -0.02249962
  4.900000     -0.02258002
  5.000000     -0.02249276
  5.100000     -0.02233803
  5.200000     -0.02231233
  5.300000     -0.02227782
  5.400000     -0.02217885
  5.500000     -0.02247446
  5.600000     -0.02239599
  5.700000     -0.02168234
  5.800000     -0.02137594
  5.900000     -0.02086811
  6.000000     -0.02023173
  6.100000     -0.01979567
  6.200000     -0.01935423
  6.300000     -0.01883679
  6.400000     -0.01825151
  6.500000     -0.01779402
  6.600000     -0.01731868
  6.700000     -0.01676852
  6.800000     -0.01629544
  6.900000     -0.01600975
  7.000000     -0.01616960
  7.100000     -0.01676123
  7.200000     -0.01604212
  7.300000     -0.01527227
  7.400000     -0.01506422
  7.500000     -0.01472216
  7.600000     -0.01428382
  7.700000     -0.01398595
  7.800000     -0.01370211
  7.900000     -0.01350460
  8.000000     -0.01304889
  8.100000     -0.01219508
  8.200000     -0.01152732
  8.300000     -0.01107232
  8.400000     -0.01037512
  8.500000     -0.00987238
  8.600000     -0.01096201
  8.700000     -0.01082500
  8.800000     -0.00974069
  8.900000     -0.00953914
  9.000000     -0.00904908
  9.100000     -0.00867998
  9.200000     -0.00845246
  9.300000     -0.00826319
  9.400000     -0.00829250
  9.500000     -0.00820072
  9.600000     -0.00815995
  9.700000     -0.00801326
  9.800000     -0.00754683
  9.900000     -0.00739089
 10.000000     -0.00724468
 10.100000     -0.00726918
 10.200000     -0.00786533
 10.300000     -0.00776576
 10.400000     -0.00799071
 10.500000     -0.00827845
 10.600000     -0.00866571
 10.700000     -0.00920750
 10.800000     -0.00987829
 10.900000     -0.01037617
 11.000000     -0.01098835
 11.100000     -0.01176175
 11.200000     -0.01235088
 11.300000     -0.01320035
 11.400000     -0.01443573
 11.500000     -0.01555013
 11.600000     -0.01671304
 11.700000     -0.01734213
 11.800000     -0.01846352
 11.900000     -0.01990405
 12.000000     -0.02097641
 12.100000     -0.02209657
 12.200000     -0.02300981
 12.300000     -0.02359641
 12.400000     -0.02410799
 12.500000     -0.02415982
 12.600000     -0.02361039
 12.700000     -0.02257843
 12.800000     -0.02156092
 12.900000     -0.02047834
 13.000000     -0.01933771
 13.100000     -0.01829986
 13.200000     -0.01650505
 13.300000     -0.01480658
 13.400000     -0.01441688
 13.500000     -0.01317138
 13.600000     -0.01254223
 13.700000     -0.01214588
 13.800000     -0.01136419
 13.900000     -0.01048138
 14.000000     -0.00938706
 14.100000     -0.00759549
 14.200000     -0.00581129
 14.300000     -0.00390012
 14.400000     -0.00180233
 14.500000      0.00029036
 14.600000      0.00253408
 14.700000      0.00492779
 14.800000      0.00866962
 14.900000      0.01200355
 15.000000      0.01570086
 15.100000      0.02025761
 15.200000      0.02432248
 15.300000      0.02845535
 15.400000      0.03303982
 15.500000      0.03805573
 15.600000      0.04346951
 15.700000      0.04967413
 15.800000      0.05678022
 15.900000      0.06473502
 16.000000      0.07364978
 16.100000      0.08341721
 16.200000      0.09425545
 16.300000      0.10690948
 16.400000      0.12061087
 16.500000      0.13516776
 16.600000      0.15275372
 16.700000      0.17060122
 16.800000      0.18975050
 16.900000      0.21088582
 17.000000      0.23372951
 17.100000      0.25877410
 17.200000      0.28563363
 17.300000      0.31471606
 17.400000      0.34603831
 17.500000      0.37932951
 17.600000      0.41470735
 17.700000      0.45152944
 17.800000      0.48906924
 17.900000      0.52731340
 18.000000      0.56570839
 18.100000      0.60448947
 18.200000      0.64305409
 18.300000      0.68078877
 18.400000      0.71796026
 18.500000      0.75311846
 18.600000      0.78673699
 18.700000      0.81792164
 18.800000      0.84664988
 18.900000      0.87274705
 19.000000      0.89552394
 19.100000      0.91596000
 19.200000      0.93367084
 19.300000      0.94890629
 19.400000      0.96190168
 19.500000      0.97271762
 19.600000      0.98202048
 19.700000      0.98931743
 19.800000      0.99464250
 19.900000      0.99843541
 20.000000      1.00000000
 20.100000      0.99937202
 20.200000      0.99666876
 20.300000      0.99219770
 20.400000      0.98581578
 20.500000      0.97818918
 20.600000      0.96902077
 20.700000      0.95811098
 20.800000      0.94608823
 20.900000      0.93379855
 21.000000      0.92074098
 21.100000      0.90812402
 21.200000      0.89504107
 21.300000      0.88182548
 21.400000      0.86809724
 21.500000      0.85322580
 21.600000      0.83763955
 21.700000      0.82099781
 21.800000      0.80347666
 21.900000      0.78536999
 22.000000      0.76670369
 22.100000      0.74776234
 22.200000      0.72792643
 22.300000      0.70692658
 22.400000      0.68542165
 22.500000      0.66289617
 22.600000      0.63942433
 22.700000      0.61501300
 22.800000      0.58945676
 22.900000      0.56419854
 23.000000      0.53836129
 23.100000      0.51263664
 23.200000      0.48673224
 23.300000      0.46135463
 23.400000      0.43623395
 23.500000      0.41120219
 23.600000      0.38584982
 23.700000      0.36022193
 23.800000      0.33467810
 23.900000      0.30900146
 24.000000      0.28344799
 24.100000      0.25854907
 24.200000      0.23381836
 24.300000      0.20970679
 24.400000      0.18662694
 24.500000      0.16422406
 24.600000      0.14268283
 24.700000      0.12170727
 24.800000      0.10152788
 24.900000      0.08232634
 25.000000      0.06395829
 25.100000      0.04619549
 25.200000      0.02924119
 25.300000      0.01283158
 25.400000     -0.00331034
 25.500000     -0.01914251
 25.600000     -0.03443743
 25.700000     -0.04966543
 25.800000     -0.06475738
 25.900000     -0.07970252
 26.000000     -0.09403715
 26.100000     -0.10771415
 26.200000     -0.12072671
 26.300000     -0.13304038
 26.400000     -0.14460869
 26.500000     -0.15568124
 26.600000     -0.16643852
 26.700000     -0.17695270
 26.800000     -0.18726185
 26.900000     -0.19700927
 27.000000     -0.20623647
 27.100000     -0.21467433
 27.200000     -0.22194647
 27.300000     -0.22909543
 27.400000     -0.23608984
 27.500000     -0.24237382
 27.600000     -0.24821158
 27.700000     -0.25401177
 27.800000     -0.25933686
 27.900000     -0.26485548
 28.000000     -0.27028162
 28.100000     -0.27486606
 28.200000     -0.27935680
 28.300000     -0.28348874
 28.400000     -0.28735368
 28.500000     -0.29104434
 28.600000     -0.29450916
 28.700000     -0.29781902
 28.800000     -0.30174636
 28.900000     -0.30600952
 29.000000     -0.30992014
 29.100000     -0.31358731
 29.200000     -0.31746470
 29.300000     -0.32150238
 29.400000     -0.32546557
 29.500000     -0.32912803
 29.600000     -0.33245437
 29.700000     -0.33541051
 29.800000     -0.33788392
 29.900000     -0.33967781
 30.000000     -0.34035133
 30.100000     -0.34081514
 30.200000     -0.34038542
 30.300000     -0.34085641
 30.400000     -0.34078720
 30.500000     -0.34043364
 30.600000     -0.34005064
 30.700000     -0.33943554
 30.800000     -0.33873166
 30.900000     -0.33790738
 31.000000     -0.33674965
 31.100000     -0.33552354
 31.200000     -0.33428464
 31.300000     -0.33287151
 31.400000     -0.33143675
 31.500000     -0.32965488
 31.600000     -0.32778372
 31.700000     -0.32620695
 31.800000     -0.32490375
 31.900000     -0.32275010
 32.000000     -0.32066048
 32.100000     -0.31886006
 32.200000     -0.31691856
 32.300000     -0.31505153
 32.400000     -0.31340113
 32.500000     -0.31202635
 32.600000     -0.31077703
 32.700000     -0.30955607
 32.800000     -0.30828928
 32.900000     -0.30685836
 33.000000     -0.30512089
 33.100000     -0.30348028
 33.200000     -0.30187568
 33.300000     -0.29984698
 33.400000     -0.29766131
 33.500000     -0.29479797
 33.600000     -0.29204670
 33.700000     -0.28934534
 33.800000     -0.28666799
 33.900000     -0.28396139
 34.000000     -0.28103332
 34.100000     -0.27799731
 34.200000     -0.27492441
 34.300000     -0.27209132
 34.400000     -0.26931105
 34.500000     -0.26648480
 34.600000     -0.26351986
 34.700000     -0.26075685
 34.800000     -0.25802785
 34.900000     -0.25565436
 35.000000     -0.25305865
 35.100000     -0.25044438
 35.200000     -0.24787077
 35.300000     -0.24552094
 35.400000     -0.24307395
 35.500000     -0.24041670
 35.600000     -0.23786386
 35.700000     -0.23560445
 35.800000     -0.23352376
 35.900000     -0.23154239
 36.000000     -0.22960472
 36.100000     -0.22792174
 36.200000     -0.22644325
 36.300000     -0.22510762
 36.400000     -0.22390872
 36.500000     -0.22269784
 36.600000     -0.22149815
 36.700000     -0.22037470
 36.800000     -0.21908216
 36.900000     -0.21749298
 37.000000     -0.21587556
 37.100000     -0.21448076
 37.200000     -0.21314158
 37.300000     -0.21178902
 37.400000     -0.21028922
 37.500000     -0.20879658
 37.600000     -0.20748411
 37.700000     -0.20633526
 37.800000     -0.20531578
 37.900000     -0.20442204
 38.000000     -0.20361571
 38.100000     -0.20297759
 38.200000     -0.20240215
 38.300000     -0.20174588
 38.400000     -0.20087573
 38.500000     -0.20006493
 38.600000     -0.19910946
 38.700000     -0.19805211
 38.800000     -0.19682873
 38.900000     -0.19546842
 39.000000     -0.19414891
 39.100000     -0.19292460
 39.200000     -0.19179634
 39.300000     -0.19079550
 39.400000     -0.19005418
 39.500000     -0.18944491
 39.600000     -0.18912563
 39.700000     -0.18903228
 39.800000     -0.18879329
 39.900000     -0.18856962
