  0.000000      0.25860889
  0.100000      0.25098949
  0.200000      0.24337009
  0.300000      0.23573505
  0.400000      0.22809147
  0.500000      0.22049142
  0.600000      0.21301206
  0.700000      0.20558858
  0.800000      0.19835996
  0.900000      0.19110271
  1.000000      0.18383988
  1.100000      0.17675933
  1.200000      0.16979466
  1.300000      0.16314840
  1.400000      0.15646373
  1.500000      0.15017874
  1.600000      0.14394497
  1.700000      0.13799137
  1.800000      0.13228681
  1.900000      0.12670050
  2.000000      0.12177658
  2.100000      0.11685267
  2.200000      0.11269073
  2.300000      0.10862381
  2.400000      0.10488490
  2.500000      0.10149583
  2.600000      0.09818454
  2.700000      0.09543024
  2.800000      0.09272695
  2.900000      0.09046018
  3.000000      0.08832771
  3.100000      0.08638407
  3.200000      0.08471020
  3.300000      0.08311685
  3.400000      0.08179334
  3.500000      0.08048494
  3.600000      0.07941193
  3.700000      0.07842614
  3.800000      0.07754223
  3.900000      0.07684111
  4.000000      0.07621301
  4.100000      0.07581192
  4.200000      0.07541082
  4.300000      0.07514306
  4.400000      0.07494804
  4.500000      0.07480281
  4.600000      0.07480009
  4.700000      0.07482924
  4.800000      0.07486385
  4.900000      0.07466069
  5.000000      0.07411884
  5.100000      0.07346028
  5.200000      0.07269883
  5.300000      0.07174372
  5.400000      0.07084931
  5.500000      0.06959565
  5.600000      0.06829112
  5.700000      0.06673970
  5.800000      0.06496884
  5.900000      0.06313273
  6.000000      0.06097706
  6.100000      0.05882139
  6.200000      0.05660656
  6.300000      0.05416622
  6.400000      0.05176372
  6.500000      0.04937453
  6.600000      0.04710573
  6.700000      0.04519794
  6.800000      0.04330445
  6.900000      0.04176979
  7.000000      0.04034553
  7.100000      0.03911489
  7.200000      0.03816083
  7.300000      0.03725957
  7.400000      0.03674467
  7.500000      0.03642645
  7.600000      0.03682922
  7.700000      0.03739258
  7.800000      0.03811079
  7.900000      0.03908880
  8.000000      0.04032806
  8.100000      0.04189335
  8.200000      0.04345865
  8.300000      0.04518670
  8.400000      0.04700354
  8.500000      0.04887018
  8.600000      0.05086187
  8.700000      0.05282470
  8.800000      0.05477477
  8.900000      0.05699814
  9.000000      0.05900293
  9.100000      0.06100877
  9.200000      0.06300301
  9.300000      0.06516853
  9.400000      0.06746877
  9.500000      0.06981379
  9.600000      0.07215904
  9.700000      0.07448635
  9.800000      0.07679774
  9.900000      0.07910599
 10.000000      0.08125914
 10.100000      0.08341229
 10.200000      0.08544263
 10.300000      0.08706289
 10.400000      0.08866021
 10.500000      0.09019606
 10.600000      0.09182128
 10.700000      0.09346908
 10.800000      0.09523596
 10.900000      0.09678755
 11.000000      0.09827289
 11.100000      0.09963474
 11.200000      0.10082016
 11.300000      0.10195513
 11.400000      0.10276076
 11.500000      0.10349014
 11.600000      0.10370239
 11.700000      0.10375914
 11.800000      0.10372175
 11.900000      0.10350532
 12.000000      0.10373319
 12.100000      0.10391801
 12.200000      0.10410283
 12.300000      0.10412739
 12.400000      0.10406454
 12.500000      0.10394790
 12.600000      0.10369677
 12.700000      0.10340810
 12.800000      0.10305477
 12.900000      0.10278470
 13.000000      0.10237920
 13.100000      0.10199975
 13.200000      0.10164124
 13.300000      0.10168237
 13.400000      0.10189462
 13.500000      0.10226696
 13.600000      0.10265740
 13.700000      0.10311545
 13.800000      0.10363360
 13.900000      0.10416796
 14.000000      0.10468227
 14.100000      0.10519658
 14.200000      0.10589190
 14.300000      0.10662041
 14.400000      0.10734080
 14.500000      0.10800177
 14.600000      0.10877398
 14.700000      0.10957942
 14.800000      0.11039746
 14.900000      0.11089366
 15.000000      0.11129085
 15.100000      0.11148327
 15.200000      0.11138316
 15.300000      0.11125584
 15.400000      0.11065236
 15.500000      0.11004884
 15.600000      0.10925949
 15.700000      0.10842112
 15.800000      0.10741436
 15.900000      0.10608519
 16.000000      0.10511387
 16.100000      0.10372313
 16.200000      0.10233239
 16.300000      0.10084899
 16.400000      0.09931506
 16.500000      0.09773333
 16.600000      0.09604933
 16.700000      0.09435423
 16.800000      0.09243058
 16.900000      0.09048977
 17.000000      0.08869911
 17.100000      0.08686717
 17.200000      0.08502750
 17.300000      0.08334473
 17.400000      0.08176488
 17.500000      0.08025262
 17.600000      0.07874832
 17.700000      0.07735671
 17.800000      0.07606526
 17.900000      0.07484687
 18.000000      0.07390551
 18.100000      0.07296414
 18.200000      0.07246044
 18.300000      0.07245931
 18.400000      0.07273047
 18.500000      0.07331662
 18.600000      0.07403488
 18.700000      0.07542267
 18.800000      0.07685074
 18.900000      0.07871310
 19.000000      0.08070909
 19.100000      0.08290546
 19.200000      0.08538810
 19.300000      0.08794611
 19.400000      0.09087604
 19.500000      0.09383657
 19.600000      0.09741811
 19.700000      0.10126664
 19.800000      0.10521005
 19.900000      0.10932216
 20.000000      0.11358428
 20.100000      0.11788298
 20.200000      0.12218168
 20.300000      0.12650667
 20.400000      0.13084601
 20.500000      0.13514963
 20.600000      0.13940469
 20.700000      0.14366885
 20.800000      0.14771038
 20.900000      0.15172975
 21.000000      0.15599955
 21.100000      0.16017475
 21.200000      0.16427300
 21.300000      0.16817178
 21.400000      0.17200014
 21.500000      0.17540593
 21.600000      0.17876397
 21.700000      0.18195068
 21.800000      0.18498510
 21.900000      0.18798904
 22.000000      0.19075299
 22.100000      0.19351694
 22.200000      0.19590148
 22.300000      0.19882960
 22.400000      0.20157425
 22.500000      0.20413169
 22.600000      0.20668115
 22.700000      0.20902809
 22.800000      0.21129727
 22.900000      0.21348693
 23.000000      0.21565211
 23.100000      0.21779897
 23.200000      0.21991965
 23.300000      0.22208348
 23.400000      0.22433168
 23.500000      0.22669190
 23.600000      0.22976867
 23.700000      0.23306494
 23.800000      0.23644824
 23.900000      0.24000400
 24.000000      0.24363980
 24.100000      0.24737504
 24.200000      0.25111028
 24.300000      0.25513787
 24.400000      0.25932493
 24.500000      0.26364530
 24.600000      0.26830183
 24.700000      0.27292498
 24.800000      0.27789460
 24.900000      0.28329504
 25.000000      0.28903107
 25.100000      0.29487640
 25.200000      0.30075998
 25.300000      0.30684575
 25.400000      0.31291438
 25.500000      0.31887222
 25.600000      0.32482198
 25.700000      0.33068902
 25.800000      0.33648254
 25.900000      0.34225122
 26.000000      0.34774966
 26.100000      0.35324809
 26.200000      0.35847425
 26.300000      0.36385364
 26.400000      0.36913004
 26.500000      0.37433858
 26.600000      0.37960207
 26.700000      0.38494131
 26.800000      0.39022075
 26.900000      0.39549760
 27.000000      0.40077366
 27.100000      0.40614114
 27.200000      0.41163923
 27.300000      0.41715576
 27.400000      0.42300136
 27.500000      0.42872382
 27.600000      0.43446230
 27.700000      0.44028195
 27.800000      0.44623449
 27.900000      0.45245746
 28.000000      0.45891205
 28.100000      0.46564756
 28.200000      0.47238308
 28.300000      0.47936681
 28.400000      0.48648594
 28.500000      0.49370394
 28.600000      0.50117652
 28.700000      0.50864689
 28.800000      0.51652019
 28.900000      0.52410127
 29.000000      0.53164605
 29.100000      0.53927390
 29.200000      0.54697915
 29.300000      0.55509720
 29.400000      0.56322173
 29.500000      0.57166976
 29.600000      0.58016913
 29.700000      0.58892818
 29.800000      0.59791806
 29.900000      0.60700259
 30.000000      0.61654009
 30.100000      0.62607758
 30.200000      0.63603695
 30.300000      0.64588778
 30.400000      0.65588020
 30.500000      0.66610182
 30.600000      0.67641111
 30.700000      0.68701722
 30.800000      0.69753796
 30.900000      0.70808643
 31.000000      0.71864345
 31.100000      0.72918772
 31.200000      0.73971377
 31.300000      0.75027491
 31.400000      0.76067648
 31.500000      0.77110048
 31.600000      0.78116610
 31.700000      0.79099435
 31.800000      0.80066283
 31.900000      0.81008904
 32.000000      0.81968336
 32.100000      0.82865778
 32.200000      0.83763220
 32.300000      0.84620283
 32.400000      0.85455322
 32.500000      0.86275564
 32.600000      0.87060574
 32.700000      0.87849806
 32.800000      0.88603344
 32.900000      0.89323366
 33.000000      0.89969548
 33.100000      0.90593724
 33.200000      0.91209522
 33.300000      0.91802568
 33.400000      0.92393178
 33.500000      0.92961670
 33.600000      0.93527987
 33.700000      0.94078938
 33.800000      0.94616231
 33.900000      0.95143104
 34.000000      0.95633582
 34.100000      0.96124060
 34.200000      0.96576652
 34.300000      0.96944568
 34.400000      0.97277293
 34.500000      0.97576596
 34.600000      0.97865615
 34.700000      0.98087799
 34.800000      0.98306193
 34.900000      0.98480862
 35.000000      0.98642078
 35.100000      0.98780706
 35.200000      0.98887065
 35.300000      0.98984051
 35.400000      0.99037444
 35.500000      0.99082254
 35.600000      0.99080872
 35.700000      0.99060923
 35.800000      0.99038887
 35.900000      0.99017664
 36.000000      0.98986745
 36.100000      0.98964144
 36.200000      0.98941543
 36.300000      0.98942231
 36.400000      0.98955620
 36.500000      0.98982213
 36.600000      0.99033491
 36.700000      0.99081962
 36.800000      0.99164033
 36.900000      0.99197445
 37.000000      0.99227440
 37.100000      0.99271012
 37.200000      0.99324237
 37.300000      0.99398393
 37.400000      0.99469062
 37.500000      0.99555026
 37.600000      0.99643232
 37.700000      0.99729850
 37.800000      0.99815057
 37.900000      0.99892779
 38.000000      0.99946389
 38.100000      1.00000000
 38.200000      0.99997815
 38.300000      0.99924059
 38.400000      0.99818869
 38.500000      0.99684715
 38.600000      0.99538541
 38.700000      0.99339794
 38.800000      0.99146183
 38.900000      0.98912880
 39.000000      0.98667364
 39.100000      0.98403244
 39.200000      0.98112547
 39.300000      0.97805485
 39.400000      0.97460020
 39.500000      0.97106215
 39.600000      0.96700077
 39.700000      0.96273792
 39.800000      0.95837866
 39.900000      0.95387667
