  0.000000      0.10269528
  0.100000      0.10282972
  0.200000      0.10188671
  0.300000      0.10059539
  0.400000      0.09955774
  0.500000      0.09791894
  0.600000      0.09503326
  0.700000      0.09228189
  0.800000      0.08960725
  0.900000      0.08660808
  1.000000      0.08540888
  1.100000      0.08219382
  1.200000      0.07936352
  1.300000      0.07800115
  1.400000      0.07698770
  1.500000      0.07693468
  1.600000      0.07656731
  1.700000      0.07691176
  1.800000      0.07744020
  1.900000      0.07618163
  2.000000      0.07524945
  2.100000      0.07543691
  2.200000      0.07709649
  2.300000      0.07967329
  2.400000      0.08156800
  2.500000      0.08530923
  2.600000      0.08479108
  2.700000      0.09021698
  2.800000      0.08730715
  2.900000      0.08680476
  3.000000      0.08947033
  3.100000      0.08807740
  3.200000      0.09081570
  3.300000      0.09457512
  3.400000      0.09147164
  3.500000      0.09210450
  3.600000      0.09698753
  3.700000      0.09565405
  3.800000      0.09484790
  3.900000      0.09322934
  4.000000      0.08958189
  4.100000      0.09150317
  4.200000      0.09243534
  4.300000      0.09031718
  4.400000      0.09035497
  4.500000      0.08865084
  4.600000      0.08760137
  4.700000      0.08463583
  4.800000      0.08289605
  4.900000      0.08852323
  5.000000      0.09063814
  5.100000      0.09011291
  5.200000      0.08665128
  5.300000      0.07583134
  5.400000      0.07088805
  5.500000      0.06960017
  5.600000      0.06840950
  5.700000      0.06150702
  5.800000      0.05979636
  5.900000      0.05256470
  6.000000      0.04547837
  6.100000      0.04049126
  6.200000      0.03552461
  6.300000      0.03332201
  6.400000      0.02553096
  6.500000      0.01849717
  6.600000      0.01447630
  6.700000      0.01648413
  6.800000      0.02035659
  6.900000      0.02749670
  7.000000      0.03581051
  7.100000      0.04287859
  7.200000      0.05893326
  7.300000      0.08607213
  7.400000      0.12381876
  7.500000      0.17310071
  7.600000      0.22333843
  7.700000      0.28614430
  7.800000      0.36098390
  7.900000      0.44801672
  8.000000      0.53453732
  8.100000      0.62354328
  8.200000      0.70530923
  8.300000      0.78045615
  8.400000      0.85736563
  8.500000      0.91649421
  8.600000      0.95984905
  8.700000      0.98791029
  8.800000      1.00000000
  8.900000      0.99875936
  9.000000      0.98095370
  9.100000      0.95013564
  9.200000      0.90493813
  9.300000      0.84537950
  9.400000      0.77163288
  9.500000      0.67625659
  9.600000      0.56918773
  9.700000      0.44454759
  9.800000      0.31079641
  9.900000      0.17579153
 10.000000      0.04807128
 10.100000     -0.06636594
 10.200000     -0.16265634
 10.300000     -0.24282116
 10.400000     -0.31232957
 10.500000     -0.37469369
 10.600000     -0.43414468
 10.700000     -0.48632873
 10.800000     -0.52982809
 10.900000     -0.55250050
 11.000000     -0.56186703
 11.100000     -0.56246983
 11.200000     -0.55524897
 11.300000     -0.54650026
 11.400000     -0.53280997
 11.500000     -0.51453465
 11.600000     -0.49264408
 11.700000     -0.47085511
 11.800000     -0.45397959
 11.900000     -0.43775445
 12.000000     -0.41945352
 12.100000     -0.40164049
 12.200000     -0.38217748
 12.300000     -0.36473790
 12.400000     -0.34991494
 12.500000     -0.34069600
 12.600000     -0.33540641
 12.700000     -0.33272752
 12.800000     -0.32604808
 12.900000     -0.31562839
 13.000000     -0.30289046
 13.100000     -0.28346623
 13.200000     -0.26088911
 13.300000     -0.23791820
 13.400000     -0.21673293
 13.500000     -0.20157584
 13.600000     -0.18789275
 13.700000     -0.17843171
 13.800000     -0.16709836
 13.900000     -0.15645510
 14.000000     -0.14745516
 14.100000     -0.14440867
 14.200000     -0.14568663
 14.300000     -0.14947026
 14.400000     -0.15088690
 14.500000     -0.15144641
 14.600000     -0.15409440
 14.700000     -0.15522913
 14.800000     -0.15815430
 14.900000     -0.16493969
 15.000000     -0.16876429
 15.100000     -0.16828142
 15.200000     -0.16182209
 15.300000     -0.15031696
 15.400000     -0.13849160
 15.500000     -0.12835257
 15.600000     -0.12198551
 15.700000     -0.11639559
 15.800000     -0.11063282
 15.900000     -0.09858762
 16.000000     -0.08923070
 16.100000     -0.08727226
 16.200000     -0.08775367
 16.300000     -0.08425497
 16.400000     -0.07377827
 16.500000     -0.05841443
 16.600000     -0.04100422
 16.700000     -0.02992015
 16.800000     -0.03241196
 16.900000     -0.04204340
 17.000000     -0.05121653
 17.100000     -0.05294260
 17.200000     -0.04885348
 17.300000     -0.04738760
 17.400000     -0.04802862
 17.500000     -0.05103755
 17.600000     -0.05078298
 17.700000     -0.04665225
 17.800000     -0.04071738
 17.900000     -0.03859343
 18.000000     -0.03899837
 18.100000     -0.04198381
 18.200000     -0.04381223
 18.300000     -0.04653322
 18.400000     -0.04650625
 18.500000     -0.04950341
 18.600000     -0.04992568
 18.700000     -0.05152638
 18.800000     -0.05341457
 18.900000     -0.05674761
 19.000000     -0.05622553
 19.100000     -0.05544110
 19.200000     -0.05079356
 19.300000     -0.04478566
 19.400000     -0.03809768
 19.500000     -0.03313783
 19.600000     -0.02944154
 19.700000     -0.02864223
 19.800000     -0.02447554
 19.900000     -0.02122359
 20.000000     -0.02257172
 20.100000     -0.02409003
 20.200000     -0.02675856
 20.300000     -0.02603457
 20.400000     -0.02589698
 20.500000     -0.02702262
 20.600000     -0.03021705
 20.700000     -0.03746263
 20.800000     -0.04467093
 20.900000     -0.04556084
 21.000000     -0.04403239
 21.100000     -0.04236245
 21.200000     -0.04278378
 21.300000     -0.04653819
 21.400000     -0.04871167
 21.500000     -0.04813778
 21.600000     -0.04664568
 21.700000     -0.04595266
 21.800000     -0.04465338
 21.900000     -0.04590400
 22.000000     -0.04736547
 22.100000     -0.04670753
 22.200000     -0.04478210
 22.300000     -0.04454368
 22.400000     -0.04189212
 22.500000     -0.04034366
 22.600000     -0.03592599
 22.700000     -0.03123872
 22.800000     -0.02542035
 22.900000     -0.02136579
 23.000000     -0.01861495
 23.100000     -0.01680199
 23.200000     -0.01794639
 23.300000     -0.02286240
 23.400000     -0.02833707
 23.500000     -0.03129314
 23.600000     -0.03275138
 23.700000     -0.03200022
 23.800000     -0.03311109
 23.900000     -0.03475712
 24.000000     -0.03610649
 24.100000     -0.03426632
 24.200000     -0.03274267
 24.300000     -0.03442880
 24.400000     -0.03469343
 24.500000     -0.03220971
 24.600000     -0.02852287
 24.700000     -0.02345079
 24.800000     -0.02404118
 24.900000     -0.02867723
 25.000000     -0.03219870
 25.100000     -0.03908050
 25.200000     -0.04547736
 25.300000     -0.05014808
 25.400000     -0.05330988
 25.500000     -0.05369063
 25.600000     -0.05208602
 25.700000     -0.04896970
 25.800000     -0.04629663
 25.900000     -0.04045668
 26.000000     -0.03469392
 26.100000     -0.02440072
 26.200000     -0.01625145
 26.300000     -0.00884871
 26.400000     -0.00434721
 26.500000      0.00100842
 26.600000      0.00308989
 26.700000      0.00483619
 26.800000      0.00325748
 26.900000      0.00099358
 27.000000     -0.00297208
 27.100000     -0.00841189
 27.200000     -0.01436292
 27.300000     -0.01621719
 27.400000     -0.01589563
 27.500000     -0.01481099
 27.600000     -0.01105531
 27.700000     -0.00629677
 27.800000     -0.00203635
 27.900000      0.00066813
 28.000000      0.00325462
 28.100000      0.00585381
 28.200000      0.00898310
 28.300000      0.01202115
 28.400000      0.01274492
 28.500000      0.01208222
 28.600000      0.01323796
 28.700000      0.01270901
 28.800000      0.00924060
 28.900000      0.00729995
 29.000000      0.00742597
 29.100000      0.00716099
 29.200000      0.00643948
 29.300000      0.00539783
 29.400000      0.00314032
 29.500000      0.00137183
 29.600000     -0.00010204
 29.700000     -0.00063622
 29.800000     -0.00047773
 29.900000      0.00128739
 30.000000      0.00410393
 30.100000      0.00545473
 30.200000      0.00670075
 30.300000      0.00673855
 30.400000      0.00511213
 30.500000      0.00265876
 30.600000     -0.00055693
 30.700000     -0.00334031
 30.800000     -0.00557216
 30.900000     -0.00714168
 31.000000     -0.00944084
 31.100000     -0.01283958
 31.200000     -0.01542732
 31.300000     -0.01737026
 31.400000     -0.01902008
 31.500000     -0.02106804
 31.600000     -0.02366865
 31.700000     -0.02459167
 31.800000     -0.02724149
 31.900000     -0.02927853
 32.000000     -0.03087241
 32.100000     -0.03176514
 32.200000     -0.03168896
 32.300000     -0.03074229
 32.400000     -0.02918235
 32.500000     -0.02528328
 32.600000     -0.02391442
 32.700000     -0.02351678
 32.800000     -0.02239978
 32.900000     -0.02449086
 33.000000     -0.02715094
 33.100000     -0.02932899
 33.200000     -0.03296658
 33.300000     -0.03654632
 33.400000     -0.03826760
 33.500000     -0.03952158
 33.600000     -0.04040223
 33.700000     -0.04124096
 33.800000     -0.04289139
 33.900000     -0.04275668
 34.000000     -0.03987967
 34.100000     -0.03736601
 34.200000     -0.03671919
 34.300000     -0.03523727
 34.400000     -0.03515259
 34.500000     -0.03620758
 34.600000     -0.03726563
 34.700000     -0.03833812
 34.800000     -0.04014952
 34.900000     -0.04259292
 35.000000     -0.04407111
 35.100000     -0.04568742
 35.200000     -0.04683232
 35.300000     -0.04704089
 35.400000     -0.04734823
 35.500000     -0.04762791
 35.600000     -0.04582879
 35.700000     -0.04461535
 35.800000     -0.04434711
 35.900000     -0.04344422
 36.000000     -0.04206367
 36.100000     -0.04020581
 36.200000     -0.03943759
 36.300000     -0.03936623
 36.400000     -0.03863268
 36.500000     -0.03788949
 36.600000     -0.03733042
 36.700000     -0.03748327
 36.800000     -0.03796126
 36.900000     -0.03697905
 37.000000     -0.03657733
 37.100000     -0.03599566
 37.200000     -0.03580288
 37.300000     -0.03520665
 37.400000     -0.03495987
 37.500000     -0.03565802
 37.600000     -0.03679062
 37.700000     -0.03717530
 37.800000     -0.03608061
 37.900000     -0.03437252
 38.000000     -0.03292630
 38.100000     -0.03091151
 38.200000     -0.02979546
 38.300000     -0.03028707
 38.400000     -0.03119825
 38.500000     -0.03133161
 38.600000     -0.03055048
 38.700000     -0.02966773
 38.800000     -0.02817846
 38.900000     -0.02559570
 39.000000     -0.02222444
 39.100000     -0.01887622
 39.200000     -0.01600261
 39.300000     -0.01344663
 39.400000     -0.01187239
 39.500000     -0.01165318
 39.600000     -0.01245553
 39.700000     -0.01317837
 39.800000     -0.01445278
 39.900000     -0.01718971
