  0.000000     -0.01224519
  0.100000     -0.01234128
  0.200000     -0.01232745
  0.300000     -0.01228010
  0.400000     -0.01241227
  0.500000     -0.01251604
  0.600000     -0.01265296
  0.700000     -0.01290371
  0.800000     -0.01297504
  0.900000     -0.01317099
  1.000000     -0.01329829
  1.100000     -0.01355797
  1.200000     -0.01374617
  1.300000     -0.01379777
  1.400000     -0.01393965
  1.500000     -0.01417731
  1.600000     -0.01443991
  1.700000     -0.01457384
  1.800000     -0.01480321
  1.900000     -0.01473175
  2.000000     -0.01483526
  2.100000     -0.01507684
  2.200000     -0.01554763
  2.300000     -0.01588410
  2.400000     -0.01630186
  2.500000     -0.01657256
  2.600000     -0.01681213
  2.700000     -0.01686984
  2.800000     -0.01699474
  2.900000     -0.01714479
  3.000000     -0.01718998
  3.100000     -0.01718300
  3.200000     -0.01758622
  3.300000     -0.01787039
  3.400000     -0.01790265
  3.500000     -0.01804823
  3.600000     -0.01794261
  3.700000     -0.01807815
  3.800000     -0.01820362
  3.900000     -0.01818723
  4.000000     -0.01819935
  4.100000     -0.01825951
  4.200000     -0.01841008
  4.300000     -0.01843182
  4.400000     -0.01837274
  4.500000     -0.01831038
  4.600000     -0.01841320
  4.700000     -0.01847604
  4.800000     -0.01866553
  4.900000     -0.01885286
  5.000000     -0.01891328
  5.100000     -0.01874069
  5.200000     -0.01882038
  5.300000     -0.01903867
  5.400000     -0.01929270
  5.500000     -0.01937338
  5.600000     -0.01966951
  5.700000     -0.01988013
  5.800000     -0.02010020
  5.900000     -0.02033860
  6.000000     -0.02062176
  6.100000     -0.02100055
  6.200000     -0.02158052
  6.300000     -0.02202094
  6.400000     -0.02260374
  6.500000     -0.02325645
  6.600000     -0.02404091
  6.700000     -0.02453609
  6.800000     -0.02528470
  6.900000     -0.02609439
  7.000000     -0.02697463
  7.100000     -0.02800893
  7.200000     -0.02910325
  7.300000     -0.03018735
  7.400000     -0.03134189
  7.500000     -0.03256739
  7.600000     -0.03386301
  7.700000     -0.03522860
  7.800000     -0.03660777
  7.900000     -0.03809421
  8.000000     -0.03961142
  8.100000     -0.04120593
  8.200000     -0.04303066
  8.300000     -0.04481958
  8.400000     -0.04666295
  8.500000     -0.04854756
  8.600000     -0.05047265
  8.700000     -0.05245051
  8.800000     -0.05449061
  8.900000     -0.05655611
  9.000000     -0.05866835
  9.100000     -0.06079586
  9.200000     -0.06294942
  9.300000     -0.06515310
  9.400000     -0.06736084
  9.500000     -0.06956480
  9.600000     -0.07174862
  9.700000     -0.07391311
  9.800000     -0.07606799
  9.900000     -0.07820339
 10.000000     -0.08029240
 10.100000     -0.08231064
 10.200000     -0.08425060
 10.300000     -0.08611874
 10.400000     -0.08790712
 10.500000     -0.08958908
 10.600000     -0.09113361
 10.700000     -0.09252443
 10.800000     -0.09376274
 10.900000     -0.09484358
 11.000000     -0.09574090
 11.100000     -0.09641999
 11.200000     -0.09685690
 11.300000     -0.09704556
 11.400000     -0.09698294
 11.500000     -0.09664602
 11.600000     -0.09599879
 11.700000     -0.09500902
 11.800000     -0.09366390
 11.900000     -0.09195873
 12.000000     -0.08987398
 12.100000     -0.08737392
 12.200000     -0.08442174
 12.300000     -0.08099651
 12.400000     -0.07709369
 12.500000     -0.07269835
 12.600000     -0.06777703
 12.700000     -0.06228933
 12.800000     -0.05620842
 12.900000     -0.04952998
 13.000000     -0.04224416
 13.100000     -0.03432304
 13.200000     -0.02572925
 13.300000     -0.01643321
 13.400000     -0.00642978
 13.500000      0.00428383
 13.600000      0.01572775
 13.700000      0.02793474
 13.800000      0.04092702
 13.900000      0.05470737
 14.000000      0.06926980
 14.100000      0.08461908
 14.200000      0.10077404
 14.300000      0.11775626
 14.400000      0.13556318
 14.500000      0.15417398
 14.600000      0.17357309
 14.700000      0.19376120
 14.800000      0.21474435
 14.900000      0.23650874
 15.000000      0.25901868
 15.100000      0.28223606
 15.200000      0.30613460
 15.300000      0.33070124
 15.400000      0.35590401
 15.500000      0.38168288
 15.600000      0.40797388
 15.700000      0.43472012
 15.800000      0.46187672
 15.900000      0.48939050
 16.000000      0.51718155
 16.100000      0.54515560
 16.200000      0.57322028
 16.300000      0.60129968
 16.400000      0.62931557
 16.500000      0.65716638
 16.600000      0.68473215
 16.700000      0.71189227
 16.800000      0.73854234
 16.900000      0.76458425
 17.000000      0.78990429
 17.100000      0.81436533
 17.200000      0.83783355
 17.300000      0.86018347
 17.400000      0.88131052
 17.500000      0.90109936
 17.600000      0.91942118
 17.700000      0.93614062
 17.800000      0.95113529
 17.900000      0.96431321
 18.000000      0.97558475
 18.100000      0.98485228
 18.200000      0.99200975
 18.300000      0.99696408
 18.400000      0.99964650
 18.500000      1.00000000
 18.600000      0.99795697
 18.700000      0.99346439
 18.800000      0.98651382
 18.900000      0.97710548
 19.000000      0.96525740
 19.100000      0.95099053
 19.200000      0.93431287
 19.300000      0.91524405
 19.400000      0.89383230
 19.500000      0.87015451
 19.600000      0.84429806
 19.700000      0.81633722
 19.800000      0.78634632
 19.900000      0.75442653
 20.000000      0.72070354
 20.100000      0.68531019
 20.200000      0.64836956
 20.300000      0.60998911
 20.400000      0.57029868
 20.500000      0.52944706
 20.600000      0.48759334
 20.700000      0.44488456
 20.800000      0.40145132
 20.900000      0.35742365
 21.000000      0.31295434
 21.100000      0.26820640
 21.200000      0.22332972
 21.300000      0.17845229
 21.400000      0.13369497
 21.500000      0.08919259
 21.600000      0.04508737
 21.700000      0.00151838
 21.800000     -0.04140021
 21.900000     -0.08357225
 22.000000     -0.12489344
 22.100000     -0.16525224
 22.200000     -0.20453858
 22.300000     -0.24266182
 22.400000     -0.27955808
 22.500000     -0.31516476
 22.600000     -0.34940829
 22.700000     -0.38220722
 22.800000     -0.41350451
 22.900000     -0.44327179
 23.000000     -0.47148328
 23.100000     -0.49810337
 23.200000     -0.52309410
 23.300000     -0.54642605
 23.400000     -0.56810210
 23.500000     -0.58813087
 23.600000     -0.60651222
 23.700000     -0.62323010
 23.800000     -0.63829578
 23.900000     -0.65173226
 24.000000     -0.66357710
 24.100000     -0.67386403
 24.200000     -0.68261092
 24.300000     -0.68983421
 24.400000     -0.69557109
 24.500000     -0.69988373
 24.600000     -0.70282747
 24.700000     -0.70444002
 24.800000     -0.70475575
 24.900000     -0.70381969
 25.000000     -0.70169793
 25.100000     -0.69845912
 25.200000     -0.69416209
 25.300000     -0.68883806
 25.400000     -0.68253592
 25.500000     -0.67532977
 25.600000     -0.66729289
 25.700000     -0.65848662
 25.800000     -0.64895685
 25.900000     -0.63874341
 26.000000     -0.62790792
 26.100000     -0.61652302
 26.200000     -0.60465349
 26.300000     -0.59234600
 26.400000     -0.57962968
 26.500000     -0.56655491
 26.600000     -0.55318777
 26.700000     -0.53958978
 26.800000     -0.52580198
 26.900000     -0.51184943
 27.000000     -0.49776991
 27.100000     -0.48361693
 27.200000     -0.46944617
 27.300000     -0.45529909
 27.400000     -0.44119129
 27.500000     -0.42714651
 27.600000     -0.41311212
 27.700000     -0.39932861
 27.800000     -0.38573611
 27.900000     -0.37234008
 28.000000     -0.35914993
 28.100000     -0.34618923
 28.200000     -0.33349220
 28.300000     -0.32108812
 28.400000     -0.30898205
 28.500000     -0.29716999
 28.600000     -0.28566442
 28.700000     -0.27448998
 28.800000     -0.26366548
 28.900000     -0.25318990
 29.000000     -0.24304911
 29.100000     -0.23323486
 29.200000     -0.22376103
 29.300000     -0.21464491
 29.400000     -0.20626793
 29.500000     -0.19786043
 29.600000     -0.18970354
 29.700000     -0.18186342
 29.800000     -0.17435575
 29.900000     -0.16718087
 30.000000     -0.16024196
 30.100000     -0.15371112
 30.200000     -0.14712215
 30.300000     -0.14115159
 30.400000     -0.13547117
 30.500000     -0.12997527
 30.600000     -0.12480851
 30.700000     -0.11988363
 30.800000     -0.11519153
 30.900000     -0.11073972
 31.000000     -0.10651445
 31.100000     -0.10251984
 31.200000     -0.09867645
 31.300000     -0.09500839
 31.400000     -0.09158672
 31.500000     -0.08830256
 31.600000     -0.08515954
 31.700000     -0.08245689
 31.800000     -0.07958085
 31.900000     -0.07684222
 32.000000     -0.07421450
 32.100000     -0.07106803
 32.200000     -0.06871745
 32.300000     -0.06650096
 32.400000     -0.06441947
 32.500000     -0.06251731
 32.600000     -0.06060957
 32.700000     -0.05878302
 32.800000     -0.05725370
 32.900000     -0.05558895
 33.000000     -0.05396095
 33.100000     -0.05240780
 33.200000     -0.05120394
 33.300000     -0.04985013
 33.400000     -0.04773939
 33.500000     -0.04582966
 33.600000     -0.04398754
 33.700000     -0.04278750
 33.800000     -0.04160366
 33.900000     -0.04000173
 34.000000     -0.03886807
 34.100000     -0.03778961
 34.200000     -0.03672503
 34.300000     -0.03542080
 34.400000     -0.03405671
 34.500000     -0.03240297
 34.600000     -0.03075788
 34.700000     -0.02875956
 34.800000     -0.02736718
 34.900000     -0.02587285
 35.000000     -0.02425867
 35.100000     -0.02285979
 35.200000     -0.02143820
 35.300000     -0.01993358
 35.400000     -0.01866063
 35.500000     -0.01672750
 35.600000     -0.01478945
 35.700000     -0.01334185
 35.800000     -0.01198099
 35.900000     -0.01085501
 36.000000     -0.00943364
 36.100000     -0.00791933
 36.200000     -0.00600909
 36.300000     -0.00444189
 36.400000     -0.00307586
 36.500000     -0.00174468
 36.600000     -0.00042839
 36.700000      0.00084533
 36.800000      0.00204550
 36.900000      0.00192463
 37.000000      0.00341138
 37.100000      0.00464371
 37.200000      0.00661514
 37.300000      0.00800295
 37.400000      0.00923662
 37.500000      0.01045163
 37.600000      0.01158296
 37.700000      0.01257080
 37.800000      0.01378553
 37.900000      0.01491296
 38.000000      0.01601693
 38.100000      0.01706462
 38.200000      0.01803569
 38.300000      0.01897169
 38.400000      0.01984739
 38.500000      0.02186048
 38.600000      0.02240599
 38.700000      0.02346105
 38.800000      0.02413215
 38.900000      0.02475818
 39.000000      0.02497318
 39.100000      0.02558781
 39.200000      0.02655310
 39.300000      0.02709588
 39.400000      0.02780192
 39.500000      0.02844601
 39.600000      0.02846737
 39.700000      0.02890911
 39.800000      0.02953705
 39.900000      0.02994876
