  0.000000      0.11493049
  0.100000      0.11467428
  0.200000      0.11539842
  0.300000      0.11685270
  0.400000      0.11878383
  0.500000      0.12109505
  0.600000      0.12347174
  0.700000      0.12574002
  0.800000      0.12768691
  0.900000      0.12955605
  1.000000      0.13165296
  1.100000      0.13362935
  1.200000      0.13557741
  1.300000      0.13742846
  1.400000      0.13848279
  1.500000      0.13859955
  1.600000      0.13767074
  1.700000      0.13558383
  1.800000      0.13290565
  1.900000      0.13032724
  2.000000      0.12779332
  2.100000      0.12533181
  2.200000      0.12322605
  2.300000      0.12139962
  2.400000      0.11979819
  2.500000      0.11859592
  2.600000      0.11823191
  2.700000      0.11878409
  2.800000      0.12037313
  2.900000      0.12277977
  3.000000      0.12527511
  3.100000      0.12772267
  3.200000      0.12975787
  3.300000      0.13173180
  3.400000      0.13392976
  3.500000      0.13611004
  3.600000      0.13825560
  3.700000      0.14003872
  3.800000      0.14158745
  3.900000      0.14318873
  4.000000      0.14483060
  4.100000      0.14620057
  4.200000      0.14726624
  4.300000      0.14793624
  4.400000      0.14757803
  4.500000      0.14681379
  4.600000      0.14608815
  4.700000      0.14555978
  4.800000      0.14526842
  4.900000      0.14505761
  5.000000      0.14463180
  5.100000      0.14394151
  5.200000      0.14329804
  5.300000      0.14273415
  5.400000      0.14266899
  5.500000      0.14257608
  5.600000      0.14230000
  5.700000      0.14255782
  5.800000      0.14310586
  5.900000      0.14431224
  6.000000      0.14581427
  6.100000      0.14684880
  6.200000      0.14753697
  6.300000      0.14810883
  6.400000      0.14898751
  6.500000      0.15038873
  6.600000      0.15237967
  6.700000      0.15421924
  6.800000      0.15547389
  6.900000      0.15663223
  7.000000      0.15726192
  7.100000      0.15736099
  7.200000      0.15614187
  7.300000      0.15384651
  7.400000      0.15052250
  7.500000      0.14739804
  7.600000      0.14489879
  7.700000      0.14252003
  7.800000      0.14182902
  7.900000      0.14185379
  8.000000      0.14114392
  8.100000      0.14305360
  8.200000      0.14771153
  8.300000      0.15305440
  8.400000      0.15984166
  8.500000      0.16808415
  8.600000      0.17623463
  8.700000      0.18304135
  8.800000      0.18955874
  8.900000      0.19522113
  9.000000      0.19791669
  9.100000      0.19916866
  9.200000      0.19865658
  9.300000      0.19681527
  9.400000      0.19349483
  9.500000      0.19015774
  9.600000      0.18763889
  9.700000      0.18418985
  9.800000      0.18142812
  9.900000      0.18000390
 10.000000      0.17908790
 10.100000      0.17981796
 10.200000      0.18336550
 10.300000      0.18893089
 10.400000      0.19534572
 10.500000      0.20205267
 10.600000      0.20915872
 10.700000      0.21603404
 10.800000      0.22259399
 10.900000      0.23100905
 11.000000      0.23969155
 11.100000      0.24775338
 11.200000      0.25628901
 11.300000      0.26587709
 11.400000      0.27426991
 11.500000      0.28351100
 11.600000      0.29453666
 11.700000      0.30502094
 11.800000      0.31645251
 11.900000      0.32851747
 12.000000      0.34077887
 12.100000      0.35181593
 12.200000      0.36242001
 12.300000      0.37127006
 12.400000      0.37749188
 12.500000      0.38299247
 12.600000      0.38808669
 12.700000      0.39267631
 12.800000      0.39644295
 12.900000      0.40047069
 13.000000      0.40429744
 13.100000      0.40702200
 13.200000      0.41129312
 13.300000      0.41795405
 13.400000      0.42635838
 13.500000      0.43752445
 13.600000      0.45137985
 13.700000      0.46501693
 13.800000      0.47482252
 13.900000      0.48420493
 14.000000      0.49221594
 14.100000      0.49788412
 14.200000      0.50149237
 14.300000      0.50387131
 14.400000      0.50368179
 14.500000      0.50160794
 14.600000      0.49956245
 14.700000      0.49799580
 14.800000      0.49528318
 14.900000      0.49288717
 15.000000      0.49126238
 15.100000      0.48950687
 15.200000      0.48782524
 15.300000      0.48800795
 15.400000      0.48870533
 15.500000      0.48838448
 15.600000      0.49102633
 15.700000      0.49475628
 15.800000      0.50245158
 15.900000      0.51333468
 16.000000      0.52592385
 16.100000      0.53285055
 16.200000      0.53473241
 16.300000      0.53424325
 16.400000      0.53492658
 16.500000      0.53802856
 16.600000      0.54163860
 16.700000      0.54664456
 16.800000      0.54876710
 16.900000      0.54975987
 17.000000      0.55115143
 17.100000      0.55264920
 17.200000      0.55475365
 17.300000      0.55670778
 17.400000      0.55608297
 17.500000      0.55089603
 17.600000      0.54426950
 17.700000      0.53817618
 17.800000      0.53676533
 17.900000      0.54243818
 18.000000      0.55235913
 18.100000      0.56336599
 18.200000      0.57790442
 18.300000      0.59857499
 18.400000      0.61910590
 18.500000      0.63724939
 18.600000      0.65510908
 18.700000      0.67123366
 18.800000      0.68432427
 18.900000      0.69647648
 19.000000      0.70929228
 19.100000      0.72150527
 19.200000      0.73516130
 19.300000      0.74986449
 19.400000      0.76520963
 19.500000      0.77773295
 19.600000      0.79023853
 19.700000      0.80322981
 19.800000      0.81602321
 19.900000      0.82604601
 20.000000      0.83306757
 20.100000      0.83656273
 20.200000      0.83320423
 20.300000      0.82694254
 20.400000      0.82277767
 20.500000      0.81570590
 20.600000      0.80006183
 20.700000      0.77443304
 20.800000      0.74028225
 20.900000      0.70180786
 21.000000      0.66453213
 21.100000      0.62800491
 21.200000      0.59007441
 21.300000      0.55093439
 21.400000      0.50767343
 21.500000      0.46146953
 21.600000      0.41554692
 21.700000      0.37274616
 21.800000      0.33172035
 21.900000      0.29247609
 22.000000      0.25532610
 22.100000      0.22404230
 22.200000      0.19819423
 22.300000      0.17939626
 22.400000      0.16652246
 22.500000      0.15268187
 22.600000      0.13876510
 22.700000      0.12586441
 22.800000      0.11529695
 22.900000      0.10353833
 23.000000      0.09355081
 23.100000      0.08820738
 23.200000      0.08129587
 23.300000      0.07132438
 23.400000      0.05255313
 23.500000      0.02605510
 23.600000     -0.00610864
 23.700000     -0.04007624
 23.800000     -0.07462148
 23.900000     -0.11152385
 24.000000     -0.14879418
 24.100000     -0.18651858
 24.200000     -0.22328685
 24.300000     -0.26064543
 24.400000     -0.29661293
 24.500000     -0.33058119
 24.600000     -0.36518953
 24.700000     -0.39955556
 24.800000     -0.43537305
 24.900000     -0.47025962
 25.000000     -0.49956191
 25.100000     -0.52499313
 25.200000     -0.54785894
 25.300000     -0.56775524
 25.400000     -0.58651311
 25.500000     -0.60562607
 25.600000     -0.62230299
 25.700000     -0.63569647
 25.800000     -0.64861777
 25.900000     -0.66118018
 26.000000     -0.67518971
 26.100000     -0.68974013
 26.200000     -0.70584327
 26.300000     -0.72129786
 26.400000     -0.73693033
 26.500000     -0.75087446
 26.600000     -0.76424003
 26.700000     -0.77518134
 26.800000     -0.78240083
 26.900000     -0.79045865
 27.000000     -0.79515670
 27.100000     -0.79664144
 27.200000     -0.79649475
 27.300000     -0.79378540
 27.400000     -0.78992005
 27.500000     -0.78788962
 27.600000     -0.78890854
 27.700000     -0.78880015
 27.800000     -0.78898732
 27.900000     -0.79087400
 28.000000     -0.79270842
 28.100000     -0.79654246
 28.200000     -0.80397404
 28.300000     -0.81425156
 28.400000     -0.82478425
 28.500000     -0.83502975
 28.600000     -0.84316262
 28.700000     -0.84978116
 28.800000     -0.85545863
 28.900000     -0.86201312
 29.000000     -0.86813675
 29.100000     -0.87348997
 29.200000     -0.88019058
 29.300000     -0.88689532
 29.400000     -0.89389077
 29.500000     -0.90083171
 29.600000     -0.90911066
 29.700000     -0.91560370
 29.800000     -0.92155945
 29.900000     -0.92816099
 30.000000     -0.93382247
 30.100000     -0.93960852
 30.200000     -0.94633409
 30.300000     -0.95222659
 30.400000     -0.95723103
 30.500000     -0.96206171
 30.600000     -0.96519607
 30.700000     -0.96688370
 30.800000     -0.96624352
 30.900000     -0.96383168
 31.000000     -0.96042677
 31.100000     -0.95548427
 31.200000     -0.94995907
 31.300000     -0.94346355
 31.400000     -0.93590950
 31.500000     -0.92785820
 31.600000     -0.92039445
 31.700000     -0.91286927
 31.800000     -0.90660339
 31.900000     -0.90214756
 32.000000     -0.89695669
 32.100000     -0.89268439
 32.200000     -0.88921412
 32.300000     -0.88542267
 32.400000     -0.88126324
 32.500000     -0.87822332
 32.600000     -0.87620843
 32.700000     -0.87343515
 32.800000     -0.87050299
 32.900000     -0.86825175
 33.000000     -0.86688335
 33.100000     -0.86654862
 33.200000     -0.86715068
 33.300000     -0.86865710
 33.400000     -0.87093474
 33.500000     -0.87391126
 33.600000     -0.87687265
 33.700000     -0.87948640
 33.800000     -0.88195327
 33.900000     -0.88396645
 34.000000     -0.88584407
 34.100000     -0.88757280
 34.200000     -0.88949595
 34.300000     -0.89157939
 34.400000     -0.89399482
 34.500000     -0.89674431
 34.600000     -0.89946498
 34.700000     -0.90262672
 34.800000     -0.90620023
 34.900000     -0.91036758
 35.000000     -0.91517962
 35.100000     -0.92051574
 35.200000     -0.92608636
 35.300000     -0.93179149
 35.400000     -0.93765194
 35.500000     -0.94362034
 35.600000     -0.94943231
 35.700000     -0.95496234
 35.800000     -0.96034484
 35.900000     -0.96518639
 36.000000     -0.96932691
 36.100000     -0.97313571
 36.200000     -0.97666123
 36.300000     -0.98001014
 36.400000     -0.98274679
 36.500000     -0.98486058
 36.600000     -0.98664530
 36.700000     -0.98811486
 36.800000     -0.98958040
 36.900000     -0.99124896
 37.000000     -0.99327761
 37.100000     -0.99552442
 37.200000     -0.99762176
 37.300000     -0.99909211
 37.400000     -0.99979030
 37.500000     -1.00000000
 37.600000     -0.99975772
 37.700000     -0.99901535
 37.800000     -0.99797116
 37.900000     -0.99680076
 38.000000     -0.99520074
 38.100000     -0.99305068
 38.200000     -0.99016760
 38.300000     -0.98666687
 38.400000     -0.98284966
 38.500000     -0.97930948
 38.600000     -0.97577088
 38.700000     -0.97194382
 38.800000     -0.96810887
 38.900000     -0.96387329
 39.000000     -0.95924792
 39.100000     -0.95402464
 39.200000     -0.94797144
 39.300000     -0.94160460
 39.400000     -0.93499587
 39.500000     -0.92789302
 39.600000     -0.92045063
 39.700000     -0.91278385
 39.800000     -0.90514434
 39.900000     -0.89749512
