  0.000000      0.02611561
  0.100000      0.02467944
  0.200000      0.02340261
  0.300000      0.02256965
  0.400000      0.02153764
  0.500000      0.02105870
  0.600000      0.02099812
  0.700000      0.02149850
  0.800000      0.02298384
  0.900000      0.02530060
  1.000000      0.03164949
  1.100000      0.03919852
  1.200000      0.03482751
  1.300000      0.03399759
  1.400000      0.03661698
  1.500000      0.04190710
  1.600000      0.04579007
  1.700000      0.04797028
  1.800000      0.05047976
  1.900000      0.05709590
  2.000000      0.06108185
  2.100000      0.06337412
  2.200000      0.06379972
  2.300000      0.06556179
  2.400000      0.06781068
  2.500000      0.06953723
  2.600000      0.06856479
  2.700000      0.06923343
  2.800000      0.06895347
  2.900000      0.06980587
  3.000000      0.07041281
  3.100000      0.07311632
  3.200000      0.07566461
  3.300000      0.07582621
  3.400000      0.07648849
  3.500000      0.07841527
  3.600000      0.07665071
  3.700000      0.07763222
  3.800000      0.07625398
  3.900000      0.07228791
  4.000000      0.07285138
  4.100000      0.07149734
  4.200000      0.06404187
  4.300000      0.05791111
  4.400000      0.05459688
  4.500000      0.04997356
  4.600000      0.04675489
  4.700000      0.04190896
  4.800000      0.04006161
  4.900000      0.04537388
  5.000000      0.04394562
  5.100000      0.04076780
  5.200000      0.04160496
  5.300000      0.04358037
  5.400000      0.04124033
  5.500000      0.04391089
  5.600000      0.04315354
  5.700000      0.04262872
  5.800000      0.03866078
  5.900000      0.03349360
  6.000000      0.03223999
  6.100000      0.03068626
  6.200000      0.02700073
  6.300000      0.02721402
  6.400000      0.02592312
  6.500000      0.02135596
  6.600000      0.01166708
  6.700000      0.00076905
  6.800000     -0.00684192
  6.900000     -0.02216302
  7.000000     -0.03758711
  7.100000     -0.05099804
  7.200000     -0.05860973
  7.300000     -0.06143029
  7.400000     -0.05751051
  7.500000     -0.05563831
  7.600000     -0.04279316
  7.700000     -0.02121882
  7.800000      0.00454877
  7.900000      0.04390926
  8.000000      0.09379251
  8.100000      0.15494326
  8.200000      0.22649731
  8.300000      0.30743939
  8.400000      0.39905790
  8.500000      0.50018766
  8.600000      0.60116653
  8.700000      0.70150988
  8.800000      0.78947313
  8.900000      0.86173198
  9.000000      0.92070090
  9.100000      0.96290323
  9.200000      0.98780995
  9.300000      1.00000000
  9.400000      0.99258359
  9.500000      0.97304658
  9.600000      0.94125786
  9.700000      0.88506847
  9.800000      0.80249916
  9.900000      0.69445096
 10.000000      0.56597986
 10.100000      0.41987244
 10.200000      0.26961389
 10.300000      0.12245720
 10.400000     -0.02026053
 10.500000     -0.14913575
 10.600000     -0.25646277
 10.700000     -0.34646858
 10.800000     -0.41937373
 10.900000     -0.46501967
 11.000000     -0.49635160
 11.100000     -0.51440313
 11.200000     -0.51374824
 11.300000     -0.50366182
 11.400000     -0.48570556
 11.500000     -0.46372753
 11.600000     -0.43696619
 11.700000     -0.41863941
 11.800000     -0.40189738
 11.900000     -0.38326780
 12.000000     -0.36912138
 12.100000     -0.35549262
 12.200000     -0.34299468
 12.300000     -0.33643645
 12.400000     -0.33769348
 12.500000     -0.33847195
 12.600000     -0.34015547
 12.700000     -0.34186606
 12.800000     -0.34184656
 12.900000     -0.33582271
 13.000000     -0.32245268
 13.100000     -0.30067782
 13.200000     -0.27018651
 13.300000     -0.23257736
 13.400000     -0.19276042
 13.500000     -0.15338334
 13.600000     -0.11899946
 13.700000     -0.09268747
 13.800000     -0.07488339
 13.900000     -0.06613866
 14.000000     -0.06284790
 14.100000     -0.06545466
 14.200000     -0.07697377
 14.300000     -0.09343983
 14.400000     -0.10998537
 14.500000     -0.12316586
 14.600000     -0.13062732
 14.700000     -0.13146662
 14.800000     -0.12861131
 14.900000     -0.12663331
 15.000000     -0.12795285
 15.100000     -0.13339398
 15.200000     -0.14316842
 15.300000     -0.14999619
 15.400000     -0.15391457
 15.500000     -0.15368883
 15.600000     -0.14702561
 15.700000     -0.13419871
 15.800000     -0.11598016
 15.900000     -0.09408699
 16.000000     -0.07267574
 16.100000     -0.05441283
 16.200000     -0.03861761
 16.300000     -0.02538264
 16.400000     -0.01716910
 16.500000     -0.01312189
 16.600000     -0.01181126
 16.700000     -0.01204160
 16.800000     -0.01252887
 16.900000     -0.01333813
 17.000000     -0.01429669
 17.100000     -0.01709602
 17.200000     -0.01827489
 17.300000     -0.01677214
 17.400000     -0.01406080
 17.500000     -0.00975120
 17.600000     -0.00588456
 17.700000     -0.00262625
 17.800000     -0.00024275
 17.900000      0.00160631
 18.000000      0.00230560
 18.100000     -0.00025622
 18.200000     -0.00709816
 18.300000     -0.01522986
 18.400000     -0.02306082
 18.500000     -0.03106344
 18.600000     -0.03978480
 18.700000     -0.04588929
 18.800000     -0.05228394
 18.900000     -0.05793369
 19.000000     -0.06131689
 19.100000     -0.06368639
 19.200000     -0.06810263
 19.300000     -0.07557053
 19.400000     -0.08170460
 19.500000     -0.08784906
 19.600000     -0.09330756
 19.700000     -0.09671837
 19.800000     -0.09562083
 19.900000     -0.09076204
 20.000000     -0.08231205
 20.100000     -0.07231717
 20.200000     -0.06253071
 20.300000     -0.05248955
 20.400000     -0.04568060
 20.500000     -0.04297784
 20.600000     -0.04399696
 20.700000     -0.04461615
 20.800000     -0.04468367
 20.900000     -0.04387515
 21.000000     -0.04301609
 21.100000     -0.04086973
 21.200000     -0.03654837
 21.300000     -0.03131607
 21.400000     -0.02511390
 21.500000     -0.01593541
 21.600000     -0.00602706
 21.700000      0.00401442
 21.800000      0.01197393
 21.900000      0.01858644
 22.000000      0.02473661
 22.100000      0.03032349
 22.200000      0.03473922
 22.300000      0.03688826
 22.400000      0.03644775
 22.500000      0.03519005
 22.600000      0.03665349
 22.700000      0.03672195
 22.800000      0.03444683
 22.900000      0.03045807
 23.000000      0.02439769
 23.100000      0.01869421
 23.200000      0.01396538
 23.300000      0.01015755
 23.400000      0.00637744
 23.500000      0.00120408
 23.600000     -0.00323731
 23.700000     -0.00728418
 23.800000     -0.01129297
 23.900000     -0.01432145
 24.000000     -0.01820868
 24.100000     -0.02159497
 24.200000     -0.02429921
 24.300000     -0.02719347
 24.400000     -0.02987694
 24.500000     -0.03166062
 24.600000     -0.03215425
 24.700000     -0.03173473
 24.800000     -0.03070174
 24.900000     -0.02875796
 25.000000     -0.02692979
 25.100000     -0.02645287
 25.200000     -0.02794850
 25.300000     -0.03134886
 25.400000     -0.03544265
 25.500000     -0.03979988
 25.600000     -0.04347190
 25.700000     -0.04456117
 25.800000     -0.04219811
 25.900000     -0.03938270
 26.000000     -0.03535630
 26.100000     -0.03103717
 26.200000     -0.02671254
 26.300000     -0.02310522
 26.400000     -0.01961252
 26.500000     -0.01470954
 26.600000     -0.00895926
 26.700000     -0.00395904
 26.800000      0.00081793
 26.900000      0.00481912
 27.000000      0.00726819
 27.100000      0.00747871
 27.200000      0.00457435
 27.300000     -0.00131097
 27.400000     -0.00868433
 27.500000     -0.01823585
 27.600000     -0.02901491
 27.700000     -0.03972338
 27.800000     -0.04982273
 27.900000     -0.05801353
 28.000000     -0.06319718
 28.100000     -0.06569119
 28.200000     -0.06734587
 28.300000     -0.06840770
 28.400000     -0.06932647
 28.500000     -0.07006195
 28.600000     -0.06814783
 28.700000     -0.06390470
 28.800000     -0.05975420
 28.900000     -0.05394814
 29.000000     -0.04891717
 29.100000     -0.04382899
 29.200000     -0.03857340
 29.300000     -0.03326118
 29.400000     -0.02756142
 29.500000     -0.02236488
 29.600000     -0.01734817
 29.700000     -0.01389994
 29.800000     -0.01156466
 29.900000     -0.01079654
 30.000000     -0.01019963
 30.100000     -0.01109667
 30.200000     -0.01541535
 30.300000     -0.02079275
 30.400000     -0.02673676
 30.500000     -0.03189889
 30.600000     -0.03583460
 30.700000     -0.03731406
 30.800000     -0.03524035
 30.900000     -0.02924972
 31.000000     -0.01995951
 31.100000     -0.00988392
 31.200000     -0.00150784
 31.300000      0.00324208
 31.400000      0.00691630
 31.500000      0.00840590
 31.600000      0.00796843
 31.700000      0.00480801
 31.800000      0.00137395
 31.900000     -0.00176125
 32.000000     -0.00485903
 32.100000     -0.00744342
 32.200000     -0.01069461
 32.300000     -0.01694973
 32.400000     -0.02750510
 32.500000     -0.03981896
 32.600000     -0.05411353
 32.700000     -0.06879737
 32.800000     -0.08384950
 32.900000     -0.09445888
 33.000000     -0.09888406
 33.100000     -0.09676692
 33.200000     -0.08989668
 33.300000     -0.07919653
 33.400000     -0.06645058
 33.500000     -0.05298444
 33.600000     -0.03875010
 33.700000     -0.02430409
 33.800000     -0.01163406
 33.900000      0.00077401
 34.000000      0.01329457
 34.100000      0.02489372
 34.200000      0.03445977
 34.300000      0.04151505
 34.400000      0.04639183
 34.500000      0.04858894
 34.600000      0.04543946
 34.700000      0.04000200
 34.800000      0.03178775
 34.900000      0.01977084
 35.000000      0.00585219
 35.100000     -0.00806181
 35.200000     -0.02181399
 35.300000     -0.03535066
 35.400000     -0.04743971
 35.500000     -0.05757234
 35.600000     -0.06651474
 35.700000     -0.07337719
 35.800000     -0.08052760
 35.900000     -0.08729593
 36.000000     -0.09308841
 36.100000     -0.09705289
 36.200000     -0.09855295
 36.300000     -0.09781127
 36.400000     -0.09363274
 36.500000     -0.08910762
 36.600000     -0.08386422
 36.700000     -0.07818521
 36.800000     -0.07090986
 36.900000     -0.06441664
 37.000000     -0.05924189
 37.100000     -0.05403892
 37.200000     -0.04982446
 37.300000     -0.04614733
 37.400000     -0.04187218
 37.500000     -0.03733446
 37.600000     -0.03412232
 37.700000     -0.03247088
 37.800000     -0.03199351
 37.900000     -0.03051445
 38.000000     -0.02808793
 38.100000     -0.02474970
 38.200000     -0.02219455
 38.300000     -0.01936659
 38.400000     -0.01586784
 38.500000     -0.01131721
 38.600000     -0.00680529
 38.700000     -0.00257010
 38.800000      0.00096161
 38.900000      0.00339892
 39.000000      0.00430741
 39.100000      0.00358626
 39.200000      0.00166339
 39.300000     -0.00157697
 39.400000     -0.00489426
 39.500000     -0.00804674
 39.600000     -0.01044013
 39.700000     -0.01248514
 39.800000     -0.01434676
 39.900000     -0.01563458
