  0.000000      0.00957552
  0.100000      0.00975187
  0.200000      0.00987003
  0.300000      0.01002277
  0.400000      0.01017460
  0.500000      0.01033169
  0.600000      0.01045355
  0.700000      0.01064366
  0.800000      0.01087317
  0.900000      0.01112024
  1.000000      0.01137120
  1.100000      0.01166822
  1.200000      0.01195047
  1.300000      0.01213274
  1.400000      0.01227150
  1.500000      0.01239977
  1.600000      0.01259402
  1.700000      0.01278029
  1.800000      0.01293710
  1.900000      0.01313327
  2.000000      0.01335776
  2.100000      0.01354661
  2.200000      0.01356884
  2.300000      0.01347028
  2.400000      0.01347156
  2.500000      0.01352810
  2.600000      0.01344551
  2.700000      0.01325214
  2.800000      0.01302904
  2.900000      0.01276726
  3.000000      0.01248886
  3.100000      0.01224560
  3.200000      0.01199627
  3.300000      0.01179888
  3.400000      0.01166232
  3.500000      0.01141862
  3.600000      0.01115604
  3.700000      0.01091500
  3.800000      0.01087391
  3.900000      0.01086611
  4.000000      0.01070843
  4.100000      0.01063351
  4.200000      0.01071040
  4.300000      0.01069759
  4.400000      0.01046729
  4.500000      0.01029019
  4.600000      0.01025535
  4.700000      0.01042324
  4.800000      0.01064445
  4.900000      0.01071000
  5.000000      0.01081550
  5.100000      0.01094599
  5.200000      0.01097588
  5.300000      0.01104110
  5.400000      0.01097707
  5.500000      0.01080264
  5.600000      0.01063055
  5.700000      0.01028870
  5.800000      0.00996041
  5.900000      0.00977678
  6.000000      0.00946233
  6.100000      0.00909058
  6.200000      0.00879195
  6.300000      0.00845314
  6.400000      0.00825351
  6.500000      0.00819722
  6.600000      0.00837831
  6.700000      0.00865007
  6.800000      0.00880230
  6.900000      0.00907530
  7.000000      0.00956666
  7.100000      0.01008008
  7.200000      0.01053753
  7.300000      0.01096631
  7.400000      0.01151067
  7.500000      0.01210559
  7.600000      0.01284512
  7.700000      0.01350564
  7.800000      0.01418254
  7.900000      0.01486862
  8.000000      0.01557645
  8.100000      0.01628072
  8.200000      0.01694847
  8.300000      0.01776395
  8.400000      0.01861923
  8.500000      0.01969176
  8.600000      0.02106818
  8.700000      0.02267036
  8.800000      0.02438170
  8.900000      0.02610179
  9.000000      0.02774012
  9.100000      0.02945553
  9.200000      0.03145527
  9.300000      0.03381438
  9.400000      0.03628072
  9.500000      0.03911093
  9.600000      0.04232369
  9.700000      0.04572674
  9.800000      0.04925077
  9.900000      0.05321288
 10.000000      0.05769637
 10.100000      0.06250570
 10.200000      0.06779210
 10.300000      0.07367637
 10.400000      0.08015875
 10.500000      0.08701896
 10.600000      0.09451195
 10.700000      0.10266254
 10.800000      0.11140366
 10.900000      0.12081945
 11.000000      0.13097686
 11.100000      0.14197590
 11.200000      0.15381726
 11.300000      0.16649450
 11.400000      0.18008869
 11.500000      0.19470814
 11.600000      0.21035715
 11.700000      0.22708198
 11.800000      0.24490027
 11.900000      0.26387223
 12.000000      0.28398635
 12.100000      0.30497299
 12.200000      0.32676871
 12.300000      0.34937466
 12.400000      0.37272503
 12.500000      0.39661587
 12.600000      0.42103658
 12.700000      0.44581674
 12.800000      0.47109811
 12.900000      0.49669402
 13.000000      0.52264182
 13.100000      0.54855490
 13.200000      0.57475324
 13.300000      0.60086254
 13.400000      0.62689318
 13.500000      0.65256599
 13.600000      0.67819975
 13.700000      0.70353884
 13.800000      0.72857629
 13.900000      0.75271878
 14.000000      0.77611816
 14.100000      0.79852672
 14.200000      0.81998858
 14.300000      0.84088517
 14.400000      0.86069385
 14.500000      0.87941959
 14.600000      0.89676374
 14.700000      0.91297214
 14.800000      0.92791759
 14.900000      0.94168078
 15.000000      0.95407620
 15.100000      0.96504208
 15.200000      0.97442470
 15.300000      0.98240912
 15.400000      0.98907978
 15.500000      0.99425879
 15.600000      0.99780846
 15.700000      0.99980794
 15.800000      1.00000000
 15.900000      0.99858840
 16.000000      0.99583951
 16.100000      0.99184052
 16.200000      0.98635866
 16.300000      0.97940923
 16.400000      0.97105513
 16.500000      0.96153707
 16.600000      0.95067904
 16.700000      0.93881476
 16.800000      0.92559209
 16.900000      0.91076586
 17.000000      0.89450601
 17.100000      0.87704995
 17.200000      0.85793543
 17.300000      0.83715340
 17.400000      0.81445837
 17.500000      0.79016592
 17.600000      0.76400113
 17.700000      0.73639289
 17.800000      0.70694014
 17.900000      0.67592664
 18.000000      0.64356256
 18.100000      0.60962254
 18.200000      0.57462459
 18.300000      0.53857344
 18.400000      0.50184786
 18.500000      0.46484928
 18.600000      0.42778776
 18.700000      0.39045157
 18.800000      0.35296940
 18.900000      0.31555383
 19.000000      0.27838639
 19.100000      0.24186869
 19.200000      0.20625740
 19.300000      0.17146041
 19.400000      0.13771534
 19.500000      0.10469961
 19.600000      0.07247604
 19.700000      0.04112333
 19.800000      0.01092352
 19.900000     -0.01839650
 20.000000     -0.04701865
 20.100000     -0.07513991
 20.200000     -0.10262098
 20.300000     -0.12970560
 20.400000     -0.15683350
 20.500000     -0.18363925
 20.600000     -0.20997494
 20.700000     -0.23612614
 20.800000     -0.26225012
 20.900000     -0.28794614
 21.000000     -0.31317104
 21.100000     -0.33815993
 21.200000     -0.36230585
 21.300000     -0.38601234
 21.400000     -0.40922406
 21.500000     -0.43192500
 21.600000     -0.45447477
 21.700000     -0.47657630
 21.800000     -0.49840903
 21.900000     -0.51892061
 22.000000     -0.53867584
 22.100000     -0.55781124
 22.200000     -0.57629882
 22.300000     -0.59375007
 22.400000     -0.61025665
 22.500000     -0.62615261
 22.600000     -0.64126342
 22.700000     -0.65556002
 22.800000     -0.66850950
 22.900000     -0.68035253
 23.000000     -0.69119706
 23.100000     -0.70075728
 23.200000     -0.70875203
 23.300000     -0.71579261
 23.400000     -0.72210514
 23.500000     -0.72721964
 23.600000     -0.73096311
 23.700000     -0.73365647
 23.800000     -0.73544247
 23.900000     -0.73618180
 24.000000     -0.73595696
 24.100000     -0.73477414
 24.200000     -0.73311170
 24.300000     -0.73096228
 24.400000     -0.72819187
 24.500000     -0.72460916
 24.600000     -0.72030998
 24.700000     -0.71534709
 24.800000     -0.70967096
 24.900000     -0.70368722
 25.000000     -0.69731464
 25.100000     -0.69038252
 25.200000     -0.68297339
 25.300000     -0.67527820
 25.400000     -0.66730217
 25.500000     -0.65904058
 25.600000     -0.65038668
 25.700000     -0.64180062
 25.800000     -0.63324247
 25.900000     -0.62467731
 26.000000     -0.61631105
 26.100000     -0.60827597
 26.200000     -0.60047191
 26.300000     -0.59288521
 26.400000     -0.58563866
 26.500000     -0.57875711
 26.600000     -0.57215009
 26.700000     -0.56572062
 26.800000     -0.55950858
 26.900000     -0.55339890
 27.000000     -0.54705366
 27.100000     -0.54059227
 27.200000     -0.53414039
 27.300000     -0.52785293
 27.400000     -0.52152364
 27.500000     -0.51527530
 27.600000     -0.50913692
 27.700000     -0.50321342
 27.800000     -0.49753350
 27.900000     -0.49186261
 28.000000     -0.48588942
 28.100000     -0.47977314
 28.200000     -0.47355735
 28.300000     -0.46724305
 28.400000     -0.46095975
 28.500000     -0.45457829
 28.600000     -0.44806350
 28.700000     -0.44154404
 28.800000     -0.43529285
 28.900000     -0.42909460
 29.000000     -0.42301466
 29.100000     -0.41703217
 29.200000     -0.41099407
 29.300000     -0.40479134
 29.400000     -0.39857569
 29.500000     -0.39233941
 29.600000     -0.38615346
 29.700000     -0.38017865
 29.800000     -0.37421488
 29.900000     -0.36821925
 30.000000     -0.36224209
 30.100000     -0.35642540
 30.200000     -0.35066039
 30.300000     -0.34484548
 30.400000     -0.33915781
 30.500000     -0.33356756
 30.600000     -0.32802496
 30.700000     -0.32257741
 30.800000     -0.31707043
 30.900000     -0.31152809
 31.000000     -0.30605177
 31.100000     -0.30058527
 31.200000     -0.29517797
 31.300000     -0.28993073
 31.400000     -0.28478999
 31.500000     -0.27959325
 31.600000     -0.27433865
 31.700000     -0.26892826
 31.800000     -0.26364997
 31.900000     -0.25859400
 32.000000     -0.25366370
 32.100000     -0.24857136
 32.200000     -0.24357603
 32.300000     -0.23850489
 32.400000     -0.23338170
 32.500000     -0.22830108
 32.600000     -0.22320542
 32.700000     -0.21812202
 32.800000     -0.21312448
 32.900000     -0.20822189
 33.000000     -0.20332215
 33.100000     -0.19866441
 33.200000     -0.19400363
 33.300000     -0.18936398
 33.400000     -0.18482037
 33.500000     -0.18052681
 33.600000     -0.17620180
 33.700000     -0.17201009
 33.800000     -0.16820013
 33.900000     -0.16438187
 34.000000     -0.16035161
 34.100000     -0.15656872
 34.200000     -0.15282182
 34.300000     -0.14894742
 34.400000     -0.14513160
 34.500000     -0.14157389
 34.600000     -0.13820816
 34.700000     -0.13494912
 34.800000     -0.13193611
 34.900000     -0.12904613
 35.000000     -0.12625205
 35.100000     -0.12352192
 35.200000     -0.12112308
 35.300000     -0.11865536
 35.400000     -0.11614754
 35.500000     -0.11361933
 35.600000     -0.11080726
 35.700000     -0.10800075
 35.800000     -0.10528026
 35.900000     -0.10243818
 36.000000     -0.09956650
 36.100000     -0.09675125
 36.200000     -0.09388075
 36.300000     -0.09096525
 36.400000     -0.08789564
 36.500000     -0.08481603
 36.600000     -0.08181536
 36.700000     -0.07890233
 36.800000     -0.07584601
 36.900000     -0.07283763
 37.000000     -0.06998670
 37.100000     -0.06735758
 37.200000     -0.06488825
 37.300000     -0.06252230
 37.400000     -0.06032131
 37.500000     -0.05821934
 37.600000     -0.05616405
 37.700000     -0.05431999
 37.800000     -0.05261894
 37.900000     -0.05092991
 38.000000     -0.04918354
 38.100000     -0.04734377
 38.200000     -0.04548596
 38.300000     -0.04370568
 38.400000     -0.04199262
 38.500000     -0.04027994
 38.600000     -0.03840969
 38.700000     -0.03638279
 38.800000     -0.03426253
 38.900000     -0.03202475
 39.000000     -0.02982383
 39.100000     -0.02768545
 39.200000     -0.02566184
 39.300000     -0.02385394
 39.400000     -0.02210243
 39.500000     -0.02041884
 39.600000     -0.01896820
 39.700000     -0.01771389
 39.800000     -0.01641554
 39.900000     -0.01523398
