  0.000000     -0.04039500
  0.100000     -0.04031543
  0.200000     -0.03990331
  0.300000     -0.03974521
  0.400000     -0.03962499
  0.500000     -0.03950212
  0.600000     -0.03937807
  0.700000     -0.03926026
  0.800000     -0.03919880
  0.900000     -0.03914355
  1.000000     -0.03906364
  1.100000     -0.03899219
  1.200000     -0.03891625
  1.300000     -0.03979144
  1.400000     -0.04106939
  1.500000     -0.04041674
  1.600000     -0.04008687
  1.700000     -0.03998197
  1.800000     -0.03990406
  1.900000     -0.03986779
  2.000000     -0.03986201
  2.100000     -0.03989512
  2.200000     -0.03994623
  2.300000     -0.04000745
  2.400000     -0.04019243
  2.500000     -0.04058253
  2.600000     -0.04065306
  2.700000     -0.04038337
  2.800000     -0.04140980
  2.900000     -0.04222420
  3.000000     -0.04257789
  3.100000     -0.04295568
  3.200000     -0.04303658
  3.300000     -0.04347716
  3.400000     -0.04390814
  3.500000     -0.04436413
  3.600000     -0.04602621
  3.700000     -0.04623619
  3.800000     -0.04577772
  3.900000     -0.04558372
  4.000000     -0.04552920
  4.100000     -0.04569956
  4.200000     -0.04710886
  4.300000     -0.04737858
  4.400000     -0.04762906
  4.500000     -0.04806583
  4.600000     -0.04869449
  4.700000     -0.05028501
  4.800000     -0.05060676
  4.900000     -0.05065013
  5.000000     -0.05110308
  5.100000     -0.05234421
  5.200000     -0.05267035
  5.300000     -0.05211582
  5.400000     -0.05256205
  5.500000     -0.05301195
  5.600000     -0.05439053
  5.700000     -0.05502773
  5.800000     -0.05551395
  5.900000     -0.05570312
  6.000000     -0.05594999
  6.100000     -0.05753475
  6.200000     -0.05935878
  6.300000     -0.06044880
  6.400000     -0.06169599
  6.500000     -0.06325098
  6.600000     -0.06386581
  6.700000     -0.06456061
  6.800000     -0.06541463
  6.900000     -0.06611719
  7.000000     -0.06700821
  7.100000     -0.06805850
  7.200000     -0.07001749
  7.300000     -0.07122483
  7.400000     -0.07244210
  7.500000     -0.07362459
  7.600000     -0.07460005
  7.700000     -0.07545739
  7.800000     -0.07634747
  7.900000     -0.07690044
  8.000000     -0.07784951
  8.100000     -0.07892824
  8.200000     -0.08006408
  8.300000     -0.08126224
  8.400000     -0.08251940
  8.500000     -0.08383673
  8.600000     -0.08520757
  8.700000     -0.08662998
  8.800000     -0.08809924
  8.900000     -0.08960362
  9.000000     -0.09113801
  9.100000     -0.09269379
  9.200000     -0.09426052
  9.300000     -0.09582503
  9.400000     -0.09737982
  9.500000     -0.09891621
  9.600000     -0.10042402
  9.700000     -0.10189351
  9.800000     -0.10331505
  9.900000     -0.10468215
 10.000000     -0.10599019
 10.100000     -0.10722852
 10.200000     -0.10839833
 10.300000     -0.10948948
 10.400000     -0.11049496
 10.500000     -0.11140044
 10.600000     -0.11220017
 10.700000     -0.11288070
 10.800000     -0.11342642
 10.900000     -0.11381748
 11.000000     -0.11404269
 11.100000     -0.11408397
 11.200000     -0.11391951
 11.300000     -0.11352576
 11.400000     -0.11288811
 11.500000     -0.11197539
 11.600000     -0.11076396
 11.700000     -0.10921882
 11.800000     -0.10731550
 11.900000     -0.10501579
 12.000000     -0.10228602
 12.100000     -0.09909651
 12.200000     -0.09541853
 12.300000     -0.09122516
 12.400000     -0.08648791
 12.500000     -0.08118220
 12.600000     -0.07527889
 12.700000     -0.06876065
 12.800000     -0.06160848
 12.900000     -0.05379672
 13.000000     -0.04530909
 13.100000     -0.03612659
 13.200000     -0.02622295
 13.300000     -0.01558554
 13.400000     -0.00421344
 13.500000      0.00790981
 13.600000      0.02078400
 13.700000      0.03440799
 13.800000      0.04877926
 13.900000      0.06388674
 14.000000      0.07972165
 14.100000      0.09626191
 14.200000      0.11348889
 14.300000      0.13138715
 14.400000      0.14992299
 14.500000      0.16907429
 14.600000      0.18881366
 14.700000      0.20910909
 14.800000      0.22992777
 14.900000      0.25123847
 15.000000      0.27300815
 15.100000      0.29519973
 15.200000      0.31777570
 15.300000      0.34069430
 15.400000      0.36391600
 15.500000      0.38739570
 15.600000      0.41108714
 15.700000      0.43494741
 15.800000      0.45892512
 15.900000      0.48297171
 16.000000      0.50704270
 16.100000      0.53109430
 16.200000      0.55508234
 16.300000      0.57895403
 16.400000      0.60266443
 16.500000      0.62616351
 16.600000      0.64940392
 16.700000      0.67233304
 16.800000      0.69490156
 16.900000      0.71705510
 17.000000      0.73874592
 17.100000      0.75992932
 17.200000      0.78054358
 17.300000      0.80054291
 17.400000      0.81987803
 17.500000      0.83850453
 17.600000      0.85637034
 17.700000      0.87342076
 17.800000      0.88961226
 17.900000      0.90489385
 18.000000      0.91921888
 18.100000      0.93253863
 18.200000      0.94481158
 18.300000      0.95598620
 18.400000      0.96600854
 18.500000      0.97482637
 18.600000      0.98239209
 18.700000      0.98866902
 18.800000      0.99361580
 18.900000      0.99717855
 19.000000      0.99932132
 19.100000      1.00000000
 19.200000      0.99915723
 19.300000      0.99676460
 19.400000      0.99281604
 19.500000      0.98726098
 19.600000      0.98009077
 19.700000      0.97125251
 19.800000      0.96071119
 19.900000      0.94845638
 20.000000      0.93448046
 20.100000      0.91876091
 20.200000      0.90129198
 20.300000      0.88207869
 20.400000      0.86110772
 20.500000      0.83839176
 20.600000      0.81396214
 20.700000      0.78783661
 20.800000      0.76005116
 20.900000      0.73062377
 21.000000      0.69960417
 21.100000      0.66704224
 21.200000      0.63298850
 21.300000      0.59749807
 21.400000      0.56066587
 21.500000      0.52257026
 21.600000      0.48329685
 21.700000      0.44294207
 21.800000      0.40161995
 21.900000      0.35944181
 22.000000      0.31652188
 22.100000      0.27299920
 22.200000      0.22900624
 22.300000      0.18466992
 22.400000      0.14013171
 22.500000      0.09552080
 22.600000      0.05097544
 22.700000      0.00664657
 22.800000     -0.03733531
 22.900000     -0.08082288
 23.000000     -0.12367564
 23.100000     -0.16577675
 23.200000     -0.20697852
 23.300000     -0.24714337
 23.400000     -0.28617241
 23.500000     -0.32393457
 23.600000     -0.36031737
 23.700000     -0.39521167
 23.800000     -0.42851830
 23.900000     -0.46015346
 24.000000     -0.49002412
 24.100000     -0.51804516
 24.200000     -0.54416270
 24.300000     -0.56832354
 24.400000     -0.59048970
 24.500000     -0.61060564
 24.600000     -0.62867541
 24.700000     -0.64470236
 24.800000     -0.65870354
 24.900000     -0.67069520
 25.000000     -0.68069403
 25.100000     -0.68875510
 25.200000     -0.69493187
 25.300000     -0.69927745
 25.400000     -0.70186881
 25.500000     -0.70277550
 25.600000     -0.70208345
 25.700000     -0.69987573
 25.800000     -0.69624040
 25.900000     -0.69128236
 26.000000     -0.68510557
 26.100000     -0.67779768
 26.200000     -0.66945249
 26.300000     -0.66018187
 26.400000     -0.65008834
 26.500000     -0.63926926
 26.600000     -0.62782717
 26.700000     -0.61584556
 26.800000     -0.60340399
 26.900000     -0.59058501
 27.000000     -0.57747422
 27.100000     -0.56413044
 27.200000     -0.55061904
 27.300000     -0.53701470
 27.400000     -0.52336307
 27.500000     -0.50971946
 27.600000     -0.49612427
 27.700000     -0.48262034
 27.800000     -0.46925342
 27.900000     -0.45605762
 28.000000     -0.44305733
 28.100000     -0.43027723
 28.200000     -0.41772227
 28.300000     -0.40542021
 28.400000     -0.39338959
 28.500000     -0.38163600
 28.600000     -0.37015945
 28.700000     -0.35897642
 28.800000     -0.34809232
 28.900000     -0.33751833
 29.000000     -0.32705673
 29.100000     -0.31695994
 29.200000     -0.30750507
 29.300000     -0.29839203
 29.400000     -0.28961101
 29.500000     -0.28116336
 29.600000     -0.27304225
 29.700000     -0.26524248
 29.800000     -0.25776941
 29.900000     -0.25022264
 30.000000     -0.24331527
 30.100000     -0.23672754
 30.200000     -0.23040901
 30.300000     -0.22442309
 30.400000     -0.21867159
 30.500000     -0.21311785
 30.600000     -0.20774881
 30.700000     -0.20254113
 30.800000     -0.19747446
 30.900000     -0.19253276
 31.000000     -0.18770112
 31.100000     -0.18295638
 31.200000     -0.17829270
 31.300000     -0.17370460
 31.400000     -0.16917754
 31.500000     -0.16470190
 31.600000     -0.16020239
 31.700000     -0.15550113
 31.800000     -0.15080597
 31.900000     -0.14612246
 32.000000     -0.14224282
 32.100000     -0.13841715
 32.200000     -0.13465254
 32.300000     -0.13094304
 32.400000     -0.12728397
 32.500000     -0.12368560
 32.600000     -0.11896641
 32.700000     -0.11522157
 32.800000     -0.11324186
 32.900000     -0.11014105
 33.000000     -0.10708804
 33.100000     -0.10410444
 33.200000     -0.10121768
 33.300000     -0.09844622
 33.400000     -0.09576764
 33.500000     -0.09433495
 33.600000     -0.09233477
 33.700000     -0.08997672
 33.800000     -0.08788823
 33.900000     -0.08480271
 34.000000     -0.08152187
 34.100000     -0.08008265
 34.200000     -0.07902976
 34.300000     -0.07816354
 34.400000     -0.07745561
 34.500000     -0.07686130
 34.600000     -0.07637921
 34.700000     -0.07607134
 34.800000     -0.07618888
 34.900000     -0.07661623
 35.000000     -0.07920750
 35.100000     -0.08030575
 35.200000     -0.08099529
 35.300000     -0.08179754
 35.400000     -0.08275461
 35.500000     -0.08389640
 35.600000     -0.08487694
 35.700000     -0.08587302
 35.800000     -0.08692983
 35.900000     -0.08756376
 36.000000     -0.08804779
 36.100000     -0.08764117
 36.200000     -0.08707027
 36.300000     -0.08752753
 36.400000     -0.08713506
 36.500000     -0.08728422
 36.600000     -0.08751209
 36.700000     -0.08775330
 36.800000     -0.08782692
 36.900000     -0.08772624
 37.000000     -0.08731702
 37.100000     -0.08683713
 37.200000     -0.08654033
 37.300000     -0.08457452
 37.400000     -0.08403375
 37.500000     -0.08348760
 37.600000     -0.08279828
 37.700000     -0.08212581
 37.800000     -0.08127327
 37.900000     -0.08026435
 38.000000     -0.07919802
 38.100000     -0.07812202
 38.200000     -0.07707327
 38.300000     -0.07606676
 38.400000     -0.07498389
 38.500000     -0.07383248
 38.600000     -0.07261421
 38.700000     -0.07288973
 38.800000     -0.07150657
 38.900000     -0.07004251
 39.000000     -0.06768376
 39.100000     -0.06326051
 39.200000     -0.06203122
 39.300000     -0.06022285
 39.400000     -0.05810283
 39.500000     -0.05664493
 39.600000     -0.05530960
 39.700000     -0.05394509
 39.800000     -0.05101480
 39.900000     -0.04875823
