  0.000000      0.02233297
  0.100000      0.02239845
  0.200000      0.02244077
  0.300000      0.02247486
  0.400000      0.02249292
  0.500000      0.02245868
  0.600000      0.02240107
  0.700000      0.02231451
  0.800000      0.02224277
  0.900000      0.02220547
  1.000000      0.02223696
  1.100000      0.02231701
  1.200000      0.02244241
  1.300000      0.02249221
  1.400000      0.02247170
  1.500000      0.02239799
  1.600000      0.02217163
  1.700000      0.02186291
  1.800000      0.02154763
  1.900000      0.02123568
  2.000000      0.02104674
  2.100000      0.02104062
  2.200000      0.02114398
  2.300000      0.02138717
  2.400000      0.02177886
  2.500000      0.02224213
  2.600000      0.02266967
  2.700000      0.02303625
  2.800000      0.02346578
  2.900000      0.02390121
  3.000000      0.02426530
  3.100000      0.02455496
  3.200000      0.02482396
  3.300000      0.02502611
  3.400000      0.02514079
  3.500000      0.02529596
  3.600000      0.02550128
  3.700000      0.02574951
  3.800000      0.02604215
  3.900000      0.02635760
  4.000000      0.02663053
  4.100000      0.02680706
  4.200000      0.02682086
  4.300000      0.02671284
  4.400000      0.02654149
  4.500000      0.02613891
  4.600000      0.02557339
  4.700000      0.02496169
  4.800000      0.02435531
  4.900000      0.02380486
  5.000000      0.02321670
  5.100000      0.02268962
  5.200000      0.02223938
  5.300000      0.02185382
  5.400000      0.02158977
  5.500000      0.02141544
  5.600000      0.02146234
  5.700000      0.02163920
  5.800000      0.02168181
  5.900000      0.02169868
  6.000000      0.02159858
  6.100000      0.02151737
  6.200000      0.02149666
  6.300000      0.02151625
  6.400000      0.02170059
  6.500000      0.02207119
  6.600000      0.02272082
  6.700000      0.02378449
  6.800000      0.02511196
  6.900000      0.02672320
  7.000000      0.02835987
  7.100000      0.03002950
  7.200000      0.03165552
  7.300000      0.03324796
  7.400000      0.03473477
  7.500000      0.03598079
  7.600000      0.03689569
  7.700000      0.03752101
  7.800000      0.03785668
  7.900000      0.03807623
  8.000000      0.03809073
  8.100000      0.03787669
  8.200000      0.03747968
  8.300000      0.03698338
  8.400000      0.03638183
  8.500000      0.03542583
  8.600000      0.03380063
  8.700000      0.03211892
  8.800000      0.03050370
  8.900000      0.02908468
  9.000000      0.02771753
  9.100000      0.02651042
  9.200000      0.02528161
  9.300000      0.02398503
  9.400000      0.02281591
  9.500000      0.02208440
  9.600000      0.02163905
  9.700000      0.02178303
  9.800000      0.02216410
  9.900000      0.02255060
 10.000000      0.02299113
 10.100000      0.02352668
 10.200000      0.02391155
 10.300000      0.02430760
 10.400000      0.02464974
 10.500000      0.02511673
 10.600000      0.02579262
 10.700000      0.02602038
 10.800000      0.02630140
 10.900000      0.02623436
 11.000000      0.02597420
 11.100000      0.02564615
 11.200000      0.02538402
 11.300000      0.02565717
 11.400000      0.02592675
 11.500000      0.02618141
 11.600000      0.02618278
 11.700000      0.02661583
 11.800000      0.02686139
 11.900000      0.02639818
 12.000000      0.02583042
 12.100000      0.02514798
 12.200000      0.02330056
 12.300000      0.02157371
 12.400000      0.01980128
 12.500000      0.01859108
 12.600000      0.01783246
 12.700000      0.01771661
 12.800000      0.01830958
 12.900000      0.01952381
 13.000000      0.01886962
 13.100000      0.01704598
 13.200000      0.01399951
 13.300000      0.01097742
 13.400000      0.00908857
 13.500000      0.00955207
 13.600000      0.00850542
 13.700000      0.00607278
 13.800000      0.00320482
 13.900000      0.00107863
 14.000000     -0.00165320
 14.100000     -0.00348874
 14.200000     -0.00378287
 14.300000     -0.00439954
 14.400000     -0.00398693
 14.500000     -0.00389678
 14.600000     -0.00413466
 14.700000     -0.00484255
 14.800000     -0.00626936
 14.900000     -0.00716960
 15.000000     -0.00653539
 15.100000     -0.00590778
 15.200000     -0.00352616
 15.300000      0.00246411
 15.400000      0.01340042
 15.500000      0.02898997
 15.600000      0.04653417
 15.700000      0.06875208
 15.800000      0.09440546
 15.900000      0.12756758
 16.000000      0.16762198
 16.100000      0.21478526
 16.200000      0.26693899
 16.300000      0.32186985
 16.400000      0.38103303
 16.500000      0.44626545
 16.600000      0.51451978
 16.700000      0.58026728
 16.800000      0.64460920
 16.900000      0.70597271
 17.000000      0.76486361
 17.100000      0.81835557
 17.200000      0.86611716
 17.300000      0.90646093
 17.400000      0.93879369
 17.500000      0.96417989
 17.600000      0.98238663
 17.700000      0.99472415
 17.800000      1.00000000
 17.900000      0.99888409
 18.000000      0.99052104
 18.100000      0.97497803
 18.200000      0.95472808
 18.300000      0.92897852
 18.400000      0.89540973
 18.500000      0.85526655
 18.600000      0.80838002
 18.700000      0.75497824
 18.800000      0.69862400
 18.900000      0.64108933
 19.000000      0.58083305
 19.100000      0.51992449
 19.200000      0.45753571
 19.300000      0.39650600
 19.400000      0.33776840
 19.500000      0.28169675
 19.600000      0.22482235
 19.700000      0.16971271
 19.800000      0.11592699
 19.900000      0.06391678
 20.000000      0.01430140
 20.100000     -0.02965614
 20.200000     -0.07070999
 20.300000     -0.10755664
 20.400000     -0.13978866
 20.500000     -0.17263171
 20.600000     -0.20385253
 20.700000     -0.22993575
 20.800000     -0.24972958
 20.900000     -0.26513766
 21.000000     -0.27778168
 21.100000     -0.28818533
 21.200000     -0.29638726
 21.300000     -0.30360505
 21.400000     -0.30911110
 21.500000     -0.31329280
 21.600000     -0.31736576
 21.700000     -0.32064805
 21.800000     -0.32232357
 21.900000     -0.32277479
 22.000000     -0.32275805
 22.100000     -0.32206355
 22.200000     -0.31987797
 22.300000     -0.31816883
 22.400000     -0.31519178
 22.500000     -0.31025022
 22.600000     -0.30559844
 22.700000     -0.29996936
 22.800000     -0.29456597
 22.900000     -0.28897720
 23.000000     -0.28323260
 23.100000     -0.27786195
 23.200000     -0.27349778
 23.300000     -0.27084043
 23.400000     -0.26901940
 23.500000     -0.26736607
 23.600000     -0.26570264
 23.700000     -0.26517116
 23.800000     -0.26575389
 23.900000     -0.26793816
 24.000000     -0.27135618
 24.100000     -0.27508386
 24.200000     -0.27829072
 24.300000     -0.28019397
 24.400000     -0.28119936
 24.500000     -0.28196333
 24.600000     -0.28272594
 24.700000     -0.28388780
 24.800000     -0.28547042
 24.900000     -0.28768983
 25.000000     -0.28941643
 25.100000     -0.29030093
 25.200000     -0.29090573
 25.300000     -0.29120600
 25.400000     -0.29167137
 25.500000     -0.29161901
 25.600000     -0.29117604
 25.700000     -0.29151443
 25.800000     -0.29112058
 25.900000     -0.28968691
 26.000000     -0.28693689
 26.100000     -0.28412588
 26.200000     -0.28162931
 26.300000     -0.27923938
 26.400000     -0.27677352
 26.500000     -0.27362872
 26.600000     -0.26963732
 26.700000     -0.26508183
 26.800000     -0.26007611
 26.900000     -0.25557267
 27.000000     -0.25092231
 27.100000     -0.24564067
 27.200000     -0.24025265
 27.300000     -0.23515868
 27.400000     -0.22993755
 27.500000     -0.22546101
 27.600000     -0.22161390
 27.700000     -0.21848848
 27.800000     -0.21560165
 27.900000     -0.21225767
 28.000000     -0.20874197
 28.100000     -0.20526986
 28.200000     -0.20213488
 28.300000     -0.19986029
 28.400000     -0.19857827
 28.500000     -0.19849227
 28.600000     -0.19966207
 28.700000     -0.20184801
 28.800000     -0.20705548
 28.900000     -0.21433138
 29.000000     -0.21809934
 29.100000     -0.22173815
 29.200000     -0.22538886
 29.300000     -0.22816698
 29.400000     -0.23099121
 29.500000     -0.23346078
 29.600000     -0.23545056
 29.700000     -0.23705366
 29.800000     -0.23867512
 29.900000     -0.24020248
 30.000000     -0.24212114
 30.100000     -0.24401278
 30.200000     -0.24562188
 30.300000     -0.24684506
 30.400000     -0.24749530
 30.500000     -0.24768214
 30.600000     -0.24711224
 30.700000     -0.24575105
 30.800000     -0.24387600
 30.900000     -0.24189692
 31.000000     -0.24003226
 31.100000     -0.23840356
 31.200000     -0.23693933
 31.300000     -0.23553932
 31.400000     -0.23403296
 31.500000     -0.23232882
 31.600000     -0.23034484
 31.700000     -0.22819739
 31.800000     -0.22604338
 31.900000     -0.22345949
 32.000000     -0.22125156
 32.100000     -0.21925296
 32.200000     -0.21737307
 32.300000     -0.21568209
 32.400000     -0.21422831
 32.500000     -0.21287781
 32.600000     -0.21153204
 32.700000     -0.21039815
 32.800000     -0.20955706
 32.900000     -0.20902044
 33.000000     -0.20869714
 33.100000     -0.20847332
 33.200000     -0.20822578
 33.300000     -0.20785838
 33.400000     -0.20724263
 33.500000     -0.20643772
 33.600000     -0.20555914
 33.700000     -0.20489142
 33.800000     -0.20437678
 33.900000     -0.20384071
 34.000000     -0.20344611
 34.100000     -0.20326969
 34.200000     -0.20316366
 34.300000     -0.20338617
 34.400000     -0.20385945
 34.500000     -0.20443229
 34.600000     -0.20526937
 34.700000     -0.20630429
 34.800000     -0.20737797
 34.900000     -0.20831238
 35.000000     -0.20907152
 35.100000     -0.20962242
 35.200000     -0.20992675
 35.300000     -0.21006623
 35.400000     -0.20998166
 35.500000     -0.20982929
 35.600000     -0.20959523
 35.700000     -0.20934639
 35.800000     -0.20918153
 35.900000     -0.20906079
 36.000000     -0.20896961
 36.100000     -0.20882159
 36.200000     -0.20866904
 36.300000     -0.20844367
 36.400000     -0.20817633
 36.500000     -0.20786172
 36.600000     -0.20745022
 36.700000     -0.20706511
 36.800000     -0.20668886
 36.900000     -0.20621829
 37.000000     -0.20564579
 37.100000     -0.20499563
 37.200000     -0.20427900
 37.300000     -0.20364964
 37.400000     -0.20299689
 37.500000     -0.20240006
 37.600000     -0.20197909
 37.700000     -0.20178280
 37.800000     -0.20169483
 37.900000     -0.20172088
 38.000000     -0.20192946
 38.100000     -0.20223846
 38.200000     -0.20265909
 38.300000     -0.20317226
 38.400000     -0.20349234
 38.500000     -0.20348613
 38.600000     -0.20338870
 38.700000     -0.20320112
 38.800000     -0.20291139
 38.900000     -0.20253353
 39.000000     -0.20209163
 39.100000     -0.20152234
 39.200000     -0.20085116
 39.300000     -0.20010945
 39.400000     -0.19928474
 39.500000     -0.19847512
 39.600000     -0.19768236
 39.700000     -0.19688053
 39.800000     -0.19611778
 39.900000     -0.19539964
