  0.000000      0.02631162
  0.100000      0.02647797
  0.200000      0.02637453
  0.300000      0.02587653
  0.400000      0.02496041
  0.500000      0.02379322
  0.600000      0.02303680
  0.700000      0.02229034
  0.800000      0.02125655
  0.900000      0.02110545
  1.000000      0.02148749
  1.100000      0.02053993
  1.200000      0.01910647
  1.300000      0.01885475
  1.400000      0.01975748
  1.500000      0.02028981
  1.600000      0.02156269
  1.700000      0.02271223
  1.800000      0.02408678
  1.900000      0.02470975
  2.000000      0.02474063
  2.100000      0.02636314
  2.200000      0.02904800
  2.300000      0.03048341
  2.400000      0.03230446
  2.500000      0.03412455
  2.600000      0.03567337
  2.700000      0.03829511
  2.800000      0.04000540
  2.900000      0.04203580
  3.000000      0.04371062
  3.100000      0.04249682
  3.200000      0.04125555
  3.300000      0.04082099
  3.400000      0.04151824
  3.500000      0.04068729
  3.600000      0.03959785
  3.700000      0.04018069
  3.800000      0.04089840
  3.900000      0.04097299
  4.000000      0.04004719
  4.100000      0.04092411
  4.200000      0.04215277
  4.300000      0.04220755
  4.400000      0.04187503
  4.500000      0.04206787
  4.600000      0.04265311
  4.700000      0.04214898
  4.800000      0.04167343
  4.900000      0.04263304
  5.000000      0.04251764
  5.100000      0.04186242
  5.200000      0.04165002
  5.300000      0.04260086
  5.400000      0.04269579
  5.500000      0.04117455
  5.600000      0.03862648
  5.700000      0.03509104
  5.800000      0.03049568
  5.900000      0.02581260
  6.000000      0.02206989
  6.100000      0.01874718
  6.200000      0.01561505
  6.300000      0.01197032
  6.400000      0.00889790
  6.500000      0.00482369
  6.600000      0.00021189
  6.700000     -0.00299470
  6.800000     -0.00441770
  6.900000     -0.00627784
  7.000000     -0.01052770
  7.100000     -0.01392644
  7.200000     -0.01438761
  7.300000     -0.01543183
  7.400000     -0.01755231
  7.500000     -0.01897137
  7.600000     -0.01981201
  7.700000     -0.01940424
  7.800000     -0.02052280
  7.900000     -0.02263562
  8.000000     -0.02253533
  8.100000     -0.02092453
  8.200000     -0.02105485
  8.300000     -0.02200520
  8.400000     -0.02245109
  8.500000     -0.02283507
  8.600000     -0.02469986
  8.700000     -0.02744606
  8.800000     -0.02954316
  8.900000     -0.03080727
  9.000000     -0.02973773
  9.100000     -0.02941424
  9.200000     -0.02820284
  9.300000     -0.02517331
  9.400000     -0.02224800
  9.500000     -0.01800494
  9.600000     -0.01461809
  9.700000     -0.01203788
  9.800000     -0.01048757
  9.900000     -0.00981223
 10.000000     -0.00999301
 10.100000     -0.01153004
 10.200000     -0.01242065
 10.300000     -0.01366996
 10.400000     -0.01491838
 10.500000     -0.01448381
 10.600000     -0.01208721
 10.700000     -0.00746977
 10.800000     -0.00546949
 10.900000     -0.00159779
 11.000000      0.00380838
 11.100000      0.00986947
 11.200000      0.02003865
 11.300000      0.03521645
 11.400000      0.04930796
 11.500000      0.06363759
 11.600000      0.08235406
 11.700000      0.10211628
 11.800000      0.12579571
 11.900000      0.15238008
 12.000000      0.18048679
 12.100000      0.21401678
 12.200000      0.25197190
 12.300000      0.29304300
 12.400000      0.33395229
 12.500000      0.37748702
 12.600000      0.42432150
 12.700000      0.47198157
 12.800000      0.51555647
 12.900000      0.56176074
 13.000000      0.61106058
 13.100000      0.65768443
 13.200000      0.70060360
 13.300000      0.73971090
 13.400000      0.77819950
 13.500000      0.81524450
 13.600000      0.84636401
 13.700000      0.87208323
 13.800000      0.89910876
 13.900000      0.92268119
 14.000000      0.94504500
 14.100000      0.96095324
 14.200000      0.97281114
 14.300000      0.98476522
 14.400000      0.99287508
 14.500000      0.99636923
 14.600000      1.00000000
 14.700000      0.99722158
 14.800000      0.99039175
 14.900000      0.98070207
 15.000000      0.96890501
 15.100000      0.95375669
 15.200000      0.93584593
 15.300000      0.91696223
 15.400000      0.89347881
 15.500000      0.86495906
 15.600000      0.83148528
 15.700000      0.79479832
 15.800000      0.75335082
 15.900000      0.70896398
 16.000000      0.66016993
 16.100000      0.60508591
 16.200000      0.54931102
 16.300000      0.49252290
 16.400000      0.43224366
 16.500000      0.37036661
 16.600000      0.30956348
 16.700000      0.25094395
 16.800000      0.19229187
 16.900000      0.13154251
 17.000000      0.07396763
 17.100000      0.01816512
 17.200000     -0.03507880
 17.300000     -0.08482099
 17.400000     -0.13408146
 17.500000     -0.17947321
 17.600000     -0.21861098
 17.700000     -0.24977210
 17.800000     -0.28280465
 17.900000     -0.30965298
 18.000000     -0.33347566
 18.100000     -0.35235776
 18.200000     -0.36895943
 18.300000     -0.38311708
 18.400000     -0.39640876
 18.500000     -0.40706054
 18.600000     -0.41689473
 18.700000     -0.42474140
 18.800000     -0.43188026
 18.900000     -0.43822151
 19.000000     -0.44465442
 19.100000     -0.45044945
 19.200000     -0.45441753
 19.300000     -0.45499846
 19.400000     -0.45516298
 19.500000     -0.45741820
 19.600000     -0.45844301
 19.700000     -0.45499788
 19.800000     -0.44931864
 19.900000     -0.44683440
 20.000000     -0.44246706
 20.100000     -0.43740898
 20.200000     -0.43023234
 20.300000     -0.42284942
 20.400000     -0.41685426
 20.500000     -0.41159953
 20.600000     -0.40763952
 20.700000     -0.40062720
 20.800000     -0.39373051
 20.900000     -0.38940131
 21.000000     -0.38536821
 21.100000     -0.37905321
 21.200000     -0.37256838
 21.300000     -0.36737871
 21.400000     -0.36157174
 21.500000     -0.35747911
 21.600000     -0.35439723
 21.700000     -0.35181285
 21.800000     -0.35074290
 21.900000     -0.35092317
 22.000000     -0.34957136
 22.100000     -0.34585586
 22.200000     -0.34436591
 22.300000     -0.34107067
 22.400000     -0.33721654
 22.500000     -0.33143231
 22.600000     -0.32441823
 22.700000     -0.32046157
 22.800000     -0.31627995
 22.900000     -0.30876257
 23.000000     -0.30372180
 23.100000     -0.29842545
 23.200000     -0.28949181
 23.300000     -0.27959802
 23.400000     -0.26867060
 23.500000     -0.26017023
 23.600000     -0.25502323
 23.700000     -0.24986518
 23.800000     -0.24466803
 23.900000     -0.24383353
 24.000000     -0.24400892
 24.100000     -0.24081148
 24.200000     -0.23739948
 24.300000     -0.23463166
 24.400000     -0.23312311
 24.500000     -0.23023131
 24.600000     -0.22696171
 24.700000     -0.22551248
 24.800000     -0.22495930
 24.900000     -0.22047211
 25.000000     -0.21729453
 25.100000     -0.21341887
 25.200000     -0.20873596
 25.300000     -0.20156446
 25.400000     -0.19304927
 25.500000     -0.18752176
 25.600000     -0.18309726
 25.700000     -0.17853733
 25.800000     -0.17559635
 25.900000     -0.17330622
 26.000000     -0.16879822
 26.100000     -0.16545460
 26.200000     -0.16205429
 26.300000     -0.15771076
 26.400000     -0.15425918
 26.500000     -0.15141787
 26.600000     -0.14724769
 26.700000     -0.14257613
 26.800000     -0.13818444
 26.900000     -0.13416448
 27.000000     -0.13163977
 27.100000     -0.12954847
 27.200000     -0.12987146
 27.300000     -0.13284770
 27.400000     -0.13334723
 27.500000     -0.13260941
 27.600000     -0.13162203
 27.700000     -0.13126919
 27.800000     -0.13003691
 27.900000     -0.12834263
 28.000000     -0.12960178
 28.100000     -0.13051985
 28.200000     -0.13198296
 28.300000     -0.13292806
 28.400000     -0.13596902
 28.500000     -0.13845921
 28.600000     -0.13959939
 28.700000     -0.14010094
 28.800000     -0.14005932
 28.900000     -0.13710775
 29.000000     -0.13583259
 29.100000     -0.13418851
 29.200000     -0.13354486
 29.300000     -0.13489290
 29.400000     -0.13381135
 29.500000     -0.13441579
 29.600000     -0.13583398
 29.700000     -0.13569904
 29.800000     -0.13547229
 29.900000     -0.13357325
 30.000000     -0.13130006
 30.100000     -0.12912256
 30.200000     -0.12647481
 30.300000     -0.12381826
 30.400000     -0.12137844
 30.500000     -0.12003385
 30.600000     -0.12069352
 30.700000     -0.11853749
 30.800000     -0.11571500
 30.900000     -0.11316153
 31.000000     -0.11048107
 31.100000     -0.10565364
 31.200000     -0.10175339
 31.300000     -0.09758048
 31.400000     -0.09277646
 31.500000     -0.08917143
 31.600000     -0.08604137
 31.700000     -0.08399507
 31.800000     -0.08214211
 31.900000     -0.07929796
 32.000000     -0.07573643
 32.100000     -0.07310559
 32.200000     -0.07184549
 32.300000     -0.06976078
 32.400000     -0.06812187
 32.500000     -0.06816773
 32.600000     -0.07168587
 32.700000     -0.07417601
 32.800000     -0.07555596
 32.900000     -0.07787297
 33.000000     -0.07876279
 33.100000     -0.07871231
 33.200000     -0.07989839
 33.300000     -0.07928019
 33.400000     -0.07697715
 33.500000     -0.07664428
 33.600000     -0.07603550
 33.700000     -0.07548702
 33.800000     -0.07485731
 33.900000     -0.07206499
 34.000000     -0.07105117
 34.100000     -0.07115710
 34.200000     -0.07070306
 34.300000     -0.06956501
 34.400000     -0.06872120
 34.500000     -0.06759973
 34.600000     -0.06758808
 34.700000     -0.06650414
 34.800000     -0.06579017
 34.900000     -0.06613732
 35.000000     -0.06547192
 35.100000     -0.06558322
 35.200000     -0.06706519
 35.300000     -0.06857586
 35.400000     -0.06931151
 35.500000     -0.06976813
 35.600000     -0.06949462
 35.700000     -0.07209727
 35.800000     -0.07323289
 35.900000     -0.07141294
 36.000000     -0.07130409
 36.100000     -0.06982573
 36.200000     -0.06896223
 36.300000     -0.06968341
 36.400000     -0.06856660
 36.500000     -0.06730443
 36.600000     -0.06736926
 36.700000     -0.06840116
 36.800000     -0.06861216
 36.900000     -0.06861960
 37.000000     -0.06733441
 37.100000     -0.06489050
 37.200000     -0.06336188
 37.300000     -0.06215907
 37.400000     -0.05978537
 37.500000     -0.05556467
 37.600000     -0.05339554
 37.700000     -0.05269499
 37.800000     -0.05189822
 37.900000     -0.05050214
 38.000000     -0.04933089
 38.100000     -0.04919880
 38.200000     -0.04949622
 38.300000     -0.05031372
 38.400000     -0.05131564
 38.500000     -0.05225183
 38.600000     -0.05319079
 38.700000     -0.05440730
 38.800000     -0.05575345
 38.900000     -0.05687681
 39.000000     -0.05759365
 39.100000     -0.05820724
 39.200000     -0.05927421
 39.300000     -0.06035497
 39.400000     -0.06026098
 39.500000     -0.05945461
 39.600000     -0.05923744
 39.700000     -0.06047310
 39.800000     -0.06060246
 39.900000     -0.05971871
