  0.000000     -0.02938463
  0.100000     -0.02934662
  0.200000     -0.02931494
  0.300000     -0.02928786
  0.400000     -0.02926369
  0.500000     -0.02924990
  0.600000     -0.02928402
  0.700000     -0.02936454
  0.800000     -0.02928324
  0.900000     -0.02908592
  1.000000     -0.02892403
  1.100000     -0.02876479
  1.200000     -0.02856957
  1.300000     -0.02833937
  1.400000     -0.02802359
  1.500000     -0.02768119
  1.600000     -0.02731196
  1.700000     -0.02690718
  1.800000     -0.02645198
  1.900000     -0.02596564
  2.000000     -0.02545739
  2.100000     -0.02492364
  2.200000     -0.02436867
  2.300000     -0.02386831
  2.400000     -0.02335161
  2.500000     -0.02281348
  2.600000     -0.02235957
  2.700000     -0.02231503
  2.800000     -0.02172910
  2.900000     -0.02111830
  3.000000     -0.02048636
  3.100000     -0.01985315
  3.200000     -0.01921831
  3.300000     -0.01855353
  3.400000     -0.01782659
  3.500000     -0.01705629
  3.600000     -0.01625898
  3.700000     -0.01545382
  3.800000     -0.01466471
  3.900000     -0.01385730
  4.000000     -0.01305187
  4.100000     -0.01224390
  4.200000     -0.01138746
  4.300000     -0.01052410
  4.400000     -0.00967758
  4.500000     -0.00884794
  4.600000     -0.00803069
  4.700000     -0.00723940
  4.800000     -0.00647847
  4.900000     -0.00576992
  5.000000     -0.00511628
  5.100000     -0.00452866
  5.200000     -0.00401746
  5.300000     -0.00358447
  5.400000     -0.00323636
  5.500000     -0.00297891
  5.600000     -0.00281863
  5.700000     -0.00276176
  5.800000     -0.00281347
  5.900000     -0.00297714
  6.000000     -0.00325504
  6.100000     -0.00365156
  6.200000     -0.00416926
  6.300000     -0.00507447
  6.400000     -0.00592277
  6.500000     -0.00684541
  6.600000     -0.00789124
  6.700000     -0.00910781
  6.800000     -0.01039711
  6.900000     -0.01180628
  7.000000     -0.01333028
  7.100000     -0.01496822
  7.200000     -0.01671635
  7.300000     -0.01857329
  7.400000     -0.02053737
  7.500000     -0.02260792
  7.600000     -0.02478413
  7.700000     -0.02706127
  7.800000     -0.02944064
  7.900000     -0.03192140
  8.000000     -0.03450386
  8.100000     -0.03718863
  8.200000     -0.03997246
  8.300000     -0.04285370
  8.400000     -0.04583117
  8.500000     -0.04890098
  8.600000     -0.05206111
  8.700000     -0.05530684
  8.800000     -0.05863622
  8.900000     -0.06204306
  9.000000     -0.06552333
  9.100000     -0.06907086
  9.200000     -0.07267866
  9.300000     -0.07634085
  9.400000     -0.08004892
  9.500000     -0.08379455
  9.600000     -0.08756815
  9.700000     -0.09135826
  9.800000     -0.09515394
  9.900000     -0.09894258
 10.000000     -0.10271072
 10.100000     -0.10644321
 10.200000     -0.11012523
 10.300000     -0.11374129
 10.400000     -0.11727550
 10.500000     -0.12070685
 10.600000     -0.12401674
 10.700000     -0.12718571
 10.800000     -0.13019181
 10.900000     -0.13301083
 11.000000     -0.13562389
 11.100000     -0.13800837
 11.200000     -0.14014087
 11.300000     -0.14199654
 11.400000     -0.14355011
 11.500000     -0.14477747
 11.600000     -0.14565569
 11.700000     -0.14615780
 11.800000     -0.14625573
 11.900000     -0.14592531
 12.000000     -0.14514169
 12.100000     -0.14388009
 12.200000     -0.14211902
 12.300000     -0.13983605
 12.400000     -0.13700803
 12.500000     -0.13361470
 12.600000     -0.12964097
 12.700000     -0.12507173
 12.800000     -0.11988509
 12.900000     -0.11406895
 13.000000     -0.10761238
 13.100000     -0.10050274
 13.200000     -0.09273358
 13.300000     -0.08429446
 13.400000     -0.07518253
 13.500000     -0.06539242
 13.600000     -0.05492687
 13.700000     -0.04378562
 13.800000     -0.03196880
 13.900000     -0.01948127
 14.000000     -0.00632735
 14.100000      0.00748764
 14.200000      0.02195098
 14.300000      0.03705412
 14.400000      0.05278333
 14.500000      0.06912876
 14.600000      0.08607818
 14.700000      0.10361742
 14.800000      0.12172899
 14.900000      0.14039517
 15.000000      0.15959147
 15.100000      0.17929463
 15.200000      0.19948226
 15.300000      0.22013401
 15.400000      0.24122096
 15.500000      0.26271611
 15.600000      0.28459062
 15.700000      0.30681499
 15.800000      0.32935680
 15.900000      0.35218176
 16.000000      0.37525496
 16.100000      0.39853984
 16.200000      0.42199790
 16.300000      0.44559010
 16.400000      0.46927612
 16.500000      0.49301487
 16.600000      0.51676350
 16.700000      0.54047811
 16.800000      0.56411578
 16.900000      0.58763134
 17.000000      0.61098018
 17.100000      0.63411050
 17.200000      0.65697762
 17.300000      0.67953495
 17.400000      0.70173647
 17.500000      0.72353014
 17.600000      0.74486585
 17.700000      0.76569602
 17.800000      0.78597285
 17.900000      0.80564409
 18.000000      0.82466063
 18.100000      0.84296361
 18.200000      0.86050626
 18.300000      0.87723779
 18.400000      0.89310932
 18.500000      0.90807165
 18.600000      0.92207046
 18.700000      0.93506149
 18.800000      0.94699557
 18.900000      0.95782789
 19.000000      0.96751448
 19.100000      0.97601206
 19.200000      0.98328132
 19.300000      0.98928529
 19.400000      0.99399570
 19.500000      0.99737530
 19.600000      0.99938666
 19.700000      1.00000000
 19.800000      0.99919216
 19.900000      0.99693548
 20.000000      0.99322187
 20.100000      0.98803879
 20.200000      0.98138075
 20.300000      0.97324681
 20.400000      0.96362285
 20.500000      0.95250896
 20.600000      0.93990156
 20.700000      0.92582063
 20.800000      0.91026737
 20.900000      0.89325937
 21.000000      0.87482300
 21.100000      0.85498439
 21.200000      0.83376855
 21.300000      0.81120244
 21.400000      0.78732455
 21.500000      0.76217817
 21.600000      0.73581524
 21.700000      0.70827807
 21.800000      0.67962388
 21.900000      0.64990641
 22.000000      0.61918449
 22.100000      0.58752523
 22.200000      0.55499856
 22.300000      0.52167319
 22.400000      0.48761559
 22.500000      0.45289399
 22.600000      0.41759063
 22.700000      0.38177954
 22.800000      0.34553317
 22.900000      0.30892380
 23.000000      0.27203135
 23.100000      0.23493021
 23.200000      0.19769280
 23.300000      0.16039175
 23.400000      0.12310151
 23.500000      0.08589315
 23.600000      0.04883392
 23.700000      0.01198896
 23.800000     -0.02457263
 23.900000     -0.06078742
 24.000000     -0.09659504
 24.100000     -0.13193087
 24.200000     -0.16673920
 24.300000     -0.20096730
 24.400000     -0.23456309
 24.500000     -0.26747149
 24.600000     -0.29964147
 24.700000     -0.33102636
 24.800000     -0.36158389
 24.900000     -0.39126852
 25.000000     -0.42004286
 25.100000     -0.44787614
 25.200000     -0.47473629
 25.300000     -0.50058300
 25.400000     -0.52538296
 25.500000     -0.54911764
 25.600000     -0.57175792
 25.700000     -0.59328151
 25.800000     -0.61366655
 25.900000     -0.63289988
 26.000000     -0.65096729
 26.100000     -0.66785649
 26.200000     -0.68355603
 26.300000     -0.69805535
 26.400000     -0.71136038
 26.500000     -0.72346761
 26.600000     -0.73437945
 26.700000     -0.74409895
 26.800000     -0.75263926
 26.900000     -0.76000271
 27.000000     -0.76619904
 27.100000     -0.77123936
 27.200000     -0.77514629
 27.300000     -0.77793862
 27.400000     -0.77963459
 27.500000     -0.78025402
 27.600000     -0.77982206
 27.700000     -0.77836653
 27.800000     -0.77591588
 27.900000     -0.77249360
 28.000000     -0.76814031
 28.100000     -0.76288554
 28.200000     -0.75676270
 28.300000     -0.74980788
 28.400000     -0.74206698
 28.500000     -0.73357269
 28.600000     -0.72436787
 28.700000     -0.71449384
 28.800000     -0.70398833
 28.900000     -0.69289547
 29.000000     -0.68125718
 29.100000     -0.66911537
 29.200000     -0.65650929
 29.300000     -0.64348963
 29.400000     -0.63009668
 29.500000     -0.61636154
 29.600000     -0.60232338
 29.700000     -0.58802326
 29.800000     -0.57173708
 29.900000     -0.55375285
 30.000000     -0.53721772
 30.100000     -0.52217414
 30.200000     -0.50588081
 30.300000     -0.49082929
 30.400000     -0.47575488
 30.500000     -0.46068014
 30.600000     -0.44562519
 30.700000     -0.43061950
 30.800000     -0.41568415
 30.900000     -0.40084043
 31.000000     -0.38610356
 31.100000     -0.37148632
 31.200000     -0.35700962
 31.300000     -0.34268762
 31.400000     -0.32852933
 31.500000     -0.31456684
 31.600000     -0.30077398
 31.700000     -0.28727818
 31.800000     -0.27403209
 31.900000     -0.26083963
 32.000000     -0.24786177
 32.100000     -0.23428313
 32.200000     -0.22096124
 32.300000     -0.20872901
 32.400000     -0.19672913
 32.500000     -0.18496725
 32.600000     -0.17343640
 32.700000     -0.16213882
 32.800000     -0.15108242
 32.900000     -0.14026977
 33.000000     -0.12969949
 33.100000     -0.11937553
 33.200000     -0.10924775
 33.300000     -0.10081912
 33.400000     -0.09178396
 33.500000     -0.08260394
 33.600000     -0.07478887
 33.700000     -0.06617987
 33.800000     -0.05895680
 33.900000     -0.05213794
 34.000000     -0.04370303
 34.100000     -0.03436848
 34.200000     -0.02598417
 34.300000     -0.01627623
 34.400000     -0.00832158
 34.500000     -0.00151797
 34.600000      0.00482802
 34.700000      0.01129729
 34.800000      0.01747580
 34.900000      0.02164811
 35.000000      0.02521041
 35.100000      0.02981255
 35.200000      0.03392232
 35.300000      0.03700866
 35.400000      0.04048565
 35.500000      0.04380533
 35.600000      0.04664223
 35.700000      0.04871904
 35.800000      0.04780081
 35.900000      0.05075543
 36.000000      0.05385301
 36.100000      0.05498953
 36.200000      0.05503145
 36.300000      0.05467884
 36.400000      0.05544521
 36.500000      0.05639723
 36.600000      0.05589909
 36.700000      0.05556680
 36.800000      0.05524673
 36.900000      0.05449370
 37.000000      0.05515063
 37.100000      0.05417248
 37.200000      0.05478779
 37.300000      0.05281399
 37.400000      0.05030432
 37.500000      0.04918746
 37.600000      0.04746380
 37.700000      0.04273436
 37.800000      0.03950940
 37.900000      0.03708252
 38.000000      0.03577506
 38.100000      0.03649298
 38.200000      0.03283159
 38.300000      0.03030158
 38.400000      0.02662409
 38.500000      0.02102802
 38.600000      0.01938779
 38.700000      0.01764010
 38.800000      0.01645629
 38.900000      0.01360555
 39.000000      0.01269261
 39.100000      0.01159074
 39.200000      0.01064491
 39.300000      0.01002369
 39.400000      0.01005230
 39.500000      0.01005922
 39.600000      0.01062565
 39.700000      0.00932931
 39.800000      0.00876512
 39.900000      0.00568732
