  0.000000      0.05668553
  0.100000      0.05628133
  0.200000      0.05597506
  0.300000      0.05587729
  0.400000      0.05587164
  0.500000      0.05575641
  0.600000      0.05566408
  0.700000      0.05544525
  0.800000      0.05500502
  0.900000      0.05421503
  1.000000      0.05342588
  1.100000      0.05236314
  1.200000      0.05125661
  1.300000      0.05023457
  1.400000      0.04936790
  1.500000      0.04873362
  1.600000      0.04822771
  1.700000      0.04770498
  1.800000      0.04751055
  1.900000      0.04748850
  2.000000      0.04742847
  2.100000      0.04719730
  2.200000      0.04687255
  2.300000      0.04642882
  2.400000      0.04576541
  2.500000      0.04519610
  2.600000      0.04509953
  2.700000      0.04553589
  2.800000      0.04609644
  2.900000      0.04618227
  3.000000      0.04645024
  3.100000      0.04695562
  3.200000      0.04725152
  3.300000      0.04664637
  3.400000      0.04596969
  3.500000      0.04704181
  3.600000      0.04811708
  3.700000      0.04777212
  3.800000      0.04746651
  3.900000      0.04706415
  4.000000      0.04713004
  4.100000      0.04544056
  4.200000      0.04320875
  4.300000      0.04206574
  4.400000      0.04124111
  4.500000      0.03990918
  4.600000      0.03835315
  4.700000      0.03710624
  4.800000      0.03697580
  4.900000      0.03716695
  5.000000      0.03789066
  5.100000      0.03848848
  5.200000      0.03926085
  5.300000      0.04084194
  5.400000      0.04040465
  5.500000      0.04010414
  5.600000      0.04048244
  5.700000      0.04196888
  5.800000      0.04374518
  5.900000      0.04546168
  6.000000      0.04589101
  6.100000      0.04758213
  6.200000      0.04854464
  6.300000      0.04916089
  6.400000      0.04909581
  6.500000      0.05001819
  6.600000      0.05074262
  6.700000      0.04948845
  6.800000      0.04643475
  6.900000      0.04376913
  7.000000      0.04125947
  7.100000      0.03816727
  7.200000      0.03433689
  7.300000      0.03041397
  7.400000      0.02808626
  7.500000      0.02591069
  7.600000      0.02441210
  7.700000      0.02338489
  7.800000      0.02224713
  7.900000      0.02229965
  8.000000      0.02269333
  8.100000      0.02366233
  8.200000      0.02431917
  8.300000      0.02767656
  8.400000      0.03050042
  8.500000      0.03233148
  8.600000      0.03416501
  8.700000      0.03652562
  8.800000      0.03991313
  8.900000      0.04273817
  9.000000      0.04648452
  9.100000      0.04893307
  9.200000      0.05138135
  9.300000      0.05465140
  9.400000      0.05758265
  9.500000      0.06056025
  9.600000      0.06338267
  9.700000      0.06607355
  9.800000      0.06958224
  9.900000      0.06800552
 10.000000      0.06706507
 10.100000      0.06881940
 10.200000      0.07115755
 10.300000      0.07297017
 10.400000      0.07158378
 10.500000      0.07063442
 10.600000      0.07091473
 10.700000      0.06760797
 10.800000      0.06294288
 10.900000      0.05883612
 11.000000      0.05479203
 11.100000      0.05169641
 11.200000      0.04592421
 11.300000      0.03775210
 11.400000      0.02918329
 11.500000      0.01996037
 11.600000      0.01664968
 11.700000      0.01203120
 11.800000      0.00967595
 11.900000      0.00697093
 12.000000      0.00436554
 12.100000      0.00037908
 12.200000     -0.00402844
 12.300000     -0.00401394
 12.400000     -0.00301466
 12.500000     -0.00407652
 12.600000     -0.00228069
 12.700000      0.00075973
 12.800000      0.00636696
 12.900000      0.01300372
 13.000000      0.02453618
 13.100000      0.04599166
 13.200000      0.07724891
 13.300000      0.11829754
 13.400000      0.17036155
 13.500000      0.24670166
 13.600000      0.33249962
 13.700000      0.41951822
 13.800000      0.51689562
 13.900000      0.64264135
 14.000000      0.75614474
 14.100000      0.85364536
 14.200000      0.92773018
 14.300000      0.97375644
 14.400000      0.99655950
 14.500000      1.00000000
 14.600000      0.98409090
 14.700000      0.94420809
 14.800000      0.88573809
 14.900000      0.81627771
 15.000000      0.73043301
 15.100000      0.62800710
 15.200000      0.52153010
 15.300000      0.41682950
 15.400000      0.31424351
 15.500000      0.21630410
 15.600000      0.12620646
 15.700000      0.04315008
 15.800000     -0.02851035
 15.900000     -0.09177532
 16.000000     -0.14284732
 16.100000     -0.18003379
 16.200000     -0.21474673
 16.300000     -0.23826931
 16.400000     -0.24435709
 16.500000     -0.24370902
 16.600000     -0.24523906
 16.700000     -0.24231900
 16.800000     -0.23431815
 16.900000     -0.22685204
 17.000000     -0.22430919
 17.100000     -0.21869011
 17.200000     -0.20966228
 17.300000     -0.20397019
 17.400000     -0.19781263
 17.500000     -0.19309839
 17.600000     -0.18866021
 17.700000     -0.18142745
 17.800000     -0.16814981
 17.900000     -0.15240750
 18.000000     -0.13515527
 18.100000     -0.11501082
 18.200000     -0.09315919
 18.300000     -0.07798586
 18.400000     -0.07318486
 18.500000     -0.07097193
 18.600000     -0.07048405
 18.700000     -0.07087642
 18.800000     -0.07402921
 18.900000     -0.08037533
 19.000000     -0.08322643
 19.100000     -0.08318097
 19.200000     -0.08489320
 19.300000     -0.08688631
 19.400000     -0.08963480
 19.500000     -0.09504764
 19.600000     -0.10077088
 19.700000     -0.10510347
 19.800000     -0.10481370
 19.900000     -0.10603484
 20.000000     -0.11216827
 20.100000     -0.12656223
 20.200000     -0.12742169
 20.300000     -0.12277612
 20.400000     -0.11831412
 20.500000     -0.11630886
 20.600000     -0.11522338
 20.700000     -0.11486786
 20.800000     -0.11438370
 20.900000     -0.11404435
 21.000000     -0.11539832
 21.100000     -0.11860468
 21.200000     -0.12126592
 21.300000     -0.12430275
 21.400000     -0.12726588
 21.500000     -0.12964182
 21.600000     -0.13017170
 21.700000     -0.13052833
 21.800000     -0.13227198
 21.900000     -0.13505541
 22.000000     -0.13798534
 22.100000     -0.13908565
 22.200000     -0.14046736
 22.300000     -0.14082879
 22.400000     -0.13992723
 22.500000     -0.13715341
 22.600000     -0.13157163
 22.700000     -0.12662370
 22.800000     -0.12267529
 22.900000     -0.11947169
 23.000000     -0.11501136
 23.100000     -0.11005427
 23.200000     -0.10572035
 23.300000     -0.10253134
 23.400000     -0.09946679
 23.500000     -0.09783854
 23.600000     -0.09837862
 23.700000     -0.10095825
 23.800000     -0.10536997
 23.900000     -0.11063646
 24.000000     -0.11494293
 24.100000     -0.11982046
 24.200000     -0.12383432
 24.300000     -0.12696094
 24.400000     -0.12919378
 24.500000     -0.13112059
 24.600000     -0.13333748
 24.700000     -0.13341180
 24.800000     -0.13085991
 24.900000     -0.12717657
 25.000000     -0.12295830
 25.100000     -0.11949915
 25.200000     -0.11487252
 25.300000     -0.11050636
 25.400000     -0.10775914
 25.500000     -0.10528635
 25.600000     -0.10375297
 25.700000     -0.10229235
 25.800000     -0.10012409
 25.900000     -0.09975984
 26.000000     -0.10081349
 26.100000     -0.10218611
 26.200000     -0.10375682
 26.300000     -0.10580125
 26.400000     -0.10758808
 26.500000     -0.10830129
 26.600000     -0.10878626
 26.700000     -0.10933520
 26.800000     -0.11011513
 26.900000     -0.11104730
 27.000000     -0.11198948
 27.100000     -0.11283752
 27.200000     -0.11562413
 27.300000     -0.11955508
 27.400000     -0.12378342
 27.500000     -0.12663634
 27.600000     -0.12879941
 27.700000     -0.13048839
 27.800000     -0.13117250
 27.900000     -0.13029499
 28.000000     -0.12955010
 28.100000     -0.12902611
 28.200000     -0.12906483
 28.300000     -0.12893783
 28.400000     -0.12732397
 28.500000     -0.12694916
 28.600000     -0.12677876
 28.700000     -0.12714773
 28.800000     -0.12802430
 28.900000     -0.12998794
 29.000000     -0.13303791
 29.100000     -0.13610509
 29.200000     -0.13832587
 29.300000     -0.13853850
 29.400000     -0.13820129
 29.500000     -0.13735247
 29.600000     -0.13455114
 29.700000     -0.12939866
 29.800000     -0.12398323
 29.900000     -0.11748665
 30.000000     -0.11090849
 30.100000     -0.10631144
 30.200000     -0.10353948
 30.300000     -0.10284042
 30.400000     -0.10242828
 30.500000     -0.10356089
 30.600000     -0.10450152
 30.700000     -0.10584532
 30.800000     -0.10741802
 30.900000     -0.10982075
 31.000000     -0.11322457
 31.100000     -0.11838355
 31.200000     -0.12454861
 31.300000     -0.12952334
 31.400000     -0.13353435
 31.500000     -0.13679561
 31.600000     -0.13968721
 31.700000     -0.14127118
 31.800000     -0.14254674
 31.900000     -0.14200369
 32.000000     -0.14064357
 32.100000     -0.13881829
 32.200000     -0.13628643
 32.300000     -0.13287044
 32.400000     -0.12945380
 32.500000     -0.12647124
 32.600000     -0.12517363
 32.700000     -0.12526479
 32.800000     -0.12558714
 32.900000     -0.12531311
 33.000000     -0.12340537
 33.100000     -0.11968965
 33.200000     -0.11489673
 33.300000     -0.10971466
 33.400000     -0.10521172
 33.500000     -0.10212692
 33.600000     -0.10021883
 33.700000     -0.09855272
 33.800000     -0.09737724
 33.900000     -0.09714897
 34.000000     -0.09832893
 34.100000     -0.09959701
 34.200000     -0.10127173
 34.300000     -0.10330602
 34.400000     -0.10555720
 34.500000     -0.10830219
 34.600000     -0.11111757
 34.700000     -0.11372735
 34.800000     -0.11621729
 34.900000     -0.11751850
 35.000000     -0.11895158
 35.100000     -0.11919754
 35.200000     -0.11909109
 35.300000     -0.11794788
 35.400000     -0.11596082
 35.500000     -0.11357558
 35.600000     -0.11131942
 35.700000     -0.10922587
 35.800000     -0.10720995
 35.900000     -0.10527814
 36.000000     -0.10352933
 36.100000     -0.10207525
 36.200000     -0.10105998
 36.300000     -0.10043925
 36.400000     -0.09989821
 36.500000     -0.09917710
 36.600000     -0.09883010
 36.700000     -0.09889849
 36.800000     -0.09947013
 36.900000     -0.10039186
 37.000000     -0.10158600
 37.100000     -0.10266496
 37.200000     -0.10345097
 37.300000     -0.10413674
 37.400000     -0.10480086
 37.500000     -0.10579321
 37.600000     -0.10717290
 37.700000     -0.10855581
 37.800000     -0.10978312
 37.900000     -0.11097288
 38.000000     -0.11223678
 38.100000     -0.11352917
 38.200000     -0.11506730
 38.300000     -0.11646596
 38.400000     -0.11734573
 38.500000     -0.11768383
 38.600000     -0.11736021
 38.700000     -0.11659796
 38.800000     -0.11548358
 38.900000     -0.11447334
 39.000000     -0.11354509
 39.100000     -0.11244597
 39.200000     -0.11104243
 39.300000     -0.10913749
 39.400000     -0.10689375
 39.500000     -0.10462260
 39.600000     -0.10263260
 39.700000     -0.10089237
 39.800000     -0.09922771
 39.900000     -0.09774660
