  0.000000      0.01100609
  0.100000      0.01126627
  0.200000      0.01036002
  0.300000      0.00976972
  0.400000      0.01030419
  0.500000      0.01098614
  0.600000      0.01108159
  0.700000      0.01151923
  0.800000      0.01216208
  0.900000      0.01270720
  1.000000      0.01246891
  1.100000      0.01313236
  1.200000      0.01359144
  1.300000      0.01436562
  1.400000      0.01430394
  1.500000      0.01425693
  1.600000      0.01360551
  1.700000      0.01228189
  1.800000      0.00963389
  1.900000      0.00794034
  2.000000      0.00772212
  2.100000      0.00762646
  2.200000      0.00728827
  2.300000      0.00675401
  2.400000      0.00681027
  2.500000      0.00738982
  2.600000      0.00852544
  2.700000      0.00994744
  2.800000      0.01131271
  2.900000      0.01247018
  3.000000      0.01337772
  3.100000      0.01339030
  3.200000      0.01266988
  3.300000      0.01257083
  3.400000      0.01169575
  3.500000      0.01041772
  3.600000      0.00898579
  3.700000      0.00815281
  3.800000      0.00745448
  3.900000      0.00684207
  4.000000      0.00565525
  4.100000      0.00542615
  4.200000      0.00595240
  4.300000      0.00633893
  4.400000      0.00697118
  4.500000      0.00661942
  4.600000      0.00505867
  4.700000      0.00388710
  4.800000      0.00243478
  4.900000      0.00060788
  5.000000     -0.00120267
  5.100000     -0.00307853
  5.200000     -0.00538069
  5.300000     -0.00733235
  5.400000     -0.00892318
  5.500000     -0.01012491
  5.600000     -0.01064749
  5.700000     -0.01087718
  5.800000     -0.00987592
  5.900000     -0.00740211
  6.000000     -0.00461372
  6.100000     -0.00222800
  6.200000     -0.00014463
  6.300000      0.00279458
  6.400000      0.00600177
  6.500000      0.00876887
  6.600000      0.01156812
  6.700000      0.01473047
  6.800000      0.01830120
  6.900000      0.02194004
  7.000000      0.02740852
  7.100000      0.03479697
  7.200000      0.04311633
  7.300000      0.05230064
  7.400000      0.06389589
  7.500000      0.07797571
  7.600000      0.09372580
  7.700000      0.11274249
  7.800000      0.13601621
  7.900000      0.16307230
  8.000000      0.19439768
  8.100000      0.23018307
  8.200000      0.26938084
  8.300000      0.31309816
  8.400000      0.36213686
  8.500000      0.41590452
  8.600000      0.47334617
  8.700000      0.53425194
  8.800000      0.59473127
  8.900000      0.65172679
  9.000000      0.70478589
  9.100000      0.75658035
  9.200000      0.80449500
  9.300000      0.84471399
  9.400000      0.87294591
  9.500000      0.89250477
  9.600000      0.90977291
  9.700000      0.92270485
  9.800000      0.92842171
  9.900000      0.92975043
 10.000000      0.92737274
 10.100000      0.92516815
 10.200000      0.92583939
 10.300000      0.93352919
 10.400000      0.94472180
 10.500000      0.96053694
 10.600000      0.97617622
 10.700000      0.99137028
 10.800000      1.00000000
 10.900000      0.99885501
 11.000000      0.98702493
 11.100000      0.96073280
 11.200000      0.91799702
 11.300000      0.86305689
 11.400000      0.80891063
 11.500000      0.77187803
 11.600000      0.74676080
 11.700000      0.71352494
 11.800000      0.64655615
 11.900000      0.52988032
 12.000000      0.38908991
 12.100000      0.25446399
 12.200000      0.12626033
 12.300000     -0.03598207
 12.400000     -0.24057265
 12.500000     -0.42742183
 12.600000     -0.56929359
 12.700000     -0.67149697
 12.800000     -0.73610484
 12.900000     -0.75950610
 13.000000     -0.76677908
 13.100000     -0.78564186
 13.200000     -0.80837675
 13.300000     -0.80784376
 13.400000     -0.78873176
 13.500000     -0.77599113
 13.600000     -0.77187618
 13.700000     -0.75870067
 13.800000     -0.74082515
 13.900000     -0.73193387
 14.000000     -0.71834053
 14.100000     -0.69763067
 14.200000     -0.68817958
 14.300000     -0.68423570
 14.400000     -0.67426776
 14.500000     -0.65473178
 14.600000     -0.64443966
 14.700000     -0.63894836
 14.800000     -0.63190862
 14.900000     -0.62042854
 15.000000     -0.60099020
 15.100000     -0.57826496
 15.200000     -0.55937950
 15.300000     -0.54652698
 15.400000     -0.53505679
 15.500000     -0.51903358
 15.600000     -0.49467031
 15.700000     -0.46800915
 15.800000     -0.45123008
 15.900000     -0.44363911
 16.000000     -0.43104015
 16.100000     -0.41824704
 16.200000     -0.40797393
 16.300000     -0.39591300
 16.400000     -0.38222653
 16.500000     -0.36902303
 16.600000     -0.35830323
 16.700000     -0.33986842
 16.800000     -0.31855160
 16.900000     -0.30861377
 17.000000     -0.30545044
 17.100000     -0.30331843
 17.200000     -0.29160630
 17.300000     -0.27248315
 17.400000     -0.25042491
 17.500000     -0.22971383
 17.600000     -0.21767232
 17.700000     -0.20830994
 17.800000     -0.19458785
 17.900000     -0.17726035
 18.000000     -0.16274622
 18.100000     -0.15319560
 18.200000     -0.14548870
 18.300000     -0.13748244
 18.400000     -0.12853678
 18.500000     -0.12125676
 18.600000     -0.11076899
 18.700000     -0.09964059
 18.800000     -0.08535477
 18.900000     -0.07380691
 19.000000     -0.06387990
 19.100000     -0.05607673
 19.200000     -0.04888236
 19.300000     -0.04383723
 19.400000     -0.03968145
 19.500000     -0.03604880
 19.600000     -0.03255695
 19.700000     -0.02855587
 19.800000     -0.02458099
 19.900000     -0.02089717
 20.000000     -0.01848023
 20.100000     -0.01689513
 20.200000     -0.01544515
 20.300000     -0.01460382
 20.400000     -0.01330354
 20.500000     -0.01192620
 20.600000     -0.01032283
 20.700000     -0.00814756
 20.800000     -0.00602820
 20.900000     -0.00459770
 21.000000     -0.00368671
 21.100000     -0.00211065
 21.200000     -0.00028359
 21.300000      0.00127761
 21.400000      0.00146829
 21.500000      0.00137302
 21.600000      0.00124523
 21.700000      0.00088904
 21.800000      0.00006947
 21.900000     -0.00099619
 22.000000     -0.00217408
 22.100000     -0.00344102
 22.200000     -0.00388255
 22.300000     -0.00355720
 22.400000     -0.00249636
 22.500000     -0.00164642
 22.600000     -0.00041676
 22.700000      0.00110037
 22.800000      0.00287814
 22.900000      0.00370595
 23.000000      0.00366348
 23.100000      0.00297284
 23.200000      0.00224118
 23.300000      0.00089866
 23.400000     -0.00062299
 23.500000     -0.00185639
 23.600000     -0.00288064
 23.700000     -0.00413828
 23.800000     -0.00528137
 23.900000     -0.00625840
 24.000000     -0.00749391
 24.100000     -0.00864155
 24.200000     -0.01000461
 24.300000     -0.01142614
 24.400000     -0.01230241
 24.500000     -0.01309917
 24.600000     -0.01422680
 24.700000     -0.01532954
 24.800000     -0.01602061
 24.900000     -0.01623288
 25.000000     -0.01631867
 25.100000     -0.01747766
 25.200000     -0.01956451
 25.300000     -0.02176883
 25.400000     -0.02329868
 25.500000     -0.02524301
 25.600000     -0.02781306
 25.700000     -0.03026756
 25.800000     -0.03102635
 25.900000     -0.03188575
 26.000000     -0.03196025
 26.100000     -0.03145641
 26.200000     -0.03059984
 26.300000     -0.03030766
 26.400000     -0.02973128
 26.500000     -0.02882430
 26.600000     -0.02773600
 26.700000     -0.02634242
 26.800000     -0.02589714
 26.900000     -0.02539278
 27.000000     -0.02491709
 27.100000     -0.02418752
 27.200000     -0.02353934
 27.300000     -0.02262560
 27.400000     -0.02196870
 27.500000     -0.02171394
 27.600000     -0.02098972
 27.700000     -0.02037712
 27.800000     -0.01916482
 27.900000     -0.01738710
 28.000000     -0.01449478
 28.100000     -0.01153743
 28.200000     -0.00897947
 28.300000     -0.00654320
 28.400000     -0.00327765
 28.500000      0.00021772
 28.600000      0.00297509
 28.700000      0.00680915
 28.800000      0.01065860
 28.900000      0.01320834
 29.000000      0.01456693
 29.100000      0.01607429
 29.200000      0.01732443
 29.300000      0.01789377
 29.400000      0.01731003
 29.500000      0.01679226
 29.600000      0.01706477
 29.700000      0.01768988
 29.800000      0.01777949
 29.900000      0.01835163
 30.000000      0.01921703
 30.100000      0.02047425
 30.200000      0.02161401
 30.300000      0.02227739
 30.400000      0.02261321
 30.500000      0.02264061
 30.600000      0.02260748
 30.700000      0.02220347
 30.800000      0.02186664
 30.900000      0.02159314
 31.000000      0.02176653
 31.100000      0.02165986
 31.200000      0.02159097
 31.300000      0.02096534
 31.400000      0.02021299
 31.500000      0.01948873
 31.600000      0.01971072
 31.700000      0.02045183
 31.800000      0.02153802
 31.900000      0.02273500
 32.000000      0.02459033
 32.100000      0.02572679
 32.200000      0.02661266
 32.300000      0.02793225
 32.400000      0.02856820
 32.500000      0.02880374
 32.600000      0.02966884
 32.700000      0.03073380
 32.800000      0.03060986
 32.900000      0.03079750
 33.000000      0.03256771
 33.100000      0.03530977
 33.200000      0.03747582
 33.300000      0.03834843
 33.400000      0.03971604
 33.500000      0.04114607
 33.600000      0.04183252
 33.700000      0.04152671
 33.800000      0.04248951
 33.900000      0.04331256
 34.000000      0.04363141
 34.100000      0.04375127
 34.200000      0.04397508
 34.300000      0.04400628
 34.400000      0.04374871
 34.500000      0.04419446
 34.600000      0.04404557
 34.700000      0.04327245
 34.800000      0.04248033
 34.900000      0.04268814
 35.000000      0.04220163
 35.100000      0.04086826
 35.200000      0.03964911
 35.300000      0.04017848
 35.400000      0.04087770
 35.500000      0.04214228
 35.600000      0.04443594
 35.700000      0.04735776
 35.800000      0.05010303
 35.900000      0.05247560
 36.000000      0.05527854
 36.100000      0.05758143
 36.200000      0.05937399
 36.300000      0.06030252
 36.400000      0.06081986
 36.500000      0.05976695
 36.600000      0.05678978
 36.700000      0.05239152
 36.800000      0.04801177
 36.900000      0.04314717
 37.000000      0.03792559
 37.100000      0.03321942
 37.200000      0.02864885
 37.300000      0.02480267
 37.400000      0.02259509
 37.500000      0.02059123
 37.600000      0.01856979
 37.700000      0.01715124
 37.800000      0.01566773
 37.900000      0.01374630
 38.000000      0.01223521
 38.100000      0.01100946
 38.200000      0.00986269
 38.300000      0.00963252
 38.400000      0.01021027
 38.500000      0.01065708
 38.600000      0.01120068
 38.700000      0.01219542
 38.800000      0.01372688
 38.900000      0.01537426
 39.000000      0.01666646
 39.100000      0.01754577
 39.200000      0.01868667
 39.300000      0.01961804
 39.400000      0.02003192
 39.500000      0.02014664
 39.600000      0.02008858
 39.700000      0.01968314
 39.800000      0.01940892
 39.900000      0.01983620
