  0.000000     -0.01435935
  0.100000     -0.01506462
  0.200000     -0.01574263
  0.300000     -0.01628480
  0.400000     -0.01679511
  0.500000     -0.01730157
  0.600000     -0.01743748
  0.700000     -0.01757860
  0.800000     -0.01771470
  0.900000     -0.01787029
  1.000000     -0.01802175
  1.100000     -0.01803061
  1.200000     -0.01785994
  1.300000     -0.01758533
  1.400000     -0.01733519
  1.500000     -0.01728233
  1.600000     -0.01723198
  1.700000     -0.01705608
  1.800000     -0.01695039
  1.900000     -0.01696852
  2.000000     -0.01702156
  2.100000     -0.01702656
  2.200000     -0.01724295
  2.300000     -0.01758233
  2.400000     -0.01764466
  2.500000     -0.01768113
  2.600000     -0.01780815
  2.700000     -0.01804831
  2.800000     -0.01819057
  2.900000     -0.01825704
  3.000000     -0.01842931
  3.100000     -0.01837178
  3.200000     -0.01853875
  3.300000     -0.01858860
  3.400000     -0.01871009
  3.500000     -0.01905718
  3.600000     -0.01967941
  3.700000     -0.01975237
  3.800000     -0.02004259
  3.900000     -0.02067375
  4.000000     -0.02097429
  4.100000     -0.02114178
  4.200000     -0.02128836
  4.300000     -0.02138125
  4.400000     -0.02129877
  4.500000     -0.02086845
  4.600000     -0.02040603
  4.700000     -0.02059572
  4.800000     -0.02040790
  4.900000     -0.02003535
  5.000000     -0.01977467
  5.100000     -0.01961423
  5.200000     -0.01964174
  5.300000     -0.01973086
  5.400000     -0.01981559
  5.500000     -0.01972780
  5.600000     -0.01972825
  5.700000     -0.01949959
  5.800000     -0.01913237
  5.900000     -0.01831758
  6.000000     -0.01758853
  6.100000     -0.01663146
  6.200000     -0.01549244
  6.300000     -0.01446506
  6.400000     -0.01358239
  6.500000     -0.01310562
  6.600000     -0.01220848
  6.700000     -0.01179604
  6.800000     -0.01135765
  6.900000     -0.01106581
  7.000000     -0.01070180
  7.100000     -0.01042924
  7.200000     -0.01043698
  7.300000     -0.01084942
  7.400000     -0.01103682
  7.500000     -0.01147381
  7.600000     -0.01216940
  7.700000     -0.01289844
  7.800000     -0.01426671
  7.900000     -0.01556202
  8.000000     -0.01721694
  8.100000     -0.01889310
  8.200000     -0.02113161
  8.300000     -0.02275222
  8.400000     -0.02436501
  8.500000     -0.02632479
  8.600000     -0.02808127
  8.700000     -0.02993996
  8.800000     -0.03130053
  8.900000     -0.03284853
  9.000000     -0.03389829
  9.100000     -0.03440243
  9.200000     -0.03438740
  9.300000     -0.03435638
  9.400000     -0.03414645
  9.500000     -0.03228673
  9.600000     -0.03033771
  9.700000     -0.02783533
  9.800000     -0.02446142
  9.900000     -0.01975345
 10.000000     -0.01369176
 10.100000     -0.00501996
 10.200000      0.00586808
 10.300000      0.02028107
 10.400000      0.03805890
 10.500000      0.05926643
 10.600000      0.08487839
 10.700000      0.11520244
 10.800000      0.15088833
 10.900000      0.19091831
 11.000000      0.23612660
 11.100000      0.28664943
 11.200000      0.34143862
 11.300000      0.39952797
 11.400000      0.45998445
 11.500000      0.52184193
 11.600000      0.58349490
 11.700000      0.64509929
 11.800000      0.70402737
 11.900000      0.75926842
 12.000000      0.81017875
 12.100000      0.85573200
 12.200000      0.89544687
 12.300000      0.92862393
 12.400000      0.95561398
 12.500000      0.97626919
 12.600000      0.99041358
 12.700000      0.99831986
 12.800000      1.00000000
 12.900000      0.99511078
 13.000000      0.98321508
 13.100000      0.96631399
 13.200000      0.94327180
 13.300000      0.91464593
 13.400000      0.87991984
 13.500000      0.84036227
 13.600000      0.79608861
 13.700000      0.74748268
 13.800000      0.69514020
 13.900000      0.63970315
 14.000000      0.58127807
 14.100000      0.52121506
 14.200000      0.45931528
 14.300000      0.39679637
 14.400000      0.33450497
 14.500000      0.27279885
 14.600000      0.21156635
 14.700000      0.15164920
 14.800000      0.09329076
 14.900000      0.03706201
 15.000000     -0.01663162
 15.100000     -0.06751441
 15.200000     -0.11601452
 15.300000     -0.16172199
 15.400000     -0.20422150
 15.500000     -0.24319630
 15.600000     -0.27901843
 15.700000     -0.31208765
 15.800000     -0.34204184
 15.900000     -0.36972231
 16.000000     -0.39466399
 16.100000     -0.41712565
 16.200000     -0.43665779
 16.300000     -0.45381744
 16.400000     -0.46846841
 16.500000     -0.48067890
 16.600000     -0.49043646
 16.700000     -0.49793572
 16.800000     -0.50364552
 16.900000     -0.50683238
 17.000000     -0.50855413
 17.100000     -0.50855100
 17.200000     -0.50738335
 17.300000     -0.50502214
 17.400000     -0.50142651
 17.500000     -0.49617364
 17.600000     -0.48979297
 17.700000     -0.48308512
 17.800000     -0.47546197
 17.900000     -0.46748517
 18.000000     -0.45914474
 18.100000     -0.45099037
 18.200000     -0.44253963
 18.300000     -0.43412717
 18.400000     -0.42540674
 18.500000     -0.41665679
 18.600000     -0.40772962
 18.700000     -0.39905699
 18.800000     -0.39034882
 18.900000     -0.38173517
 19.000000     -0.37341250
 19.100000     -0.36487626
 19.200000     -0.35616747
 19.300000     -0.34802619
 19.400000     -0.33955353
 19.500000     -0.33120222
 19.600000     -0.32353881
 19.700000     -0.31556411
 19.800000     -0.30810331
 19.900000     -0.30063428
 20.000000     -0.29342248
 20.100000     -0.28604034
 20.200000     -0.27847839
 20.300000     -0.27121560
 20.400000     -0.26398571
 20.500000     -0.25697570
 20.600000     -0.24964419
 20.700000     -0.24267620
 20.800000     -0.23536554
 20.900000     -0.22797137
 21.000000     -0.22052979
 21.100000     -0.21303735
 21.200000     -0.20624073
 21.300000     -0.19971519
 21.400000     -0.19286582
 21.500000     -0.18600788
 21.600000     -0.17967632
 21.700000     -0.17296635
 21.800000     -0.16652417
 21.900000     -0.15958046
 22.000000     -0.15227893
 22.100000     -0.14543062
 22.200000     -0.13864513
 22.300000     -0.13164485
 22.400000     -0.12454275
 22.500000     -0.11862498
 22.600000     -0.11276493
 22.700000     -0.10721260
 22.800000     -0.10222822
 22.900000     -0.09745643
 23.000000     -0.09223617
 23.100000     -0.08709123
 23.200000     -0.08204341
 23.300000     -0.07721441
 23.400000     -0.07202654
 23.500000     -0.06792678
 23.600000     -0.06436769
 23.700000     -0.06028408
 23.800000     -0.05687914
 23.900000     -0.05328409
 24.000000     -0.04991861
 24.100000     -0.04685067
 24.200000     -0.04360167
 24.300000     -0.04012140
 24.400000     -0.03719079
 24.500000     -0.03424336
 24.600000     -0.03175756
 24.700000     -0.02998914
 24.800000     -0.02727157
 24.900000     -0.02547674
 25.000000     -0.02320665
 25.100000     -0.02192147
 25.200000     -0.02062787
 25.300000     -0.01986170
 25.400000     -0.01865859
 25.500000     -0.01813593
 25.600000     -0.01730568
 25.700000     -0.01679264
 25.800000     -0.01584880
 25.900000     -0.01455584
 26.000000     -0.01333264
 26.100000     -0.01234464
 26.200000     -0.01136355
 26.300000     -0.01051801
 26.400000     -0.00989680
 26.500000     -0.00955863
 26.600000     -0.00916362
 26.700000     -0.00875294
 26.800000     -0.00852889
 26.900000     -0.00870027
 27.000000     -0.00872672
 27.100000     -0.00912211
 27.200000     -0.00935154
 27.300000     -0.01006844
 27.400000     -0.01079745
 27.500000     -0.01232399
 27.600000     -0.01325775
 27.700000     -0.01452453
 27.800000     -0.01603036
 27.900000     -0.01741458
 28.000000     -0.01891657
 28.100000     -0.02011756
 28.200000     -0.02150010
 28.300000     -0.02242168
 28.400000     -0.02404521
 28.500000     -0.02512717
 28.600000     -0.02634199
 28.700000     -0.02759326
 28.800000     -0.02881965
 28.900000     -0.02985078
 29.000000     -0.03080864
 29.100000     -0.03209396
 29.200000     -0.03288712
 29.300000     -0.03386166
 29.400000     -0.03533426
 29.500000     -0.03632420
 29.600000     -0.03762643
 29.700000     -0.03877788
 29.800000     -0.03982089
 29.900000     -0.04073435
 30.000000     -0.04163322
 30.100000     -0.04283731
 30.200000     -0.04329716
 30.300000     -0.04356985
 30.400000     -0.04411962
 30.500000     -0.04475648
 30.600000     -0.04528076
 30.700000     -0.04553390
 30.800000     -0.04549729
 30.900000     -0.04544823
 31.000000     -0.04510537
 31.100000     -0.04479437
 31.200000     -0.04418604
 31.300000     -0.04343799
 31.400000     -0.04271431
 31.500000     -0.04196283
 31.600000     -0.04091785
 31.700000     -0.04014104
 31.800000     -0.03919711
 31.900000     -0.03816641
 32.000000     -0.03682133
 32.100000     -0.03555978
 32.200000     -0.03399795
 32.300000     -0.03248522
 32.400000     -0.03113862
 32.500000     -0.02957232
 32.600000     -0.02796209
 32.700000     -0.02624939
 32.800000     -0.02452113
 32.900000     -0.02269311
 33.000000     -0.02079659
 33.100000     -0.01900353
 33.200000     -0.01734914
 33.300000     -0.01607983
 33.400000     -0.01505068
 33.500000     -0.01415526
 33.600000     -0.01281423
 33.700000     -0.01189807
 33.800000     -0.01126229
 33.900000     -0.01062100
 34.000000     -0.01002821
 34.100000     -0.00946617
 34.200000     -0.00871486
 34.300000     -0.00867092
 34.400000     -0.00833109
 34.500000     -0.00827488
 34.600000     -0.00754175
 34.700000     -0.00681403
 34.800000     -0.00617076
 34.900000     -0.00538346
 35.000000     -0.00476944
 35.100000     -0.00379473
 35.200000     -0.00303296
 35.300000     -0.00200055
 35.400000     -0.00118093
 35.500000     -0.00010080
 35.600000      0.00044853
 35.700000      0.00161327
 35.800000      0.00268119
 35.900000      0.00373740
 36.000000      0.00460993
 36.100000      0.00550689
 36.200000      0.00631399
 36.300000      0.00704642
 36.400000      0.00782916
 36.500000      0.00852719
 36.600000      0.00932144
 36.700000      0.01014704
 36.800000      0.01109282
 36.900000      0.01174891
 37.000000      0.01216001
 37.100000      0.01282835
 37.200000      0.01335140
 37.300000      0.01386384
 37.400000      0.01412402
 37.500000      0.01441302
 37.600000      0.01468651
 37.700000      0.01536982
 37.800000      0.01595280
 37.900000      0.01641538
 38.000000      0.01709227
 38.100000      0.01754092
 38.200000      0.01807433
 38.300000      0.01900310
 38.400000      0.01993570
 38.500000      0.02073842
 38.600000      0.02167423
 38.700000      0.02271492
 38.800000      0.02402214
 38.900000      0.02521193
 39.000000      0.02630474
 39.100000      0.02742499
 39.200000      0.02847126
 39.300000      0.02936136
 39.400000      0.03020705
 39.500000      0.03110980
 39.600000      0.03164159
 39.700000      0.03214807
 39.800000      0.03258343
 39.900000      0.03301364
