  0.000000      0.00453610
  0.100000      0.00532271
  0.200000      0.00645727
  0.300000      0.00814800
  0.400000      0.00996526
  0.500000      0.01162723
  0.600000      0.01364030
  0.700000      0.01540244
  0.800000      0.01588011
  0.900000      0.01584277
  1.000000      0.01554725
  1.100000      0.01576654
  1.200000      0.01619019
  1.300000      0.01648295
  1.400000      0.01670449
  1.500000      0.01737104
  1.600000      0.01820574
  1.700000      0.01883300
  1.800000      0.01957475
  1.900000      0.02060183
  2.000000      0.02139469
  2.100000      0.02231976
  2.200000      0.02273329
  2.300000      0.02221380
  2.400000      0.02104484
  2.500000      0.02003515
  2.600000      0.01875720
  2.700000      0.01731078
  2.800000      0.01656517
  2.900000      0.01597523
  3.000000      0.01481948
  3.100000      0.01397772
  3.200000      0.01360316
  3.300000      0.01385970
  3.400000      0.01443024
  3.500000      0.01513278
  3.600000      0.01541156
  3.700000      0.01595064
  3.800000      0.01655905
  3.900000      0.01683784
  4.000000      0.01636946
  4.100000      0.01745156
  4.200000      0.02034222
  4.300000      0.02225442
  4.400000      0.02360382
  4.500000      0.02350769
  4.600000      0.02275200
  4.700000      0.02155295
  4.800000      0.01965820
  4.900000      0.01769210
  5.000000      0.01542838
  5.100000      0.01127148
  5.200000      0.00597635
  5.300000     -0.00029890
  5.400000     -0.00798938
  5.500000     -0.01739964
  5.600000     -0.02684393
  5.700000     -0.03662159
  5.800000     -0.04857185
  5.900000     -0.06084496
  6.000000     -0.07285342
  6.100000     -0.08391738
  6.200000     -0.09434805
  6.300000     -0.10621849
  6.400000     -0.11794941
  6.500000     -0.12851891
  6.600000     -0.13808303
  6.700000     -0.14782441
  6.800000     -0.15617862
  6.900000     -0.16217201
  7.000000     -0.16650608
  7.100000     -0.17166899
  7.200000     -0.17589892
  7.300000     -0.17663828
  7.400000     -0.17690267
  7.500000     -0.17539171
  7.600000     -0.17243568
  7.700000     -0.16847065
  7.800000     -0.16386141
  7.900000     -0.15693253
  8.000000     -0.14269746
  8.100000     -0.12080018
  8.200000     -0.09389018
  8.300000     -0.06266296
  8.400000     -0.02380528
  8.500000      0.01931715
  8.600000      0.06881172
  8.700000      0.12519795
  8.800000      0.18813550
  8.900000      0.25665657
  9.000000      0.32704686
  9.100000      0.39871146
  9.200000      0.46781127
  9.300000      0.53625503
  9.400000      0.60168920
  9.500000      0.66625981
  9.600000      0.72577281
  9.700000      0.77916611
  9.800000      0.82678692
  9.900000      0.86835165
 10.000000      0.90318184
 10.100000      0.93363697
 10.200000      0.95949626
 10.300000      0.97843524
 10.400000      0.99222379
 10.500000      1.00000000
 10.600000      0.99748765
 10.700000      0.98638494
 10.800000      0.96723160
 10.900000      0.94103013
 11.000000      0.90780997
 11.100000      0.86389061
 11.200000      0.81207992
 11.300000      0.75345003
 11.400000      0.69005704
 11.500000      0.62225946
 11.600000      0.54988553
 11.700000      0.47294298
 11.800000      0.39478774
 11.900000      0.31871503
 12.000000      0.24380516
 12.100000      0.16897907
 12.200000      0.09374118
 12.300000      0.02132953
 12.400000     -0.04721050
 12.500000     -0.11053392
 12.600000     -0.16495249
 12.700000     -0.21137526
 12.800000     -0.25220228
 12.900000     -0.29155422
 13.000000     -0.32634707
 13.100000     -0.35769772
 13.200000     -0.38625153
 13.300000     -0.41252884
 13.400000     -0.43583894
 13.500000     -0.45616886
 13.600000     -0.47022762
 13.700000     -0.47984023
 13.800000     -0.48384591
 13.900000     -0.48391703
 14.000000     -0.48220033
 14.100000     -0.48119259
 14.200000     -0.47896120
 14.300000     -0.47442017
 14.400000     -0.46684979
 14.500000     -0.45630175
 14.600000     -0.44302893
 14.700000     -0.42684955
 14.800000     -0.41007803
 14.900000     -0.39304021
 15.000000     -0.37458040
 15.100000     -0.35823706
 15.200000     -0.34687997
 15.300000     -0.33555001
 15.400000     -0.32417296
 15.500000     -0.31296855
 15.600000     -0.30277967
 15.700000     -0.29263208
 15.800000     -0.28369890
 15.900000     -0.27450165
 16.000000     -0.26531441
 16.100000     -0.25712921
 16.200000     -0.24947031
 16.300000     -0.23948506
 16.400000     -0.22921547
 16.500000     -0.22047278
 16.600000     -0.21239856
 16.700000     -0.20404884
 16.800000     -0.19610782
 16.900000     -0.18871745
 17.000000     -0.18040574
 17.100000     -0.17295548
 17.200000     -0.16873980
 17.300000     -0.16400138
 17.400000     -0.15949104
 17.500000     -0.15626913
 17.600000     -0.15449624
 17.700000     -0.15305491
 17.800000     -0.15137608
 17.900000     -0.14863156
 18.000000     -0.14330183
 18.100000     -0.13887153
 18.200000     -0.13678897
 18.300000     -0.13403313
 18.400000     -0.13127422
 18.500000     -0.12707448
 18.600000     -0.12285546
 18.700000     -0.12042670
 18.800000     -0.12088508
 18.900000     -0.12262848
 19.000000     -0.12447793
 19.100000     -0.12565124
 19.200000     -0.12535601
 19.300000     -0.12337621
 19.400000     -0.12048323
 19.500000     -0.11846052
 19.600000     -0.11393333
 19.700000     -0.11054769
 19.800000     -0.10706888
 19.900000     -0.10324707
 20.000000     -0.10039960
 20.100000     -0.09914209
 20.200000     -0.09809461
 20.300000     -0.09749294
 20.400000     -0.09622183
 20.500000     -0.09474975
 20.600000     -0.09143379
 20.700000     -0.08688422
 20.800000     -0.08130716
 20.900000     -0.07515444
 21.000000     -0.06923303
 21.100000     -0.06269661
 21.200000     -0.05605534
 21.300000     -0.04985988
 21.400000     -0.04354167
 21.500000     -0.03747172
 21.600000     -0.03226436
 21.700000     -0.02967915
 21.800000     -0.02629189
 21.900000     -0.02381756
 22.000000     -0.02137181
 22.100000     -0.01912742
 22.200000     -0.01910017
 22.300000     -0.01938492
 22.400000     -0.01753901
 22.500000     -0.01790631
 22.600000     -0.01861227
 22.700000     -0.01969507
 22.800000     -0.02281954
 22.900000     -0.02534245
 23.000000     -0.02804000
 23.100000     -0.03112442
 23.200000     -0.03318529
 23.300000     -0.03516719
 23.400000     -0.03798456
 23.500000     -0.03939228
 23.600000     -0.04130728
 23.700000     -0.04205563
 23.800000     -0.04292529
 23.900000     -0.04293284
 24.000000     -0.04270553
 24.100000     -0.04286338
 24.200000     -0.04286829
 24.300000     -0.04203295
 24.400000     -0.04011337
 24.500000     -0.03822851
 24.600000     -0.03481039
 24.700000     -0.03158631
 24.800000     -0.02711130
 24.900000     -0.02191068
 25.000000     -0.01632451
 25.100000     -0.01281631
 25.200000     -0.01072326
 25.300000     -0.00943446
 25.400000     -0.01045124
 25.500000     -0.01245705
 25.600000     -0.01539835
 25.700000     -0.02014068
 25.800000     -0.02405835
 25.900000     -0.02788897
 26.000000     -0.03104603
 26.100000     -0.03413404
 26.200000     -0.03600338
 26.300000     -0.03920664
 26.400000     -0.04190878
 26.500000     -0.04499227
 26.600000     -0.04836323
 26.700000     -0.05096577
 26.800000     -0.05203443
 26.900000     -0.05213671
 27.000000     -0.05191660
 27.100000     -0.05068996
 27.200000     -0.04941965
 27.300000     -0.04724354
 27.400000     -0.04363703
 27.500000     -0.04021218
 27.600000     -0.03839883
 27.700000     -0.03755453
 27.800000     -0.03752265
 27.900000     -0.03737732
 28.000000     -0.03650220
 28.100000     -0.03604703
 28.200000     -0.03567230
 28.300000     -0.03486755
 28.400000     -0.03420125
 28.500000     -0.03416917
 28.600000     -0.03422934
 28.700000     -0.03380888
 28.800000     -0.03398492
 28.900000     -0.03405043
 29.000000     -0.03386527
 29.100000     -0.03406251
 29.200000     -0.03482412
 29.300000     -0.03640129
 29.400000     -0.03875268
 29.500000     -0.04102710
 29.600000     -0.04298363
 29.700000     -0.04425179
 29.800000     -0.04505925
 29.900000     -0.04569265
 30.000000     -0.04617560
 30.100000     -0.04678176
 30.200000     -0.04582012
 30.300000     -0.04402344
 30.400000     -0.04214557
 30.500000     -0.04038551
 30.600000     -0.03889443
 30.700000     -0.03737361
 30.800000     -0.03623799
 30.900000     -0.03580115
 31.000000     -0.03620935
 31.100000     -0.03745127
 31.200000     -0.03831106
 31.300000     -0.03918144
 31.400000     -0.04045604
 31.500000     -0.04233951
 31.600000     -0.04421962
 31.700000     -0.04646381
 31.800000     -0.04930304
 31.900000     -0.05150883
 32.000000     -0.05405014
 32.100000     -0.05752291
 32.200000     -0.06188607
 32.300000     -0.06453880
 32.400000     -0.06684248
 32.500000     -0.06840449
 32.600000     -0.06973885
 32.700000     -0.07035029
 32.800000     -0.07027381
 32.900000     -0.07024660
 33.000000     -0.06997895
 33.100000     -0.06954860
 33.200000     -0.06850996
 33.300000     -0.06782567
 33.400000     -0.06717098
 33.500000     -0.06665168
 33.600000     -0.06654658
 33.700000     -0.06685034
 33.800000     -0.06764093
 33.900000     -0.06824211
 34.000000     -0.06824968
 34.100000     -0.06739579
 34.200000     -0.06587190
 34.300000     -0.06369630
 34.400000     -0.06075229
 34.500000     -0.05713170
 34.600000     -0.05409854
 34.700000     -0.05118739
 34.800000     -0.04772374
 34.900000     -0.04404023
 35.000000     -0.04030522
 35.100000     -0.03732624
 35.200000     -0.03499194
 35.300000     -0.03318665
 35.400000     -0.03212439
 35.500000     -0.03149238
 35.600000     -0.03053268
 35.700000     -0.02920641
 35.800000     -0.02725163
 35.900000     -0.02600437
 36.000000     -0.02646403
 36.100000     -0.02738651
 36.200000     -0.02835128
 36.300000     -0.02934907
 36.400000     -0.03055445
 36.500000     -0.03120684
 36.600000     -0.03076951
 36.700000     -0.02992495
 36.800000     -0.02892974
 36.900000     -0.02815461
 37.000000     -0.02770577
 37.100000     -0.02762467
 37.200000     -0.02768882
 37.300000     -0.02727327
 37.400000     -0.02654902
 37.500000     -0.02583566
 37.600000     -0.02502614
 37.700000     -0.02448035
 37.800000     -0.02444968
 37.900000     -0.02475733
 38.000000     -0.02494949
 38.100000     -0.02514860
 38.200000     -0.02530108
 38.300000     -0.02520331
 38.400000     -0.02566641
 38.500000     -0.02642335
 38.600000     -0.02788001
 38.700000     -0.02932419
 38.800000     -0.03056416
 38.900000     -0.03152897
 39.000000     -0.03195641
 39.100000     -0.03260154
 39.200000     -0.03377818
 39.300000     -0.03508377
 39.400000     -0.03726050
 39.500000     -0.03979990
 39.600000     -0.04227511
 39.700000     -0.04436866
 39.800000     -0.04598849
 39.900000     -0.04694292
