  0.000000      0.00748497
  0.100000      0.00619304
  0.200000      0.00586168
  0.300000      0.00605045
  0.400000      0.00519006
  0.500000      0.00543613
  0.600000      0.00636830
  0.700000      0.00592882
  0.800000      0.00540671
  0.900000      0.00570419
  1.000000      0.00542673
  1.100000      0.00545680
  1.200000      0.00590759
  1.300000      0.00581837
  1.400000      0.00539175
  1.500000      0.00509317
  1.600000      0.00436475
  1.700000      0.00305398
  1.800000      0.00192064
  1.900000      0.00025823
  2.000000     -0.00215887
  2.100000     -0.00454988
  2.200000     -0.00659755
  2.300000     -0.00869551
  2.400000     -0.01084341
  2.500000     -0.01392103
  2.600000     -0.01724383
  2.700000     -0.02123554
  2.800000     -0.02439251
  2.900000     -0.02895740
  3.000000     -0.03344766
  3.100000     -0.03796226
  3.200000     -0.04437541
  3.300000     -0.04990236
  3.400000     -0.05580580
  3.500000     -0.06240430
  3.600000     -0.06839743
  3.700000     -0.07475370
  3.800000     -0.08090527
  3.900000     -0.08694853
  4.000000     -0.09296102
  4.100000     -0.10034024
  4.200000     -0.10657771
  4.300000     -0.11454787
  4.400000     -0.12199866
  4.500000     -0.12836664
  4.600000     -0.13351381
  4.700000     -0.13707019
  4.800000     -0.13931013
  4.900000     -0.14004823
  5.000000     -0.13863130
  5.100000     -0.13477981
  5.200000     -0.12685999
  5.300000     -0.11521619
  5.400000     -0.09951276
  5.500000     -0.07844940
  5.600000     -0.05170266
  5.700000     -0.01924890
  5.800000      0.01771763
  5.900000      0.06086558
  6.000000      0.10985142
  6.100000      0.16651688
  6.200000      0.22907723
  6.300000      0.29666594
  6.400000      0.36799127
  6.500000      0.44201277
  6.600000      0.51605282
  6.700000      0.59005721
  6.800000      0.66218551
  6.900000      0.72978391
  7.000000      0.79175744
  7.100000      0.84667214
  7.200000      0.89428342
  7.300000      0.93431086
  7.400000      0.96486617
  7.500000      0.98438923
  7.600000      0.99617833
  7.700000      1.00000000
  7.800000      0.99182919
  7.900000      0.97526177
  8.000000      0.94958594
  8.100000      0.91472164
  8.200000      0.87371335
  8.300000      0.82545663
  8.400000      0.77039632
  8.500000      0.70888796
  8.600000      0.64165016
  8.700000      0.56891845
  8.800000      0.49190296
  8.900000      0.41200977
  9.000000      0.33260796
  9.100000      0.25320537
  9.200000      0.17501484
  9.300000      0.09925695
  9.400000      0.02762822
  9.500000     -0.04028173
  9.600000     -0.10410417
  9.700000     -0.16230203
  9.800000     -0.21414383
  9.900000     -0.26073736
 10.000000     -0.30191440
 10.100000     -0.33704871
 10.200000     -0.36578034
 10.300000     -0.39023814
 10.400000     -0.40960226
 10.500000     -0.42547959
 10.600000     -0.43585874
 10.700000     -0.44243624
 10.800000     -0.44662627
 10.900000     -0.44777820
 11.000000     -0.44579369
 11.100000     -0.44156213
 11.200000     -0.43524331
 11.300000     -0.42526706
 11.400000     -0.41253798
 11.500000     -0.40066667
 11.600000     -0.39018504
 11.700000     -0.37807562
 11.800000     -0.36484860
 11.900000     -0.35038504
 12.000000     -0.33736182
 12.100000     -0.32454364
 12.200000     -0.31090762
 12.300000     -0.29631927
 12.400000     -0.28277694
 12.500000     -0.27140025
 12.600000     -0.26130744
 12.700000     -0.25141949
 12.800000     -0.24046526
 12.900000     -0.22959407
 13.000000     -0.21894162
 13.100000     -0.20835986
 13.200000     -0.19777847
 13.300000     -0.18877817
 13.400000     -0.18039975
 13.500000     -0.17183477
 13.600000     -0.16430035
 13.700000     -0.15584590
 13.800000     -0.14816442
 13.900000     -0.14140260
 14.000000     -0.13504759
 14.100000     -0.12965453
 14.200000     -0.12540568
 14.300000     -0.12168101
 14.400000     -0.11859972
 14.500000     -0.11641913
 14.600000     -0.11392227
 14.700000     -0.11176472
 14.800000     -0.10953657
 14.900000     -0.10892657
 15.000000     -0.10826354
 15.100000     -0.10708947
 15.200000     -0.10620956
 15.300000     -0.10456135
 15.400000     -0.10276864
 15.500000     -0.10416798
 15.600000     -0.10544034
 15.700000     -0.10655090
 15.800000     -0.10816786
 15.900000     -0.10865899
 16.000000     -0.10962432
 16.100000     -0.11204883
 16.200000     -0.11361537
 16.300000     -0.11434212
 16.400000     -0.11664430
 16.500000     -0.11664986
 16.600000     -0.11625510
 16.700000     -0.11616077
 16.800000     -0.11545883
 16.900000     -0.11459719
 17.000000     -0.11344061
 17.100000     -0.11075094
 17.200000     -0.10786680
 17.300000     -0.10574445
 17.400000     -0.10350695
 17.500000     -0.10177015
 17.600000     -0.09914176
 17.700000     -0.09683741
 17.800000     -0.09472815
 17.900000     -0.09293443
 18.000000     -0.09098804
 18.100000     -0.08957817
 18.200000     -0.08768026
 18.300000     -0.08672649
 18.400000     -0.08481720
 18.500000     -0.07995629
 18.600000     -0.07833939
 18.700000     -0.07698868
 18.800000     -0.07648133
 18.900000     -0.07525390
 19.000000     -0.07401305
 19.100000     -0.07212066
 19.200000     -0.07099515
 19.300000     -0.06919397
 19.400000     -0.06669507
 19.500000     -0.06567660
 19.600000     -0.06377645
 19.700000     -0.06288237
 19.800000     -0.06095845
 19.900000     -0.05926568
 20.000000     -0.05783409
 20.100000     -0.05687313
 20.200000     -0.05552060
 20.300000     -0.05404974
 20.400000     -0.05320030
 20.500000     -0.05248809
 20.600000     -0.05301229
 20.700000     -0.05207253
 20.800000     -0.05182997
 20.900000     -0.05131763
 21.000000     -0.04997276
 21.100000     -0.04862979
 21.200000     -0.04597747
 21.300000     -0.04327859
 21.400000     -0.04155583
 21.500000     -0.03971558
 21.600000     -0.03792135
 21.700000     -0.03674625
 21.800000     -0.03550088
 21.900000     -0.03411697
 22.000000     -0.03279831
 22.100000     -0.03199848
 22.200000     -0.03169784
 22.300000     -0.03094698
 22.400000     -0.03050387
 22.500000     -0.02974094
 22.600000     -0.02778424
 22.700000     -0.02584043
 22.800000     -0.02473138
 22.900000     -0.02314516
 23.000000     -0.02139758
 23.100000     -0.02034291
 23.200000     -0.01869689
 23.300000     -0.01693219
 23.400000     -0.01635115
 23.500000     -0.01515155
 23.600000     -0.01342829
 23.700000     -0.01191328
 23.800000     -0.00999823
 23.900000     -0.00878508
 24.000000     -0.00669134
 24.100000     -0.00528047
 24.200000     -0.00324975
 24.300000     -0.00310988
 24.400000     -0.00203782
 24.500000     -0.00162953
 24.600000      0.00060482
 24.700000      0.00116207
 24.800000      0.00268836
 24.900000      0.00400725
 25.000000      0.00440301
 25.100000      0.00500877
 25.200000      0.00546589
 25.300000      0.00457550
 25.400000      0.00425137
 25.500000      0.00451038
 25.600000      0.00423246
 25.700000      0.00384516
 25.800000      0.00292417
 25.900000      0.00144634
 26.000000     -0.00079309
 26.100000     -0.00291491
 26.200000     -0.00437106
 26.300000     -0.00661964
 26.400000     -0.00909595
 26.500000     -0.01110789
 26.600000     -0.01296783
 26.700000     -0.01416723
 26.800000     -0.01524787
 26.900000     -0.01640249
 27.000000     -0.01692018
 27.100000     -0.01663904
 27.200000     -0.01738479
 27.300000     -0.01735502
 27.400000     -0.01823579
 27.500000     -0.01750712
 27.600000     -0.01626462
 27.700000     -0.01528363
 27.800000     -0.01573027
 27.900000     -0.01637543
 28.000000     -0.01681669
 28.100000     -0.01639467
 28.200000     -0.01625921
 28.300000     -0.01672887
 28.400000     -0.01723186
 28.500000     -0.01770227
 28.600000     -0.01780453
 28.700000     -0.01830684
 28.800000     -0.01781562
 28.900000     -0.01731808
 29.000000     -0.01726934
 29.100000     -0.01738349
 29.200000     -0.01645391
 29.300000     -0.01609121
 29.400000     -0.01568719
 29.500000     -0.01456148
 29.600000     -0.01484335
 29.700000     -0.01341644
 29.800000     -0.01261126
 29.900000     -0.01138282
 30.000000     -0.00969061
 30.100000     -0.00767587
 30.200000     -0.00695546
 30.300000     -0.00637654
 30.400000     -0.00583217
 30.500000     -0.00552965
 30.600000     -0.00578087
 30.700000     -0.00633613
 30.800000     -0.00563817
 30.900000     -0.00497368
 31.000000     -0.00439144
 31.100000     -0.00345182
 31.200000     -0.00362580
 31.300000     -0.00315554
 31.400000     -0.00280797
 31.500000     -0.00276123
 31.600000     -0.00225728
 31.700000     -0.00136955
 31.800000     -0.00102528
 31.900000      0.00004850
 32.000000      0.00110191
 32.100000      0.00098457
 32.200000      0.00088358
 32.300000      0.00104072
 32.400000      0.00074409
 32.500000      0.00172337
 32.600000      0.00208422
 32.700000      0.00153575
 32.800000      0.00224355
 32.900000      0.00359752
 33.000000      0.00345656
 33.100000      0.00393888
 33.200000      0.00428267
 33.300000      0.00418550
 33.400000      0.00391713
 33.500000      0.00387627
 33.600000      0.00303925
 33.700000      0.00217684
 33.800000      0.00166528
 33.900000      0.00151029
 34.000000      0.00046968
 34.100000     -0.00044781
 34.200000     -0.00190177
 34.300000     -0.00373288
 34.400000     -0.00451641
 34.500000     -0.00568639
 34.600000     -0.00673675
 34.700000     -0.00647495
 34.800000     -0.00621401
 34.900000     -0.00647122
 35.000000     -0.00549961
 35.100000     -0.00546979
 35.200000     -0.00572228
 35.300000     -0.00529137
 35.400000     -0.00502301
 35.500000     -0.00507234
 35.600000     -0.00453908
 35.700000     -0.00467837
 35.800000     -0.00544869
 35.900000     -0.00439667
 36.000000     -0.00426199
 36.100000     -0.00439510
 36.200000     -0.00416464
 36.300000     -0.00414943
 36.400000     -0.00445085
 36.500000     -0.00322072
 36.600000     -0.00249708
 36.700000     -0.00209666
 36.800000     -0.00112854
 36.900000     -0.00052190
 37.000000     -0.00001926
 37.100000      0.00001510
 37.200000      0.00052208
 37.300000      0.00107784
 37.400000      0.00200962
 37.500000      0.00309472
 37.600000      0.00436118
 37.700000      0.00558419
 37.800000      0.00648165
 37.900000      0.00690725
 38.000000      0.00830576
 38.100000      0.00969155
 38.200000      0.00972280
 38.300000      0.01122803
 38.400000      0.01190433
 38.500000      0.01225784
 38.600000      0.01319865
 38.700000      0.01396379
 38.800000      0.01429875
 38.900000      0.01475131
 39.000000      0.01505255
 39.100000      0.01590733
 39.200000      0.01662967
 39.300000      0.01681539
 39.400000      0.01680780
 39.500000      0.01668640
 39.600000      0.01738970
 39.700000      0.01794039
 39.800000      0.01745650
 39.900000      0.01781154
