  0.000000     -0.00141921
  0.100000     -0.00317588
  0.200000     -0.00485334
  0.300000     -0.00651951
  0.400000     -0.00798929
  0.500000     -0.00917268
  0.600000     -0.01025473
  0.700000     -0.01128935
  0.800000     -0.01217086
  0.900000     -0.01307612
  1.000000     -0.01408090
  1.100000     -0.01503967
  1.200000     -0.01612838
  1.300000     -0.01717063
  1.400000     -0.01805145
  1.500000     -0.01897446
  1.600000     -0.01984813
  1.700000     -0.02060196
  1.800000     -0.02128845
  1.900000     -0.02221222
  2.000000     -0.02318642
  2.100000     -0.02420444
  2.200000     -0.02535837
  2.300000     -0.02664140
  2.400000     -0.02789644
  2.500000     -0.02916330
  2.600000     -0.03045668
  2.700000     -0.03180297
  2.800000     -0.03322590
  2.900000     -0.03481367
  3.000000     -0.03670617
  3.100000     -0.03880983
  3.200000     -0.04100707
  3.300000     -0.04325061
  3.400000     -0.04525817
  3.500000     -0.04715752
  3.600000     -0.04927156
  3.700000     -0.05148642
  3.800000     -0.05394306
  3.900000     -0.05661416
  4.000000     -0.05943653
  4.100000     -0.06218647
  4.200000     -0.06498889
  4.300000     -0.06782173
  4.400000     -0.07060390
  4.500000     -0.07310162
  4.600000     -0.07565668
  4.700000     -0.07826497
  4.800000     -0.08083280
  4.900000     -0.08337587
  5.000000     -0.08568918
  5.100000     -0.08800979
  5.200000     -0.09032002
  5.300000     -0.09237538
  5.400000     -0.09404051
  5.500000     -0.09561936
  5.600000     -0.09706687
  5.700000     -0.09834038
  5.800000     -0.09962602
  5.900000     -0.10064943
  6.000000     -0.10156943
  6.100000     -0.10242962
  6.200000     -0.10321261
  6.300000     -0.10401310
  6.400000     -0.10481039
  6.500000     -0.10551353
  6.600000     -0.10612971
  6.700000     -0.10667449
  6.800000     -0.10686829
  6.900000     -0.10675471
  7.000000     -0.10624488
  7.100000     -0.10555097
  7.200000     -0.10484278
  7.300000     -0.10412894
  7.400000     -0.10314207
  7.500000     -0.10200207
  7.600000     -0.10051465
  7.700000     -0.09880122
  7.800000     -0.09668303
  7.900000     -0.09427019
  8.000000     -0.09177108
  8.100000     -0.08924824
  8.200000     -0.08642341
  8.300000     -0.08349212
  8.400000     -0.08055984
  8.500000     -0.07747871
  8.600000     -0.07437845
  8.700000     -0.07143937
  8.800000     -0.06850104
  8.900000     -0.06553791
  9.000000     -0.06256528
  9.100000     -0.05944867
  9.200000     -0.05584931
  9.300000     -0.05204244
  9.400000     -0.04810227
  9.500000     -0.04381356
  9.600000     -0.03916120
  9.700000     -0.03385532
  9.800000     -0.02790543
  9.900000     -0.02144483
 10.000000     -0.01423914
 10.100000     -0.00609604
 10.200000      0.00307618
 10.300000      0.01332163
 10.400000      0.02463297
 10.500000      0.03673953
 10.600000      0.04945509
 10.700000      0.06301869
 10.800000      0.07749542
 10.900000      0.09281492
 11.000000      0.10899852
 11.100000      0.12608066
 11.200000      0.14395458
 11.300000      0.16268823
 11.400000      0.18217540
 11.500000      0.20249592
 11.600000      0.22348974
 11.700000      0.24515150
 11.800000      0.26751206
 11.900000      0.29049184
 12.000000      0.31418176
 12.100000      0.33835351
 12.200000      0.36299786
 12.300000      0.38793413
 12.400000      0.41318918
 12.500000      0.43859562
 12.600000      0.46413849
 12.700000      0.48977968
 12.800000      0.51512337
 12.900000      0.54017850
 13.000000      0.56507932
 13.100000      0.58979068
 13.200000      0.61409157
 13.300000      0.63826071
 13.400000      0.66198166
 13.500000      0.68525529
 13.600000      0.70823531
 13.700000      0.73099712
 13.800000      0.75315714
 13.900000      0.77480285
 14.000000      0.79573747
 14.100000      0.81585678
 14.200000      0.83512653
 14.300000      0.85348548
 14.400000      0.87077865
 14.500000      0.88708829
 14.600000      0.90254195
 14.700000      0.91710465
 14.800000      0.93086178
 14.900000      0.94356603
 15.000000      0.95504247
 15.100000      0.96520376
 15.200000      0.97445395
 15.300000      0.98236767
 15.400000      0.98899844
 15.500000      0.99415845
 15.600000      0.99767236
 15.700000      0.99956340
 15.800000      1.00000000
 15.900000      0.99872407
 16.000000      0.99562318
 16.100000      0.99077548
 16.200000      0.98417884
 16.300000      0.97587411
 16.400000      0.96616286
 16.500000      0.95501329
 16.600000      0.94236048
 16.700000      0.92840564
 16.800000      0.91322972
 16.900000      0.89689557
 17.000000      0.87964260
 17.100000      0.86125575
 17.200000      0.84156661
 17.300000      0.82081322
 17.400000      0.79900652
 17.500000      0.77621702
 17.600000      0.75237631
 17.700000      0.72756235
 17.800000      0.70166872
 17.900000      0.67501364
 18.000000      0.64757692
 18.100000      0.61946872
 18.200000      0.59041198
 18.300000      0.56058288
 18.400000      0.53013777
 18.500000      0.49919915
 18.600000      0.46777862
 18.700000      0.43606071
 18.800000      0.40403375
 18.900000      0.37188072
 19.000000      0.33988877
 19.100000      0.30800835
 19.200000      0.27632601
 19.300000      0.24492408
 19.400000      0.21365288
 19.500000      0.18312481
 19.600000      0.15364773
 19.700000      0.12487801
 19.800000      0.09648647
 19.900000      0.06863164
 20.000000      0.04100584
 20.100000      0.01390508
 20.200000     -0.01234035
 20.300000     -0.03783725
 20.400000     -0.06266078
 20.500000     -0.08644469
 20.600000     -0.10920961
 20.700000     -0.13099349
 20.800000     -0.15184809
 20.900000     -0.17182796
 21.000000     -0.19105663
 21.100000     -0.20952319
 21.200000     -0.22726572
 21.300000     -0.24442097
 21.400000     -0.26094812
 21.500000     -0.27675033
 21.600000     -0.29197361
 21.700000     -0.30639676
 21.800000     -0.31987352
 21.900000     -0.33251510
 22.000000     -0.34462562
 22.100000     -0.35623019
 22.200000     -0.36757654
 22.300000     -0.37870986
 22.400000     -0.38958232
 22.500000     -0.40020661
 22.600000     -0.41052274
 22.700000     -0.42052847
 22.800000     -0.43001737
 22.900000     -0.43921609
 23.000000     -0.44814608
 23.100000     -0.45665735
 23.200000     -0.46473875
 23.300000     -0.47222599
 23.400000     -0.47922496
 23.500000     -0.48592946
 23.600000     -0.49252531
 23.700000     -0.49901608
 23.800000     -0.50540322
 23.900000     -0.51157582
 24.000000     -0.51731362
 24.100000     -0.52280069
 24.200000     -0.52786098
 24.300000     -0.53255682
 24.400000     -0.53685094
 24.500000     -0.54054533
 24.600000     -0.54374253
 24.700000     -0.54656666
 24.800000     -0.54892525
 24.900000     -0.55074162
 25.000000     -0.55221280
 25.100000     -0.55323325
 25.200000     -0.55376242
 25.300000     -0.55357272
 25.400000     -0.55283476
 25.500000     -0.55170776
 25.600000     -0.55017253
 25.700000     -0.54818964
 25.800000     -0.54577875
 25.900000     -0.54322609
 26.000000     -0.54061721
 26.100000     -0.53797631
 26.200000     -0.53507658
 26.300000     -0.53185502
 26.400000     -0.52866115
 26.500000     -0.52568326
 26.600000     -0.52279588
 26.700000     -0.51982685
 26.800000     -0.51632617
 26.900000     -0.51248770
 27.000000     -0.50842218
 27.100000     -0.50434406
 27.200000     -0.50022367
 27.300000     -0.49602040
 27.400000     -0.49164752
 27.500000     -0.48734011
 27.600000     -0.48296531
 27.700000     -0.47843534
 27.800000     -0.47380670
 27.900000     -0.46912196
 28.000000     -0.46433567
 28.100000     -0.45963003
 28.200000     -0.45506931
 28.300000     -0.45067000
 28.400000     -0.44623946
 28.500000     -0.44175598
 28.600000     -0.43722589
 28.700000     -0.43236728
 28.800000     -0.42751870
 28.900000     -0.42291420
 29.000000     -0.41852976
 29.100000     -0.41407701
 29.200000     -0.40960720
 29.300000     -0.40489658
 29.400000     -0.40033497
 29.500000     -0.39592777
 29.600000     -0.39164053
 29.700000     -0.38726658
 29.800000     -0.38292642
 29.900000     -0.37854838
 30.000000     -0.37421149
 30.100000     -0.37005503
 30.200000     -0.36593716
 30.300000     -0.36183244
 30.400000     -0.35787021
 30.500000     -0.35401806
 30.600000     -0.35026971
 30.700000     -0.34636470
 30.800000     -0.34241342
 30.900000     -0.33860425
 31.000000     -0.33489713
 31.100000     -0.33126963
 31.200000     -0.32758292
 31.300000     -0.32412239
 31.400000     -0.32066310
 31.500000     -0.31720568
 31.600000     -0.31380725
 31.700000     -0.31033196
 31.800000     -0.30687605
 31.900000     -0.30350647
 32.000000     -0.30020769
 32.100000     -0.29712827
 32.200000     -0.29437316
 32.300000     -0.29195351
 32.400000     -0.28948254
 32.500000     -0.28686524
 32.600000     -0.28439468
 32.700000     -0.28183135
 32.800000     -0.27918538
 32.900000     -0.27635594
 33.000000     -0.27333981
 33.100000     -0.27033579
 33.200000     -0.26729567
 33.300000     -0.26431303
 33.400000     -0.26126100
 33.500000     -0.25798704
 33.600000     -0.25459229
 33.700000     -0.25103783
 33.800000     -0.24731296
 33.900000     -0.24354871
 34.000000     -0.23977285
 34.100000     -0.23601100
 34.200000     -0.23214576
 34.300000     -0.22804630
 34.400000     -0.22370673
 34.500000     -0.21916572
 34.600000     -0.21471043
 34.700000     -0.21043225
 34.800000     -0.20661868
 34.900000     -0.20287159
 35.000000     -0.19898079
 35.100000     -0.19507179
 35.200000     -0.19144187
 35.300000     -0.18802112
 35.400000     -0.18470625
 35.500000     -0.18114803
 35.600000     -0.17726736
 35.700000     -0.17343352
 35.800000     -0.16950950
 35.900000     -0.16581185
 36.000000     -0.16217883
 36.100000     -0.15861897
 36.200000     -0.15524196
 36.300000     -0.15218541
 36.400000     -0.14927663
 36.500000     -0.14641055
 36.600000     -0.14356475
 36.700000     -0.14055954
 36.800000     -0.13755767
 36.900000     -0.13465174
 37.000000     -0.13175306
 37.100000     -0.12869037
 37.200000     -0.12547392
 37.300000     -0.12224762
 37.400000     -0.11871647
 37.500000     -0.11490352
 37.600000     -0.11112026
 37.700000     -0.10769427
 37.800000     -0.10440934
 37.900000     -0.10160203
 38.000000     -0.09897995
 38.100000     -0.09624410
 38.200000     -0.09368359
 38.300000     -0.09124322
 38.400000     -0.08886580
 38.500000     -0.08681524
 38.600000     -0.08538052
 38.700000     -0.08413384
 38.800000     -0.08347988
 38.900000     -0.08317044
 39.000000     -0.08274403
 39.100000     -0.08218494
 39.200000     -0.08158115
 39.300000     -0.08066057
 39.400000     -0.07976908
 39.500000     -0.07906719
 39.600000     -0.07833320
 39.700000     -0.07754095
 39.800000     -0.07680398
 39.900000     -0.07614060
