  0.000000     -0.01672898
  0.100000     -0.01661842
  0.200000     -0.01631757
  0.300000     -0.01600545
  0.400000     -0.01567195
  0.500000     -0.01514933
  0.600000     -0.01486393
  0.700000     -0.01448751
  0.800000     -0.01408664
  0.900000     -0.01378726
  1.000000     -0.01400667
  1.100000     -0.01396722
  1.200000     -0.01356162
  1.300000     -0.01359643
  1.400000     -0.01316755
  1.500000     -0.01275922
  1.600000     -0.01224338
  1.700000     -0.01181179
  1.800000     -0.01132698
  1.900000     -0.01051207
  2.000000     -0.01019110
  2.100000     -0.01034800
  2.200000     -0.00996278
  2.300000     -0.00942104
  2.400000     -0.00861818
  2.500000     -0.00798734
  2.600000     -0.00776710
  2.700000     -0.00767109
  2.800000     -0.00685215
  2.900000     -0.00588656
  3.000000     -0.00533804
  3.100000     -0.00518076
  3.200000     -0.00483491
  3.300000     -0.00437979
  3.400000     -0.00482946
  3.500000     -0.00570534
  3.600000     -0.00686118
  3.700000     -0.00671541
  3.800000     -0.00673006
  3.900000     -0.00718282
  4.000000     -0.00792736
  4.100000     -0.00944484
  4.200000     -0.01002737
  4.300000     -0.01084756
  4.400000     -0.01186175
  4.500000     -0.01279234
  4.600000     -0.01411137
  4.700000     -0.01500221
  4.800000     -0.01597989
  4.900000     -0.01690094
  5.000000     -0.01735835
  5.100000     -0.01809044
  5.200000     -0.01926819
  5.300000     -0.02091034
  5.400000     -0.02259925
  5.500000     -0.02359913
  5.600000     -0.02468327
  5.700000     -0.02581309
  5.800000     -0.02701499
  5.900000     -0.02842141
  6.000000     -0.02961791
  6.100000     -0.03094064
  6.200000     -0.03210405
  6.300000     -0.03316167
  6.400000     -0.03426457
  6.500000     -0.03537699
  6.600000     -0.03669789
  6.700000     -0.03787642
  6.800000     -0.03899703
  6.900000     -0.03980532
  7.000000     -0.04042088
  7.100000     -0.04144382
  7.200000     -0.04240885
  7.300000     -0.04301542
  7.400000     -0.04411265
  7.500000     -0.04511877
  7.600000     -0.04613154
  7.700000     -0.04715434
  7.800000     -0.04815969
  7.900000     -0.04914770
  8.000000     -0.05012060
  8.100000     -0.05107868
  8.200000     -0.05202318
  8.300000     -0.05295527
  8.400000     -0.05387688
  8.500000     -0.05479374
  8.600000     -0.05570885
  8.700000     -0.05660924
  8.800000     -0.05750316
  8.900000     -0.05848460
  9.000000     -0.05949380
  9.100000     -0.06053986
  9.200000     -0.06163056
  9.300000     -0.06277121
  9.400000     -0.06396351
  9.500000     -0.06521627
  9.600000     -0.06653318
  9.700000     -0.06791323
  9.800000     -0.06935841
  9.900000     -0.07086834
 10.000000     -0.07243864
 10.100000     -0.07406811
 10.200000     -0.07574697
 10.300000     -0.07746890
 10.400000     -0.07922742
 10.500000     -0.08100561
 10.600000     -0.08278870
 10.700000     -0.08455997
 10.800000     -0.08630568
 10.900000     -0.08800668
 11.000000     -0.08963664
 11.100000     -0.09116907
 11.200000     -0.09258460
 11.300000     -0.09385264
 11.400000     -0.09494905
 11.500000     -0.09583644
 11.600000     -0.09648801
 11.700000     -0.09686670
 11.800000     -0.09694130
 11.900000     -0.09667090
 12.000000     -0.09602295
 12.100000     -0.09495716
 12.200000     -0.09343975
 12.300000     -0.09142802
 12.400000     -0.08888178
 12.500000     -0.08576101
 12.600000     -0.08202777
 12.700000     -0.07764553
 12.800000     -0.07257591
 12.900000     -0.06678339
 13.000000     -0.06023034
 13.100000     -0.05288179
 13.200000     -0.04471069
 13.300000     -0.03569024
 13.400000     -0.02579039
 13.500000     -0.01498344
 13.600000     -0.00325837
 13.700000      0.00939618
 13.800000      0.02300340
 13.900000      0.03756156
 14.000000      0.05307383
 14.100000      0.06953855
 14.200000      0.08695695
 14.300000      0.10531109
 14.400000      0.12458950
 14.500000      0.14476738
 14.600000      0.16582848
 14.700000      0.18774139
 14.800000      0.21047352
 14.900000      0.23398517
 15.000000      0.25823672
 15.100000      0.28318345
 15.200000      0.30877988
 15.300000      0.33496999
 15.400000      0.36169766
 15.500000      0.38890354
 15.600000      0.41652549
 15.700000      0.44449813
 15.800000      0.47275015
 15.900000      0.50121311
 16.000000      0.52980746
 16.100000      0.55845450
 16.200000      0.58706989
 16.300000      0.61556726
 16.400000      0.64385230
 16.500000      0.67183500
 16.600000      0.69941244
 16.700000      0.72648508
 16.800000      0.75294648
 16.900000      0.77868740
 17.000000      0.80359391
 17.100000      0.82755183
 17.200000      0.85044157
 17.300000      0.87214732
 17.400000      0.89254602
 17.500000      0.91152028
 17.600000      0.92895510
 17.700000      0.94473494
 17.800000      0.95874165
 17.900000      0.97086490
 18.000000      0.98101106
 18.100000      0.98908346
 18.200000      0.99500108
 18.300000      0.99866528
 18.400000      1.00000000
 18.500000      0.99891105
 18.600000      0.99537032
 18.700000      0.98935236
 18.800000      0.98084933
 18.900000      0.96985245
 19.000000      0.95635200
 19.100000      0.94036172
 19.200000      0.92191334
 19.300000      0.90105172
 19.400000      0.87782789
 19.500000      0.85231054
 19.600000      0.82458508
 19.700000      0.79474761
 19.800000      0.76289634
 19.900000      0.72914813
 20.000000      0.69363000
 20.100000      0.65646637
 20.200000      0.61779635
 20.300000      0.57776812
 20.400000      0.53652936
 20.500000      0.49423145
 20.600000      0.45103094
 20.700000      0.40708677
 20.800000      0.36255473
 20.900000      0.31759820
 21.000000      0.27237453
 21.100000      0.22703924
 21.200000      0.18174430
 21.300000      0.13663748
 21.400000      0.09186281
 21.500000      0.04756151
 21.600000      0.00386716
 21.700000     -0.03909151
 21.800000     -0.08118984
 21.900000     -0.12231443
 22.000000     -0.16236020
 22.100000     -0.20122483
 22.200000     -0.23881866
 22.300000     -0.27505809
 22.400000     -0.30986932
 22.500000     -0.34318866
 22.600000     -0.37495593
 22.700000     -0.40513146
 22.800000     -0.43367783
 22.900000     -0.46057346
 23.000000     -0.48578939
 23.100000     -0.50931475
 23.200000     -0.53115516
 23.300000     -0.55132028
 23.400000     -0.56981959
 23.500000     -0.58666157
 23.600000     -0.60188804
 23.700000     -0.61553875
 23.800000     -0.62764768
 23.900000     -0.63826011
 24.000000     -0.64742884
 24.100000     -0.65520737
 24.200000     -0.66164409
 24.300000     -0.66680395
 24.400000     -0.67074599
 24.500000     -0.67352864
 24.600000     -0.67521324
 24.700000     -0.67585886
 24.800000     -0.67552333
 24.900000     -0.67427244
 25.000000     -0.67216279
 25.100000     -0.66924479
 25.200000     -0.66556860
 25.300000     -0.66118751
 25.400000     -0.65614747
 25.500000     -0.65049542
 25.600000     -0.64427495
 25.700000     -0.63751966
 25.800000     -0.63026693
 25.900000     -0.62255351
 26.000000     -0.61441516
 26.100000     -0.60588308
 26.200000     -0.59697901
 26.300000     -0.58773737
 26.400000     -0.57818487
 26.500000     -0.56834825
 26.600000     -0.55825527
 26.700000     -0.54793164
 26.800000     -0.53740048
 26.900000     -0.52668902
 27.000000     -0.51581888
 27.100000     -0.50481377
 27.200000     -0.49369262
 27.300000     -0.48248296
 27.400000     -0.47120642
 27.500000     -0.45987740
 27.600000     -0.44852158
 27.700000     -0.43715791
 27.800000     -0.42580329
 27.900000     -0.41447780
 28.000000     -0.40319887
 28.100000     -0.39198126
 28.200000     -0.38083774
 28.300000     -0.36977576
 28.400000     -0.35881148
 28.500000     -0.34795710
 28.600000     -0.33722080
 28.700000     -0.32661137
 28.800000     -0.31613612
 28.900000     -0.30579774
 29.000000     -0.29553651
 29.100000     -0.28395992
 29.200000     -0.27423048
 29.300000     -0.26365120
 29.400000     -0.25283795
 29.500000     -0.24354188
 29.600000     -0.23439475
 29.700000     -0.22539950
 29.800000     -0.21655636
 29.900000     -0.20786526
 30.000000     -0.19933073
 30.100000     -0.19095420
 30.200000     -0.18273622
 30.300000     -0.17468183
 30.400000     -0.16679081
 30.500000     -0.15906731
 30.600000     -0.15151328
 30.700000     -0.14413622
 30.800000     -0.13693824
 30.900000     -0.12992188
 31.000000     -0.12294847
 31.100000     -0.11618880
 31.200000     -0.10971074
 31.300000     -0.10343756
 31.400000     -0.09736607
 31.500000     -0.09006713
 31.600000     -0.08439211
 31.700000     -0.07900580
 31.800000     -0.07376551
 31.900000     -0.06866173
 32.000000     -0.06369181
 32.100000     -0.05905123
 32.200000     -0.05461276
 32.300000     -0.05035944
 32.400000     -0.04630705
 32.500000     -0.04245170
 32.600000     -0.03878263
 32.700000     -0.03534652
 32.800000     -0.03179552
 32.900000     -0.02872291
 33.000000     -0.02581520
 33.100000     -0.02308559
 33.200000     -0.02078563
 33.300000     -0.01883520
 33.400000     -0.01662530
 33.500000     -0.01458687
 33.600000     -0.01271854
 33.700000     -0.01101736
 33.800000     -0.00947724
 33.900000     -0.00808589
 34.000000     -0.00684378
 34.100000     -0.00575058
 34.200000     -0.00473077
 34.300000     -0.00381134
 34.400000     -0.00305801
 34.500000     -0.00247180
 34.600000     -0.00201739
 34.700000     -0.00083492
 34.800000      0.00101746
 34.900000      0.00134792
 35.000000      0.00153898
 35.100000      0.00137896
 35.200000      0.00113569
 35.300000      0.00082253
 35.400000      0.00042937
 35.500000      0.00003569
 35.600000     -0.00036681
 35.700000     -0.00099501
 35.800000     -0.00136120
 35.900000     -0.00174086
 36.000000     -0.00215444
 36.100000     -0.00255980
 36.200000     -0.00292994
 36.300000     -0.00326121
 36.400000     -0.00358489
 36.500000     -0.00385733
 36.600000     -0.00411108
 36.700000     -0.00428011
 36.800000     -0.00436613
 36.900000     -0.00446090
 37.000000     -0.00454179
 37.100000     -0.00463820
 37.200000     -0.00466197
 37.300000     -0.00471818
 37.400000     -0.00346921
 37.500000     -0.00317874
 37.600000     -0.00325470
 37.700000     -0.00306199
 37.800000     -0.00287758
 37.900000     -0.00279861
 38.000000     -0.00278149
 38.100000     -0.00282075
 38.200000     -0.00301901
 38.300000     -0.00325303
 38.400000     -0.00247522
 38.500000     -0.00199340
 38.600000     -0.00225836
 38.700000     -0.00248947
 38.800000     -0.00243866
 38.900000     -0.00236766
 39.000000     -0.00337762
 39.100000     -0.00436099
 39.200000     -0.00435213
 39.300000     -0.00417856
 39.400000     -0.00382246
 39.500000     -0.00258444
 39.600000     -0.00245924
 39.700000     -0.00231619
 39.800000     -0.00221582
 39.900000     -0.00208160
