  0.000000      0.08250643
  0.100000      0.08010447
  0.200000      0.07680838
  0.300000      0.07264568
  0.400000      0.06816776
  0.500000      0.06454455
  0.600000      0.06123435
  0.700000      0.05840348
  0.800000      0.05499712
  0.900000      0.05149527
  1.000000      0.04830074
  1.100000      0.04491839
  1.200000      0.04147207
  1.300000      0.03766642
  1.400000      0.03374104
  1.500000      0.03072331
  1.600000      0.02958136
  1.700000      0.02907763
  1.800000      0.02920521
  1.900000      0.02925180
  2.000000      0.02951009
  2.100000      0.02878025
  2.200000      0.02835098
  2.300000      0.02793221
  2.400000      0.02788612
  2.500000      0.02826984
  2.600000      0.02906403
  2.700000      0.03045081
  2.800000      0.03151654
  2.900000      0.03284973
  3.000000      0.03459764
  3.100000      0.03812944
  3.200000      0.04227329
  3.300000      0.04717206
  3.400000      0.05268861
  3.500000      0.05733729
  3.600000      0.05959295
  3.700000      0.05893300
  3.800000      0.05676963
  3.900000      0.05451465
  4.000000      0.05346578
  4.100000      0.05313091
  4.200000      0.05183289
  4.300000      0.04936751
  4.400000      0.04742029
  4.500000      0.04661575
  4.600000      0.04618736
  4.700000      0.04260989
  4.800000      0.03512107
  4.900000      0.02528804
  5.000000      0.01254694
  5.100000     -0.00104134
  5.200000     -0.01576416
  5.300000     -0.03167870
  5.400000     -0.04845133
  5.500000     -0.06480951
  5.600000     -0.08033886
  5.700000     -0.09444788
  5.800000     -0.10662779
  5.900000     -0.11739883
  6.000000     -0.12591183
  6.100000     -0.13106798
  6.200000     -0.13577515
  6.300000     -0.14058976
  6.400000     -0.14651950
  6.500000     -0.15442755
  6.600000     -0.16383688
  6.700000     -0.17419408
  6.800000     -0.18673150
  6.900000     -0.20117639
  7.000000     -0.21653786
  7.100000     -0.23340146
  7.200000     -0.25372590
  7.300000     -0.27803613
  7.400000     -0.30770785
  7.500000     -0.34156246
  7.600000     -0.37924612
  7.700000     -0.41985196
  7.800000     -0.46088887
  7.900000     -0.50145352
  8.000000     -0.53778280
  8.100000     -0.56935611
  8.200000     -0.59269874
  8.300000     -0.60679900
  8.400000     -0.61142732
  8.500000     -0.60596687
  8.600000     -0.59088942
  8.700000     -0.56513717
  8.800000     -0.52654268
  8.900000     -0.47284775
  9.000000     -0.40275227
  9.100000     -0.31582107
  9.200000     -0.21591734
  9.300000     -0.10071425
  9.400000      0.03082321
  9.500000      0.17142755
  9.600000      0.30419360
  9.700000      0.44276573
  9.800000      0.58196503
  9.900000      0.69795527
 10.000000      0.79025741
 10.100000      0.85868682
 10.200000      0.90792199
 10.300000      0.94892606
 10.400000      0.98145412
 10.500000      0.99874200
 10.600000      1.00000000
 10.700000      0.99315580
 10.800000      0.97481819
 10.900000      0.94140113
 11.000000      0.89951955
 11.100000      0.84483690
 11.200000      0.77684816
 11.300000      0.70187914
 11.400000      0.61773972
 11.500000      0.52870121
 11.600000      0.43922171
 11.700000      0.35052431
 11.800000      0.26063075
 11.900000      0.17276623
 12.000000      0.09576903
 12.100000      0.02510015
 12.200000     -0.03926850
 12.300000     -0.09569258
 12.400000     -0.13984111
 12.500000     -0.16967142
 12.600000     -0.18701405
 12.700000     -0.19587628
 12.800000     -0.19586588
 12.900000     -0.18923480
 13.000000     -0.17958834
 13.100000     -0.17139937
 13.200000     -0.16348989
 13.300000     -0.15768453
 13.400000     -0.15418148
 13.500000     -0.15350637
 13.600000     -0.15560692
 13.700000     -0.15490507
 13.800000     -0.15453286
 13.900000     -0.15650023
 14.000000     -0.15755736
 14.100000     -0.15345731
 14.200000     -0.14932523
 14.300000     -0.14278689
 14.400000     -0.13262962
 14.500000     -0.11803022
 14.600000     -0.10244984
 14.700000     -0.08911149
 14.800000     -0.07833558
 14.900000     -0.07051033
 15.000000     -0.06363787
 15.100000     -0.05447317
 15.200000     -0.04244328
 15.300000     -0.02857767
 15.400000     -0.01472317
 15.500000     -0.00350787
 15.600000      0.00589359
 15.700000      0.01688273
 15.800000      0.02655231
 15.900000      0.03164683
 16.000000      0.03194758
 16.100000      0.03068603
 16.200000      0.02566678
 16.300000      0.01660682
 16.400000      0.00646300
 16.500000     -0.00155081
 16.600000     -0.00526639
 16.700000     -0.00750611
 16.800000     -0.00730286
 16.900000     -0.00602549
 17.000000     -0.00237213
 17.100000      0.00174478
 17.200000      0.00406324
 17.300000      0.00521425
 17.400000      0.00478202
 17.500000      0.00251134
 17.600000      0.00054850
 17.700000     -0.00276701
 17.800000     -0.00771026
 17.900000     -0.01265842
 18.000000     -0.01495381
 18.100000     -0.01543045
 18.200000     -0.01419115
 18.300000     -0.01309248
 18.400000     -0.01265377
 18.500000     -0.01273200
 18.600000     -0.01465500
 18.700000     -0.01881580
 18.800000     -0.02415614
 18.900000     -0.02868228
 19.000000     -0.03201193
 19.100000     -0.03532310
 19.200000     -0.03915096
 19.300000     -0.04207113
 19.400000     -0.04387352
 19.500000     -0.04453599
 19.600000     -0.04441634
 19.700000     -0.04330275
 19.800000     -0.04321330
 19.900000     -0.04599508
 20.000000     -0.04996327
 20.100000     -0.05438136
 20.200000     -0.05749026
 20.300000     -0.05848861
 20.400000     -0.05897343
 20.500000     -0.05926085
 20.600000     -0.05963924
 20.700000     -0.05947280
 20.800000     -0.05879258
 20.900000     -0.05683474
 21.000000     -0.05257279
 21.100000     -0.04560471
 21.200000     -0.03887056
 21.300000     -0.03216975
 21.400000     -0.02642439
 21.500000     -0.02197547
 21.600000     -0.01759137
 21.700000     -0.01062361
 21.800000     -0.00227970
 21.900000      0.00542735
 22.000000      0.01059752
 22.100000      0.01432314
 22.200000      0.01816624
 22.300000      0.02383434
 22.400000      0.02941154
 22.500000      0.03327949
 22.600000      0.03491238
 22.700000      0.03334090
 22.800000      0.02875865
 22.900000      0.02150769
 23.000000      0.01265505
 23.100000      0.00284277
 23.200000     -0.00700832
 23.300000     -0.01611625
 23.400000     -0.02513061
 23.500000     -0.03323177
 23.600000     -0.04197363
 23.700000     -0.05159239
 23.800000     -0.06201718
 23.900000     -0.07307056
 24.000000     -0.08203548
 24.100000     -0.08783147
 24.200000     -0.08890135
 24.300000     -0.08603895
 24.400000     -0.07775346
 24.500000     -0.06712258
 24.600000     -0.05379168
 24.700000     -0.03840771
 24.800000     -0.02165530
 24.900000     -0.00547284
 25.000000      0.00897009
 25.100000      0.01996626
 25.200000      0.02742877
 25.300000      0.03053215
 25.400000      0.03010685
 25.500000      0.02787880
 25.600000      0.02504133
 25.700000      0.02260991
 25.800000      0.02034695
 25.900000      0.01852782
 26.000000      0.01616430
 26.100000      0.01409567
 26.200000      0.01208282
 26.300000      0.01093105
 26.400000      0.01214268
 26.500000      0.01225919
 26.600000      0.01180432
 26.700000      0.01065371
 26.800000      0.00916490
 26.900000      0.00763645
 27.000000      0.00537880
 27.100000      0.00203394
 27.200000     -0.00125481
 27.300000     -0.00471242
 27.400000     -0.00840820
 27.500000     -0.01092897
 27.600000     -0.01071820
 27.700000     -0.00811967
 27.800000     -0.00556442
 27.900000     -0.00600012
 28.000000     -0.00777439
 28.100000     -0.01085581
 28.200000     -0.01506754
 28.300000     -0.02099185
 28.400000     -0.02715501
 28.500000     -0.03329015
 28.600000     -0.03877857
 28.700000     -0.04411272
 28.800000     -0.04938032
 28.900000     -0.05289666
 29.000000     -0.05433395
 29.100000     -0.05413460
 29.200000     -0.05231656
 29.300000     -0.04880962
 29.400000     -0.04334505
 29.500000     -0.03536944
 29.600000     -0.02716469
 29.700000     -0.01953459
 29.800000     -0.01238104
 29.900000     -0.00588857
 30.000000     -0.00038987
 30.100000      0.00322546
 30.200000      0.00483669
 30.300000      0.00324872
 30.400000     -0.00243640
 30.500000     -0.00817076
 30.600000     -0.01332569
 30.700000     -0.01902753
 30.800000     -0.02534090
 30.900000     -0.03229404
 31.000000     -0.03881103
 31.100000     -0.04402186
 31.200000     -0.04990104
 31.300000     -0.05533009
 31.400000     -0.05966654
 31.500000     -0.06326952
 31.600000     -0.06677672
 31.700000     -0.06948069
 31.800000     -0.07088498
 31.900000     -0.07133879
 32.000000     -0.07052502
 32.100000     -0.06808753
 32.200000     -0.06453222
 32.300000     -0.06057659
 32.400000     -0.05592862
 32.500000     -0.05190714
 32.600000     -0.04957957
 32.700000     -0.04919461
 32.800000     -0.05077663
 32.900000     -0.05386515
 33.000000     -0.05780611
 33.100000     -0.06059821
 33.200000     -0.06242570
 33.300000     -0.06382977
 33.400000     -0.06435147
 33.500000     -0.06536210
 33.600000     -0.06632239
 33.700000     -0.06791859
 33.800000     -0.07007043
 33.900000     -0.07258213
 34.000000     -0.07513369
 34.100000     -0.07752189
 34.200000     -0.07796340
 34.300000     -0.07746975
 34.400000     -0.07648159
 34.500000     -0.07415976
 34.600000     -0.07097581
 34.700000     -0.06890330
 34.800000     -0.06706809
 34.900000     -0.06726914
 35.000000     -0.06914431
 35.100000     -0.07067120
 35.200000     -0.07272352
 35.300000     -0.07422905
 35.400000     -0.07572951
 35.500000     -0.07820363
 35.600000     -0.08160021
 35.700000     -0.08414713
 35.800000     -0.08773594
 35.900000     -0.09069298
 36.000000     -0.09357770
 36.100000     -0.09758944
 36.200000     -0.10263503
 36.300000     -0.10766454
 36.400000     -0.11415140
 36.500000     -0.11959392
 36.600000     -0.12437503
 36.700000     -0.12846174
 36.800000     -0.13149449
 36.900000     -0.13264195
 37.000000     -0.13371920
 37.100000     -0.13387801
 37.200000     -0.13336944
 37.300000     -0.13234928
 37.400000     -0.12929609
 37.500000     -0.12521283
 37.600000     -0.12021101
 37.700000     -0.11465875
 37.800000     -0.10950256
 37.900000     -0.10531634
 38.000000     -0.10164865
 38.100000     -0.09926462
 38.200000     -0.09671310
 38.300000     -0.09573330
 38.400000     -0.09513089
 38.500000     -0.09469986
 38.600000     -0.09541733
 38.700000     -0.09708882
 38.800000     -0.09810211
 38.900000     -0.09956952
 39.000000     -0.10017512
 39.100000     -0.09970292
 39.200000     -0.09914734
 39.300000     -0.09680595
 39.400000     -0.09441784
 39.500000     -0.09183024
 39.600000     -0.08844939
 39.700000     -0.08446162
 39.800000     -0.08248092
 39.900000     -0.07941018
