  0.000000      0.00889337
  0.100000      0.00791311
  0.200000      0.00753745
  0.300000      0.00781784
  0.400000      0.00828869
  0.500000      0.00911320
  0.600000      0.00931954
  0.700000      0.00833822
  0.800000      0.00675646
  0.900000      0.00693475
  1.000000      0.00821915
  1.100000      0.00856104
  1.200000      0.00863174
  1.300000      0.00805572
  1.400000      0.00711520
  1.500000      0.00552948
  1.600000      0.00527091
  1.700000      0.00462488
  1.800000      0.00276776
  1.900000      0.00067642
  2.000000     -0.00263746
  2.100000     -0.00780644
  2.200000     -0.01477049
  2.300000     -0.02241161
  2.400000     -0.03096466
  2.500000     -0.03987454
  2.600000     -0.04987198
  2.700000     -0.06121283
  2.800000     -0.07339767
  2.900000     -0.08670715
  3.000000     -0.10103831
  3.100000     -0.11436404
  3.200000     -0.12762365
  3.300000     -0.14282289
  3.400000     -0.15823898
  3.500000     -0.17503194
  3.600000     -0.19307630
  3.700000     -0.21186499
  3.800000     -0.23125304
  3.900000     -0.25092225
  4.000000     -0.27131817
  4.100000     -0.29177784
  4.200000     -0.31316066
  4.300000     -0.33453865
  4.400000     -0.35421947
  4.500000     -0.37398378
  4.600000     -0.39321854
  4.700000     -0.41074819
  4.800000     -0.42724672
  4.900000     -0.44190763
  5.000000     -0.45458736
  5.100000     -0.46330899
  5.200000     -0.47033916
  5.300000     -0.47492164
  5.400000     -0.47478303
  5.500000     -0.47247115
  5.600000     -0.46589055
  5.700000     -0.45407279
  5.800000     -0.43668868
  5.900000     -0.41534526
  6.000000     -0.38978223
  6.100000     -0.35848302
  6.200000     -0.32134905
  6.300000     -0.27716615
  6.400000     -0.22632172
  6.500000     -0.16946553
  6.600000     -0.10602949
  6.700000     -0.03677382
  6.800000      0.03833612
  6.900000      0.11728398
  7.000000      0.19772813
  7.100000      0.27961831
  7.200000      0.36160084
  7.300000      0.44237582
  7.400000      0.51981349
  7.500000      0.59414264
  7.600000      0.66287369
  7.700000      0.72601497
  7.800000      0.78269747
  7.900000      0.83202352
  8.000000      0.87622205
  8.100000      0.91356722
  8.200000      0.94181379
  8.300000      0.96526098
  8.400000      0.98269656
  8.500000      0.99433877
  8.600000      1.00000000
  8.700000      0.99890785
  8.800000      0.99010673
  8.900000      0.97391051
  9.000000      0.94925423
  9.100000      0.91905591
  9.200000      0.88012897
  9.300000      0.83469586
  9.400000      0.78237764
  9.500000      0.72495526
  9.600000      0.65970532
  9.700000      0.58623987
  9.800000      0.50887857
  9.900000      0.42715311
 10.000000      0.34472705
 10.100000      0.26169504
 10.200000      0.17925611
 10.300000      0.09987661
 10.400000      0.02467062
 10.500000     -0.04345852
 10.600000     -0.10614246
 10.700000     -0.16205418
 10.800000     -0.21048553
 10.900000     -0.25357313
 11.000000     -0.28973541
 11.100000     -0.32227598
 11.200000     -0.35144034
 11.300000     -0.37526060
 11.400000     -0.39574364
 11.500000     -0.41152724
 11.600000     -0.42107934
 11.700000     -0.42794823
 11.800000     -0.43034495
 11.900000     -0.42947014
 12.000000     -0.42536296
 12.100000     -0.41846196
 12.200000     -0.40890513
 12.300000     -0.39553087
 12.400000     -0.38268607
 12.500000     -0.36828595
 12.600000     -0.35265990
 12.700000     -0.33605036
 12.800000     -0.32058765
 12.900000     -0.30681535
 13.000000     -0.29033383
 13.100000     -0.27307123
 13.200000     -0.25481951
 13.300000     -0.23554273
 13.400000     -0.21710707
 13.500000     -0.19875074
 13.600000     -0.18167678
 13.700000     -0.16456350
 13.800000     -0.14720601
 13.900000     -0.12980152
 14.000000     -0.11206078
 14.100000     -0.09654885
 14.200000     -0.08120404
 14.300000     -0.06718737
 14.400000     -0.05151351
 14.500000     -0.03714380
 14.600000     -0.02630495
 14.700000     -0.01667382
 14.800000     -0.00651078
 14.900000      0.00241443
 15.000000      0.00996486
 15.100000      0.01434551
 15.200000      0.01776527
 15.300000      0.02045883
 15.400000      0.02318987
 15.500000      0.02560812
 15.600000      0.02566388
 15.700000      0.02542893
 15.800000      0.02409193
 15.900000      0.02161345
 16.000000      0.01930542
 16.100000      0.01524055
 16.200000      0.01117968
 16.300000      0.00682258
 16.400000      0.00315549
 16.500000     -0.00050069
 16.600000     -0.00446737
 16.700000     -0.00451884
 16.800000     -0.00483972
 16.900000     -0.00476013
 17.000000     -0.00352300
 17.100000     -0.00254805
 17.200000      0.00105930
 17.300000      0.00324354
 17.400000      0.00432904
 17.500000      0.00505221
 17.600000      0.00440590
 17.700000      0.00389770
 17.800000      0.00315832
 17.900000      0.00364364
 18.000000      0.00496990
 18.100000      0.00430586
 18.200000      0.00580844
 18.300000      0.00477360
 18.400000      0.00557498
 18.500000      0.00567137
 18.600000      0.00571460
 18.700000      0.00736975
 18.800000      0.00917949
 18.900000      0.00921890
 19.000000      0.01002598
 19.100000      0.00838384
 19.200000      0.00621106
 19.300000      0.00472023
 19.400000      0.00361713
 19.500000      0.00163654
 19.600000      0.00082437
 19.700000      0.00135632
 19.800000      0.00150820
 19.900000      0.00239525
 20.000000      0.00295008
 20.100000      0.00306184
 20.200000      0.00283546
 20.300000      0.00392190
 20.400000      0.00563690
 20.500000      0.00642759
 20.600000      0.00913316
 20.700000      0.01196165
 20.800000      0.01367675
 20.900000      0.01634867
 21.000000      0.01869768
 21.100000      0.02101846
 21.200000      0.02335255
 21.300000      0.02516405
 21.400000      0.02863817
 21.500000      0.03129437
 21.600000      0.03307781
 21.700000      0.03200991
 21.800000      0.02974282
 21.900000      0.02791378
 22.000000      0.02453886
 22.100000      0.02214817
 22.200000      0.01848875
 22.300000      0.01509830
 22.400000      0.01223241
 22.500000      0.00916077
 22.600000      0.00745529
 22.700000      0.00658529
 22.800000      0.00513683
 22.900000      0.00518365
 23.000000      0.00602538
 23.100000      0.00762633
 23.200000      0.00809916
 23.300000      0.00891521
 23.400000      0.00946280
 23.500000      0.00884978
 23.600000      0.00788985
 23.700000      0.00373915
 23.800000     -0.00032296
 23.900000     -0.00237609
 24.000000     -0.00554414
 24.100000     -0.00783554
 24.200000     -0.01219741
 24.300000     -0.01569091
 24.400000     -0.01785894
 24.500000     -0.01906624
 24.600000     -0.02024311
 24.700000     -0.02016817
 24.800000     -0.02025972
 24.900000     -0.02078483
 25.000000     -0.02064721
 25.100000     -0.01964398
 25.200000     -0.01915795
 25.300000     -0.01888370
 25.400000     -0.01843546
 25.500000     -0.01766260
 25.600000     -0.01817025
 25.700000     -0.01805615
 25.800000     -0.01790082
 25.900000     -0.01767473
 26.000000     -0.01911146
 26.100000     -0.02141583
 26.200000     -0.02299030
 26.300000     -0.02320836
 26.400000     -0.02320032
 26.500000     -0.02510087
 26.600000     -0.02587352
 26.700000     -0.02612033
 26.800000     -0.02756413
 26.900000     -0.02754002
 27.000000     -0.02832684
 27.100000     -0.02864219
 27.200000     -0.02837160
 27.300000     -0.02801416
 27.400000     -0.02782164
 27.500000     -0.02662087
 27.600000     -0.02544327
 27.700000     -0.02510338
 27.800000     -0.02650552
 27.900000     -0.02930126
 28.000000     -0.03111877
 28.100000     -0.03229723
 28.200000     -0.03306022
 28.300000     -0.03419086
 28.400000     -0.03448246
 28.500000     -0.03544108
 28.600000     -0.03835871
 28.700000     -0.04027300
 28.800000     -0.04180821
 28.900000     -0.04416025
 29.000000     -0.04591349
 29.100000     -0.04791235
 29.200000     -0.04951579
 29.300000     -0.05113475
 29.400000     -0.05335365
 29.500000     -0.05485632
 29.600000     -0.05466568
 29.700000     -0.05297793
 29.800000     -0.05239493
 29.900000     -0.05231506
 30.000000     -0.05125492
 30.100000     -0.04944274
 30.200000     -0.04853557
 30.300000     -0.04863215
 30.400000     -0.04773502
 30.500000     -0.04695637
 30.600000     -0.04680939
 30.700000     -0.04646093
 30.800000     -0.04544191
 30.900000     -0.04504328
 31.000000     -0.04493583
 31.100000     -0.04429948
 31.200000     -0.04300192
 31.300000     -0.04158640
 31.400000     -0.04066723
 31.500000     -0.04178398
 31.600000     -0.04309607
 31.700000     -0.04445377
 31.800000     -0.04548064
 31.900000     -0.04522585
 32.000000     -0.04517754
 32.100000     -0.04627888
 32.200000     -0.04782424
 32.300000     -0.05069075
 32.400000     -0.05289699
 32.500000     -0.05527093
 32.600000     -0.05684981
 32.700000     -0.05816089
 32.800000     -0.05855843
 32.900000     -0.05937423
 33.000000     -0.06024963
 33.100000     -0.06065387
 33.200000     -0.05944156
 33.300000     -0.05706960
 33.400000     -0.05455164
 33.500000     -0.05320927
 33.600000     -0.05193418
 33.700000     -0.04990865
 33.800000     -0.04818396
 33.900000     -0.04642535
 34.000000     -0.04509478
 34.100000     -0.04383442
 34.200000     -0.04220304
 34.300000     -0.04056057
 34.400000     -0.03905122
 34.500000     -0.03733438
 34.600000     -0.03604759
 34.700000     -0.03460337
 34.800000     -0.03302350
 34.900000     -0.03110583
 35.000000     -0.02933474
 35.100000     -0.02788108
 35.200000     -0.02743851
 35.300000     -0.02687647
 35.400000     -0.02684311
 35.500000     -0.02677361
 35.600000     -0.02650372
 35.700000     -0.02621943
 35.800000     -0.02757950
 35.900000     -0.02882554
 36.000000     -0.02988849
 36.100000     -0.03183662
 36.200000     -0.03557082
 36.300000     -0.03946657
 36.400000     -0.04164229
 36.500000     -0.04424417
 36.600000     -0.04725598
 36.700000     -0.04956038
 36.800000     -0.05103606
 36.900000     -0.05271561
 37.000000     -0.05535581
 37.100000     -0.05719830
 37.200000     -0.05882728
 37.300000     -0.06022257
 37.400000     -0.06094491
 37.500000     -0.06114385
 37.600000     -0.06126186
 37.700000     -0.06085009
 37.800000     -0.05966227
 37.900000     -0.05909296
 38.000000     -0.05832444
 38.100000     -0.05791956
 38.200000     -0.05750223
 38.300000     -0.05613409
 38.400000     -0.05406792
 38.500000     -0.05177014
 38.600000     -0.05091363
 38.700000     -0.05127491
 38.800000     -0.05150223
 38.900000     -0.05131243
 39.000000     -0.05084660
 39.100000     -0.05075334
 39.200000     -0.05094118
 39.300000     -0.05142041
 39.400000     -0.05088947
 39.500000     -0.04989043
 39.600000     -0.04934127
 39.700000     -0.04934593
 39.800000     -0.04928315
 39.900000     -0.04811436
