  0.000000     -0.03629141
  0.100000     -0.03649836
  0.200000     -0.03676096
  0.300000     -0.03709766
  0.400000     -0.03737096
  0.500000     -0.03751032
  0.600000     -0.03748282
  0.700000     -0.03729185
  0.800000     -0.03694396
  0.900000     -0.03636298
  1.000000     -0.03549786
  1.100000     -0.03441335
  1.200000     -0.03329914
  1.300000     -0.03223499
  1.400000     -0.03134710
  1.500000     -0.03090613
  1.600000     -0.03139773
  1.700000     -0.03196492
  1.800000     -0.03251260
  1.900000     -0.03321466
  2.000000     -0.03434022
  2.100000     -0.03543366
  2.200000     -0.03581264
  2.300000     -0.03595044
  2.400000     -0.03649985
  2.500000     -0.03660491
  2.600000     -0.03586655
  2.700000     -0.03490668
  2.800000     -0.03436970
  2.900000     -0.03410925
  3.000000     -0.03345983
  3.100000     -0.03228058
  3.200000     -0.03128368
  3.300000     -0.03023613
  3.400000     -0.02892085
  3.500000     -0.02758397
  3.600000     -0.02619617
  3.700000     -0.02494022
  3.800000     -0.02373459
  3.900000     -0.02225209
  4.000000     -0.02058352
  4.100000     -0.01874671
  4.200000     -0.01715277
  4.300000     -0.01547008
  4.400000     -0.01356886
  4.500000     -0.01215579
  4.600000     -0.01094859
  4.700000     -0.00955273
  4.800000     -0.00835584
  4.900000     -0.00748383
  5.000000     -0.00660834
  5.100000     -0.00546136
  5.200000     -0.00360421
  5.300000     -0.00173883
  5.400000      0.00010837
  5.500000      0.00178375
  5.600000      0.00347447
  5.700000      0.00553094
  5.800000      0.00754204
  5.900000      0.00931239
  6.000000      0.01052144
  6.100000      0.01134987
  6.200000      0.01244128
  6.300000      0.01320955
  6.400000      0.01394380
  6.500000      0.01481402
  6.600000      0.01597805
  6.700000      0.01810523
  6.800000      0.02017172
  6.900000      0.02208901
  7.000000      0.02413778
  7.100000      0.02591074
  7.200000      0.02727281
  7.300000      0.02819856
  7.400000      0.02948147
  7.500000      0.03084755
  7.600000      0.03158694
  7.700000      0.03175076
  7.800000      0.03189778
  7.900000      0.03217512
  8.000000      0.03264513
  8.100000      0.03276253
  8.200000      0.03331044
  8.300000      0.03437693
  8.400000      0.03501557
  8.500000      0.03570117
  8.600000      0.03675603
  8.700000      0.03762894
  8.800000      0.03894463
  8.900000      0.04088407
  9.000000      0.04273715
  9.100000      0.04465061
  9.200000      0.04651147
  9.300000      0.04843263
  9.400000      0.05023080
  9.500000      0.05201015
  9.600000      0.05413612
  9.700000      0.05633707
  9.800000      0.05865475
  9.900000      0.06112375
 10.000000      0.06274685
 10.100000      0.06411668
 10.200000      0.06637896
 10.300000      0.06828320
 10.400000      0.06957360
 10.500000      0.07149600
 10.600000      0.07418857
 10.700000      0.07780543
 10.800000      0.08260028
 10.900000      0.08838123
 11.000000      0.09458230
 11.100000      0.09984148
 11.200000      0.10832132
 11.300000      0.11780395
 11.400000      0.12641245
 11.500000      0.13387340
 11.600000      0.14111743
 11.700000      0.14992559
 11.800000      0.15789726
 11.900000      0.16541623
 12.000000      0.17241233
 12.100000      0.17955607
 12.200000      0.18618323
 12.300000      0.19221890
 12.400000      0.19745367
 12.500000      0.20219377
 12.600000      0.20624050
 12.700000      0.21003511
 12.800000      0.21346070
 12.900000      0.21612257
 13.000000      0.21836996
 13.100000      0.21910929
 13.200000      0.21849925
 13.300000      0.21778573
 13.400000      0.21718400
 13.500000      0.21529367
 13.600000      0.21305908
 13.700000      0.21063350
 13.800000      0.20751970
 13.900000      0.20450069
 14.000000      0.20071013
 14.100000      0.19679158
 14.200000      0.19212895
 14.300000      0.18883172
 14.400000      0.18692653
 14.500000      0.18437197
 14.600000      0.18153897
 14.700000      0.17975357
 14.800000      0.17996092
 14.900000      0.18261031
 15.000000      0.18606861
 15.100000      0.18939530
 15.200000      0.19382165
 15.300000      0.20051443
 15.400000      0.20947952
 15.500000      0.21946915
 15.600000      0.22887924
 15.700000      0.23880371
 15.800000      0.25107117
 15.900000      0.26507841
 16.000000      0.28003328
 16.100000      0.29482376
 16.200000      0.30954750
 16.300000      0.32492169
 16.400000      0.34267624
 16.500000      0.36137205
 16.600000      0.37967755
 16.700000      0.39820684
 16.800000      0.41741096
 16.900000      0.43785443
 17.000000      0.45942769
 17.100000      0.48183725
 17.200000      0.50461826
 17.300000      0.52746279
 17.400000      0.55007915
 17.500000      0.57455743
 17.600000      0.60224791
 17.700000      0.63118457
 17.800000      0.66141868
 17.900000      0.69098269
 18.000000      0.72096019
 18.100000      0.75219352
 18.200000      0.78192477
 18.300000      0.80911420
 18.400000      0.83387213
 18.500000      0.85661610
 18.600000      0.87884748
 18.700000      0.89986603
 18.800000      0.91966931
 18.900000      0.93570018
 19.000000      0.94942789
 19.100000      0.96249867
 19.200000      0.97402625
 19.300000      0.98215263
 19.400000      0.98699537
 19.500000      0.98967661
 19.600000      0.99259634
 19.700000      0.99461314
 19.800000      0.99579848
 19.900000      0.99681243
 20.000000      0.99757839
 20.100000      0.99922572
 20.200000      1.00000000
 20.300000      0.99983506
 20.400000      0.99676448
 20.500000      0.99112054
 20.600000      0.98374298
 20.700000      0.97486873
 20.800000      0.96511856
 20.900000      0.95397281
 21.000000      0.94127933
 21.100000      0.92836759
 21.200000      0.91536427
 21.300000      0.90123496
 21.400000      0.88613117
 21.500000      0.86926395
 21.600000      0.85165154
 21.700000      0.83356724
 21.800000      0.81406051
 21.900000      0.79283379
 22.000000      0.77166434
 22.100000      0.75075397
 22.200000      0.72950555
 22.300000      0.70714796
 22.400000      0.68325375
 22.500000      0.65825153
 22.600000      0.63360783
 22.700000      0.60916369
 22.800000      0.58466429
 22.900000      0.55940577
 23.000000      0.53406015
 23.100000      0.50786700
 23.200000      0.48092391
 23.300000      0.45269874
 23.400000      0.42410810
 23.500000      0.39419838
 23.600000      0.36382044
 23.700000      0.33498622
 23.800000      0.30760118
 23.900000      0.28148243
 24.000000      0.25654441
 24.100000      0.23047153
 24.200000      0.20390549
 24.300000      0.17691449
 24.400000      0.15002173
 24.500000      0.12411515
 24.600000      0.09908962
 24.700000      0.07604882
 24.800000      0.05418034
 24.900000      0.03304746
 25.000000      0.01257155
 25.100000     -0.00621876
 25.200000     -0.02352470
 25.300000     -0.04030395
 25.400000     -0.05622677
 25.500000     -0.07261277
 25.600000     -0.08895056
 25.700000     -0.10630852
 25.800000     -0.12296503
 25.900000     -0.13951185
 26.000000     -0.15530475
 26.100000     -0.17138386
 26.200000     -0.18699360
 26.300000     -0.20512074
 26.400000     -0.22463288
 26.500000     -0.24556206
 26.600000     -0.26684207
 26.700000     -0.28689004
 26.800000     -0.30536277
 26.900000     -0.32140949
 27.000000     -0.33565068
 27.100000     -0.34774349
 27.200000     -0.35766119
 27.300000     -0.36636752
 27.400000     -0.37466370
 27.500000     -0.38251927
 27.600000     -0.38943639
 27.700000     -0.39538230
 27.800000     -0.39997489
 27.900000     -0.40408396
 28.000000     -0.40846356
 28.100000     -0.41229278
 28.200000     -0.41538549
 28.300000     -0.41731272
 28.400000     -0.41844293
 28.500000     -0.41937355
 28.600000     -0.41997445
 28.700000     -0.41990762
 28.800000     -0.41869209
 28.900000     -0.41628269
 29.000000     -0.41316316
 29.100000     -0.40932789
 29.200000     -0.40468940
 29.300000     -0.39891689
 29.400000     -0.39229089
 29.500000     -0.38516320
 29.600000     -0.37788888
 29.700000     -0.37145728
 29.800000     -0.36625677
 29.900000     -0.36212602
 30.000000     -0.35909156
 30.100000     -0.35728373
 30.200000     -0.35754041
 30.300000     -0.35861689
 30.400000     -0.35806156
 30.500000     -0.35579629
 30.600000     -0.35389750
 30.700000     -0.35343005
 30.800000     -0.35380942
 30.900000     -0.35455248
 31.000000     -0.35618992
 31.100000     -0.35922837
 31.200000     -0.36366318
 31.300000     -0.36813994
 31.400000     -0.37109022
 31.500000     -0.37254499
 31.600000     -0.37423572
 31.700000     -0.37696611
 31.800000     -0.38013200
 31.900000     -0.38310018
 32.000000     -0.38549008
 32.100000     -0.38784583
 32.200000     -0.38994376
 32.300000     -0.39080367
 32.400000     -0.39091209
 32.500000     -0.39101912
 32.600000     -0.39086419
 32.700000     -0.38999177
 32.800000     -0.38838404
 32.900000     -0.38581915
 33.000000     -0.38310802
 33.100000     -0.38050613
 33.200000     -0.37778554
 33.300000     -0.37552003
 33.400000     -0.37366521
 33.500000     -0.37139302
 33.600000     -0.36877089
 33.700000     -0.36666430
 33.800000     -0.36478793
 33.900000     -0.36329694
 34.000000     -0.36180660
 34.100000     -0.36068167
 34.200000     -0.35991921
 34.300000     -0.35883512
 34.400000     -0.35747204
 34.500000     -0.35602851
 34.600000     -0.35408849
 34.700000     -0.35158828
 34.800000     -0.34950805
 34.900000     -0.34736327
 35.000000     -0.34450524
 35.100000     -0.34136274
 35.200000     -0.33830513
 35.300000     -0.33489924
 35.400000     -0.33087468
 35.500000     -0.32687901
 35.600000     -0.32274196
 35.700000     -0.31878116
 35.800000     -0.31532913
 35.900000     -0.31178631
 36.000000     -0.30809066
 36.100000     -0.30419071
 36.200000     -0.29996127
 36.300000     -0.29566003
 36.400000     -0.29138831
 36.500000     -0.28713978
 36.600000     -0.28260312
 36.700000     -0.27776301
 36.800000     -0.27323561
 36.900000     -0.26856141
 37.000000     -0.26349652
 37.100000     -0.25902576
 37.200000     -0.25587601
 37.300000     -0.25274986
 37.400000     -0.24927134
 37.500000     -0.24576729
 37.600000     -0.24215597
 37.700000     -0.23844929
 37.800000     -0.23493411
 37.900000     -0.23133806
 38.000000     -0.22773948
 38.100000     -0.22442156
 38.200000     -0.22095996
 38.300000     -0.21692693
 38.400000     -0.21309505
 38.500000     -0.20967304
 38.600000     -0.20761134
 38.700000     -0.20697995
 38.800000     -0.20653777
 38.900000     -0.20629986
 39.000000     -0.20634409
 39.100000     -0.20661392
 39.200000     -0.20706349
 39.300000     -0.20758565
 39.400000     -0.20810770
 39.500000     -0.20852008
 39.600000     -0.20874685
 39.700000     -0.20881182
 39.800000     -0.20880170
 39.900000     -0.20872986
