  0.000000      0.01064041
  0.100000      0.01115504
  0.200000      0.01210639
  0.300000      0.01315978
  0.400000      0.01426120
  0.500000      0.01533158
  0.600000      0.01630985
  0.700000      0.01709420
  0.800000      0.01812668
  0.900000      0.01882819
  1.000000      0.01950972
  1.100000      0.01981204
  1.200000      0.01981689
  1.300000      0.01995159
  1.400000      0.02036697
  1.500000      0.02066306
  1.600000      0.02035746
  1.700000      0.01988415
  1.800000      0.01923983
  1.900000      0.01863430
  2.000000      0.01764116
  2.100000      0.01643322
  2.200000      0.01507947
  2.300000      0.01390314
  2.400000      0.01275476
  2.500000      0.01155102
  2.600000      0.01023396
  2.700000      0.00904810
  2.800000      0.00823894
  2.900000      0.00707595
  3.000000      0.00574584
  3.100000      0.00413698
  3.200000      0.00256687
  3.300000      0.00148319
  3.400000      0.00071154
  3.500000      0.00049466
  3.600000      0.00003194
  3.700000     -0.00080303
  3.800000     -0.00146478
  3.900000     -0.00190752
  4.000000     -0.00230061
  4.100000     -0.00239923
  4.200000     -0.00248036
  4.300000     -0.00223264
  4.400000     -0.00158594
  4.500000     -0.00102777
  4.600000     -0.00060197
  4.700000      0.00064593
  4.800000      0.00249809
  4.900000      0.00359385
  5.000000      0.00441264
  5.100000      0.00554150
  5.200000      0.00708621
  5.300000      0.00857528
  5.400000      0.00950763
  5.500000      0.01056786
  5.600000      0.01172688
  5.700000      0.01361103
  5.800000      0.01522732
  5.900000      0.01676089
  6.000000      0.01874201
  6.100000      0.02057616
  6.200000      0.02264466
  6.300000      0.02440723
  6.400000      0.02631941
  6.500000      0.02910708
  6.600000      0.03189856
  6.700000      0.03395127
  6.800000      0.03528997
  6.900000      0.03608177
  7.000000      0.03726610
  7.100000      0.03805165
  7.200000      0.03794772
  7.300000      0.03745231
  7.400000      0.03716603
  7.500000      0.03735474
  7.600000      0.03708467
  7.700000      0.03686056
  7.800000      0.03712282
  7.900000      0.03695453
  8.000000      0.03666566
  8.100000      0.03568649
  8.200000      0.03422810
  8.300000      0.03265538
  8.400000      0.03105187
  8.500000      0.02920364
  8.600000      0.02644189
  8.700000      0.02279376
  8.800000      0.01870902
  8.900000      0.01473566
  9.000000      0.01037659
  9.100000      0.00515125
  9.200000     -0.00149252
  9.300000     -0.00765221
  9.400000     -0.01362946
  9.500000     -0.02054131
  9.600000     -0.02725727
  9.700000     -0.03346386
  9.800000     -0.03854726
  9.900000     -0.04289654
 10.000000     -0.04696061
 10.100000     -0.04967956
 10.200000     -0.05099539
 10.300000     -0.05180363
 10.400000     -0.05202180
 10.500000     -0.05158817
 10.600000     -0.05057828
 10.700000     -0.04885391
 10.800000     -0.04480975
 10.900000     -0.03930167
 11.000000     -0.03110384
 11.100000     -0.01976606
 11.200000     -0.00462457
 11.300000      0.01566093
 11.400000      0.04000143
 11.500000      0.06927091
 11.600000      0.10382982
 11.700000      0.14372394
 11.800000      0.18834482
 11.900000      0.23648512
 12.000000      0.28655849
 12.100000      0.33933417
 12.200000      0.39350399
 12.300000      0.45009953
 12.400000      0.50805824
 12.500000      0.56574388
 12.600000      0.62167483
 12.700000      0.67530994
 12.800000      0.72650599
 12.900000      0.77413635
 13.000000      0.81730975
 13.100000      0.85576832
 13.200000      0.89079972
 13.300000      0.92132087
 13.400000      0.94739676
 13.500000      0.96901338
 13.600000      0.98525143
 13.700000      0.99620739
 13.800000      1.00000000
 13.900000      0.99599653
 14.000000      0.98342686
 14.100000      0.96135382
 14.200000      0.92951248
 14.300000      0.88685849
 14.400000      0.83291901
 14.500000      0.76801405
 14.600000      0.69196178
 14.700000      0.60577292
 14.800000      0.51370265
 14.900000      0.41657130
 15.000000      0.31697031
 15.100000      0.21775113
 15.200000      0.12078601
 15.300000      0.02877896
 15.400000     -0.05785666
 15.500000     -0.13822942
 15.600000     -0.21138154
 15.700000     -0.27601872
 15.800000     -0.33209553
 15.900000     -0.37979990
 16.000000     -0.41908041
 16.100000     -0.45052542
 16.200000     -0.47538480
 16.300000     -0.49407575
 16.400000     -0.50724998
 16.500000     -0.51616658
 16.600000     -0.52039663
 16.700000     -0.52029751
 16.800000     -0.51640008
 16.900000     -0.51028888
 17.000000     -0.50194598
 17.100000     -0.49113075
 17.200000     -0.47802287
 17.300000     -0.46383773
 17.400000     -0.44829071
 17.500000     -0.43135004
 17.600000     -0.41383572
 17.700000     -0.39541377
 17.800000     -0.37694451
 17.900000     -0.35868236
 18.000000     -0.34059166
 18.100000     -0.32277650
 18.200000     -0.30603045
 18.300000     -0.29005879
 18.400000     -0.27525544
 18.500000     -0.26112303
 18.600000     -0.24710669
 18.700000     -0.23323304
 18.800000     -0.21967523
 18.900000     -0.20621947
 19.000000     -0.19295823
 19.100000     -0.18140564
 19.200000     -0.17165480
 19.300000     -0.16366297
 19.400000     -0.15706390
 19.500000     -0.15130871
 19.600000     -0.14678046
 19.700000     -0.14255434
 19.800000     -0.13904516
 19.900000     -0.13654416
 20.000000     -0.13481584
 20.100000     -0.13396869
 20.200000     -0.13388522
 20.300000     -0.13346818
 20.400000     -0.13236831
 20.500000     -0.13194793
 20.600000     -0.13138193
 20.700000     -0.13154273
 20.800000     -0.13135105
 20.900000     -0.13044453
 21.000000     -0.12958013
 21.100000     -0.12925256
 21.200000     -0.13018122
 21.300000     -0.13164646
 21.400000     -0.13338102
 21.500000     -0.13512498
 21.600000     -0.13719328
 21.700000     -0.13966935
 21.800000     -0.14177691
 21.900000     -0.14414707
 22.000000     -0.14626720
 22.100000     -0.14870402
 22.200000     -0.15030406
 22.300000     -0.15130978
 22.400000     -0.15274091
 22.500000     -0.15390276
 22.600000     -0.15463749
 22.700000     -0.15447735
 22.800000     -0.15404044
 22.900000     -0.15355212
 23.000000     -0.15269668
 23.100000     -0.15167225
 23.200000     -0.14999534
 23.300000     -0.14782184
 23.400000     -0.14596220
 23.500000     -0.14427280
 23.600000     -0.14253086
 23.700000     -0.14026952
 23.800000     -0.13792926
 23.900000     -0.13503073
 24.000000     -0.13143858
 24.100000     -0.12803460
 24.200000     -0.12501231
 24.300000     -0.12223486
 24.400000     -0.11902350
 24.500000     -0.11565329
 24.600000     -0.11248329
 24.700000     -0.10969253
 24.800000     -0.10645969
 24.900000     -0.10256006
 25.000000     -0.09864033
 25.100000     -0.09567477
 25.200000     -0.09311569
 25.300000     -0.09033246
 25.400000     -0.08774050
 25.500000     -0.08515598
 25.600000     -0.08272890
 25.700000     -0.08053701
 25.800000     -0.07811623
 25.900000     -0.07556988
 26.000000     -0.07292089
 26.100000     -0.07055386
 26.200000     -0.06846156
 26.300000     -0.06678121
 26.400000     -0.06569475
 26.500000     -0.06487310
 26.600000     -0.06394921
 26.700000     -0.06349200
 26.800000     -0.06360678
 26.900000     -0.06378529
 27.000000     -0.06427235
 27.100000     -0.06469356
 27.200000     -0.06453011
 27.300000     -0.06497886
 27.400000     -0.06554847
 27.500000     -0.06528647
 27.600000     -0.06473581
 27.700000     -0.06398362
 27.800000     -0.06356521
 27.900000     -0.06377074
 28.000000     -0.06379720
 28.100000     -0.06346895
 28.200000     -0.06271241
 28.300000     -0.06180968
 28.400000     -0.06103338
 28.500000     -0.06035235
 28.600000     -0.06000770
 28.700000     -0.05969541
 28.800000     -0.05932749
 28.900000     -0.05885375
 29.000000     -0.05878851
 29.100000     -0.05924103
 29.200000     -0.05905931
 29.300000     -0.05895095
 29.400000     -0.05921831
 29.500000     -0.05933618
 29.600000     -0.05984714
 29.700000     -0.06005258
 29.800000     -0.05982947
 29.900000     -0.06039347
 30.000000     -0.06104602
 30.100000     -0.06104171
 30.200000     -0.06074438
 30.300000     -0.06055189
 30.400000     -0.06033082
 30.500000     -0.06037369
 30.600000     -0.06067547
 30.700000     -0.06131739
 30.800000     -0.06232147
 30.900000     -0.06367326
 31.000000     -0.06487428
 31.100000     -0.06619247
 31.200000     -0.06767286
 31.300000     -0.06877159
 31.400000     -0.06909805
 31.500000     -0.06830462
 31.600000     -0.06661906
 31.700000     -0.06406230
 31.800000     -0.06103552
 31.900000     -0.05777941
 32.000000     -0.05427774
 32.100000     -0.05045343
 32.200000     -0.04626818
 32.300000     -0.04188836
 32.400000     -0.03872844
 32.500000     -0.03660515
 32.600000     -0.03492279
 32.700000     -0.03314623
 32.800000     -0.03158582
 32.900000     -0.03038728
 33.000000     -0.02965775
 33.100000     -0.02931553
 33.200000     -0.02864479
 33.300000     -0.02753214
 33.400000     -0.02607317
 33.500000     -0.02478111
 33.600000     -0.02358521
 33.700000     -0.02244473
 33.800000     -0.02124916
 33.900000     -0.02088834
 34.000000     -0.02069996
 34.100000     -0.02075704
 34.200000     -0.02135354
 34.300000     -0.02158775
 34.400000     -0.02090110
 34.500000     -0.02035694
 34.600000     -0.02001885
 34.700000     -0.01874246
 34.800000     -0.01692244
 34.900000     -0.01547239
 35.000000     -0.01391004
 35.100000     -0.01269383
 35.200000     -0.01215457
 35.300000     -0.01139306
 35.400000     -0.00998274
 35.500000     -0.00888940
 35.600000     -0.00857589
 35.700000     -0.00845913
 35.800000     -0.00777151
 35.900000     -0.00679543
 36.000000     -0.00574561
 36.100000     -0.00519386
 36.200000     -0.00517496
 36.300000     -0.00550245
 36.400000     -0.00584294
 36.500000     -0.00630946
 36.600000     -0.00620289
 36.700000     -0.00609722
 36.800000     -0.00610897
 36.900000     -0.00552230
 37.000000     -0.00454186
 37.100000     -0.00362446
 37.200000     -0.00277657
 37.300000     -0.00153162
 37.400000     -0.00028816
 37.500000      0.00125820
 37.600000      0.00246735
 37.700000      0.00357931
 37.800000      0.00501138
 37.900000      0.00648324
 38.000000      0.00779701
 38.100000      0.00849166
 38.200000      0.00851568
 38.300000      0.00859417
 38.400000      0.00859538
 38.500000      0.00873708
 38.600000      0.00886538
 38.700000      0.00868495
 38.800000      0.00850190
 38.900000      0.00886192
 39.000000      0.00939456
 39.100000      0.00996680
 39.200000      0.01067378
 39.300000      0.01122580
 39.400000      0.01169313
 39.500000      0.01199060
 39.600000      0.01191253
 39.700000      0.01147651
 39.800000      0.01096722
 39.900000      0.01052715
