  0.000000     -0.01803235
  0.100000     -0.01880241
  0.200000     -0.01901181
  0.300000     -0.01932426
  0.400000     -0.01975259
  0.500000     -0.02042444
  0.600000     -0.02089999
  0.700000     -0.02133451
  0.800000     -0.02163912
  0.900000     -0.02278251
  1.000000     -0.02426558
  1.100000     -0.02437067
  1.200000     -0.02454806
  1.300000     -0.02475044
  1.400000     -0.02525202
  1.500000     -0.02536891
  1.600000     -0.02630876
  1.700000     -0.02685939
  1.800000     -0.02754473
  1.900000     -0.02802004
  2.000000     -0.02853168
  2.100000     -0.02957595
  2.200000     -0.03101886
  2.300000     -0.03173858
  2.400000     -0.03231471
  2.500000     -0.03352135
  2.600000     -0.03608171
  2.700000     -0.03788252
  2.800000     -0.04024505
  2.900000     -0.04112669
  3.000000     -0.04242943
  3.100000     -0.04378105
  3.200000     -0.04519482
  3.300000     -0.04675482
  3.400000     -0.04884792
  3.500000     -0.05039683
  3.600000     -0.05173719
  3.700000     -0.05353164
  3.800000     -0.05524943
  3.900000     -0.05650661
  4.000000     -0.05877804
  4.100000     -0.05964139
  4.200000     -0.06142579
  4.300000     -0.06244879
  4.400000     -0.06303127
  4.500000     -0.06464862
  4.600000     -0.06527243
  4.700000     -0.06626260
  4.800000     -0.06666570
  4.900000     -0.06955965
  5.000000     -0.07087091
  5.100000     -0.07190292
  5.200000     -0.07355370
  5.300000     -0.07472314
  5.400000     -0.07576395
  5.500000     -0.07618075
  5.600000     -0.07646797
  5.700000     -0.07722715
  5.800000     -0.07855339
  5.900000     -0.07927368
  6.000000     -0.08019296
  6.100000     -0.08094056
  6.200000     -0.08180307
  6.300000     -0.08231744
  6.400000     -0.08378786
  6.500000     -0.08491441
  6.600000     -0.08547805
  6.700000     -0.08624372
  6.800000     -0.08640071
  6.900000     -0.08698056
  7.000000     -0.08711015
  7.100000     -0.08704966
  7.200000     -0.08714230
  7.300000     -0.08752999
  7.400000     -0.08754470
  7.500000     -0.08872665
  7.600000     -0.08943656
  7.700000     -0.08998271
  7.800000     -0.08999223
  7.900000     -0.09095883
  8.000000     -0.09121604
  8.100000     -0.09160912
  8.200000     -0.09296252
  8.300000     -0.09323013
  8.400000     -0.09338933
  8.500000     -0.09343022
  8.600000     -0.09436497
  8.700000     -0.09473429
  8.800000     -0.09503791
  8.900000     -0.09537924
  9.000000     -0.09580073
  9.100000     -0.09622417
  9.200000     -0.09668469
  9.300000     -0.09714675
  9.400000     -0.09765450
  9.500000     -0.09806122
  9.600000     -0.09877305
  9.700000     -0.09950310
  9.800000     -0.10015572
  9.900000     -0.10097751
 10.000000     -0.10176910
 10.100000     -0.10317771
 10.200000     -0.10371260
 10.300000     -0.10416271
 10.400000     -0.10474523
 10.500000     -0.10528031
 10.600000     -0.10575472
 10.700000     -0.10615435
 10.800000     -0.10689084
 10.900000     -0.10774339
 11.000000     -0.10784818
 11.100000     -0.10782503
 11.200000     -0.10766141
 11.300000     -0.10734778
 11.400000     -0.10687356
 11.500000     -0.10622944
 11.600000     -0.10540607
 11.700000     -0.10463053
 11.800000     -0.10344061
 11.900000     -0.10223221
 12.000000     -0.10059418
 12.100000     -0.09872624
 12.200000     -0.09661413
 12.300000     -0.09424673
 12.400000     -0.09161225
 12.500000     -0.08869859
 12.600000     -0.08549495
 12.700000     -0.08198794
 12.800000     -0.07816745
 12.900000     -0.07402107
 13.000000     -0.06953798
 13.100000     -0.06470531
 13.200000     -0.05950897
 13.300000     -0.05393496
 13.400000     -0.04796989
 13.500000     -0.04159995
 13.600000     -0.03481531
 13.700000     -0.02760302
 13.800000     -0.01995266
 13.900000     -0.01185517
 14.000000     -0.00330392
 14.100000      0.00570697
 14.200000      0.01518200
 14.300000      0.02512486
 14.400000      0.03553497
 14.500000      0.04641349
 14.600000      0.05776257
 14.700000      0.06958226
 14.800000      0.08186994
 14.900000      0.09462408
 15.000000      0.10784149
 15.100000      0.12151669
 15.200000      0.13564394
 15.300000      0.15021334
 15.400000      0.16521531
 15.500000      0.18063630
 15.600000      0.19646181
 15.700000      0.21267612
 15.800000      0.22925597
 15.900000      0.24618088
 16.000000      0.26342768
 16.100000      0.28097115
 16.200000      0.29878640
 16.300000      0.31684648
 16.400000      0.33512379
 16.500000      0.35359074
 16.600000      0.37222231
 16.700000      0.39099247
 16.800000      0.40987615
 16.900000      0.42884917
 17.000000      0.44789062
 17.100000      0.46697862
 17.200000      0.48609256
 17.300000      0.50521255
 17.400000      0.52431894
 17.500000      0.54339221
 17.600000      0.56241287
 17.700000      0.58136099
 17.800000      0.60021638
 17.900000      0.61895636
 18.000000      0.63755933
 18.100000      0.65600169
 18.200000      0.67425646
 18.300000      0.69229684
 18.400000      0.71009435
 18.500000      0.72761852
 18.600000      0.74483932
 18.700000      0.76172386
 18.800000      0.77824324
 18.900000      0.79436862
 19.000000      0.81006800
 19.100000      0.82531174
 19.200000      0.84007048
 19.300000      0.85431832
 19.400000      0.86803015
 19.500000      0.88117660
 19.600000      0.89373674
 19.700000      0.90568806
 19.800000      0.91701083
 19.900000      0.92768099
 20.000000      0.93768261
 20.100000      0.94699715
 20.200000      0.95560490
 20.300000      0.96349351
 20.400000      0.97064774
 20.500000      0.97705137
 20.600000      0.98269267
 20.700000      0.98755900
 20.800000      0.99164632
 20.900000      0.99494259
 21.000000      0.99743521
 21.100000      0.99911668
 21.200000      0.99997357
 21.300000      1.00000000
 21.400000      0.99919174
 21.500000      0.99754354
 21.600000      0.99505516
 21.700000      0.99171981
 21.800000      0.98753950
 21.900000      0.98251520
 22.000000      0.97664963
 22.100000      0.96994956
 22.200000      0.96241655
 22.300000      0.95405698
 22.400000      0.94487893
 22.500000      0.93489076
 22.600000      0.92410295
 22.700000      0.91252288
 22.800000      0.90016113
 22.900000      0.88702987
 23.000000      0.87314408
 23.100000      0.85851949
 23.200000      0.84317109
 23.300000      0.82711355
 23.400000      0.81036552
 23.500000      0.79294625
 23.600000      0.77487608
 23.700000      0.75617749
 23.800000      0.73687234
 23.900000      0.71697999
 24.000000      0.69652490
 24.100000      0.67552929
 24.200000      0.65401555
 24.300000      0.63200955
 24.400000      0.60953897
 24.500000      0.58662977
 24.600000      0.56331271
 24.700000      0.53961776
 24.800000      0.51557957
 24.900000      0.49123067
 25.000000      0.46660751
 25.100000      0.44174617
 25.200000      0.41668344
 25.300000      0.39145630
 25.400000      0.36610215
 25.500000      0.34065798
 25.600000      0.31516272
 25.700000      0.28965389
 25.800000      0.26416792
 25.900000      0.23874193
 26.000000      0.21341288
 26.100000      0.18821642
 26.200000      0.16318968
 26.300000      0.13836654
 26.400000      0.11378086
 26.500000      0.08946315
 26.600000      0.06544462
 26.700000      0.04175504
 26.800000      0.01842140
 26.900000     -0.00452748
 27.000000     -0.02706675
 27.100000     -0.04917188
 27.200000     -0.07081913
 27.300000     -0.09198580
 27.400000     -0.11265245
 27.500000     -0.13279528
 27.600000     -0.15239415
 27.700000     -0.17143184
 27.800000     -0.18989235
 27.900000     -0.20775871
 28.000000     -0.22501734
 28.100000     -0.24165899
 28.200000     -0.25767696
 28.300000     -0.27306157
 28.400000     -0.28780763
 28.500000     -0.30190837
 28.600000     -0.31536178
 28.700000     -0.32816710
 28.800000     -0.34032361
 28.900000     -0.35183212
 29.000000     -0.36269294
 29.100000     -0.37291198
 29.200000     -0.38249539
 29.300000     -0.39145302
 29.400000     -0.39979488
 29.500000     -0.40752848
 29.600000     -0.41467272
 29.700000     -0.42124536
 29.800000     -0.42726636
 29.900000     -0.43275266
 30.000000     -0.43772803
 30.100000     -0.44221398
 30.200000     -0.44622961
 30.300000     -0.44979708
 30.400000     -0.45293856
 30.500000     -0.45567029
 30.600000     -0.45801128
 30.700000     -0.45998120
 30.800000     -0.46160109
 30.900000     -0.46288957
 31.000000     -0.46386364
 31.100000     -0.46454187
 31.200000     -0.46493871
 31.300000     -0.46507417
 31.400000     -0.46496584
 31.500000     -0.46463139
 31.600000     -0.46408977
 31.700000     -0.46335646
 31.800000     -0.46244593
 31.900000     -0.46137797
 32.000000     -0.46016765
 32.100000     -0.45882784
 32.200000     -0.45737282
 32.300000     -0.45581857
 32.400000     -0.45417946
 32.500000     -0.45247002
 32.600000     -0.45070764
 32.700000     -0.44890368
 32.800000     -0.44707453
 32.900000     -0.44523383
 33.000000     -0.44339814
 33.100000     -0.44157873
 33.200000     -0.43978421
 33.300000     -0.43802961
 33.400000     -0.43632322
 33.500000     -0.43467491
 33.600000     -0.43309207
 33.700000     -0.43157682
 33.800000     -0.43013388
 33.900000     -0.42878109
 34.000000     -0.42752160
 34.100000     -0.42635957
 34.200000     -0.42529714
 34.300000     -0.42433465
 34.400000     -0.42347376
 34.500000     -0.42271529
 34.600000     -0.42205729
 34.700000     -0.42149659
 34.800000     -0.42105580
 34.900000     -0.42071568
 35.000000     -0.42045968
 35.100000     -0.42028602
 35.200000     -0.42018481
 35.300000     -0.42015430
 35.400000     -0.42018501
 35.500000     -0.42028671
 35.600000     -0.42050708
 35.700000     -0.42083790
 35.800000     -0.42122175
 35.900000     -0.42165535
 36.000000     -0.42213405
 36.100000     -0.42265537
 36.200000     -0.42321170
 36.300000     -0.42380650
 36.400000     -0.42442141
 36.500000     -0.42506208
 36.600000     -0.42576134
 36.700000     -0.42647415
 36.800000     -0.42719107
 36.900000     -0.42789534
 37.000000     -0.42857502
 37.100000     -0.42925257
 37.200000     -0.42996263
 37.300000     -0.43001400
 37.400000     -0.42994198
 37.500000     -0.43048953
 37.600000     -0.43095235
 37.700000     -0.43132782
 37.800000     -0.43166951
 37.900000     -0.43209385
 38.000000     -0.43241112
 38.100000     -0.43265580
 38.200000     -0.43291274
 38.300000     -0.43317440
 38.400000     -0.43341458
 38.500000     -0.43360652
 38.600000     -0.43360520
 38.700000     -0.43353840
 38.800000     -0.43336681
 38.900000     -0.43297353
 39.000000     -0.43173152
 39.100000     -0.43136521
 39.200000     -0.43097090
 39.300000     -0.43060091
 39.400000     -0.43021618
 39.500000     -0.42981278
 39.600000     -0.42959625
 39.700000     -0.42943618
 39.800000     -0.42933258
 39.900000     -0.42919670
