  0.000000     -0.00923277
  0.100000     -0.00799340
  0.200000     -0.00662292
  0.300000     -0.00441146
  0.400000     -0.00128987
  0.500000      0.00265287
  0.600000      0.00677341
  0.700000      0.01081237
  0.800000      0.01506101
  0.900000      0.01989133
  1.000000      0.02501452
  1.100000      0.03033649
  1.200000      0.03573436
  1.300000      0.04087230
  1.400000      0.04589629
  1.500000      0.05120295
  1.600000      0.05618060
  1.700000      0.06094820
  1.800000      0.06536876
  1.900000      0.06918525
  2.000000      0.07223952
  2.100000      0.07430222
  2.200000      0.07583768
  2.300000      0.07670403
  2.400000      0.07673017
  2.500000      0.07575486
  2.600000      0.07404340
  2.700000      0.07189993
  2.800000      0.06957558
  2.900000      0.06628348
  3.000000      0.06229801
  3.100000      0.05773885
  3.200000      0.05295603
  3.300000      0.04797031
  3.400000      0.04235975
  3.500000      0.03641126
  3.600000      0.03003969
  3.700000      0.02308586
  3.800000      0.01538156
  3.900000      0.00657728
  4.000000     -0.00248939
  4.100000     -0.01255606
  4.200000     -0.02285313
  4.300000     -0.03380550
  4.400000     -0.04571107
  4.500000     -0.05699354
  4.600000     -0.06835292
  4.700000     -0.07979011
  4.800000     -0.09036700
  4.900000     -0.09949726
  5.000000     -0.10787331
  5.100000     -0.11550484
  5.200000     -0.12246953
  5.300000     -0.12846915
  5.400000     -0.13368990
  5.500000     -0.13815838
  5.600000     -0.14104642
  5.700000     -0.14258897
  5.800000     -0.14145827
  5.900000     -0.13734262
  6.000000     -0.12892035
  6.100000     -0.11652849
  6.200000     -0.10108282
  6.300000     -0.08180375
  6.400000     -0.05966205
  6.500000     -0.03449696
  6.600000     -0.00439598
  6.700000      0.03105942
  6.800000      0.07084788
  6.900000      0.11524777
  7.000000      0.16420551
  7.100000      0.21790543
  7.200000      0.27518206
  7.300000      0.33549235
  7.400000      0.39883297
  7.500000      0.46400105
  7.600000      0.52959224
  7.700000      0.59458319
  7.800000      0.65742995
  7.900000      0.71799719
  8.000000      0.77543601
  8.100000      0.82851365
  8.200000      0.87577307
  8.300000      0.91614417
  8.400000      0.94974112
  8.500000      0.97552892
  8.600000      0.99180908
  8.700000      1.00000000
  8.800000      0.99949887
  8.900000      0.99001434
  9.000000      0.97388206
  9.100000      0.95228543
  9.200000      0.92553434
  9.300000      0.89211935
  9.400000      0.85477473
  9.500000      0.81285924
  9.600000      0.76613965
  9.700000      0.71453248
  9.800000      0.65937026
  9.900000      0.60139660
 10.000000      0.53831930
 10.100000      0.47306945
 10.200000      0.40549996
 10.300000      0.33570792
 10.400000      0.26506481
 10.500000      0.19680639
 10.600000      0.13281240
 10.700000      0.07461672
 10.800000      0.02173137
 10.900000     -0.02545826
 11.000000     -0.06752993
 11.100000     -0.10366596
 11.200000     -0.13521894
 11.300000     -0.16195918
 11.400000     -0.18454260
 11.500000     -0.20216185
 11.600000     -0.21721245
 11.700000     -0.23065897
 11.800000     -0.24228359
 11.900000     -0.25153384
 12.000000     -0.25687804
 12.100000     -0.25763296
 12.200000     -0.25476551
 12.300000     -0.25068774
 12.400000     -0.24571021
 12.500000     -0.23962004
 12.600000     -0.23105805
 12.700000     -0.22096318
 12.800000     -0.21190747
 12.900000     -0.20265342
 13.000000     -0.19215758
 13.100000     -0.18135720
 13.200000     -0.17148315
 13.300000     -0.16210795
 13.400000     -0.15450085
 13.500000     -0.14762296
 13.600000     -0.14121943
 13.700000     -0.13660551
 13.800000     -0.13139662
 13.900000     -0.12475068
 14.000000     -0.11716322
 14.100000     -0.10962215
 14.200000     -0.10403986
 14.300000     -0.10077560
 14.400000     -0.09914566
 14.500000     -0.09913244
 14.600000     -0.09904656
 14.700000     -0.09812545
 14.800000     -0.09807916
 14.900000     -0.10123316
 15.000000     -0.10541929
 15.100000     -0.10813948
 15.200000     -0.11002807
 15.300000     -0.11147288
 15.400000     -0.11233017
 15.500000     -0.11287226
 15.600000     -0.11322096
 15.700000     -0.11290361
 15.800000     -0.11392096
 15.900000     -0.11758819
 16.000000     -0.12250209
 16.100000     -0.12752562
 16.200000     -0.13224306
 16.300000     -0.13601681
 16.400000     -0.13949070
 16.500000     -0.14395441
 16.600000     -0.14952955
 16.700000     -0.15569689
 16.800000     -0.16124698
 16.900000     -0.16564804
 17.000000     -0.16940320
 17.100000     -0.17339269
 17.200000     -0.17703263
 17.300000     -0.18057079
 17.400000     -0.18394216
 17.500000     -0.18818000
 17.600000     -0.19157748
 17.700000     -0.19278100
 17.800000     -0.19317713
 17.900000     -0.19289452
 18.000000     -0.19174476
 18.100000     -0.18995894
 18.200000     -0.18882975
 18.300000     -0.18760357
 18.400000     -0.18671456
 18.500000     -0.18759963
 18.600000     -0.18923346
 18.700000     -0.19137603
 18.800000     -0.19340672
 18.900000     -0.19514158
 19.000000     -0.19598027
 19.100000     -0.19574500
 19.200000     -0.19443909
 19.300000     -0.19250441
 19.400000     -0.19050641
 19.500000     -0.18812874
 19.600000     -0.18615242
 19.700000     -0.18383467
 19.800000     -0.18101150
 19.900000     -0.17694266
 20.000000     -0.17146846
 20.100000     -0.16615189
 20.200000     -0.16240332
 20.300000     -0.15933708
 20.400000     -0.15683244
 20.500000     -0.15531484
 20.600000     -0.15464205
 20.700000     -0.15434265
 20.800000     -0.15316883
 20.900000     -0.15179692
 21.000000     -0.15137062
 21.100000     -0.15200836
 21.200000     -0.15343036
 21.300000     -0.15523812
 21.400000     -0.15768448
 21.500000     -0.16049672
 21.600000     -0.16304216
 21.700000     -0.16558731
 21.800000     -0.16779470
 21.900000     -0.16985309
 22.000000     -0.17174881
 22.100000     -0.17416678
 22.200000     -0.17720059
 22.300000     -0.17919206
 22.400000     -0.18046537
 22.500000     -0.18102891
 22.600000     -0.18119173
 22.700000     -0.18054482
 22.800000     -0.17948803
 22.900000     -0.17777987
 23.000000     -0.17571981
 23.100000     -0.17274697
 23.200000     -0.16882230
 23.300000     -0.16463676
 23.400000     -0.15942681
 23.500000     -0.15368507
 23.600000     -0.14796041
 23.700000     -0.14363940
 23.800000     -0.14041920
 23.900000     -0.13761139
 24.000000     -0.13551566
 24.100000     -0.13366389
 24.200000     -0.13197311
 24.300000     -0.13043125
 24.400000     -0.12934571
 24.500000     -0.12878850
 24.600000     -0.12861350
 24.700000     -0.12862822
 24.800000     -0.12832631
 24.900000     -0.12775852
 25.000000     -0.12720020
 25.100000     -0.12593992
 25.200000     -0.12464622
 25.300000     -0.12347128
 25.400000     -0.12250715
 25.500000     -0.12114969
 25.600000     -0.11999207
 25.700000     -0.11855338
 25.800000     -0.11668910
 25.900000     -0.11508986
 26.000000     -0.11319648
 26.100000     -0.11131581
 26.200000     -0.10873880
 26.300000     -0.10666141
 26.400000     -0.10453773
 26.500000     -0.10230423
 26.600000     -0.09988093
 26.700000     -0.09781673
 26.800000     -0.09549564
 26.900000     -0.09313085
 27.000000     -0.09163158
 27.100000     -0.09043932
 27.200000     -0.08928541
 27.300000     -0.08841038
 27.400000     -0.08745554
 27.500000     -0.08651506
 27.600000     -0.08554164
 27.700000     -0.08494952
 27.800000     -0.08435045
 27.900000     -0.08368641
 28.000000     -0.08328217
 28.100000     -0.08304641
 28.200000     -0.08351070
 28.300000     -0.08367924
 28.400000     -0.08433232
 28.500000     -0.08510331
 28.600000     -0.08572708
 28.700000     -0.08620638
 28.800000     -0.08663808
 28.900000     -0.08698301
 29.000000     -0.08764051
 29.100000     -0.08883067
 29.200000     -0.08964716
 29.300000     -0.09024837
 29.400000     -0.09024471
 29.500000     -0.08978383
 29.600000     -0.08881856
 29.700000     -0.08740151
 29.800000     -0.08582708
 29.900000     -0.08353574
 30.000000     -0.08096051
 30.100000     -0.07817381
 30.200000     -0.07496913
 30.300000     -0.07202178
 30.400000     -0.06967461
 30.500000     -0.06803673
 30.600000     -0.06623213
 30.700000     -0.06429887
 30.800000     -0.06222060
 30.900000     -0.06029451
 31.000000     -0.05852192
 31.100000     -0.05683521
 31.200000     -0.05526631
 31.300000     -0.05362737
 31.400000     -0.05217087
 31.500000     -0.05078662
 31.600000     -0.05010154
 31.700000     -0.04952422
 31.800000     -0.04891095
 31.900000     -0.04846461
 32.000000     -0.04820931
 32.100000     -0.04840277
 32.200000     -0.04918040
 32.300000     -0.05044963
 32.400000     -0.05204163
 32.500000     -0.05371503
 32.600000     -0.05546851
 32.700000     -0.05732780
 32.800000     -0.05873637
 32.900000     -0.05934275
 33.000000     -0.05943177
 33.100000     -0.05892506
 33.200000     -0.05815987
 33.300000     -0.05736138
 33.400000     -0.05691248
 33.500000     -0.05655654
 33.600000     -0.05591318
 33.700000     -0.05508675
 33.800000     -0.05399130
 33.900000     -0.05243115
 34.000000     -0.05068681
 34.100000     -0.04898073
 34.200000     -0.04703969
 34.300000     -0.04519190
 34.400000     -0.04338074
 34.500000     -0.04144557
 34.600000     -0.03964839
 34.700000     -0.03754943
 34.800000     -0.03537953
 34.900000     -0.03349392
 35.000000     -0.03150275
 35.100000     -0.03022307
 35.200000     -0.02902157
 35.300000     -0.02777204
 35.400000     -0.02669249
 35.500000     -0.02626965
 35.600000     -0.02660594
 35.700000     -0.02552849
 35.800000     -0.02555349
 35.900000     -0.02545125
 36.000000     -0.02539900
 36.100000     -0.02537779
 36.200000     -0.02523427
 36.300000     -0.02461681
 36.400000     -0.02393179
 36.500000     -0.02325906
 36.600000     -0.02212067
 36.700000     -0.02014372
 36.800000     -0.01819753
 36.900000     -0.01668161
 37.000000     -0.01519325
 37.100000     -0.01326692
 37.200000     -0.01083336
 37.300000     -0.00824563
 37.400000     -0.00528551
 37.500000     -0.00212088
 37.600000      0.00102594
 37.700000      0.00443798
 37.800000      0.00713425
 37.900000      0.00996182
 38.000000      0.01260454
 38.100000      0.01487865
 38.200000      0.01730535
 38.300000      0.01994244
 38.400000      0.02194040
 38.500000      0.02419882
 38.600000      0.02631389
 38.700000      0.02802289
 38.800000      0.02966910
 38.900000      0.03132262
 39.000000      0.03269298
 39.100000      0.03374049
 39.200000      0.03469650
 39.300000      0.03601614
 39.400000      0.03685436
 39.500000      0.03752940
 39.600000      0.03836429
 39.700000      0.03880695
 39.800000      0.03919580
 39.900000      0.03960430
