  0.000000     -0.00252155
  0.100000     -0.00249157
  0.200000     -0.00237453
  0.300000     -0.00217003
  0.400000     -0.00190871
  0.500000     -0.00160441
  0.600000     -0.00126908
  0.700000     -0.00091611
  0.800000     -0.00056236
  0.900000     -0.00029479
  1.000000     -0.00011025
  1.100000      0.00002742
  1.200000      0.00015314
  1.300000      0.00022237
  1.400000      0.00022676
  1.500000      0.00019889
  1.600000      0.00015440
  1.700000      0.00006339
  1.800000     -0.00005488
  1.900000     -0.00016000
  2.000000     -0.00021134
  2.100000     -0.00026380
  2.200000     -0.00030515
  2.300000     -0.00027956
  2.400000     -0.00028996
  2.500000     -0.00027058
  2.600000     -0.00027270
  2.700000     -0.00026954
  2.800000     -0.00031404
  2.900000     -0.00041937
  3.000000     -0.00053418
  3.100000     -0.00062014
  3.200000     -0.00073277
  3.300000     -0.00084085
  3.400000     -0.00083004
  3.500000     -0.00072728
  3.600000     -0.00064985
  3.700000     -0.00055961
  3.800000     -0.00043910
  3.900000     -0.00029997
  4.000000     -0.00021901
  4.100000     -0.00016143
  4.200000     -0.00009817
  4.300000     -0.00002727
  4.400000      0.00003408
  4.500000      0.00010642
  4.600000      0.00021501
  4.700000      0.00037169
  4.800000      0.00051156
  4.900000      0.00048701
  5.000000      0.00030629
  5.100000      0.00009641
  5.200000      0.00000782
  5.300000      0.00006735
  5.400000      0.00021890
  5.500000      0.00042308
  5.600000      0.00063053
  5.700000      0.00082628
  5.800000      0.00097665
  5.900000      0.00099504
  6.000000      0.00100302
  6.100000      0.00091268
  6.200000      0.00073240
  6.300000      0.00059051
  6.400000      0.00049147
  6.500000      0.00044200
  6.600000      0.00057950
  6.700000      0.00081368
  6.800000      0.00092934
  6.900000      0.00093781
  7.000000      0.00092455
  7.100000      0.00096742
  7.200000      0.00103170
  7.300000      0.00110809
  7.400000      0.00125864
  7.500000      0.00143149
  7.600000      0.00167020
  7.700000      0.00190718
  7.800000      0.00202253
  7.900000      0.00213410
  8.000000      0.00230248
  8.100000      0.00245186
  8.200000      0.00249709
  8.300000      0.00246846
  8.400000      0.00235288
  8.500000      0.00225209
  8.600000      0.00230018
  8.700000      0.00247230
  8.800000      0.00270668
  8.900000      0.00297372
  9.000000      0.00321273
  9.100000      0.00349431
  9.200000      0.00382255
  9.300000      0.00408342
  9.400000      0.00426728
  9.500000      0.00438957
  9.600000      0.00464531
  9.700000      0.00498533
  9.800000      0.00531630
  9.900000      0.00564632
 10.000000      0.00580514
 10.100000      0.00582414
 10.200000      0.00594475
 10.300000      0.00627640
 10.400000      0.00679012
 10.500000      0.00730029
 10.600000      0.00772606
 10.700000      0.00804481
 10.800000      0.00817317
 10.900000      0.00821664
 11.000000      0.00825779
 11.100000      0.00835433
 11.200000      0.00858968
 11.300000      0.00891945
 11.400000      0.00934646
 11.500000      0.00984031
 11.600000      0.01052020
 11.700000      0.01139171
 11.800000      0.01235059
 11.900000      0.01326204
 12.000000      0.01398415
 12.100000      0.01464618
 12.200000      0.01539226
 12.300000      0.01610077
 12.400000      0.01667102
 12.500000      0.01717184
 12.600000      0.01758582
 12.700000      0.01801025
 12.800000      0.01846259
 12.900000      0.01897874
 13.000000      0.01934067
 13.100000      0.01936556
 13.200000      0.01926327
 13.300000      0.01908097
 13.400000      0.01893229
 13.500000      0.01886477
 13.600000      0.01884658
 13.700000      0.01887103
 13.800000      0.01898734
 13.900000      0.01898786
 14.000000      0.01905864
 14.100000      0.01915777
 14.200000      0.01934415
 14.300000      0.01967699
 14.400000      0.02004847
 14.500000      0.02037777
 14.600000      0.02074176
 14.700000      0.02101465
 14.800000      0.02114276
 14.900000      0.02126743
 15.000000      0.02136725
 15.100000      0.02150031
 15.200000      0.02176872
 15.300000      0.02193799
 15.400000      0.02195673
 15.500000      0.02203672
 15.600000      0.02211093
 15.700000      0.02201660
 15.800000      0.02188550
 15.900000      0.02164048
 16.000000      0.02109913
 16.100000      0.02040932
 16.200000      0.01974032
 16.300000      0.01921600
 16.400000      0.01876618
 16.500000      0.01841136
 16.600000      0.01799176
 16.700000      0.01758285
 16.800000      0.01702169
 16.900000      0.01648047
 17.000000      0.01596813
 17.100000      0.01544140
 17.200000      0.01499425
 17.300000      0.01473578
 17.400000      0.01465451
 17.500000      0.01451314
 17.600000      0.01436475
 17.700000      0.01429294
 17.800000      0.01428657
 17.900000      0.01444542
 18.000000      0.01461788
 18.100000      0.01472995
 18.200000      0.01486923
 18.300000      0.01507164
 18.400000      0.01523200
 18.500000      0.01534794
 18.600000      0.01556690
 18.700000      0.01576661
 18.800000      0.01580147
 18.900000      0.01578320
 19.000000      0.01554711
 19.100000      0.01493256
 19.200000      0.01416721
 19.300000      0.01336722
 19.400000      0.01243068
 19.500000      0.01123515
 19.600000      0.00966546
 19.700000      0.00777936
 19.800000      0.00585406
 19.900000      0.00403708
 20.000000      0.00234306
 20.100000      0.00067789
 20.200000     -0.00107661
 20.300000     -0.00292164
 20.400000     -0.00480371
 20.500000     -0.00682097
 20.600000     -0.00917213
 20.700000     -0.01194100
 20.800000     -0.01486063
 20.900000     -0.01789546
 21.000000     -0.02123462
 21.100000     -0.02478537
 21.200000     -0.02847561
 21.300000     -0.03220493
 21.400000     -0.03592329
 21.500000     -0.03961797
 21.600000     -0.04340389
 21.700000     -0.04755424
 21.800000     -0.05187314
 21.900000     -0.05608320
 22.000000     -0.06006041
 22.100000     -0.06383536
 22.200000     -0.06742893
 22.300000     -0.07078157
 22.400000     -0.07386743
 22.500000     -0.07691357
 22.600000     -0.08000021
 22.700000     -0.08348634
 22.800000     -0.08726913
 22.900000     -0.09128962
 23.000000     -0.09554208
 23.100000     -0.09996947
 23.200000     -0.10453234
 23.300000     -0.10921369
 23.400000     -0.11401737
 23.500000     -0.11918997
 23.600000     -0.12480530
 23.700000     -0.13082128
 23.800000     -0.13703153
 23.900000     -0.14325822
 24.000000     -0.14917709
 24.100000     -0.15472849
 24.200000     -0.16001796
 24.300000     -0.16538610
 24.400000     -0.17073966
 24.500000     -0.17597865
 24.600000     -0.18134566
 24.700000     -0.18701141
 24.800000     -0.19280297
 24.900000     -0.19770441
 25.000000     -0.20214589
 25.100000     -0.20627612
 25.200000     -0.20980830
 25.300000     -0.21298824
 25.400000     -0.21641496
 25.500000     -0.21975968
 25.600000     -0.22144548
 25.700000     -0.22256200
 25.800000     -0.22409366
 25.900000     -0.22512439
 26.000000     -0.22540948
 26.100000     -0.22428297
 26.200000     -0.22312875
 26.300000     -0.22147579
 26.400000     -0.21841942
 26.500000     -0.21558126
 26.600000     -0.21260821
 26.700000     -0.20813580
 26.800000     -0.20298025
 26.900000     -0.19745262
 27.000000     -0.19162260
 27.100000     -0.18449161
 27.200000     -0.17712545
 27.300000     -0.16920526
 27.400000     -0.16046663
 27.500000     -0.15044801
 27.600000     -0.13991099
 27.700000     -0.12865592
 27.800000     -0.11647682
 27.900000     -0.10414171
 28.000000     -0.09134158
 28.100000     -0.07788644
 28.200000     -0.06337721
 28.300000     -0.04725875
 28.400000     -0.03052802
 28.500000     -0.01333433
 28.600000      0.00404086
 28.700000      0.02391792
 28.800000      0.04448184
 28.900000      0.06484951
 29.000000      0.08638207
 29.100000      0.10899860
 29.200000      0.13132213
 29.300000      0.15661551
 29.400000      0.18443975
 29.500000      0.21178631
 29.600000      0.24014417
 29.700000      0.27200782
 29.800000      0.30487803
 29.900000      0.33822851
 30.000000      0.37263268
 30.100000      0.40704046
 30.200000      0.44151951
 30.300000      0.47591219
 30.400000      0.51086801
 30.500000      0.54571468
 30.600000      0.57804239
 30.700000      0.60944252
 30.800000      0.64012753
 30.900000      0.66910224
 31.000000      0.69728059
 31.100000      0.72326528
 31.200000      0.74682437
 31.300000      0.76772583
 31.400000      0.78590377
 31.500000      0.80268109
 31.600000      0.81765857
 31.700000      0.83042194
 31.800000      0.84120873
 31.900000      0.85037146
 32.000000      0.85756968
 32.100000      0.86349292
 32.200000      0.86733645
 32.300000      0.86868733
 32.400000      0.86752079
 32.500000      0.86412854
 32.600000      0.85781552
 32.700000      0.84925165
 32.800000      0.83969571
 32.900000      0.82628560
 33.000000      0.80946973
 33.100000      0.79060838
 33.200000      0.76935039
 33.300000      0.74589771
 33.400000      0.72004374
 33.500000      0.69220794
 33.600000      0.66351971
 33.700000      0.63277754
 33.800000      0.59968792
 33.900000      0.56592008
 34.000000      0.53123741
 34.100000      0.49538985
 34.200000      0.45799567
 34.300000      0.41970604
 34.400000      0.38081544
 34.500000      0.34179784
 34.600000      0.30247955
 34.700000      0.26209518
 34.800000      0.22141163
 34.900000      0.18151857
 35.000000      0.14212778
 35.100000      0.10365676
 35.200000      0.06540952
 35.300000      0.02729610
 35.400000     -0.00959051
 35.500000     -0.04470696
 35.600000     -0.07925915
 35.700000     -0.11388781
 35.800000     -0.14757540
 35.900000     -0.17997976
 36.000000     -0.21109808
 36.100000     -0.24283041
 36.200000     -0.27505527
 36.300000     -0.30653660
 36.400000     -0.33739917
 36.500000     -0.36774058
 36.600000     -0.39692246
 36.700000     -0.42539264
 36.800000     -0.45360662
 36.900000     -0.48094179
 37.000000     -0.50732780
 37.100000     -0.53353558
 37.200000     -0.55996660
 37.300000     -0.58425750
 37.400000     -0.60787541
 37.500000     -0.63254076
 37.600000     -0.65601531
 37.700000     -0.67855661
 37.800000     -0.70063838
 37.900000     -0.72214145
 38.000000     -0.74300408
 38.100000     -0.76357994
 38.200000     -0.78318118
 38.300000     -0.80095616
 38.400000     -0.81829176
 38.500000     -0.83561403
 38.600000     -0.85119331
 38.700000     -0.86552064
 38.800000     -0.87968302
 38.900000     -0.89338802
 39.000000     -0.90634778
 39.100000     -0.91852766
 39.200000     -0.92986009
 39.300000     -0.94039313
 39.400000     -0.95130641
 39.500000     -0.96268361
 39.600000     -0.97332789
 39.700000     -0.98314119
 39.800000     -0.99205445
 39.900000     -1.00000000
