  0.000000      0.01028073
  0.100000      0.01138420
  0.200000      0.01231604
  0.300000      0.01295557
  0.400000      0.01382403
  0.500000      0.01495854
  0.600000      0.01637751
  0.700000      0.01767768
  0.800000      0.01902510
  0.900000      0.02028961
  1.000000      0.02156333
  1.100000      0.02267052
  1.200000      0.02357978
  1.300000      0.02412982
  1.400000      0.02456463
  1.500000      0.02480680
  1.600000      0.02509660
  1.700000      0.02540658
  1.800000      0.02575540
  1.900000      0.02597137
  2.000000      0.02620191
  2.100000      0.02637343
  2.200000      0.02640760
  2.300000      0.02638542
  2.400000      0.02634406
  2.500000      0.02650388
  2.600000      0.02637635
  2.700000      0.02595291
  2.800000      0.02542881
  2.900000      0.02517706
  3.000000      0.02550327
  3.100000      0.02612242
  3.200000      0.02687460
  3.300000      0.02751908
  3.400000      0.02806709
  3.500000      0.02833974
  3.600000      0.02868090
  3.700000      0.02897651
  3.800000      0.02963793
  3.900000      0.03041968
  4.000000      0.03098174
  4.100000      0.03146513
  4.200000      0.03187465
  4.300000      0.03223477
  4.400000      0.03224408
  4.500000      0.03184855
  4.600000      0.03091714
  4.700000      0.02972505
  4.800000      0.02817920
  4.900000      0.02612444
  5.000000      0.02420042
  5.100000      0.02239747
  5.200000      0.02073633
  5.300000      0.01883563
  5.400000      0.01698179
  5.500000      0.01482241
  5.600000      0.01246105
  5.700000      0.01012928
  5.800000      0.00791182
  5.900000      0.00623745
  6.000000      0.00491891
  6.100000      0.00393293
  6.200000      0.00327441
  6.300000      0.00299672
  6.400000      0.00323942
  6.500000      0.00357401
  6.600000      0.00417514
  6.700000      0.00459501
  6.800000      0.00524138
  6.900000      0.00549809
  7.000000      0.00575520
  7.100000      0.00591068
  7.200000      0.00566228
  7.300000      0.00485080
  7.400000      0.00387982
  7.500000      0.00276447
  7.600000      0.00175840
  7.700000      0.00068798
  7.800000     -0.00072757
  7.900000     -0.00261019
  8.000000     -0.00483192
  8.100000     -0.00743710
  8.200000     -0.01013060
  8.300000     -0.01262204
  8.400000     -0.01451494
  8.500000     -0.01665358
  8.600000     -0.01890647
  8.700000     -0.02175421
  8.800000     -0.02453396
  8.900000     -0.02727022
  9.000000     -0.02957993
  9.100000     -0.03181770
  9.200000     -0.03385571
  9.300000     -0.03604555
  9.400000     -0.03804427
  9.500000     -0.03992592
  9.600000     -0.04133294
  9.700000     -0.04287113
  9.800000     -0.04408109
  9.900000     -0.04515212
 10.000000     -0.04591262
 10.100000     -0.04682018
 10.200000     -0.04793372
 10.300000     -0.04893911
 10.400000     -0.04956405
 10.500000     -0.04964242
 10.600000     -0.04916455
 10.700000     -0.04859373
 10.800000     -0.04836490
 10.900000     -0.04867101
 11.000000     -0.04922757
 11.100000     -0.04927461
 11.200000     -0.04910648
 11.300000     -0.04891516
 11.400000     -0.04921838
 11.500000     -0.04972808
 11.600000     -0.05026101
 11.700000     -0.05056306
 11.800000     -0.05100317
 11.900000     -0.05162564
 12.000000     -0.05234944
 12.100000     -0.05278263
 12.200000     -0.05310203
 12.300000     -0.05341028
 12.400000     -0.05424678
 12.500000     -0.05541305
 12.600000     -0.05686175
 12.700000     -0.05840403
 12.800000     -0.06029696
 12.900000     -0.06191897
 13.000000     -0.06350167
 13.100000     -0.06518030
 13.200000     -0.06694866
 13.300000     -0.06831142
 13.400000     -0.06944840
 13.500000     -0.07019115
 13.600000     -0.07086822
 13.700000     -0.07139455
 13.800000     -0.07219061
 13.900000     -0.07335654
 14.000000     -0.07511010
 14.100000     -0.07749124
 14.200000     -0.08026783
 14.300000     -0.08317270
 14.400000     -0.08637990
 14.500000     -0.09050347
 14.600000     -0.09462462
 14.700000     -0.09879181
 14.800000     -0.10282108
 14.900000     -0.10650121
 15.000000     -0.10969968
 15.100000     -0.11292516
 15.200000     -0.11692440
 15.300000     -0.12190498
 15.400000     -0.12747618
 15.500000     -0.13298028
 15.600000     -0.13810929
 15.700000     -0.14262537
 15.800000     -0.14679000
 15.900000     -0.15067022
 16.000000     -0.15455879
 16.100000     -0.15849057
 16.200000     -0.16216928
 16.300000     -0.16600425
 16.400000     -0.16892572
 16.500000     -0.17266488
 16.600000     -0.17581570
 16.700000     -0.17746724
 16.800000     -0.17855260
 16.900000     -0.18002114
 17.000000     -0.17938678
 17.100000     -0.17857662
 17.200000     -0.17767028
 17.300000     -0.17490095
 17.400000     -0.17211935
 17.500000     -0.16981171
 17.600000     -0.16754184
 17.700000     -0.16710991
 17.800000     -0.16680430
 17.900000     -0.16878362
 18.000000     -0.17098513
 18.100000     -0.17230505
 18.200000     -0.17605054
 18.300000     -0.17992514
 18.400000     -0.18279590
 18.500000     -0.18519751
 18.600000     -0.18887897
 18.700000     -0.19071184
 18.800000     -0.19317127
 18.900000     -0.19562185
 19.000000     -0.19742339
 19.100000     -0.19956732
 19.200000     -0.20133802
 19.300000     -0.20353909
 19.400000     -0.20627122
 19.500000     -0.20732751
 19.600000     -0.20751299
 19.700000     -0.20749445
 19.800000     -0.20813136
 19.900000     -0.20882402
 20.000000     -0.20891916
 20.100000     -0.20824830
 20.200000     -0.20840798
 20.300000     -0.20784039
 20.400000     -0.20615741
 20.500000     -0.20515711
 20.600000     -0.20431705
 20.700000     -0.20427610
 20.800000     -0.20452949
 20.900000     -0.20557145
 21.000000     -0.20674341
 21.100000     -0.20748468
 21.200000     -0.20813595
 21.300000     -0.21069204
 21.400000     -0.21196214
 21.500000     -0.21096892
 21.600000     -0.20809456
 21.700000     -0.20288428
 21.800000     -0.19868909
 21.900000     -0.19439542
 22.000000     -0.19142532
 22.100000     -0.18917875
 22.200000     -0.18708446
 22.300000     -0.18446666
 22.400000     -0.18129337
 22.500000     -0.17770966
 22.600000     -0.17455040
 22.700000     -0.17246976
 22.800000     -0.16971679
 22.900000     -0.16647233
 23.000000     -0.16484589
 23.100000     -0.16302902
 23.200000     -0.15970627
 23.300000     -0.15718968
 23.400000     -0.15611913
 23.500000     -0.15670554
 23.600000     -0.15798657
 23.700000     -0.16009238
 23.800000     -0.16207998
 23.900000     -0.16539705
 24.000000     -0.17143639
 24.100000     -0.17626751
 24.200000     -0.18159402
 24.300000     -0.18788293
 24.400000     -0.19391718
 24.500000     -0.19960741
 24.600000     -0.20678653
 24.700000     -0.21213598
 24.800000     -0.21285561
 24.900000     -0.21179384
 25.000000     -0.21229524
 25.100000     -0.21211993
 25.200000     -0.20928761
 25.300000     -0.20477718
 25.400000     -0.19861489
 25.500000     -0.19533640
 25.600000     -0.19109439
 25.700000     -0.18684775
 25.800000     -0.18353323
 25.900000     -0.18012979
 26.000000     -0.17585979
 26.100000     -0.17283982
 26.200000     -0.17221185
 26.300000     -0.17401262
 26.400000     -0.17628197
 26.500000     -0.17995407
 26.600000     -0.18356344
 26.700000     -0.18729034
 26.800000     -0.19163728
 26.900000     -0.19677734
 27.000000     -0.20328982
 27.100000     -0.21261467
 27.200000     -0.22244249
 27.300000     -0.23337371
 27.400000     -0.24683174
 27.500000     -0.25916237
 27.600000     -0.27092345
 27.700000     -0.27972636
 27.800000     -0.28677634
 27.900000     -0.29522821
 28.000000     -0.29887834
 28.100000     -0.30080438
 28.200000     -0.29632128
 28.300000     -0.28906420
 28.400000     -0.28429823
 28.500000     -0.28053692
 28.600000     -0.27702033
 28.700000     -0.27528368
 28.800000     -0.27586334
 28.900000     -0.27796095
 29.000000     -0.27909621
 29.100000     -0.27782302
 29.200000     -0.27575802
 29.300000     -0.26678755
 29.400000     -0.25248117
 29.500000     -0.23691051
 29.600000     -0.21982568
 29.700000     -0.20084132
 29.800000     -0.17928768
 29.900000     -0.15763632
 30.000000     -0.13403172
 30.100000     -0.10877167
 30.200000     -0.08082100
 30.300000     -0.05103747
 30.400000     -0.01951211
 30.500000      0.01319202
 30.600000      0.04532192
 30.700000      0.07709610
 30.800000      0.10944329
 30.900000      0.14344377
 31.000000      0.17968724
 31.100000      0.21877470
 31.200000      0.25678207
 31.300000      0.29718754
 31.400000      0.33934716
 31.500000      0.38177174
 31.600000      0.42578944
 31.700000      0.47088896
 31.800000      0.51585003
 31.900000      0.55630935
 32.000000      0.59461321
 32.100000      0.63256373
 32.200000      0.66978429
 32.300000      0.70762113
 32.400000      0.74297700
 32.500000      0.77611662
 32.600000      0.80631467
 32.700000      0.83315719
 32.800000      0.85891707
 32.900000      0.88319231
 33.000000      0.90536019
 33.100000      0.92586666
 33.200000      0.94403353
 33.300000      0.95939182
 33.400000      0.97268205
 33.500000      0.98376636
 33.600000      0.99315829
 33.700000      0.99826697
 33.800000      1.00000000
 33.900000      0.99737934
 34.000000      0.99244632
 34.100000      0.98452097
 34.200000      0.97368455
 34.300000      0.96310590
 34.400000      0.95070305
 34.500000      0.93723276
 34.600000      0.92244900
 34.700000      0.90476611
 34.800000      0.88529038
 34.900000      0.86311304
 35.000000      0.83666145
 35.100000      0.80895954
 35.200000      0.77771755
 35.300000      0.74482580
 35.400000      0.71069562
 35.500000      0.67717981
 35.600000      0.64432311
 35.700000      0.61116595
 35.800000      0.57972793
 35.900000      0.54891835
 36.000000      0.51812620
 36.100000      0.48845351
 36.200000      0.45971093
 36.300000      0.43030256
 36.400000      0.40156089
 36.500000      0.37229866
 36.600000      0.34295943
 36.700000      0.31466545
 36.800000      0.28721244
 36.900000      0.26068815
 37.000000      0.23580504
 37.100000      0.21234632
 37.200000      0.18899300
 37.300000      0.16476884
 37.400000      0.14139277
 37.500000      0.11916648
 37.600000      0.09811555
 37.700000      0.07824657
 37.800000      0.05971032
 37.900000      0.04299745
 38.000000      0.02848964
 38.100000      0.01516052
 38.200000      0.00345927
 38.300000     -0.00740034
 38.400000     -0.01809073
 38.500000     -0.02795467
 38.600000     -0.03668750
 38.700000     -0.04489566
 38.800000     -0.05218052
 38.900000     -0.05841508
 39.000000     -0.06323708
 39.100000     -0.06699385
 39.200000     -0.06891302
 39.300000     -0.07014811
 39.400000     -0.07145057
 39.500000     -0.07251352
 39.600000     -0.07351185
 39.700000     -0.07432164
 39.800000     -0.07550576
 39.900000     -0.07624801
