  0.000000     -0.00655400
  0.100000     -0.00645758
  0.200000     -0.00634927
  0.300000     -0.00639232
  0.400000     -0.00640257
  0.500000     -0.00634174
  0.600000     -0.00638148
  0.700000     -0.00634693
  0.800000     -0.00619923
  0.900000     -0.00606737
  1.000000     -0.00601611
  1.100000     -0.00581452
  1.200000     -0.00575249
  1.300000     -0.00575266
  1.400000     -0.00576159
  1.500000     -0.00575200
  1.600000     -0.00556885
  1.700000     -0.00534189
  1.800000     -0.00499251
  1.900000     -0.00473099
  2.000000     -0.00461982
  2.100000     -0.00453091
  2.200000     -0.00471882
  2.300000     -0.00463418
  2.400000     -0.00456866
  2.500000     -0.00441452
  2.600000     -0.00427397
  2.700000     -0.00401965
  2.800000     -0.00388188
  2.900000     -0.00378614
  3.000000     -0.00366093
  3.100000     -0.00337866
  3.200000     -0.00322414
  3.300000     -0.00339527
  3.400000     -0.00329885
  3.500000     -0.00330627
  3.600000     -0.00327313
  3.700000     -0.00320720
  3.800000     -0.00326536
  3.900000     -0.00302329
  4.000000     -0.00288347
  4.100000     -0.00358012
  4.200000     -0.00362938
  4.300000     -0.00394868
  4.400000     -0.00412989
  4.500000     -0.00427081
  4.600000     -0.00422535
  4.700000     -0.00424126
  4.800000     -0.00454491
  4.900000     -0.00438096
  5.000000     -0.00462752
  5.100000     -0.00525152
  5.200000     -0.00600942
  5.300000     -0.00656778
  5.400000     -0.00677878
  5.500000     -0.00707400
  5.600000     -0.00728883
  5.700000     -0.00745038
  5.800000     -0.00757250
  5.900000     -0.00809666
  6.000000     -0.00821661
  6.100000     -0.00881520
  6.200000     -0.00926392
  6.300000     -0.00934142
  6.400000     -0.00983717
  6.500000     -0.01032387
  6.600000     -0.01115364
  6.700000     -0.01193915
  6.800000     -0.01268394
  6.900000     -0.01397009
  7.000000     -0.01515676
  7.100000     -0.01643528
  7.200000     -0.01756475
  7.300000     -0.01871743
  7.400000     -0.01999837
  7.500000     -0.02106333
  7.600000     -0.02213696
  7.700000     -0.02346821
  7.800000     -0.02492546
  7.900000     -0.02691742
  8.000000     -0.02895990
  8.100000     -0.03078064
  8.200000     -0.03285015
  8.300000     -0.03500265
  8.400000     -0.03702084
  8.500000     -0.03944166
  8.600000     -0.04175649
  8.700000     -0.04465831
  8.800000     -0.04714329
  8.900000     -0.04967848
  9.000000     -0.05256672
  9.100000     -0.05492189
  9.200000     -0.05725636
  9.300000     -0.05960492
  9.400000     -0.06221421
  9.500000     -0.06473830
  9.600000     -0.06720707
  9.700000     -0.06982463
  9.800000     -0.07232473
  9.900000     -0.07480725
 10.000000     -0.07726186
 10.100000     -0.07968490
 10.200000     -0.08198833
 10.300000     -0.08440248
 10.400000     -0.08655170
 10.500000     -0.08853363
 10.600000     -0.09038896
 10.700000     -0.09209508
 10.800000     -0.09363425
 10.900000     -0.09516814
 11.000000     -0.09630618
 11.100000     -0.09726565
 11.200000     -0.09793949
 11.300000     -0.09833601
 11.400000     -0.09843236
 11.500000     -0.09820264
 11.600000     -0.09779751
 11.700000     -0.09684074
 11.800000     -0.09548447
 11.900000     -0.09370588
 12.000000     -0.09148013
 12.100000     -0.08878165
 12.200000     -0.08558582
 12.300000     -0.08186552
 12.400000     -0.07759696
 12.500000     -0.07275365
 12.600000     -0.06731004
 12.700000     -0.06124247
 12.800000     -0.05452690
 12.900000     -0.04714076
 13.000000     -0.03906090
 13.100000     -0.03026315
 13.200000     -0.02072593
 13.300000     -0.01042577
 13.400000      0.00066297
 13.500000      0.01254482
 13.600000      0.02523814
 13.700000      0.03875697
 13.800000      0.05325650
 13.900000      0.06852113
 14.000000      0.08460333
 14.100000      0.10154650
 14.200000      0.11935154
 14.300000      0.13801830
 14.400000      0.15754283
 14.500000      0.17791503
 14.600000      0.19912440
 14.700000      0.22115225
 14.800000      0.24398076
 14.900000      0.26758246
 15.000000      0.29192962
 15.100000      0.31698604
 15.200000      0.34271240
 15.300000      0.36906220
 15.400000      0.39598671
 15.500000      0.42343063
 15.600000      0.45133321
 15.700000      0.47962831
 15.800000      0.50824491
 15.900000      0.53710338
 16.000000      0.56611855
 16.100000      0.59520067
 16.200000      0.62425159
 16.300000      0.65316659
 16.400000      0.68183347
 16.500000      0.71013457
 16.600000      0.73794575
 16.700000      0.76513427
 16.800000      0.79156627
 16.900000      0.81709806
 17.000000      0.84158522
 17.100000      0.86487519
 17.200000      0.88681947
 17.300000      0.90726494
 17.400000      0.92605699
 17.500000      0.94304649
 17.600000      0.95808561
 17.700000      0.97103580
 17.800000      0.98176278
 17.900000      0.99014035
 18.000000      0.99604926
 18.100000      0.99937541
 18.200000      1.00000000
 18.300000      0.99783065
 18.400000      0.99282316
 18.500000      0.98495567
 18.600000      0.97421110
 18.700000      0.96058500
 18.800000      0.94408388
 18.900000      0.92474002
 19.000000      0.90260186
 19.100000      0.87773609
 19.200000      0.85022992
 19.300000      0.82018709
 19.400000      0.78772129
 19.500000      0.75296801
 19.600000      0.71607256
 19.700000      0.67719161
 19.800000      0.63649530
 19.900000      0.59416038
 20.000000      0.55037054
 20.100000      0.50531373
 20.200000      0.45917975
 20.300000      0.41216042
 20.400000      0.36444476
 20.500000      0.31622432
 20.600000      0.26768577
 20.700000      0.21901275
 20.800000      0.17038628
 20.900000      0.12197795
 21.000000      0.07395298
 21.100000      0.02647151
 21.200000     -0.02031408
 21.300000     -0.06626173
 21.400000     -0.11123844
 21.500000     -0.15511775
 21.600000     -0.19778183
 21.700000     -0.23912542
 21.800000     -0.27905138
 21.900000     -0.31748030
 22.000000     -0.35433629
 22.100000     -0.38955381
 22.200000     -0.42307777
 22.300000     -0.45485994
 22.400000     -0.48486552
 22.500000     -0.51306652
 22.600000     -0.53944311
 22.700000     -0.56398798
 22.800000     -0.58669849
 22.900000     -0.60758022
 23.000000     -0.62664624
 23.100000     -0.64391526
 23.200000     -0.65940947
 23.300000     -0.67315421
 23.400000     -0.68518959
 23.500000     -0.69556122
 23.600000     -0.70431344
 23.700000     -0.71149310
 23.800000     -0.71714935
 23.900000     -0.72133644
 24.000000     -0.72410892
 24.100000     -0.72552841
 24.200000     -0.72565715
 24.300000     -0.72455325
 24.400000     -0.72227787
 24.500000     -0.71889407
 24.600000     -0.71446431
 24.700000     -0.70905231
 24.800000     -0.70271747
 24.900000     -0.69551989
 25.000000     -0.68751961
 25.100000     -0.67877763
 25.200000     -0.66935393
 25.300000     -0.65930559
 25.400000     -0.64868494
 25.500000     -0.63754893
 25.600000     -0.62594979
 25.700000     -0.61393633
 25.800000     -0.60156037
 25.900000     -0.58886743
 26.000000     -0.57590269
 26.100000     -0.56270829
 26.200000     -0.54932656
 26.300000     -0.53579139
 26.400000     -0.52214107
 26.500000     -0.50840979
 26.600000     -0.49463008
 26.700000     -0.48083033
 26.800000     -0.46703917
 26.900000     -0.45328119
 27.000000     -0.43958230
 27.100000     -0.42596343
 27.200000     -0.41244517
 27.300000     -0.39904875
 27.400000     -0.38579144
 27.500000     -0.37268960
 27.600000     -0.35975981
 27.700000     -0.34701547
 27.800000     -0.33446822
 27.900000     -0.32212927
 28.000000     -0.31000776
 28.100000     -0.29811403
 28.200000     -0.28645578
 28.300000     -0.27504200
 28.400000     -0.26385550
 28.500000     -0.25284892
 28.600000     -0.24217819
 28.700000     -0.23175546
 28.800000     -0.22158128
 28.900000     -0.21165580
 29.000000     -0.20197925
 29.100000     -0.19254900
 29.200000     -0.18336463
 29.300000     -0.17442358
 29.400000     -0.16572408
 29.500000     -0.15726295
 29.600000     -0.14903813
 29.700000     -0.14104687
 29.800000     -0.13328592
 29.900000     -0.12574917
 30.000000     -0.11843518
 30.100000     -0.11133811
 30.200000     -0.10445536
 30.300000     -0.09778241
 30.400000     -0.09131470
 30.500000     -0.08504984
 30.600000     -0.07898572
 30.700000     -0.07312089
 30.800000     -0.06745562
 30.900000     -0.06198830
 31.000000     -0.05671938
 31.100000     -0.05164866
 31.200000     -0.04677733
 31.300000     -0.04210558
 31.400000     -0.03763679
 31.500000     -0.03338323
 31.600000     -0.02933592
 31.700000     -0.02549221
 31.800000     -0.02185459
 31.900000     -0.01841969
 32.000000     -0.01518689
 32.100000     -0.01215446
 32.200000     -0.00932079
 32.300000     -0.00668137
 32.400000     -0.00422924
 32.500000     -0.00196721
 32.600000      0.00011258
 32.700000      0.00201668
 32.800000      0.00375075
 32.900000      0.00532917
 33.000000      0.00675466
 33.100000      0.00802512
 33.200000      0.00914846
 33.300000      0.01012603
 33.400000      0.01096314
 33.500000      0.01166406
 33.600000      0.01223448
 33.700000      0.01267797
 33.800000      0.01299936
 33.900000      0.01320084
 34.000000      0.01328618
 34.100000      0.01325700
 34.200000      0.01310622
 34.300000      0.01286157
 34.400000      0.01251139
 34.500000      0.01206056
 34.600000      0.01151077
 34.700000      0.01085663
 34.800000      0.01010263
 34.900000      0.00925861
 35.000000      0.00832288
 35.100000      0.00730347
 35.200000      0.00620352
 35.300000      0.00499061
 35.400000      0.00367631
 35.500000      0.00228900
 35.600000      0.00084212
 35.700000     -0.00065794
 35.800000     -0.00220685
 35.900000     -0.00379415
 36.000000     -0.00541015
 36.100000     -0.00704987
 36.200000     -0.00867636
 36.300000     -0.01031467
 36.400000     -0.01195822
 36.500000     -0.01355752
 36.600000     -0.01510818
 36.700000     -0.01664100
 36.800000     -0.01814423
 36.900000     -0.01960371
 37.000000     -0.02102177
 37.100000     -0.02237579
 37.200000     -0.02367261
 37.300000     -0.02493358
 37.400000     -0.02612603
 37.500000     -0.02716089
 37.600000     -0.02799963
 37.700000     -0.02896170
 37.800000     -0.02985449
 37.900000     -0.03066129
 38.000000     -0.03141285
 38.100000     -0.03208040
 38.200000     -0.03278943
 38.300000     -0.03339714
 38.400000     -0.03394048
 38.500000     -0.03441927
 38.600000     -0.03491920
 38.700000     -0.03533172
 38.800000     -0.03567636
 38.900000     -0.03510292
 39.000000     -0.03515942
 39.100000     -0.03467313
 39.200000     -0.03475787
 39.300000     -0.03481329
 39.400000     -0.03489538
 39.500000     -0.03492365
 39.600000     -0.03497034
 39.700000     -0.03494347
 39.800000     -0.03487868
 39.900000     -0.03473936
