  0.000000     -0.00402740
  0.100000     -0.00470157
  0.200000     -0.00512964
  0.300000     -0.00507942
  0.400000     -0.00490007
  0.500000     -0.00492117
  0.600000     -0.00496768
  0.700000     -0.00485872
  0.800000     -0.00440654
  0.900000     -0.00373413
  1.000000     -0.00306603
  1.100000     -0.00251753
  1.200000     -0.00196809
  1.300000     -0.00135381
  1.400000     -0.00076326
  1.500000      0.00002187
  1.600000      0.00134861
  1.700000      0.00319691
  1.800000      0.00520889
  1.900000      0.00680598
  2.000000      0.00739414
  2.100000      0.00751937
  2.200000      0.00761823
  2.300000      0.00784850
  2.400000      0.00830611
  2.500000      0.00901713
  2.600000      0.00970039
  2.700000      0.00995019
  2.800000      0.00974260
  2.900000      0.00908291
  3.000000      0.00811658
  3.100000      0.00716046
  3.200000      0.00648077
  3.300000      0.00596213
  3.400000      0.00542379
  3.500000      0.00479716
  3.600000      0.00434043
  3.700000      0.00395424
  3.800000      0.00362239
  3.900000      0.00320820
  4.000000      0.00249544
  4.100000      0.00149771
  4.200000      0.00032605
  4.300000     -0.00050936
  4.400000     -0.00099417
  4.500000     -0.00145265
  4.600000     -0.00215720
  4.700000     -0.00340137
  4.800000     -0.00531411
  4.900000     -0.00793515
  5.000000     -0.01103415
  5.100000     -0.01439020
  5.200000     -0.01758905
  5.300000     -0.02047193
  5.400000     -0.02322686
  5.500000     -0.02593032
  5.600000     -0.02881522
  5.700000     -0.03184523
  5.800000     -0.03487670
  5.900000     -0.03778410
  6.000000     -0.04025584
  6.100000     -0.04251579
  6.200000     -0.04488630
  6.300000     -0.04758923
  6.400000     -0.05072117
  6.500000     -0.05446621
  6.600000     -0.05884688
  6.700000     -0.06321196
  6.800000     -0.06722337
  6.900000     -0.07082497
  7.000000     -0.07424352
  7.100000     -0.07797871
  7.200000     -0.08192024
  7.300000     -0.08587329
  7.400000     -0.08980722
  7.500000     -0.09346465
  7.600000     -0.09663486
  7.700000     -0.09936186
  7.800000     -0.10145196
  7.900000     -0.10279923
  8.000000     -0.10346246
  8.100000     -0.10376265
  8.200000     -0.10388827
  8.300000     -0.10421412
  8.400000     -0.10470925
  8.500000     -0.10465713
  8.600000     -0.10347593
  8.700000     -0.10063685
  8.800000     -0.09616217
  8.900000     -0.08980650
  9.000000     -0.08241626
  9.100000     -0.07443856
  9.200000     -0.06561690
  9.300000     -0.05596361
  9.400000     -0.04472394
  9.500000     -0.03082951
  9.600000     -0.01384455
  9.700000      0.00615210
  9.800000      0.02863448
  9.900000      0.05311414
 10.000000      0.07898495
 10.100000      0.10662238
 10.200000      0.13631717
 10.300000      0.16835520
 10.400000      0.20290989
 10.500000      0.23982390
 10.600000      0.27887679
 10.700000      0.31945806
 10.800000      0.36155212
 10.900000      0.40468166
 11.000000      0.44823346
 11.100000      0.49186304
 11.200000      0.53527003
 11.300000      0.57813302
 11.400000      0.62028906
 11.500000      0.66168453
 11.600000      0.70227298
 11.700000      0.74176897
 11.800000      0.77953355
 11.900000      0.81499433
 12.000000      0.84754320
 12.100000      0.87689378
 12.200000      0.90306305
 12.300000      0.92639483
 12.400000      0.94713668
 12.500000      0.96500672
 12.600000      0.97968403
 12.700000      0.99082517
 12.800000      0.99786405
 12.900000      1.00000000
 13.000000      0.99791991
 13.100000      0.99195317
 13.200000      0.98230826
 13.300000      0.97005784
 13.400000      0.95542558
 13.500000      0.93886916
 13.600000      0.92092826
 13.700000      0.90168077
 13.800000      0.88160096
 13.900000      0.86094403
 14.000000      0.83955609
 14.100000      0.81738803
 14.200000      0.79462639
 14.300000      0.77096386
 14.400000      0.74663493
 14.500000      0.72204758
 14.600000      0.69749111
 14.700000      0.67243688
 14.800000      0.64613678
 14.900000      0.61790900
 15.000000      0.58741435
 15.100000      0.55449352
 15.200000      0.51962605
 15.300000      0.48386174
 15.400000      0.44780735
 15.500000      0.41141608
 15.600000      0.37453966
 15.700000      0.33642767
 15.800000      0.29709021
 15.900000      0.25725724
 16.000000      0.21783415
 16.100000      0.17908013
 16.200000      0.14184613
 16.300000      0.10661611
 16.400000      0.07298479
 16.500000      0.04105143
 16.600000      0.01038606
 16.700000     -0.01911781
 16.800000     -0.04716230
 16.900000     -0.07360079
 17.000000     -0.09874198
 17.100000     -0.12266576
 17.200000     -0.14549564
 17.300000     -0.16726314
 17.400000     -0.18759689
 17.500000     -0.20629523
 17.600000     -0.22391791
 17.700000     -0.24067648
 17.800000     -0.25660232
 17.900000     -0.27151557
 18.000000     -0.28545525
 18.100000     -0.29795703
 18.200000     -0.30895854
 18.300000     -0.31874933
 18.400000     -0.32752632
 18.500000     -0.33593515
 18.600000     -0.34454891
 18.700000     -0.35327163
 18.800000     -0.36168632
 18.900000     -0.36926148
 19.000000     -0.37522619
 19.100000     -0.37923029
 19.200000     -0.38175987
 19.300000     -0.38362521
 19.400000     -0.38518255
 19.500000     -0.38657864
 19.600000     -0.38779486
 19.700000     -0.38845534
 19.800000     -0.38859175
 19.900000     -0.38803426
 20.000000     -0.38669058
 20.100000     -0.38488322
 20.200000     -0.38297645
 20.300000     -0.38101401
 20.400000     -0.37858050
 20.500000     -0.37554132
 20.600000     -0.37189665
 20.700000     -0.36759268
 20.800000     -0.36290262
 20.900000     -0.35804336
 21.000000     -0.35244521
 21.100000     -0.34604366
 21.200000     -0.33931852
 21.300000     -0.33271190
 21.400000     -0.32663095
 21.500000     -0.32118845
 21.600000     -0.31571881
 21.700000     -0.30976893
 21.800000     -0.30306326
 21.900000     -0.29530307
 22.000000     -0.28600768
 22.100000     -0.27627919
 22.200000     -0.26690518
 22.300000     -0.25857677
 22.400000     -0.25184763
 22.500000     -0.24568449
 22.600000     -0.23927192
 22.700000     -0.23241625
 22.800000     -0.22550136
 22.900000     -0.21884141
 23.000000     -0.21261130
 23.100000     -0.20677138
 23.200000     -0.20171877
 23.300000     -0.19748205
 23.400000     -0.19366889
 23.500000     -0.19000979
 23.600000     -0.18628943
 23.700000     -0.18253672
 23.800000     -0.17874340
 23.900000     -0.17500745
 24.000000     -0.17131566
 24.100000     -0.16766997
 24.200000     -0.16407719
 24.300000     -0.16102884
 24.400000     -0.15878474
 24.500000     -0.15706417
 24.600000     -0.15551366
 24.700000     -0.15374675
 24.800000     -0.15172892
 24.900000     -0.14935710
 25.000000     -0.14707492
 25.100000     -0.14516883
 25.200000     -0.14390803
 25.300000     -0.14280861
 25.400000     -0.14167888
 25.500000     -0.14035671
 25.600000     -0.13844911
 25.700000     -0.13625733
 25.800000     -0.13440080
 25.900000     -0.13303621
 26.000000     -0.13218934
 26.100000     -0.13150752
 26.200000     -0.13062667
 26.300000     -0.12988753
 26.400000     -0.12936224
 26.500000     -0.12916582
 26.600000     -0.12945763
 26.700000     -0.13032027
 26.800000     -0.13139124
 26.900000     -0.13238323
 27.000000     -0.13302774
 27.100000     -0.13319037
 27.200000     -0.13279889
 27.300000     -0.13220193
 27.400000     -0.13186975
 27.500000     -0.13192216
 27.600000     -0.13223750
 27.700000     -0.13284197
 27.800000     -0.13323107
 27.900000     -0.13300234
 28.000000     -0.13211449
 28.100000     -0.13059665
 28.200000     -0.12845306
 28.300000     -0.12592452
 28.400000     -0.12346755
 28.500000     -0.12154445
 28.600000     -0.12021122
 28.700000     -0.11949155
 28.800000     -0.11929314
 28.900000     -0.11932714
 29.000000     -0.11934322
 29.100000     -0.11927555
 29.200000     -0.11885577
 29.300000     -0.11792224
 29.400000     -0.11690986
 29.500000     -0.11651862
 29.600000     -0.11678790
 29.700000     -0.11738495
 29.800000     -0.11800514
 29.900000     -0.11843021
 30.000000     -0.11822994
 30.100000     -0.11736225
 30.200000     -0.11658293
 30.300000     -0.11607482
 30.400000     -0.11607762
 30.500000     -0.11649326
 30.600000     -0.11710417
 30.700000     -0.11755803
 30.800000     -0.11774408
 30.900000     -0.11782311
 31.000000     -0.11785060
 31.100000     -0.11764137
 31.200000     -0.11715526
 31.300000     -0.11681405
 31.400000     -0.11670856
 31.500000     -0.11675321
 31.600000     -0.11688492
 31.700000     -0.11667272
 31.800000     -0.11661048
 31.900000     -0.11653495
 32.000000     -0.11593244
 32.100000     -0.11457977
 32.200000     -0.11260804
 32.300000     -0.11078827
 32.400000     -0.10953647
 32.500000     -0.10857788
 32.600000     -0.10794418
 32.700000     -0.10704182
 32.800000     -0.10534893
 32.900000     -0.10268972
 33.000000     -0.09952508
 33.100000     -0.09617090
 33.200000     -0.09317096
 33.300000     -0.09086655
 33.400000     -0.08879711
 33.500000     -0.08708951
 33.600000     -0.08611912
 33.700000     -0.08529546
 33.800000     -0.08438472
 33.900000     -0.08353083
 34.000000     -0.08251251
 34.100000     -0.08123962
 34.200000     -0.07991625
 34.300000     -0.07867749
 34.400000     -0.07767540
 34.500000     -0.07725900
 34.600000     -0.07756041
 34.700000     -0.07790911
 34.800000     -0.07784391
 34.900000     -0.07718158
 35.000000     -0.07586224
 35.100000     -0.07409618
 35.200000     -0.07245880
 35.300000     -0.07141076
 35.400000     -0.07084531
 35.500000     -0.07051700
 35.600000     -0.07013216
 35.700000     -0.06923027
 35.800000     -0.06724545
 35.900000     -0.06471200
 36.000000     -0.06204357
 36.100000     -0.05949741
 36.200000     -0.05725581
 36.300000     -0.05527765
 36.400000     -0.05323670
 36.500000     -0.05102677
 36.600000     -0.04876561
 36.700000     -0.04651071
 36.800000     -0.04427161
 36.900000     -0.04179358
 37.000000     -0.03908122
 37.100000     -0.03598886
 37.200000     -0.03256778
 37.300000     -0.02908855
 37.400000     -0.02617781
 37.500000     -0.02416890
 37.600000     -0.02253556
 37.700000     -0.02091119
 37.800000     -0.01887870
 37.900000     -0.01604566
 38.000000     -0.01263769
 38.100000     -0.00985905
 38.200000     -0.00778929
 38.300000     -0.00653069
 38.400000     -0.00592473
 38.500000     -0.00556005
 38.600000     -0.00462462
 38.700000     -0.00333061
 38.800000     -0.00200950
 38.900000     -0.00081815
 39.000000      0.00009835
 39.100000      0.00066498
 39.200000      0.00099727
 39.300000      0.00136576
 39.400000      0.00178208
 39.500000      0.00204143
 39.600000      0.00195686
 39.700000      0.00135721
 39.800000      0.00068812
 39.900000      0.00024452
