  0.000000     -0.06989963
  0.100000     -0.07212732
  0.200000     -0.07435501
  0.300000     -0.07658269
  0.400000     -0.07881038
  0.500000     -0.08103807
  0.600000     -0.07480241
  0.700000     -0.06856676
  0.800000     -0.06232081
  0.900000     -0.05605428
  1.000000     -0.04978775
  1.100000     -0.04352123
  1.200000     -0.03725470
  1.300000     -0.03098817
  1.400000     -0.02472164
  1.500000     -0.01845511
  1.600000     -0.01218858
  1.700000     -0.00592206
  1.800000      0.00034447
  1.900000      0.01251056
  2.000000      0.02762643
  2.100000      0.04274230
  2.200000      0.05780634
  2.300000      0.07287037
  2.400000      0.08793441
  2.500000      0.10299844
  2.600000      0.11806248
  2.700000      0.13312651
  2.800000      0.14819055
  2.900000      0.16325458
  3.000000      0.17831862
  3.100000      0.19338265
  3.200000      0.20643808
  3.300000      0.21547632
  3.400000      0.22451455
  3.500000      0.23346781
  3.600000      0.24237859
  3.700000      0.25128936
  3.800000      0.26020014
  3.900000      0.26911092
  4.000000      0.27802169
  4.100000      0.28693247
  4.200000      0.29584325
  4.300000      0.30475402
  4.400000      0.31366480
  4.500000      0.32257558
  4.600000      0.31753839
  4.700000      0.31250120
  4.800000      0.30738246
  4.900000      0.30210063
  5.000000      0.29681880
  5.100000      0.29153698
  5.200000      0.28625515
  5.300000      0.28097332
  5.400000      0.27569149
  5.500000      0.27040967
  5.600000      0.26512784
  5.700000      0.25984601
  5.800000      0.25456418
  5.900000      0.25187101
  6.000000      0.25047216
  6.100000      0.24907332
  6.200000      0.24741605
  6.300000      0.24575878
  6.400000      0.24410151
  6.500000      0.24244424
  6.600000      0.24078696
  6.700000      0.23912969
  6.800000      0.23747242
  6.900000      0.23581515
  7.000000      0.23415788
  7.100000      0.23250061
  7.200000      0.23402636
  7.300000      0.24191816
  7.400000      0.24980996
  7.500000      0.25754396
  7.600000      0.26519907
  7.700000      0.27285417
  7.800000      0.28050928
  7.900000      0.28816438
  8.000000      0.29581949
  8.100000      0.30347460
  8.200000      0.31112970
  8.300000      0.31878481
  8.400000      0.32643991
  8.500000      0.33409502
  8.600000      0.33373465
  8.700000      0.33337428
  8.800000      0.33291384
  8.900000      0.33225326
  9.000000      0.33159268
  9.100000      0.33093210
  9.200000      0.33027152
  9.300000      0.32961094
  9.400000      0.32895036
  9.500000      0.32828979
  9.600000      0.32762921
  9.700000      0.32696863
  9.800000      0.32630805
  9.900000      0.32180021
 10.000000      0.31536873
 10.100000      0.30893726
 10.200000      0.30226300
 10.300000      0.29558874
 10.400000      0.28891449
 10.500000      0.28224023
 10.600000      0.27556598
 10.700000      0.26889172
 10.800000      0.26221746
 10.900000      0.25554321
 11.000000      0.24886895
 11.100000      0.24219470
 11.200000      0.23888159
 11.300000      0.24229078
 11.400000      0.24569996
 11.500000      0.24898611
 11.600000      0.25221074
 11.700000      0.25543537
 11.800000      0.25865999
 11.900000      0.26188462
 12.000000      0.26510925
 12.100000      0.26833388
 12.200000      0.27155850
 12.300000      0.27478313
 12.400000      0.27800776
 12.500000      0.28123239
 12.600000      0.29107022
 12.700000      0.30090806
 12.800000      0.31066888
 12.900000      0.32027566
 13.000000      0.32988245
 13.100000      0.33948923
 13.200000      0.34909601
 13.300000      0.35870279
 13.400000      0.36830958
 13.500000      0.37791636
 13.600000      0.38752314
 13.700000      0.39712992
 13.800000      0.40673671
 13.900000      0.41112738
 14.000000      0.41291001
 14.100000      0.41469263
 14.200000      0.41623143
 14.300000      0.41777023
 14.400000      0.41930903
 14.500000      0.42084783
 14.600000      0.42238663
 14.700000      0.42392543
 14.800000      0.42546423
 14.900000      0.42700303
 15.000000      0.42854183
 15.100000      0.43008063
 15.200000      0.43162735
 15.300000      0.43318993
 15.400000      0.43475250
 15.500000      0.43619917
 15.600000      0.43758787
 15.700000      0.43897658
 15.800000      0.44036528
 15.900000      0.44175399
 16.000000      0.44314269
 16.100000      0.44453140
 16.200000      0.44592011
 16.300000      0.44730881
 16.400000      0.44869752
 16.500000      0.45008622
 16.600000      0.45438591
 16.700000      0.45868560
 16.800000      0.46293088
 16.900000      0.46706731
 17.000000      0.47120374
 17.100000      0.47534017
 17.200000      0.47947660
 17.300000      0.48361303
 17.400000      0.48774946
 17.500000      0.49188589
 17.600000      0.49602233
 17.700000      0.50015876
 17.800000      0.50429519
 17.900000      0.50221100
 18.000000      0.49701651
 18.100000      0.49182202
 18.200000      0.48645186
 18.300000      0.48108169
 18.400000      0.47571153
 18.500000      0.47034137
 18.600000      0.46497120
 18.700000      0.45960104
 18.800000      0.45423087
 18.900000      0.44886071
 19.000000      0.44349054
 19.100000      0.43812038
 19.200000      0.43198520
 19.300000      0.42432001
 19.400000      0.41665481
 19.500000      0.40889758
 19.600000      0.40109432
 19.700000      0.39329106
 19.800000      0.38548780
 19.900000      0.37768454
 20.000000      0.36988128
 20.100000      0.36207802
 20.200000      0.35427476
 20.300000      0.34647150
 20.400000      0.33866824
 20.500000      0.33086498
 20.600000      0.33458662
 20.700000      0.33830826
 20.800000      0.34198640
 20.900000      0.34557755
 21.000000      0.34916870
 21.100000      0.35275985
 21.200000      0.35635100
 21.300000      0.35994215
 21.400000      0.36353330
 21.500000      0.36712445
 21.600000      0.37071559
 21.700000      0.37430674
 21.800000      0.37789789
 21.900000      0.38917716
 22.000000      0.40430048
 22.100000      0.41942380
 22.200000      0.43444343
 22.300000      0.44946307
 22.400000      0.46448270
 22.500000      0.47950234
 22.600000      0.49452198
 22.700000      0.50954161
 22.800000      0.52456125
 22.900000      0.53958089
 23.000000      0.55460052
 23.100000      0.56962016
 23.200000      0.58402162
 23.300000      0.59718675
 23.400000      0.61035187
 23.500000      0.62347171
 23.600000      0.63656892
 23.700000      0.64966612
 23.800000      0.66276333
 23.900000      0.67586053
 24.000000      0.68895774
 24.100000      0.70205494
 24.200000      0.71515215
 24.300000      0.72824935
 24.400000      0.74134656
 24.500000      0.75444376
 24.600000      0.76146420
 24.700000      0.76848465
 24.800000      0.77549221
 24.900000      0.78247402
 25.000000      0.78945582
 25.100000      0.79643763
 25.200000      0.80341943
 25.300000      0.81040124
 25.400000      0.81738304
 25.500000      0.82436485
 25.600000      0.83134665
 25.700000      0.83832846
 25.800000      0.84531027
 25.900000      0.85197266
 26.000000      0.85847535
 26.100000      0.86497804
 26.200000      0.87149313
 26.300000      0.87800823
 26.400000      0.88452332
 26.500000      0.89103842
 26.600000      0.89755351
 26.700000      0.90406861
 26.800000      0.91058370
 26.900000      0.91709879
 27.000000      0.92361389
 27.100000      0.93012898
 27.200000      0.93609928
 27.300000      0.94098000
 27.400000      0.94586072
 27.500000      0.95076965
 27.600000      0.95569269
 27.700000      0.96061572
 27.800000      0.96553876
 27.900000      0.97046179
 28.000000      0.97538483
 28.100000      0.98030786
 28.200000      0.98523090
 28.300000      0.99015393
 28.400000      0.99507697
 28.500000      1.00000000
 28.600000      0.99739579
 28.700000      0.99479157
 28.800000      0.99221935
 28.900000      0.98971112
 29.000000      0.98720290
 29.100000      0.98469467
 29.200000      0.98218644
 29.300000      0.97967821
 29.400000      0.97716998
 29.500000      0.97466175
 29.600000      0.97215352
 29.700000      0.96964529
 29.800000      0.96713706
 29.900000      0.96209842
 30.000000      0.95579458
 30.100000      0.94949073
 30.200000      0.94340702
 30.300000      0.93732330
 30.400000      0.93123958
 30.500000      0.92515587
 30.600000      0.91907215
 30.700000      0.91298843
 30.800000      0.90690472
 30.900000      0.90082100
 31.000000      0.89473728
 31.100000      0.88865357
 31.200000      0.88458375
 31.300000      0.88454173
 31.400000      0.88449971
 31.500000      0.88462114
 31.600000      0.88482430
 31.700000      0.88502746
 31.800000      0.88523062
 31.900000      0.88543378
 32.000000      0.88563694
 32.100000      0.88584010
 32.200000      0.88604326
 32.300000      0.88624642
 32.400000      0.88644958
 32.500000      0.88665274
 32.600000      0.88517587
 32.700000      0.88369900
 32.800000      0.88229908
 32.900000      0.88105308
 33.000000      0.87980707
 33.100000      0.87856106
 33.200000      0.87731505
 33.300000      0.87606904
 33.400000      0.87482304
 33.500000      0.87357703
 33.600000      0.87233102
 33.700000      0.87108501
 33.800000      0.86983900
 33.900000      0.86291216
 34.000000      0.85314491
 34.100000      0.84337765
 34.200000      0.83380616
 34.300000      0.82423468
 34.400000      0.81466319
 34.500000      0.80509170
 34.600000      0.79552021
 34.700000      0.78594872
 34.800000      0.77637723
 34.900000      0.76680574
 35.000000      0.75723426
 35.100000      0.74766277
 35.200000      0.73795512
 35.300000      0.72797514
 35.400000      0.71799517
 35.500000      0.70811572
 35.600000      0.69828654
 35.700000      0.68845736
 35.800000      0.67862818
 35.900000      0.66879900
 36.000000      0.65896982
 36.100000      0.64914064
 36.200000      0.63931146
 36.300000      0.62948228
 36.400000      0.61965310
 36.500000      0.60982392
 36.600000      0.60206261
 36.700000      0.59430129
 36.800000      0.58660169
 36.900000      0.57902552
 37.000000      0.57144935
 37.100000      0.56387319
 37.200000      0.55629702
 37.300000      0.54872085
 37.400000      0.54114468
 37.500000      0.53356851
 37.600000      0.52599234
 37.700000      0.51841617
 37.800000      0.51084000
 37.900000      0.50344815
 38.000000      0.49614845
 38.100000      0.48884875
 38.200000      0.48178336
 38.300000      0.47471796
 38.400000      0.46765257
 38.500000      0.46058718
 38.600000      0.45352178
 38.700000      0.44645639
 38.800000      0.43939100
 38.900000      0.43232560
 39.000000      0.42526021
 39.100000      0.41819481
 39.200000      0.41092587
 39.300000      0.40324983
 39.400000      0.39557380
 39.500000      0.38807173
 39.600000      0.38065665
 39.700000      0.37324157
 39.800000      0.36582650
 39.900000      0.35841142
