  0.000000      0.06112854
  0.100000      0.06327529
  0.200000      0.06394737
  0.300000      0.06421908
  0.400000      0.06510368
  0.500000      0.06539659
  0.600000      0.06543457
  0.700000      0.06513757
  0.800000      0.06450055
  0.900000      0.06433755
  1.000000      0.06374825
  1.100000      0.06256587
  1.200000      0.06254078
  1.300000      0.06253295
  1.400000      0.06170411
  1.500000      0.06107811
  1.600000      0.05973943
  1.700000      0.05780994
  1.800000      0.05481809
  1.900000      0.05259708
  2.000000      0.05268471
  2.100000      0.05370558
  2.200000      0.05484266
  2.300000      0.05492945
  2.400000      0.05341358
  2.500000      0.05385121
  2.600000      0.05673654
  2.700000      0.05972055
  2.800000      0.06117945
  2.900000      0.06239260
  3.000000      0.06524901
  3.100000      0.06791950
  3.200000      0.06830625
  3.300000      0.06797396
  3.400000      0.06873892
  3.500000      0.06751817
  3.600000      0.06641602
  3.700000      0.06903887
  3.800000      0.07178146
  3.900000      0.07292856
  4.000000      0.07643413
  4.100000      0.08080614
  4.200000      0.08407300
  4.300000      0.08473878
  4.400000      0.08438826
  4.500000      0.08384008
  4.600000      0.08428447
  4.700000      0.08475269
  4.800000      0.08405907
  4.900000      0.08263367
  5.000000      0.08329994
  5.100000      0.08555324
  5.200000      0.08740341
  5.300000      0.09169241
  5.400000      0.09297843
  5.500000      0.09407673
  5.600000      0.09625681
  5.700000      0.09751023
  5.800000      0.10139834
  5.900000      0.10503890
  6.000000      0.10574485
  6.100000      0.10820880
  6.200000      0.11440088
  6.300000      0.12019264
  6.400000      0.12433569
  6.500000      0.12869093
  6.600000      0.13425697
  6.700000      0.13987583
  6.800000      0.14443897
  6.900000      0.14786122
  7.000000      0.14777611
  7.100000      0.14671844
  7.200000      0.14251077
  7.300000      0.13738420
  7.400000      0.13531485
  7.500000      0.13444245
  7.600000      0.13277755
  7.700000      0.13158646
  7.800000      0.13367342
  7.900000      0.13102750
  8.000000      0.13033661
  8.100000      0.12886054
  8.200000      0.12305857
  8.300000      0.11393190
  8.400000      0.10834874
  8.500000      0.10137068
  8.600000      0.09833662
  8.700000      0.09746367
  8.800000      0.09223909
  8.900000      0.08134580
  9.000000      0.06745194
  9.100000      0.05774214
  9.200000      0.04486146
  9.300000      0.03907652
  9.400000      0.02550232
  9.500000      0.01889089
  9.600000      0.01581138
  9.700000      0.01073472
  9.800000      0.00849183
  9.900000      0.01506442
 10.000000      0.02134628
 10.100000      0.03721559
 10.200000      0.05972763
 10.300000      0.09761707
 10.400000      0.13984583
 10.500000      0.18128205
 10.600000      0.23013627
 10.700000      0.28613091
 10.800000      0.35006428
 10.900000      0.41370794
 11.000000      0.47956166
 11.100000      0.54462016
 11.200000      0.61095094
 11.300000      0.67523936
 11.400000      0.74082192
 11.500000      0.79573003
 11.600000      0.84438794
 11.700000      0.88912201
 11.800000      0.92061658
 11.900000      0.94648961
 12.000000      0.97240687
 12.100000      0.98907126
 12.200000      1.00000000
 12.300000      0.99808608
 12.400000      0.98769751
 12.500000      0.96836845
 12.600000      0.94676434
 12.700000      0.91527889
 12.800000      0.87691099
 12.900000      0.83341355
 13.000000      0.77974109
 13.100000      0.71738649
 13.200000      0.65678728
 13.300000      0.59309082
 13.400000      0.52076611
 13.500000      0.43964563
 13.600000      0.36598682
 13.700000      0.29330245
 13.800000      0.21497840
 13.900000      0.13697739
 14.000000      0.06619730
 14.100000     -0.00542510
 14.200000     -0.05923840
 14.300000     -0.11130733
 14.400000     -0.15982596
 14.500000     -0.20638227
 14.600000     -0.24669268
 14.700000     -0.28207403
 14.800000     -0.30715537
 14.900000     -0.33050313
 15.000000     -0.35250275
 15.100000     -0.37628243
 15.200000     -0.39840858
 15.300000     -0.41283069
 15.400000     -0.42457443
 15.500000     -0.42807724
 15.600000     -0.43471192
 15.700000     -0.43357894
 15.800000     -0.43163574
 15.900000     -0.42573358
 16.000000     -0.41867567
 16.100000     -0.41042802
 16.200000     -0.40288664
 16.300000     -0.39145668
 16.400000     -0.38393484
 16.500000     -0.37752524
 16.600000     -0.37152345
 16.700000     -0.36369156
 16.800000     -0.36168959
 16.900000     -0.36000930
 17.000000     -0.35836223
 17.100000     -0.35413068
 17.200000     -0.34878537
 17.300000     -0.34502649
 17.400000     -0.34006194
 17.500000     -0.33574474
 17.600000     -0.32639884
 17.700000     -0.32049039
 17.800000     -0.31624447
 17.900000     -0.31169053
 18.000000     -0.30400293
 18.100000     -0.29417887
 18.200000     -0.28841227
 18.300000     -0.28216591
 18.400000     -0.27649238
 18.500000     -0.27139593
 18.600000     -0.26386176
 18.700000     -0.26000186
 18.800000     -0.25299195
 18.900000     -0.24660530
 19.000000     -0.24022601
 19.100000     -0.23828930
 19.200000     -0.23557248
 19.300000     -0.23314105
 19.400000     -0.23202593
 19.500000     -0.23310349
 19.600000     -0.22939255
 19.700000     -0.22910806
 19.800000     -0.22495247
 19.900000     -0.21967425
 20.000000     -0.21089016
 20.100000     -0.20531805
 20.200000     -0.19889892
 20.300000     -0.19282366
 20.400000     -0.18560535
 20.500000     -0.17982383
 20.600000     -0.17534025
 20.700000     -0.17291660
 20.800000     -0.17115419
 20.900000     -0.17133309
 21.000000     -0.17363007
 21.100000     -0.17269954
 21.200000     -0.16909127
 21.300000     -0.16456234
 21.400000     -0.16073388
 21.500000     -0.15418672
 21.600000     -0.14814022
 21.700000     -0.14551558
 21.800000     -0.14064454
 21.900000     -0.13459956
 22.000000     -0.13477453
 22.100000     -0.13315916
 22.200000     -0.13505989
 22.300000     -0.13362258
 22.400000     -0.13486322
 22.500000     -0.13672312
 22.600000     -0.13965258
 22.700000     -0.14333080
 22.800000     -0.14780198
 22.900000     -0.15005628
 23.000000     -0.15019061
 23.100000     -0.14961162
 23.200000     -0.14794843
 23.300000     -0.14635486
 23.400000     -0.14414929
 23.500000     -0.14756542
 23.600000     -0.14471776
 23.700000     -0.14463207
 23.800000     -0.13977340
 23.900000     -0.13658038
 24.000000     -0.12951273
 24.100000     -0.12276738
 24.200000     -0.11588946
 24.300000     -0.11126781
 24.400000     -0.10805856
 24.500000     -0.10389227
 24.600000     -0.09963007
 24.700000     -0.09789652
 24.800000     -0.09191944
 24.900000     -0.08654046
 25.000000     -0.08243003
 25.100000     -0.07753733
 25.200000     -0.07029247
 25.300000     -0.06586372
 25.400000     -0.06244722
 25.500000     -0.06024830
 25.600000     -0.05809873
 25.700000     -0.06097564
 25.800000     -0.06375006
 25.900000     -0.06682426
 26.000000     -0.06918501
 26.100000     -0.07073670
 26.200000     -0.07530622
 26.300000     -0.07750840
 26.400000     -0.07809556
 26.500000     -0.07987577
 26.600000     -0.08228579
 26.700000     -0.08267658
 26.800000     -0.07941133
 26.900000     -0.07793382
 27.000000     -0.07577191
 27.100000     -0.07339937
 27.200000     -0.07103334
 27.300000     -0.06856115
 27.400000     -0.06992249
 27.500000     -0.07192710
 27.600000     -0.07307169
 27.700000     -0.07431843
 27.800000     -0.07601639
 27.900000     -0.07645808
 28.000000     -0.07609957
 28.100000     -0.07556794
 28.200000     -0.07736917
 28.300000     -0.07880349
 28.400000     -0.07928015
 28.500000     -0.08140862
 28.600000     -0.08384760
 28.700000     -0.08686796
 28.800000     -0.08867178
 28.900000     -0.08901413
 29.000000     -0.08737252
 29.100000     -0.08751160
 29.200000     -0.08701136
 29.300000     -0.08576931
 29.400000     -0.08501709
 29.500000     -0.08603750
 29.600000     -0.08607950
 29.700000     -0.08508754
 29.800000     -0.08367279
 29.900000     -0.08269772
 30.000000     -0.08233527
 30.100000     -0.08404119
 30.200000     -0.08229878
 30.300000     -0.07964337
 30.400000     -0.07753553
 30.500000     -0.07580831
 30.600000     -0.07322694
 30.700000     -0.06993986
 30.800000     -0.06776748
 30.900000     -0.06593252
 31.000000     -0.06050346
 31.100000     -0.05509509
 31.200000     -0.05237695
 31.300000     -0.05043624
 31.400000     -0.04653053
 31.500000     -0.04119118
 31.600000     -0.03661081
 31.700000     -0.03540099
 31.800000     -0.03696807
 31.900000     -0.03794487
 32.000000     -0.03913881
 32.100000     -0.04344383
 32.200000     -0.04861505
 32.300000     -0.05069468
 32.400000     -0.05127130
 32.500000     -0.05295881
 32.600000     -0.05671244
 32.700000     -0.05929891
 32.800000     -0.05809564
 32.900000     -0.05824022
 33.000000     -0.05831660
 33.100000     -0.06062339
 33.200000     -0.06351178
 33.300000     -0.06445327
 33.400000     -0.06290219
 33.500000     -0.06192424
 33.600000     -0.06123705
 33.700000     -0.05825013
 33.800000     -0.05220115
 33.900000     -0.04415031
 34.000000     -0.03677369
 34.100000     -0.03211639
 34.200000     -0.02961163
 34.300000     -0.02910158
 34.400000     -0.02998430
 34.500000     -0.03180815
 34.600000     -0.03353154
 34.700000     -0.03222177
 34.800000     -0.02951961
 34.900000     -0.02803077
 35.000000     -0.02872311
 35.100000     -0.03152062
 35.200000     -0.03362808
 35.300000     -0.03392450
 35.400000     -0.03408017
 35.500000     -0.03488400
 35.600000     -0.03721027
 35.700000     -0.04199501
 35.800000     -0.04484737
 35.900000     -0.04605820
 36.000000     -0.04707267
 36.100000     -0.04822702
 36.200000     -0.05002362
 36.300000     -0.05080658
 36.400000     -0.05084938
 36.500000     -0.05060949
 36.600000     -0.05008680
 36.700000     -0.04995653
 36.800000     -0.05143051
 36.900000     -0.05284328
 37.000000     -0.05223391
 37.100000     -0.04917095
 37.200000     -0.04710682
 37.300000     -0.04675289
 37.400000     -0.04513636
 37.500000     -0.04276130
 37.600000     -0.04261298
 37.700000     -0.04283076
 37.800000     -0.04274196
 37.900000     -0.04288091
 38.000000     -0.04329530
 38.100000     -0.04330814
 38.200000     -0.04228084
 38.300000     -0.03912574
 38.400000     -0.03465790
 38.500000     -0.03087840
 38.600000     -0.02994035
 38.700000     -0.03008234
 38.800000     -0.03059920
 38.900000     -0.03133982
 39.000000     -0.03169697
 39.100000     -0.03005510
 39.200000     -0.02622201
 39.300000     -0.02210212
 39.400000     -0.01965807
 39.500000     -0.01982272
 39.600000     -0.01910479
 39.700000     -0.01659168
 39.800000     -0.01432440
 39.900000     -0.01199174
