  0.000000      0.01644082
  0.100000      0.01617597
  0.200000      0.01591208
  0.300000      0.01560855
  0.400000      0.01523039
  0.500000      0.01483758
  0.600000      0.01436159
  0.700000      0.01392203
  0.800000      0.01341134
  0.900000      0.01292247
  1.000000      0.01245533
  1.100000      0.01207824
  1.200000      0.01175396
  1.300000      0.01141275
  1.400000      0.01104232
  1.500000      0.01063575
  1.600000      0.01066978
  1.700000      0.01002718
  1.800000      0.00952847
  1.900000      0.00901197
  2.000000      0.00843781
  2.100000      0.00819545
  2.200000      0.00791876
  2.300000      0.00801984
  2.400000      0.00823972
  2.500000      0.00858510
  2.600000      0.00944692
  2.700000      0.01029750
  2.800000      0.01145561
  2.900000      0.01268267
  3.000000      0.01406093
  3.100000      0.01552970
  3.200000      0.01689307
  3.300000      0.01818907
  3.400000      0.01930923
  3.500000      0.01994472
  3.600000      0.02079499
  3.700000      0.02116954
  3.800000      0.02170594
  3.900000      0.02211990
  4.000000      0.02245921
  4.100000      0.02312367
  4.200000      0.02346012
  4.300000      0.02403661
  4.400000      0.02504167
  4.500000      0.02617469
  4.600000      0.02769298
  4.700000      0.02877656
  4.800000      0.03006405
  4.900000      0.03134178
  5.000000      0.03223883
  5.100000      0.03336718
  5.200000      0.03437185
  5.300000      0.03507418
  5.400000      0.03562793
  5.500000      0.03610232
  5.600000      0.03674323
  5.700000      0.03739375
  5.800000      0.03836589
  5.900000      0.03927858
  6.000000      0.04035455
  6.100000      0.04153125
  6.200000      0.04301207
  6.300000      0.04414219
  6.400000      0.04560236
  6.500000      0.04757577
  6.600000      0.04985508
  6.700000      0.05261311
  6.800000      0.05599881
  6.900000      0.05977174
  7.000000      0.06391313
  7.100000      0.06882002
  7.200000      0.07419990
  7.300000      0.08027607
  7.400000      0.08730276
  7.500000      0.09474401
  7.600000      0.10327074
  7.700000      0.11266134
  7.800000      0.12297650
  7.900000      0.13426929
  8.000000      0.14729275
  8.100000      0.16246444
  8.200000      0.17942524
  8.300000      0.19855652
  8.400000      0.22027531
  8.500000      0.24441934
  8.600000      0.27165922
  8.700000      0.30145526
  8.800000      0.33426876
  8.900000      0.36954987
  9.000000      0.40757853
  9.100000      0.44863095
  9.200000      0.49159925
  9.300000      0.53629125
  9.400000      0.58187576
  9.500000      0.62750240
  9.600000      0.67206821
  9.700000      0.71468479
  9.800000      0.75502941
  9.900000      0.79333708
 10.000000      0.82801627
 10.100000      0.85936005
 10.200000      0.88713284
 10.300000      0.91129432
 10.400000      0.93269427
 10.500000      0.95085053
 10.600000      0.96648382
 10.700000      0.97920742
 10.800000      0.98828461
 10.900000      0.99536064
 11.000000      0.99894551
 11.100000      1.00000000
 11.200000      0.99860768
 11.300000      0.99307698
 11.400000      0.98531729
 11.500000      0.97738524
 11.600000      0.96894839
 11.700000      0.95905224
 11.800000      0.94849493
 11.900000      0.93614836
 12.000000      0.92198801
 12.100000      0.90708633
 12.200000      0.89077037
 12.300000      0.87319243
 12.400000      0.85419435
 12.500000      0.83359876
 12.600000      0.81132688
 12.700000      0.78617703
 12.800000      0.76028909
 12.900000      0.73410478
 13.000000      0.70718610
 13.100000      0.67882393
 13.200000      0.64977819
 13.300000      0.61993623
 13.400000      0.58887159
 13.500000      0.55666974
 13.600000      0.52515507
 13.700000      0.49330228
 13.800000      0.46190741
 13.900000      0.42959676
 14.000000      0.39616718
 14.100000      0.36441875
 14.200000      0.33300305
 14.300000      0.30384999
 14.400000      0.27481104
 14.500000      0.24636628
 14.600000      0.21861275
 14.700000      0.19121415
 14.800000      0.16470431
 14.900000      0.13852189
 15.000000      0.11466116
 15.100000      0.09281273
 15.200000      0.07235782
 15.300000      0.05285950
 15.400000      0.03313954
 15.500000      0.01513049
 15.600000     -0.00092842
 15.700000     -0.01576018
 15.800000     -0.02833647
 15.900000     -0.03861878
 16.000000     -0.04814234
 16.100000     -0.05705913
 16.200000     -0.06393861
 16.300000     -0.06973700
 16.400000     -0.07411189
 16.500000     -0.07806270
 16.600000     -0.08185397
 16.700000     -0.08578874
 16.800000     -0.08848128
 16.900000     -0.09080091
 17.000000     -0.09282059
 17.100000     -0.09540582
 17.200000     -0.09796027
 17.300000     -0.10134154
 17.400000     -0.10449887
 17.500000     -0.10724637
 17.600000     -0.10990879
 17.700000     -0.11098021
 17.800000     -0.11257006
 17.900000     -0.11379340
 18.000000     -0.11504284
 18.100000     -0.11604275
 18.200000     -0.11677039
 18.300000     -0.11836435
 18.400000     -0.11944812
 18.500000     -0.12124385
 18.600000     -0.12256165
 18.700000     -0.12385207
 18.800000     -0.12629743
 18.900000     -0.12979844
 19.000000     -0.13363049
 19.100000     -0.13818019
 19.200000     -0.14275366
 19.300000     -0.14728330
 19.400000     -0.15232271
 19.500000     -0.15738495
 19.600000     -0.16254460
 19.700000     -0.16764539
 19.800000     -0.17200596
 19.900000     -0.17529527
 20.000000     -0.17828832
 20.100000     -0.18072714
 20.200000     -0.18290484
 20.300000     -0.18494079
 20.400000     -0.18652826
 20.500000     -0.18817488
 20.600000     -0.18972996
 20.700000     -0.19030961
 20.800000     -0.19200854
 20.900000     -0.19395274
 21.000000     -0.19715266
 21.100000     -0.20003151
 21.200000     -0.20245407
 21.300000     -0.20574173
 21.400000     -0.20811638
 21.500000     -0.21103313
 21.600000     -0.21346409
 21.700000     -0.21492543
 21.800000     -0.21607067
 21.900000     -0.21584331
 22.000000     -0.21563115
 22.100000     -0.21478812
 22.200000     -0.21473783
 22.300000     -0.21390239
 22.400000     -0.21340211
 22.500000     -0.21224826
 22.600000     -0.21075838
 22.700000     -0.21019127
 22.800000     -0.20928268
 22.900000     -0.20938393
 23.000000     -0.20987971
 23.100000     -0.21070301
 23.200000     -0.21185578
 23.300000     -0.21307766
 23.400000     -0.21461476
 23.500000     -0.21558100
 23.600000     -0.21683926
 23.700000     -0.21738542
 23.800000     -0.21793711
 23.900000     -0.21769424
 24.000000     -0.21688345
 24.100000     -0.21605677
 24.200000     -0.21504925
 24.300000     -0.21382060
 24.400000     -0.21151457
 24.500000     -0.20989303
 24.600000     -0.20792001
 24.700000     -0.20627865
 24.800000     -0.20490883
 24.900000     -0.20329884
 25.000000     -0.20231323
 25.100000     -0.20116418
 25.200000     -0.19983148
 25.300000     -0.19853957
 25.400000     -0.19850943
 25.500000     -0.19679613
 25.600000     -0.19493654
 25.700000     -0.18757644
 25.800000     -0.18546666
 25.900000     -0.18381469
 26.000000     -0.18158962
 26.100000     -0.17966127
 26.200000     -0.17732003
 26.300000     -0.17538611
 26.400000     -0.17332150
 26.500000     -0.17122703
 26.600000     -0.16873078
 26.700000     -0.16623890
 26.800000     -0.16391063
 26.900000     -0.16105568
 27.000000     -0.15866809
 27.100000     -0.15668328
 27.200000     -0.15409042
 27.300000     -0.15237681
 27.400000     -0.14968620
 27.500000     -0.14776326
 27.600000     -0.14621130
 27.700000     -0.14433847
 27.800000     -0.14269504
 27.900000     -0.14199105
 28.000000     -0.14042096
 28.100000     -0.13933190
 28.200000     -0.13848514
 28.300000     -0.13711142
 28.400000     -0.13584960
 28.500000     -0.13520053
 28.600000     -0.13461684
 28.700000     -0.13375568
 28.800000     -0.13357186
 28.900000     -0.13272283
 29.000000     -0.13208611
 29.100000     -0.13103782
 29.200000     -0.12944377
 29.300000     -0.12754110
 29.400000     -0.12539572
 29.500000     -0.12284560
 29.600000     -0.12116622
 29.700000     -0.11899809
 29.800000     -0.11619202
 29.900000     -0.11421583
 30.000000     -0.11179253
 30.100000     -0.10928699
 30.200000     -0.10728459
 30.300000     -0.10565178
 30.400000     -0.10339868
 30.500000     -0.10177069
 30.600000     -0.10040479
 30.700000     -0.09911094
 30.800000     -0.09813484
 30.900000     -0.09699103
 31.000000     -0.09641891
 31.100000     -0.09611290
 31.200000     -0.09594446
 31.300000     -0.09632145
 31.400000     -0.09669807
 31.500000     -0.09660617
 31.600000     -0.09724715
 31.700000     -0.09729115
 31.800000     -0.09814419
 31.900000     -0.09872856
 32.000000     -0.09892293
 32.100000     -0.09955075
 32.200000     -0.10005202
 32.300000     -0.10025822
 32.400000     -0.10076024
 32.500000     -0.10078900
 32.600000     -0.09983300
 32.700000     -0.09960728
 32.800000     -0.09855211
 32.900000     -0.09722348
 33.000000     -0.09549273
 33.100000     -0.09405688
 33.200000     -0.09201580
 33.300000     -0.09071992
 33.400000     -0.08962468
 33.500000     -0.08836875
 33.600000     -0.08719628
 33.700000     -0.08646242
 33.800000     -0.08575859
 33.900000     -0.08444723
 34.000000     -0.08412935
 34.100000     -0.08293954
 34.200000     -0.08323110
 34.300000     -0.08275905
 34.400000     -0.08273018
 34.500000     -0.08307131
 34.600000     -0.08374142
 34.700000     -0.08433794
 34.800000     -0.08494937
 34.900000     -0.08613883
 35.000000     -0.08696230
 35.100000     -0.08803222
 35.200000     -0.08902836
 35.300000     -0.08984008
 35.400000     -0.09042404
 35.500000     -0.09130139
 35.600000     -0.09183437
 35.700000     -0.09232778
 35.800000     -0.09284365
 35.900000     -0.09326704
 36.000000     -0.09379735
 36.100000     -0.09422888
 36.200000     -0.09444535
 36.300000     -0.09435352
 36.400000     -0.09389491
 36.500000     -0.09317497
 36.600000     -0.09223720
 36.700000     -0.09112008
 36.800000     -0.08990884
 36.900000     -0.08867064
 37.000000     -0.08743028
 37.100000     -0.08631779
 37.200000     -0.08523073
 37.300000     -0.08419443
 37.400000     -0.08321699
 37.500000     -0.08228386
 37.600000     -0.08129466
 37.700000     -0.08025346
 37.800000     -0.07906597
 37.900000     -0.07758085
 38.000000     -0.07608595
 38.100000     -0.07452301
 38.200000     -0.07298834
 38.300000     -0.07156790
 38.400000     -0.07033952
 38.500000     -0.06931173
 38.600000     -0.06843651
 38.700000     -0.06770070
 38.800000     -0.06703624
 38.900000     -0.06644014
 39.000000     -0.06604975
 39.100000     -0.06578797
 39.200000     -0.06564878
 39.300000     -0.06563195
 39.400000     -0.06570890
 39.500000     -0.06608330
 39.600000     -0.06670519
 39.700000     -0.06760936
 39.800000     -0.06864585
 39.900000     -0.06973697
