  0.000000      0.01397592
  0.100000      0.01432218
  0.200000      0.01472508
  0.300000      0.01507472
  0.400000      0.01541143
  0.500000      0.01579584
  0.600000      0.01633467
  0.700000      0.01682122
  0.800000      0.01716266
  0.900000      0.01768113
  1.000000      0.01835027
  1.100000      0.01905834
  1.200000      0.01957502
  1.300000      0.01977652
  1.400000      0.01987109
  1.500000      0.02004624
  1.600000      0.01995953
  1.700000      0.01978093
  1.800000      0.01970866
  1.900000      0.01964476
  2.000000      0.01978245
  2.100000      0.01985823
  2.200000      0.01970815
  2.300000      0.01972082
  2.400000      0.01979036
  2.500000      0.01965439
  2.600000      0.01944171
  2.700000      0.01888857
  2.800000      0.01847089
  2.900000      0.01825875
  3.000000      0.01826496
  3.100000      0.01840686
  3.200000      0.01896560
  3.300000      0.01951280
  3.400000      0.02053063
  3.500000      0.02199505
  3.600000      0.02370126
  3.700000      0.02621625
  3.800000      0.02902115
  3.900000      0.03239582
  4.000000      0.03637677
  4.100000      0.04051587
  4.200000      0.04477893
  4.300000      0.04905506
  4.400000      0.05353958
  4.500000      0.05750108
  4.600000      0.06150862
  4.700000      0.06519418
  4.800000      0.06860767
  4.900000      0.07198816
  5.000000      0.07597224
  5.100000      0.08011286
  5.200000      0.08439584
  5.300000      0.08857708
  5.400000      0.09323996
  5.500000      0.09792999
  5.600000      0.10286564
  5.700000      0.10893693
  5.800000      0.11584283
  5.900000      0.12373059
  6.000000      0.13271670
  6.100000      0.14266933
  6.200000      0.15282015
  6.300000      0.16451386
  6.400000      0.17697909
  6.500000      0.19132680
  6.600000      0.20678393
  6.700000      0.22390646
  6.800000      0.24316396
  6.900000      0.26505709
  7.000000      0.28985124
  7.100000      0.31700176
  7.200000      0.34624704
  7.300000      0.37775449
  7.400000      0.41209101
  7.500000      0.44884600
  7.600000      0.48729625
  7.700000      0.52822124
  7.800000      0.57077584
  7.900000      0.61469888
  8.000000      0.65847572
  8.100000      0.70072184
  8.200000      0.74139589
  8.300000      0.78155239
  8.400000      0.82108639
  8.500000      0.85864323
  8.600000      0.89248252
  8.700000      0.92237684
  8.800000      0.94775474
  8.900000      0.96850163
  9.000000      0.98336265
  9.100000      0.99330978
  9.200000      0.99905532
  9.300000      1.00000000
  9.400000      0.99489075
  9.500000      0.98494212
  9.600000      0.96925520
  9.700000      0.94737513
  9.800000      0.92050824
  9.900000      0.88828197
 10.000000      0.85083251
 10.100000      0.80676481
 10.200000      0.75699073
 10.300000      0.70041802
 10.400000      0.63346711
 10.500000      0.56071389
 10.600000      0.48469870
 10.700000      0.40656649
 10.800000      0.32736972
 10.900000      0.24763829
 11.000000      0.16844777
 11.100000      0.09178901
 11.200000      0.02022004
 11.300000     -0.04707414
 11.400000     -0.10943945
 11.500000     -0.16506411
 11.600000     -0.21362622
 11.700000     -0.25689965
 11.800000     -0.29807517
 11.900000     -0.33686477
 12.000000     -0.37182533
 12.100000     -0.40068463
 12.200000     -0.42857671
 12.300000     -0.45520647
 12.400000     -0.47887961
 12.500000     -0.49905567
 12.600000     -0.51797971
 12.700000     -0.53270572
 12.800000     -0.54517570
 12.900000     -0.55094188
 13.000000     -0.55700171
 13.100000     -0.56124930
 13.200000     -0.56474861
 13.300000     -0.56868114
 13.400000     -0.57114656
 13.500000     -0.57096742
 13.600000     -0.56858667
 13.700000     -0.56559187
 13.800000     -0.56420609
 13.900000     -0.56363373
 14.000000     -0.56246549
 14.100000     -0.56013857
 14.200000     -0.55542202
 14.300000     -0.54983260
 14.400000     -0.54332214
 14.500000     -0.53556640
 14.600000     -0.52673979
 14.700000     -0.51628779
 14.800000     -0.50507044
 14.900000     -0.49421963
 15.000000     -0.48254927
 15.100000     -0.46861552
 15.200000     -0.45524470
 15.300000     -0.44258699
 15.400000     -0.42964429
 15.500000     -0.41544100
 15.600000     -0.40126774
 15.700000     -0.38763005
 15.800000     -0.37708575
 15.900000     -0.36849716
 16.000000     -0.36069038
 16.100000     -0.35311398
 16.200000     -0.34585142
 16.300000     -0.33902096
 16.400000     -0.33145273
 16.500000     -0.32194357
 16.600000     -0.31207593
 16.700000     -0.30379038
 16.800000     -0.29547522
 16.900000     -0.28659039
 17.000000     -0.27812866
 17.100000     -0.26989986
 17.200000     -0.26200436
 17.300000     -0.25507803
 17.400000     -0.24750544
 17.500000     -0.24046160
 17.600000     -0.23409965
 17.700000     -0.22798464
 17.800000     -0.22223004
 17.900000     -0.21620038
 18.000000     -0.21099051
 18.100000     -0.20612163
 18.200000     -0.19936217
 18.300000     -0.19361047
 18.400000     -0.18830023
 18.500000     -0.18380297
 18.600000     -0.17985669
 18.700000     -0.17584371
 18.800000     -0.17156847
 18.900000     -0.16769981
 19.000000     -0.16347676
 19.100000     -0.15918686
 19.200000     -0.15479073
 19.300000     -0.15053560
 19.400000     -0.14598184
 19.500000     -0.14078570
 19.600000     -0.13519907
 19.700000     -0.12961127
 19.800000     -0.12395722
 19.900000     -0.11856647
 20.000000     -0.11345798
 20.100000     -0.10859977
 20.200000     -0.10448220
 20.300000     -0.10096531
 20.400000     -0.09727121
 20.500000     -0.09391257
 20.600000     -0.09106558
 20.700000     -0.08865828
 20.800000     -0.08593304
 20.900000     -0.08422754
 21.000000     -0.08284413
 21.100000     -0.08177424
 21.200000     -0.08063607
 21.300000     -0.07947548
 21.400000     -0.07821009
 21.500000     -0.07746668
 21.600000     -0.07613726
 21.700000     -0.07458930
 21.800000     -0.07293814
 21.900000     -0.07112378
 22.000000     -0.06927907
 22.100000     -0.06761041
 22.200000     -0.06642396
 22.300000     -0.06525673
 22.400000     -0.06395587
 22.500000     -0.06341173
 22.600000     -0.06318518
 22.700000     -0.06358795
 22.800000     -0.06480029
 22.900000     -0.06643647
 23.000000     -0.06832915
 23.100000     -0.06990803
 23.200000     -0.07092153
 23.300000     -0.07152686
 23.400000     -0.07169816
 23.500000     -0.07166239
 23.600000     -0.07129935
 23.700000     -0.07050239
 23.800000     -0.06948157
 23.900000     -0.06832194
 24.000000     -0.06732809
 24.100000     -0.06597631
 24.200000     -0.06460100
 24.300000     -0.06328947
 24.400000     -0.06154065
 24.500000     -0.05922949
 24.600000     -0.05684581
 24.700000     -0.05394886
 24.800000     -0.05087674
 24.900000     -0.04799030
 25.000000     -0.04500209
 25.100000     -0.04242654
 25.200000     -0.04027694
 25.300000     -0.03827791
 25.400000     -0.03705031
 25.500000     -0.03594000
 25.600000     -0.03505921
 25.700000     -0.03458298
 25.800000     -0.03441068
 25.900000     -0.03400379
 26.000000     -0.03381236
 26.100000     -0.03306604
 26.200000     -0.03223609
 26.300000     -0.03076412
 26.400000     -0.02946013
 26.500000     -0.02788898
 26.600000     -0.02569779
 26.700000     -0.02344516
 26.800000     -0.02111723
 26.900000     -0.01864031
 27.000000     -0.01613833
 27.100000     -0.01319394
 27.200000     -0.01019875
 27.300000     -0.00696293
 27.400000     -0.00356616
 27.500000     -0.00024319
 27.600000      0.00243353
 27.700000      0.00500552
 27.800000      0.00696791
 27.900000      0.00824091
 28.000000      0.00894935
 28.100000      0.00896541
 28.200000      0.00871647
 28.300000      0.00802396
 28.400000      0.00752545
 28.500000      0.00674447
 28.600000      0.00631880
 28.700000      0.00566178
 28.800000      0.00545789
 28.900000      0.00489738
 29.000000      0.00496944
 29.100000      0.00467390
 29.200000      0.00464540
 29.300000      0.00480337
 29.400000      0.00534567
 29.500000      0.00595083
 29.600000      0.00714372
 29.700000      0.00830869
 29.800000      0.01021762
 29.900000      0.01166900
 30.000000      0.01356797
 30.100000      0.01535635
 30.200000      0.01725968
 30.300000      0.01865233
 30.400000      0.01989518
 30.500000      0.02113289
 30.600000      0.02197010
 30.700000      0.02252443
 30.800000      0.02228888
 30.900000      0.02201903
 31.000000      0.02133352
 31.100000      0.02065882
 31.200000      0.01981881
 31.300000      0.01862484
 31.400000      0.01735893
 31.500000      0.01593333
 31.600000      0.01484700
 31.700000      0.01354979
 31.800000      0.01332899
 31.900000      0.01343870
 32.000000      0.01465104
 32.100000      0.01605881
 32.200000      0.01780389
 32.300000      0.01983731
 32.400000      0.02196387
 32.500000      0.02355759
 32.600000      0.02439554
 32.700000      0.02529288
 32.800000      0.02551182
 32.900000      0.02562751
 33.000000      0.02558080
 33.100000      0.02576527
 33.200000      0.02599803
 33.300000      0.02626087
 33.400000      0.02663391
 33.500000      0.02659839
 33.600000      0.02670960
 33.700000      0.02691278
 33.800000      0.02728400
 33.900000      0.02753538
 34.000000      0.02812181
 34.100000      0.02865592
 34.200000      0.02944366
 34.300000      0.03032988
 34.400000      0.03183094
 34.500000      0.03338903
 34.600000      0.03495675
 34.700000      0.03628903
 34.800000      0.03729130
 34.900000      0.03817111
 35.000000      0.03892101
 35.100000      0.03946205
 35.200000      0.03972676
 35.300000      0.03989802
 35.400000      0.03998042
 35.500000      0.04033020
 35.600000      0.04061994
 35.700000      0.04070710
 35.800000      0.04078916
 35.900000      0.04091162
 36.000000      0.04098966
 36.100000      0.04106259
 36.200000      0.04133988
 36.300000      0.04188831
 36.400000      0.04257271
 36.500000      0.04325020
 36.600000      0.04370419
 36.700000      0.04381673
 36.800000      0.04357015
 36.900000      0.04309303
 37.000000      0.04236787
 37.100000      0.04144074
 37.200000      0.04019817
 37.300000      0.03877004
 37.400000      0.03713781
 37.500000      0.03556904
 37.600000      0.03423532
 37.700000      0.03304102
 37.800000      0.03213766
 37.900000      0.03141480
 38.000000      0.03090218
 38.100000      0.03055217
 38.200000      0.03020842
 38.300000      0.02993980
 38.400000      0.02968633
 38.500000      0.02943771
 38.600000      0.02920837
 38.700000      0.02894474
 38.800000      0.02860146
 38.900000      0.02844262
 39.000000      0.02831420
 39.100000      0.02812947
 39.200000      0.02788020
 39.300000      0.02776148
 39.400000      0.02788716
 39.500000      0.02812542
 39.600000      0.02843959
 39.700000      0.02891633
 39.800000      0.02946600
 39.900000      0.03006377
