  0.000000      0.04830181
  0.100000      0.04834231
  0.200000      0.04824433
  0.300000      0.04808480
  0.400000      0.04767371
  0.500000      0.04717416
  0.600000      0.04666479
  0.700000      0.04606960
  0.800000      0.04538741
  0.900000      0.04469093
  1.000000      0.04385119
  1.100000      0.04273708
  1.200000      0.04144969
  1.300000      0.04014749
  1.400000      0.03888243
  1.500000      0.03768731
  1.600000      0.03639902
  1.700000      0.03530475
  1.800000      0.03422582
  1.900000      0.03306320
  2.000000      0.03187619
  2.100000      0.03061243
  2.200000      0.02909485
  2.300000      0.02801122
  2.400000      0.02703451
  2.500000      0.02605765
  2.600000      0.02547318
  2.700000      0.02491362
  2.800000      0.02459834
  2.900000      0.02433674
  3.000000      0.02405627
  3.100000      0.02377223
  3.200000      0.02348801
  3.300000      0.02327523
  3.400000      0.02310679
  3.500000      0.02283937
  3.600000      0.02248966
  3.700000      0.02202447
  3.800000      0.02169594
  3.900000      0.02149018
  4.000000      0.02134526
  4.100000      0.02110609
  4.200000      0.02060399
  4.300000      0.01979864
  4.400000      0.01856045
  4.500000      0.01761657
  4.600000      0.01650955
  4.700000      0.01520745
  4.800000      0.01369468
  4.900000      0.01192318
  5.000000      0.00969883
  5.100000      0.00724139
  5.200000      0.00455310
  5.300000      0.00168610
  5.400000     -0.00109552
  5.500000     -0.00431847
  5.600000     -0.00717615
  5.700000     -0.01024861
  5.800000     -0.01317610
  5.900000     -0.01578349
  6.000000     -0.01816912
  6.100000     -0.02021680
  6.200000     -0.02233291
  6.300000     -0.02350744
  6.400000     -0.02445481
  6.500000     -0.02530292
  6.600000     -0.02588693
  6.700000     -0.02652427
  6.800000     -0.02725202
  6.900000     -0.02756793
  7.000000     -0.02777202
  7.100000     -0.02812806
  7.200000     -0.02857457
  7.300000     -0.02905461
  7.400000     -0.02935101
  7.500000     -0.02965089
  7.600000     -0.03022090
  7.700000     -0.03112479
  7.800000     -0.03217945
  7.900000     -0.03324692
  8.000000     -0.03461776
  8.100000     -0.03658071
  8.200000     -0.03875708
  8.300000     -0.04110811
  8.400000     -0.04350222
  8.500000     -0.04579784
  8.600000     -0.04829486
  8.700000     -0.05075217
  8.800000     -0.05331927
  8.900000     -0.05580408
  9.000000     -0.05864902
  9.100000     -0.06113297
  9.200000     -0.06333086
  9.300000     -0.06570434
  9.400000     -0.06759542
  9.500000     -0.06920305
  9.600000     -0.07054143
  9.700000     -0.07140865
  9.800000     -0.07188969
  9.900000     -0.07198874
 10.000000     -0.07160311
 10.100000     -0.07103907
 10.200000     -0.07009853
 10.300000     -0.06897654
 10.400000     -0.06781220
 10.500000     -0.06641097
 10.600000     -0.06472281
 10.700000     -0.06317923
 10.800000     -0.06153947
 10.900000     -0.06021956
 11.000000     -0.05866104
 11.100000     -0.05714083
 11.200000     -0.05587016
 11.300000     -0.05507164
 11.400000     -0.05392497
 11.500000     -0.05328999
 11.600000     -0.05304777
 11.700000     -0.05258297
 11.800000     -0.05262383
 11.900000     -0.05251401
 12.000000     -0.05289753
 12.100000     -0.05293623
 12.200000     -0.05308134
 12.300000     -0.05352045
 12.400000     -0.05383548
 12.500000     -0.05393837
 12.600000     -0.05403362
 12.700000     -0.05432585
 12.800000     -0.05412195
 12.900000     -0.05413602
 13.000000     -0.05411201
 13.100000     -0.05397119
 13.200000     -0.05377219
 13.300000     -0.05404414
 13.400000     -0.05428673
 13.500000     -0.05444712
 13.600000     -0.05455487
 13.700000     -0.05462756
 13.800000     -0.05425101
 13.900000     -0.05403742
 14.000000     -0.05428569
 14.100000     -0.05409117
 14.200000     -0.05384128
 14.300000     -0.05363266
 14.400000     -0.05293195
 14.500000     -0.05241759
 14.600000     -0.05238643
 14.700000     -0.05210574
 14.800000     -0.05191435
 14.900000     -0.05176477
 15.000000     -0.05197550
 15.100000     -0.05215625
 15.200000     -0.05214098
 15.300000     -0.05235713
 15.400000     -0.05257941
 15.500000     -0.05249426
 15.600000     -0.05250645
 15.700000     -0.05259902
 15.800000     -0.05311968
 15.900000     -0.05381369
 16.000000     -0.05417936
 16.100000     -0.05466636
 16.200000     -0.05532683
 16.300000     -0.05572593
 16.400000     -0.05587228
 16.500000     -0.05557290
 16.600000     -0.05433970
 16.700000     -0.05289522
 16.800000     -0.05130260
 16.900000     -0.04953648
 17.000000     -0.04748674
 17.100000     -0.04482314
 17.200000     -0.04219762
 17.300000     -0.03909913
 17.400000     -0.03540293
 17.500000     -0.03167940
 17.600000     -0.02757782
 17.700000     -0.02372458
 17.800000     -0.01959304
 17.900000     -0.01527180
 18.000000     -0.01069267
 18.100000     -0.00578943
 18.200000     -0.00113907
 18.300000      0.00340750
 18.400000      0.00752290
 18.500000      0.01189976
 18.600000      0.01722965
 18.700000      0.02372719
 18.800000      0.03204669
 18.900000      0.04140224
 19.000000      0.05159731
 19.100000      0.06229176
 19.200000      0.07304002
 19.300000      0.08406498
 19.400000      0.09576336
 19.500000      0.10859447
 19.600000      0.12252637
 19.700000      0.13840534
 19.800000      0.15614129
 19.900000      0.17415982
 20.000000      0.19133509
 20.100000      0.20966729
 20.200000      0.22927047
 20.300000      0.24931211
 20.400000      0.27131420
 20.500000      0.29592936
 20.600000      0.32096810
 20.700000      0.34619478
 20.800000      0.37208790
 20.900000      0.39885957
 21.000000      0.42480485
 21.100000      0.45079060
 21.200000      0.47774038
 21.300000      0.50456831
 21.400000      0.53128495
 21.500000      0.55763229
 21.600000      0.58386263
 21.700000      0.61004719
 21.800000      0.63688186
 21.900000      0.66424809
 22.000000      0.69127615
 22.100000      0.71715964
 22.200000      0.74243207
 22.300000      0.76704425
 22.400000      0.79108220
 22.500000      0.81493685
 22.600000      0.83811220
 22.700000      0.85942001
 22.800000      0.87888239
 22.900000      0.89694680
 23.000000      0.91344913
 23.100000      0.92775284
 23.200000      0.93984964
 23.300000      0.95137412
 23.400000      0.96127400
 23.500000      0.96944705
 23.600000      0.97741043
 23.700000      0.98434977
 23.800000      0.98839206
 23.900000      0.99168872
 24.000000      0.99522616
 24.100000      0.99811154
 24.200000      0.99963174
 24.300000      0.99968822
 24.400000      0.99970227
 24.500000      1.00000000
 24.600000      0.99950490
 24.700000      0.99813933
 24.800000      0.99674613
 24.900000      0.99483697
 25.000000      0.99200040
 25.100000      0.98790652
 25.200000      0.98263294
 25.300000      0.97551577
 25.400000      0.96734977
 25.500000      0.95783688
 25.600000      0.94692505
 25.700000      0.93460608
 25.800000      0.92174066
 25.900000      0.90824840
 26.000000      0.89390492
 26.100000      0.87850836
 26.200000      0.86116686
 26.300000      0.84181077
 26.400000      0.82191520
 26.500000      0.80066401
 26.600000      0.77707521
 26.700000      0.75240217
 26.800000      0.72599590
 26.900000      0.69751370
 27.000000      0.66769143
 27.100000      0.63768193
 27.200000      0.60727625
 27.300000      0.57617710
 27.400000      0.54486866
 27.500000      0.51306787
 27.600000      0.48111201
 27.700000      0.44992566
 27.800000      0.41997252
 27.900000      0.39061207
 28.000000      0.36096089
 28.100000      0.33164040
 28.200000      0.30332639
 28.300000      0.27488095
 28.400000      0.24713608
 28.500000      0.22007014
 28.600000      0.19324340
 28.700000      0.16696283
 28.800000      0.14161214
 28.900000      0.11657174
 29.000000      0.09223593
 29.100000      0.06897481
 29.200000      0.04695878
 29.300000      0.02640462
 29.400000      0.00644520
 29.500000     -0.01278809
 29.600000     -0.03107631
 29.700000     -0.04819307
 29.800000     -0.06433519
 29.900000     -0.08049285
 30.000000     -0.09562910
 30.100000     -0.11051993
 30.200000     -0.12508667
 30.300000     -0.13879686
 30.400000     -0.15240027
 30.500000     -0.16546446
 30.600000     -0.17796339
 30.700000     -0.19030236
 30.800000     -0.20211366
 30.900000     -0.21361904
 31.000000     -0.22450861
 31.100000     -0.23457951
 31.200000     -0.24380011
 31.300000     -0.25216254
 31.400000     -0.25964427
 31.500000     -0.26714444
 31.600000     -0.27408127
 31.700000     -0.28079391
 31.800000     -0.28739927
 31.900000     -0.29378310
 32.000000     -0.29975173
 32.100000     -0.30505296
 32.200000     -0.31015500
 32.300000     -0.31467766
 32.400000     -0.31839742
 32.500000     -0.32185291
 32.600000     -0.32479927
 32.700000     -0.32744797
 32.800000     -0.32949179
 32.900000     -0.33106512
 33.000000     -0.33255327
 33.100000     -0.33363994
 33.200000     -0.33481385
 33.300000     -0.33547581
 33.400000     -0.33598083
 33.500000     -0.33639512
 33.600000     -0.33667414
 33.700000     -0.33706403
 33.800000     -0.33759694
 33.900000     -0.33768057
 34.000000     -0.33784769
 34.100000     -0.33807988
 34.200000     -0.33813902
 34.300000     -0.33804977
 34.400000     -0.33777957
 34.500000     -0.33810132
 34.600000     -0.33818750
 34.700000     -0.33832466
 34.800000     -0.33841233
 34.900000     -0.33873089
 35.000000     -0.33864799
 35.100000     -0.33881523
 35.200000     -0.33897236
 35.300000     -0.33854641
 35.400000     -0.33837710
 35.500000     -0.33758521
 35.600000     -0.33709359
 35.700000     -0.33669761
 35.800000     -0.33604774
 35.900000     -0.33522955
 36.000000     -0.33392727
 36.100000     -0.33207388
 36.200000     -0.33008301
 36.300000     -0.32807399
 36.400000     -0.32569602
 36.500000     -0.32380993
 36.600000     -0.32190483
 36.700000     -0.32018852
 36.800000     -0.31813169
 36.900000     -0.31636242
 37.000000     -0.31437561
 37.100000     -0.31228441
 37.200000     -0.31006190
 37.300000     -0.30794437
 37.400000     -0.30624532
 37.500000     -0.30426047
 37.600000     -0.30190907
 37.700000     -0.29934379
 37.800000     -0.29681896
 37.900000     -0.29445225
 38.000000     -0.29213179
 38.100000     -0.29007681
 38.200000     -0.28835416
 38.300000     -0.28659082
 38.400000     -0.28516368
 38.500000     -0.28401536
 38.600000     -0.28317782
 38.700000     -0.28254762
 38.800000     -0.28210542
 38.900000     -0.28191853
 39.000000     -0.28196069
 39.100000     -0.28198312
 39.200000     -0.28231585
 39.300000     -0.28284636
 39.400000     -0.28384017
 39.500000     -0.28527702
 39.600000     -0.28709264
 39.700000     -0.28926989
 39.800000     -0.29160230
 39.900000     -0.29421716
