  0.000000     -0.01883890
  0.100000     -0.01946369
  0.200000     -0.01897969
  0.300000     -0.01837656
  0.400000     -0.01743963
  0.500000     -0.01668498
  0.600000     -0.01622944
  0.700000     -0.01627742
  0.800000     -0.01558694
  0.900000     -0.01477399
  1.000000     -0.01450446
  1.100000     -0.01377375
  1.200000     -0.01271857
  1.300000     -0.01225390
  1.400000     -0.01184750
  1.500000     -0.01204627
  1.600000     -0.01078677
  1.700000     -0.00780788
  1.800000     -0.00628878
  1.900000     -0.00542229
  2.000000     -0.00256159
  2.100000      0.00071573
  2.200000      0.00440810
  2.300000      0.00746844
  2.400000      0.01136732
  2.500000      0.01481329
  2.600000      0.01829720
  2.700000      0.02066810
  2.800000      0.02290161
  2.900000      0.02673347
  3.000000      0.03023375
  3.100000      0.03185289
  3.200000      0.03367106
  3.300000      0.03634838
  3.400000      0.03746962
  3.500000      0.03864191
  3.600000      0.03979452
  3.700000      0.03993446
  3.800000      0.03941956
  3.900000      0.03967444
  4.000000      0.03937389
  4.100000      0.03664664
  4.200000      0.03480942
  4.300000      0.03554921
  4.400000      0.03363811
  4.500000      0.03000824
  4.600000      0.02847949
  4.700000      0.02768309
  4.800000      0.02520032
  4.900000      0.02211158
  5.000000      0.02019341
  5.100000      0.01694890
  5.200000      0.01246706
  5.300000      0.00797848
  5.400000      0.00284726
  5.500000     -0.00163015
  5.600000     -0.00789684
  5.700000     -0.01480664
  5.800000     -0.01711617
  5.900000     -0.02420402
  6.000000     -0.03309930
  6.100000     -0.04256073
  6.200000     -0.05139473
  6.300000     -0.05863805
  6.400000     -0.06720533
  6.500000     -0.08002091
  6.600000     -0.08898774
  6.700000     -0.09946594
  6.800000     -0.11064537
  6.900000     -0.12598785
  7.000000     -0.14064261
  7.100000     -0.14922113
  7.200000     -0.15971244
  7.300000     -0.17006600
  7.400000     -0.17924853
  7.500000     -0.18171016
  7.600000     -0.18056103
  7.700000     -0.17904453
  7.800000     -0.17280455
  7.900000     -0.15920255
  8.000000     -0.13807062
  8.100000     -0.10845966
  8.200000     -0.06969402
  8.300000     -0.01594499
  8.400000      0.05457812
  8.500000      0.13890489
  8.600000      0.23272807
  8.700000      0.33556322
  8.800000      0.43981414
  8.900000      0.54496798
  9.000000      0.64565653
  9.100000      0.73721670
  9.200000      0.81498943
  9.300000      0.87984217
  9.400000      0.93041428
  9.500000      0.96555828
  9.600000      0.98933275
  9.700000      1.00000000
  9.800000      0.99267087
  9.900000      0.97209759
 10.000000      0.93486712
 10.100000      0.88247690
 10.200000      0.82159683
 10.300000      0.74696724
 10.400000      0.66596963
 10.500000      0.57940267
 10.600000      0.48679505
 10.700000      0.39114825
 10.800000      0.29743186
 10.900000      0.21192079
 11.000000      0.12468603
 11.100000      0.04453892
 11.200000     -0.02703961
 11.300000     -0.09249272
 11.400000     -0.14757948
 11.500000     -0.19567946
 11.600000     -0.23879966
 11.700000     -0.27319124
 11.800000     -0.30042838
 11.900000     -0.31801343
 12.000000     -0.32801194
 12.100000     -0.33065353
 12.200000     -0.33098595
 12.300000     -0.33094223
 12.400000     -0.32873591
 12.500000     -0.32461768
 12.600000     -0.31522734
 12.700000     -0.30429323
 12.800000     -0.29290645
 12.900000     -0.28281325
 13.000000     -0.27050879
 13.100000     -0.26022658
 13.200000     -0.25387619
 13.300000     -0.24374893
 13.400000     -0.23556573
 13.500000     -0.22493123
 13.600000     -0.21387937
 13.700000     -0.20630625
 13.800000     -0.19634530
 13.900000     -0.18843773
 14.000000     -0.18314773
 14.100000     -0.17701302
 14.200000     -0.16828089
 14.300000     -0.16223409
 14.400000     -0.15593043
 14.500000     -0.14873107
 14.600000     -0.14010351
 14.700000     -0.13479749
 14.800000     -0.13042752
 14.900000     -0.12380443
 15.000000     -0.11753131
 15.100000     -0.11448017
 15.200000     -0.11042648
 15.300000     -0.10573001
 15.400000     -0.10231213
 15.500000     -0.09654085
 15.600000     -0.09102576
 15.700000     -0.08791374
 15.800000     -0.08608493
 15.900000     -0.08235587
 16.000000     -0.08052077
 16.100000     -0.07934717
 16.200000     -0.07917627
 16.300000     -0.08306460
 16.400000     -0.08347901
 16.500000     -0.08453835
 16.600000     -0.09062202
 16.700000     -0.09189648
 16.800000     -0.09626124
 16.900000     -0.10111717
 17.000000     -0.10623925
 17.100000     -0.11234327
 17.200000     -0.11729989
 17.300000     -0.11836136
 17.400000     -0.12009564
 17.500000     -0.12282462
 17.600000     -0.12612441
 17.700000     -0.12760467
 17.800000     -0.12734125
 17.900000     -0.12752184
 18.000000     -0.12452770
 18.100000     -0.12382548
 18.200000     -0.12252730
 18.300000     -0.11879941
 18.400000     -0.11338962
 18.500000     -0.11192000
 18.600000     -0.10879890
 18.700000     -0.10453416
 18.800000     -0.10144756
 18.900000     -0.09957541
 19.000000     -0.09739043
 19.100000     -0.09336986
 19.200000     -0.08769368
 19.300000     -0.08406203
 19.400000     -0.07959508
 19.500000     -0.07647623
 19.600000     -0.07474049
 19.700000     -0.07189383
 19.800000     -0.06844698
 19.900000     -0.06629679
 20.000000     -0.06344535
 20.100000     -0.05932631
 20.200000     -0.05662983
 20.300000     -0.05370532
 20.400000     -0.04977245
 20.500000     -0.04711162
 20.600000     -0.04620827
 20.700000     -0.04530039
 20.800000     -0.04383021
 20.900000     -0.04157117
 21.000000     -0.04047007
 21.100000     -0.03965186
 21.200000     -0.03939881
 21.300000     -0.03908843
 21.400000     -0.03868870
 21.500000     -0.03720731
 21.600000     -0.03551200
 21.700000     -0.03461185
 21.800000     -0.03244823
 21.900000     -0.03166820
 22.000000     -0.02907273
 22.100000     -0.02602802
 22.200000     -0.02243805
 22.300000     -0.01829338
 22.400000     -0.01648648
 22.500000     -0.01245756
 22.600000     -0.01089344
 22.700000     -0.01118925
 22.800000     -0.01325802
 22.900000     -0.01401789
 23.000000     -0.01198926
 23.100000     -0.01259724
 23.200000     -0.01312783
 23.300000     -0.01331139
 23.400000     -0.01131556
 23.500000     -0.01047008
 23.600000     -0.01000167
 23.700000     -0.01138230
 23.800000     -0.01248164
 23.900000     -0.01302579
 24.000000     -0.01392446
 24.100000     -0.01598879
 24.200000     -0.01670947
 24.300000     -0.01825350
 24.400000     -0.01878407
 24.500000     -0.01766196
 24.600000     -0.01795970
 24.700000     -0.01906544
 24.800000     -0.02018542
 24.900000     -0.02114084
 25.000000     -0.02125500
 25.100000     -0.02088908
 25.200000     -0.02195063
 25.300000     -0.02106704
 25.400000     -0.02080558
 25.500000     -0.02016530
 25.600000     -0.01829933
 25.700000     -0.01785579
 25.800000     -0.01588357
 25.900000     -0.01432409
 26.000000     -0.01304210
 26.100000     -0.01252786
 26.200000     -0.01166859
 26.300000     -0.01094347
 26.400000     -0.01114581
 26.500000     -0.01341639
 26.600000     -0.01483637
 26.700000     -0.01596019
 26.800000     -0.01722556
 26.900000     -0.01966331
 27.000000     -0.02038101
 27.100000     -0.02267284
 27.200000     -0.02500805
 27.300000     -0.02600732
 27.400000     -0.02832182
 27.500000     -0.02965325
 27.600000     -0.02814156
 27.700000     -0.02719307
 27.800000     -0.02714720
 27.900000     -0.02586065
 28.000000     -0.02559924
 28.100000     -0.02563151
 28.200000     -0.02508698
 28.300000     -0.02358496
 28.400000     -0.02209890
 28.500000     -0.02226423
 28.600000     -0.02164550
 28.700000     -0.02094913
 28.800000     -0.02050269
 28.900000     -0.02012386
 29.000000     -0.01825382
 29.100000     -0.01928435
 29.200000     -0.01778085
 29.300000     -0.01540319
 29.400000     -0.01506813
 29.500000     -0.01275405
 29.600000     -0.01052478
 29.700000     -0.00975971
 29.800000     -0.00995359
 29.900000     -0.00898982
 30.000000     -0.00683103
 30.100000     -0.00647306
 30.200000     -0.00705201
 30.300000     -0.00775207
 30.400000     -0.00643712
 30.500000     -0.00619296
 30.600000     -0.00705025
 30.700000     -0.00652404
 30.800000     -0.00570390
 30.900000     -0.00468462
 31.000000     -0.00303336
 31.100000     -0.00104742
 31.200000     -0.00081698
 31.300000     -0.00232347
 31.400000      0.00042293
 31.500000      0.00266922
 31.600000      0.00142319
 31.700000      0.00325744
 31.800000      0.00582946
 31.900000      0.00656933
 32.000000      0.00721890
 32.100000      0.00760573
 32.200000      0.00884333
 32.300000      0.00977653
 32.400000      0.00759143
 32.500000      0.00552323
 32.600000      0.00265162
 32.700000      0.00105461
 32.800000      0.00117582
 32.900000     -0.00363445
 33.000000     -0.00737664
 33.100000     -0.00863882
 33.200000     -0.01284528
 33.300000     -0.01516879
 33.400000     -0.01828346
 33.500000     -0.02165682
 33.600000     -0.02172058
 33.700000     -0.02389640
 33.800000     -0.02524697
 33.900000     -0.02146468
 34.000000     -0.02210505
 34.100000     -0.02233838
 34.200000     -0.02271982
 34.300000     -0.02115492
 34.400000     -0.01825095
 34.500000     -0.01596816
 34.600000     -0.01372056
 34.700000     -0.00973764
 34.800000     -0.00655274
 34.900000     -0.00429366
 35.000000     -0.00066725
 35.100000      0.00198530
 35.200000      0.00424629
 35.300000      0.00597049
 35.400000      0.00756204
 35.500000      0.00834007
 35.600000      0.00852639
 35.700000      0.00796646
 35.800000      0.00769945
 35.900000      0.00757034
 36.000000      0.00776319
 36.100000      0.00736060
 36.200000      0.00541912
 36.300000      0.00432984
 36.400000      0.00383575
 36.500000      0.00465170
 36.600000      0.00532497
 36.700000      0.00546167
 36.800000      0.00618665
 36.900000      0.00654609
 37.000000      0.00615147
 37.100000      0.00666391
 37.200000      0.00768316
 37.300000      0.00722705
 37.400000      0.00629230
 37.500000      0.00497196
 37.600000      0.00297774
 37.700000     -0.00010340
 37.800000     -0.00086944
 37.900000     -0.00172718
 38.000000     -0.00425345
 38.100000     -0.00627720
 38.200000     -0.00842609
 38.300000     -0.01116346
 38.400000     -0.01316659
 38.500000     -0.01392046
 38.600000     -0.01447238
 38.700000     -0.01515045
 38.800000     -0.01598044
 38.900000     -0.01701124
 39.000000     -0.01710258
 39.100000     -0.01714354
 39.200000     -0.01689303
 39.300000     -0.01650806
 39.400000     -0.01582275
 39.500000     -0.01528983
 39.600000     -0.01364425
 39.700000     -0.01169001
 39.800000     -0.01057966
 39.900000     -0.00895448
