  0.000000      0.02803375
  0.100000      0.02840777
  0.200000      0.02859412
  0.300000      0.02866339
  0.400000      0.02865770
  0.500000      0.02857890
  0.600000      0.02844158
  0.700000      0.02821720
  0.800000      0.02791537
  0.900000      0.02754715
  1.000000      0.02719070
  1.100000      0.02683772
  1.200000      0.02652398
  1.300000      0.02617109
  1.400000      0.02567167
  1.500000      0.02505324
  1.600000      0.02437095
  1.700000      0.02367027
  1.800000      0.02304008
  1.900000      0.02251665
  2.000000      0.02196082
  2.100000      0.02138857
  2.200000      0.02078963
  2.300000      0.02013119
  2.400000      0.01946904
  2.500000      0.01873297
  2.600000      0.01791539
  2.700000      0.01697920
  2.800000      0.01583934
  2.900000      0.01437404
  3.000000      0.01260462
  3.100000      0.01051849
  3.200000      0.00822480
  3.300000      0.00583236
  3.400000      0.00347287
  3.500000      0.00112103
  3.600000     -0.00123257
  3.700000     -0.00352118
  3.800000     -0.00577961
  3.900000     -0.00789711
  4.000000     -0.00984999
  4.100000     -0.01197975
  4.200000     -0.01429781
  4.300000     -0.01687134
  4.400000     -0.01963940
  4.500000     -0.02254199
  4.600000     -0.02554992
  4.700000     -0.02878883
  4.800000     -0.03214204
  4.900000     -0.03573899
  5.000000     -0.03960576
  5.100000     -0.04359920
  5.200000     -0.04784975
  5.300000     -0.05218741
  5.400000     -0.05665374
  5.500000     -0.06128429
  5.600000     -0.06600443
  5.700000     -0.07058703
  5.800000     -0.07507391
  5.900000     -0.07915699
  6.000000     -0.08293119
  6.100000     -0.08603813
  6.200000     -0.08909289
  6.300000     -0.09227276
  6.400000     -0.09594763
  6.500000     -0.09983057
  6.600000     -0.10349891
  6.700000     -0.10674092
  6.800000     -0.10952280
  6.900000     -0.11199064
  7.000000     -0.11424824
  7.100000     -0.11630733
  7.200000     -0.11837806
  7.300000     -0.12065438
  7.400000     -0.12332491
  7.500000     -0.12629108
  7.600000     -0.12974374
  7.700000     -0.13357040
  7.800000     -0.13760122
  7.900000     -0.14140163
  8.000000     -0.14506963
  8.100000     -0.14867806
  8.200000     -0.15216118
  8.300000     -0.15564493
  8.400000     -0.15901972
  8.500000     -0.16217463
  8.600000     -0.16507002
  8.700000     -0.16733388
  8.800000     -0.16887007
  8.900000     -0.16980845
  9.000000     -0.17008109
  9.100000     -0.17009937
  9.200000     -0.17004744
  9.300000     -0.16980782
  9.400000     -0.16938640
  9.500000     -0.16870341
  9.600000     -0.16799479
  9.700000     -0.16733151
  9.800000     -0.16649539
  9.900000     -0.16567486
 10.000000     -0.16459318
 10.100000     -0.16298230
 10.200000     -0.16074680
 10.300000     -0.15777175
 10.400000     -0.15488418
 10.500000     -0.15164767
 10.600000     -0.14785932
 10.700000     -0.14352087
 10.800000     -0.13854982
 10.900000     -0.13267913
 11.000000     -0.12619230
 11.100000     -0.11900282
 11.200000     -0.11137968
 11.300000     -0.10315820
 11.400000     -0.09461117
 11.500000     -0.08563928
 11.600000     -0.07588069
 11.700000     -0.06541771
 11.800000     -0.05405632
 11.900000     -0.04224136
 12.000000     -0.03006059
 12.100000     -0.01714664
 12.200000     -0.00347543
 12.300000      0.01072548
 12.400000      0.02496094
 12.500000      0.03946623
 12.600000      0.05431042
 12.700000      0.06921326
 12.800000      0.08405667
 12.900000      0.09932688
 13.000000      0.11470552
 13.100000      0.13035067
 13.200000      0.14727095
 13.300000      0.16428168
 13.400000      0.18134281
 13.500000      0.19767700
 13.600000      0.21387536
 13.700000      0.23073111
 13.800000      0.24778577
 13.900000      0.26498395
 14.000000      0.28244160
 14.100000      0.30012791
 14.200000      0.31783586
 14.300000      0.33502760
 14.400000      0.35237580
 14.500000      0.36898651
 14.600000      0.38634326
 14.700000      0.40278520
 14.800000      0.41663478
 14.900000      0.43378290
 15.000000      0.45100291
 15.100000      0.46622192
 15.200000      0.48458180
 15.300000      0.50228390
 15.400000      0.51833751
 15.500000      0.53568284
 15.600000      0.55188906
 15.700000      0.56721541
 15.800000      0.58246950
 15.900000      0.59613743
 16.000000      0.60867972
 16.100000      0.62077193
 16.200000      0.63219441
 16.300000      0.64203196
 16.400000      0.65162704
 16.500000      0.66162697
 16.600000      0.67115842
 16.700000      0.68095673
 16.800000      0.69035762
 16.900000      0.69677834
 17.000000      0.70141175
 17.100000      0.70487502
 17.200000      0.70719829
 17.300000      0.70804609
 17.400000      0.70671598
 17.500000      0.70277954
 17.600000      0.69641672
 17.700000      0.68764437
 17.800000      0.67889680
 17.900000      0.67183332
 18.000000      0.66672448
 18.100000      0.66353165
 18.200000      0.66149935
 18.300000      0.65967900
 18.400000      0.65612931
 18.500000      0.65166637
 18.600000      0.64800006
 18.700000      0.64460035
 18.800000      0.64205293
 18.900000      0.64051775
 19.000000      0.63932983
 19.100000      0.63874396
 19.200000      0.63902724
 19.300000      0.64073914
 19.400000      0.64319952
 19.500000      0.64578125
 19.600000      0.65045143
 19.700000      0.65623842
 19.800000      0.66308670
 19.900000      0.67077633
 20.000000      0.67834065
 20.100000      0.68737842
 20.200000      0.69800304
 20.300000      0.70807853
 20.400000      0.71910188
 20.500000      0.72951101
 20.600000      0.73704097
 20.700000      0.74310471
 20.800000      0.74750226
 20.900000      0.75111757
 21.000000      0.75169911
 21.100000      0.74786856
 21.200000      0.74357999
 21.300000      0.73784228
 21.400000      0.72779935
 21.500000      0.71465228
 21.600000      0.69907863
 21.700000      0.68219390
 21.800000      0.66170550
 21.900000      0.63675143
 22.000000      0.61127362
 22.100000      0.58496111
 22.200000      0.55590762
 22.300000      0.52766080
 22.400000      0.49884453
 22.500000      0.46837846
 22.600000      0.43772879
 22.700000      0.40709740
 22.800000      0.37598942
 22.900000      0.34332966
 23.000000      0.30853471
 23.100000      0.27330566
 23.200000      0.23840236
 23.300000      0.20286884
 23.400000      0.16927469
 23.500000      0.13738885
 23.600000      0.10663717
 23.700000      0.07578442
 23.800000      0.04515368
 23.900000      0.01385286
 24.000000     -0.01853814
 24.100000     -0.05093807
 24.200000     -0.08423751
 24.300000     -0.11855914
 24.400000     -0.15426524
 24.500000     -0.19045336
 24.600000     -0.22717893
 24.700000     -0.26227787
 24.800000     -0.29551544
 24.900000     -0.32651854
 25.000000     -0.35657339
 25.100000     -0.38506149
 25.200000     -0.41306126
 25.300000     -0.44083595
 25.400000     -0.47116501
 25.500000     -0.49673080
 25.600000     -0.51906909
 25.700000     -0.54116232
 25.800000     -0.56687416
 25.900000     -0.59092180
 26.000000     -0.61165739
 26.100000     -0.63139692
 26.200000     -0.65197079
 26.300000     -0.67134886
 26.400000     -0.69129793
 26.500000     -0.71618507
 26.600000     -0.73871917
 26.700000     -0.76093267
 26.800000     -0.78661334
 26.900000     -0.80916096
 27.000000     -0.82733731
 27.100000     -0.84376033
 27.200000     -0.85831689
 27.300000     -0.87055507
 27.400000     -0.88232514
 27.500000     -0.88963652
 27.600000     -0.90551335
 27.700000     -0.91423208
 27.800000     -0.92288829
 27.900000     -0.93333387
 28.000000     -0.93543557
 28.100000     -0.93244631
 28.200000     -0.93043472
 28.300000     -0.93398805
 28.400000     -0.93267391
 28.500000     -0.93119043
 28.600000     -0.92929019
 28.700000     -0.92623758
 28.800000     -0.92100166
 28.900000     -0.91500437
 29.000000     -0.90936992
 29.100000     -0.90506321
 29.200000     -0.90110873
 29.300000     -0.89693562
 29.400000     -0.89194453
 29.500000     -0.88654404
 29.600000     -0.88074110
 29.700000     -0.87456402
 29.800000     -0.86860030
 29.900000     -0.86311319
 30.000000     -0.86093066
 30.100000     -0.86071026
 30.200000     -0.86141575
 30.300000     -0.86172339
 30.400000     -0.86100254
 30.500000     -0.85995189
 30.600000     -0.85909858
 30.700000     -0.85640257
 30.800000     -0.85135231
 30.900000     -0.84470123
 31.000000     -0.83738474
 31.100000     -0.83037792
 31.200000     -0.82417920
 31.300000     -0.81703029
 31.400000     -0.81149371
 31.500000     -0.80580744
 31.600000     -0.79933453
 31.700000     -0.79268172
 31.800000     -0.78677789
 31.900000     -0.78337346
 32.000000     -0.78113366
 32.100000     -0.78051303
 32.200000     -0.78239445
 32.300000     -0.78580526
 32.400000     -0.79078246
 32.500000     -0.79670018
 32.600000     -0.80417402
 32.700000     -0.81316614
 32.800000     -0.82588343
 32.900000     -0.83494942
 33.000000     -0.84485025
 33.100000     -0.85603968
 33.200000     -0.86885482
 33.300000     -0.88241496
 33.400000     -0.89569819
 33.500000     -0.90925240
 33.600000     -0.92293243
 33.700000     -0.93595350
 33.800000     -0.94841252
 33.900000     -0.96002312
 34.000000     -0.96787009
 34.100000     -0.97865157
 34.200000     -0.99005926
 34.300000     -0.99622554
 34.400000     -0.99733764
 34.500000     -0.99779979
 34.600000     -0.99755837
 34.700000     -0.99739501
 34.800000     -0.99751582
 34.900000     -0.99986416
 35.000000     -1.00000000
 35.100000     -0.99980388
 35.200000     -0.99902907
 35.300000     -0.99794088
 35.400000     -0.99819207
 35.500000     -0.99818345
 35.600000     -0.99663762
 35.700000     -0.99470946
 35.800000     -0.99230823
 35.900000     -0.98938941
 36.000000     -0.98612109
 36.100000     -0.98337010
 36.200000     -0.98044633
 36.300000     -0.97726609
 36.400000     -0.97383589
 36.500000     -0.97092248
 36.600000     -0.96792468
 36.700000     -0.96476677
 36.800000     -0.96137166
 36.900000     -0.95782512
 37.000000     -0.95415334
 37.100000     -0.95023891
 37.200000     -0.94617568
 37.300000     -0.94226144
 37.400000     -0.93862529
 37.500000     -0.93633324
 37.600000     -0.93514525
 37.700000     -0.93319692
 37.800000     -0.93040466
 37.900000     -0.92803868
 38.000000     -0.92603182
 38.100000     -0.92400944
 38.200000     -0.92164518
 38.300000     -0.91961393
 38.400000     -0.91844824
 38.500000     -0.91739665
 38.600000     -0.91604302
 38.700000     -0.91313171
 38.800000     -0.91221407
 38.900000     -0.91108225
 39.000000     -0.90811965
 39.100000     -0.90837198
 39.200000     -0.90904156
 39.300000     -0.90867837
 39.400000     -0.90851088
 39.500000     -0.90857431
 39.600000     -0.90873740
 39.700000     -0.90843934
 39.800000     -0.90812929
 39.900000     -0.90778435
