  0.000000      0.03650410
  0.100000      0.04020732
  0.200000      0.04425501
  0.300000      0.04650317
  0.400000      0.04560083
  0.500000      0.04361710
  0.600000      0.04183760
  0.700000      0.03855945
  0.800000      0.03438306
  0.900000      0.03041480
  1.000000      0.02637398
  1.100000      0.02092537
  1.200000      0.01394012
  1.300000      0.00754096
  1.400000      0.00298517
  1.500000      0.00107348
  1.600000     -0.00091118
  1.700000     -0.00348585
  1.800000     -0.00476366
  1.900000     -0.00486207
  2.000000     -0.00441175
  2.100000     -0.00439209
  2.200000     -0.00264102
  2.300000      0.00014614
  2.400000      0.00130104
  2.500000      0.00159322
  2.600000      0.00300859
  2.700000      0.00542771
  2.800000      0.00675447
  2.900000      0.00645523
  3.000000      0.00527986
  3.100000      0.00405076
  3.200000      0.00458858
  3.300000      0.00517204
  3.400000      0.00365570
  3.500000      0.00213443
  3.600000      0.00111326
  3.700000      0.00127155
  3.800000      0.00335182
  3.900000      0.00620178
  4.000000      0.00839462
  4.100000      0.00994680
  4.200000      0.01178009
  4.300000      0.01393583
  4.400000      0.01627061
  4.500000      0.01792507
  4.600000      0.02068230
  4.700000      0.02549530
  4.800000      0.02805338
  4.900000      0.02990213
  5.000000      0.03332239
  5.100000      0.03551732
  5.200000      0.03559372
  5.300000      0.03667314
  5.400000      0.03971956
  5.500000      0.04213045
  5.600000      0.04401191
  5.700000      0.04637672
  5.800000      0.04788374
  5.900000      0.04820231
  6.000000      0.04765483
  6.100000      0.04705950
  6.200000      0.04598451
  6.300000      0.04369253
  6.400000      0.04118034
  6.500000      0.03932681
  6.600000      0.03758422
  6.700000      0.03476644
  6.800000      0.03035687
  6.900000      0.02533004
  7.000000      0.02056732
  7.100000      0.01507690
  7.200000      0.00862468
  7.300000      0.00162738
  7.400000     -0.00524615
  7.500000     -0.01102557
  7.600000     -0.01460817
  7.700000     -0.01608407
  7.800000     -0.01729243
  7.900000     -0.01771353
  8.000000     -0.01760119
  8.100000     -0.01642577
  8.200000     -0.01405174
  8.300000     -0.01209374
  8.400000     -0.01186502
  8.500000     -0.01118053
  8.600000     -0.00886407
  8.700000     -0.00463946
  8.800000     -0.00090950
  8.900000      0.00179256
  9.000000      0.00658375
  9.100000      0.01339979
  9.200000      0.01863500
  9.300000      0.02360114
  9.400000      0.02751933
  9.500000      0.02872147
  9.600000      0.02897165
  9.700000      0.02914849
  9.800000      0.03049158
  9.900000      0.03069870
 10.000000      0.02789562
 10.100000      0.02387458
 10.200000      0.02042479
 10.300000      0.01908990
 10.400000      0.01914389
 10.500000      0.01910320
 10.600000      0.02003056
 10.700000      0.02215317
 10.800000      0.02508349
 10.900000      0.02701481
 11.000000      0.02688504
 11.100000      0.02598411
 11.200000      0.02383823
 11.300000      0.02355453
 11.400000      0.02595414
 11.500000      0.03120744
 11.600000      0.03530596
 11.700000      0.03354389
 11.800000      0.03111569
 11.900000      0.03250604
 12.000000      0.03565519
 12.100000      0.03731248
 12.200000      0.03496955
 12.300000      0.02728092
 12.400000      0.01688104
 12.500000      0.01060594
 12.600000      0.01280105
 12.700000      0.01855680
 12.800000      0.02134776
 12.900000      0.02173443
 13.000000      0.02539035
 13.100000      0.03363907
 13.200000      0.04340976
 13.300000      0.05083046
 13.400000      0.05391136
 13.500000      0.05592758
 13.600000      0.05761801
 13.700000      0.05804445
 13.800000      0.05960955
 13.900000      0.06206868
 14.000000      0.06480880
 14.100000      0.06307939
 14.200000      0.05678607
 14.300000      0.05155670
 14.400000      0.04834939
 14.500000      0.04833728
 14.600000      0.04945139
 14.700000      0.04790441
 14.800000      0.04609484
 14.900000      0.04756655
 15.000000      0.04582161
 15.100000      0.03740722
 15.200000      0.02570096
 15.300000      0.01291164
 15.400000     -0.00306649
 15.500000     -0.02591025
 15.600000     -0.05323905
 15.700000     -0.08378769
 15.800000     -0.11838197
 15.900000     -0.15304109
 16.000000     -0.18409659
 16.100000     -0.21500692
 16.200000     -0.24881627
 16.300000     -0.28308620
 16.400000     -0.31535114
 16.500000     -0.34302094
 16.600000     -0.36961042
 16.700000     -0.39548541
 16.800000     -0.42166751
 16.900000     -0.44115446
 17.000000     -0.45419605
 17.100000     -0.47001042
 17.200000     -0.48241720
 17.300000     -0.49185132
 17.400000     -0.49653491
 17.500000     -0.49223361
 17.600000     -0.48239012
 17.700000     -0.47182204
 17.800000     -0.45803106
 17.900000     -0.43734771
 18.000000     -0.41340835
 18.100000     -0.38614509
 18.200000     -0.34803140
 18.300000     -0.30483889
 18.400000     -0.25992433
 18.500000     -0.20481225
 18.600000     -0.14134756
 18.700000     -0.07370582
 18.800000      0.00279314
 18.900000      0.08723816
 19.000000      0.17698590
 19.100000      0.26782907
 19.200000      0.35789333
 19.300000      0.44221191
 19.400000      0.52340456
 19.500000      0.60906596
 19.600000      0.69175731
 19.700000      0.76746932
 19.800000      0.83408648
 19.900000      0.88726168
 20.000000      0.92969046
 20.100000      0.95863588
 20.200000      0.97738176
 20.300000      0.99268414
 20.400000      1.00000000
 20.500000      0.99319097
 20.600000      0.97593077
 20.700000      0.95528045
 20.800000      0.92981093
 20.900000      0.89815232
 21.000000      0.85273739
 21.100000      0.79533519
 21.200000      0.72556803
 21.300000      0.63811935
 21.400000      0.54128877
 21.500000      0.43741176
 21.600000      0.34387128
 21.700000      0.25156253
 21.800000      0.16849045
 21.900000      0.08870077
 22.000000      0.04009951
 22.100000      0.00539897
 22.200000     -0.00732155
 22.300000     -0.02982372
 22.400000     -0.06743622
 22.500000     -0.10937621
 22.600000     -0.14582007
 22.700000     -0.17447520
 22.800000     -0.20493933
 22.900000     -0.23475439
 23.000000     -0.26173186
 23.100000     -0.27769699
 23.200000     -0.27445521
 23.300000     -0.26268144
 23.400000     -0.24715777
 23.500000     -0.23213993
 23.600000     -0.21993678
 23.700000     -0.20828093
 23.800000     -0.19386711
 23.900000     -0.17699620
 24.000000     -0.15961814
 24.100000     -0.14659826
 24.200000     -0.13040578
 24.300000     -0.11368704
 24.400000     -0.09891690
 24.500000     -0.08390105
 24.600000     -0.06796404
 24.700000     -0.05390732
 24.800000     -0.04265048
 24.900000     -0.03432713
 25.000000     -0.01954419
 25.100000     -0.00163885
 25.200000      0.01739019
 25.300000      0.03109294
 25.400000      0.04265600
 25.500000      0.05918712
 25.600000      0.07797207
 25.700000      0.09204643
 25.800000      0.09924794
 25.900000      0.10328155
 26.000000      0.11347277
 26.100000      0.11873285
 26.200000      0.11711895
 26.300000      0.10742753
 26.400000      0.09476911
 26.500000      0.08259916
 26.600000      0.07693983
 26.700000      0.07379613
 26.800000      0.06810220
 26.900000      0.05669921
 27.000000      0.04275267
 27.100000      0.03069007
 27.200000      0.02203239
 27.300000      0.01524872
 27.400000      0.01205846
 27.500000      0.01455715
 27.600000      0.02163136
 27.700000      0.02953379
 27.800000      0.04180035
 27.900000      0.05428471
 28.000000      0.06194530
 28.100000      0.06485189
 28.200000      0.06801206
 28.300000      0.07004555
 28.400000      0.07339329
 28.500000      0.06934642
 28.600000      0.07361366
 28.700000      0.07437266
 28.800000      0.07888426
 28.900000      0.08385299
 29.000000      0.08968919
 29.100000      0.09587523
 29.200000      0.10045164
 29.300000      0.10298643
 29.400000      0.10514035
 29.500000      0.10717480
 29.600000      0.10697573
 29.700000      0.10719031
 29.800000      0.10888941
 29.900000      0.11658592
 30.000000      0.12335549
 30.100000      0.12698629
 30.200000      0.12834053
 30.300000      0.13008756
 30.400000      0.13181848
 30.500000      0.13446450
 30.600000      0.13731047
 30.700000      0.14039880
 30.800000      0.14394243
 30.900000      0.14771754
 31.000000      0.15235072
 31.100000      0.15441039
 31.200000      0.14642468
 31.300000      0.14411050
 31.400000      0.14710233
 31.500000      0.14719523
 31.600000      0.14525677
 31.700000      0.14275288
 31.800000      0.13859855
 31.900000      0.13384504
 32.000000      0.13039734
 32.100000      0.12889745
 32.200000      0.12899128
 32.300000      0.12711207
 32.400000      0.12335591
 32.500000      0.12126135
 32.600000      0.12065832
 32.700000      0.11984994
 32.800000      0.11780072
 32.900000      0.11687268
 33.000000      0.11861796
 33.100000      0.12232443
 33.200000      0.12410093
 33.300000      0.12427413
 33.400000      0.12551371
 33.500000      0.12576315
 33.600000      0.12351173
 33.700000      0.11941563
 33.800000      0.11455130
 33.900000      0.10899201
 34.000000      0.10357037
 34.100000      0.09813788
 34.200000      0.09203143
 34.300000      0.08582797
 34.400000      0.08065274
 34.500000      0.07814432
 34.600000      0.07743105
 34.700000      0.07665069
 34.800000      0.07653995
 34.900000      0.07814684
 35.000000      0.07991678
 35.100000      0.08139779
 35.200000      0.08235835
 35.300000      0.08193307
 35.400000      0.08066190
 35.500000      0.07803733
 35.600000      0.07525423
 35.700000      0.07158712
 35.800000      0.06757946
 35.900000      0.06275135
 36.000000      0.05658347
 36.100000      0.05191392
 36.200000      0.04861381
 36.300000      0.04824736
 36.400000      0.04809359
 36.500000      0.04823751
 36.600000      0.05130028
 36.700000      0.05416992
 36.800000      0.05547998
 36.900000      0.05826998
 37.000000      0.06281053
 37.100000      0.06630844
 37.200000      0.06697464
 37.300000      0.06726625
 37.400000      0.06779620
 37.500000      0.06911598
 37.600000      0.07078594
 37.700000      0.07371106
 37.800000      0.07733051
 37.900000      0.08048988
 38.000000      0.08494332
 38.100000      0.08877078
 38.200000      0.08984504
 38.300000      0.09031941
 38.400000      0.09056293
 38.500000      0.09002934
 38.600000      0.08954697
 38.700000      0.09008470
 38.800000      0.09144705
 38.900000      0.09130953
 39.000000      0.09041814
 39.100000      0.08921281
 39.200000      0.08824236
 39.300000      0.08771172
 39.400000      0.08693700
 39.500000      0.08689770
 39.600000      0.08824175
 39.700000      0.09065140
 39.800000      0.09440154
 39.900000      0.09714647
