  0.000000     -0.00553316
  0.100000     -0.00614611
  0.200000     -0.00687801
  0.300000     -0.00752528
  0.400000     -0.00780967
  0.500000     -0.00789999
  0.600000     -0.00788403
  0.700000     -0.00774300
  0.800000     -0.00738263
  0.900000     -0.00714467
  1.000000     -0.00675633
  1.100000     -0.00637345
  1.200000     -0.00587883
  1.300000     -0.00523246
  1.400000     -0.00449076
  1.500000     -0.00335217
  1.600000     -0.00202777
  1.700000     -0.00043256
  1.800000      0.00153834
  1.900000      0.00390978
  2.000000      0.00646710
  2.100000      0.00906949
  2.200000      0.01125960
  2.300000      0.01324093
  2.400000      0.01500208
  2.500000      0.01671350
  2.600000      0.01848700
  2.700000      0.02016445
  2.800000      0.02201133
  2.900000      0.02387839
  3.000000      0.02611789
  3.100000      0.02824386
  3.200000      0.03030969
  3.300000      0.03222712
  3.400000      0.03419787
  3.500000      0.03611363
  3.600000      0.03798729
  3.700000      0.03987102
  3.800000      0.04192067
  3.900000      0.04433969
  4.000000      0.04696651
  4.100000      0.04944730
  4.200000      0.05163380
  4.300000      0.05354393
  4.400000      0.05498887
  4.500000      0.05600766
  4.600000      0.05652546
  4.700000      0.05701126
  4.800000      0.05740829
  4.900000      0.05812069
  5.000000      0.05940647
  5.100000      0.06133153
  5.200000      0.06426081
  5.300000      0.06780069
  5.400000      0.07177175
  5.500000      0.07617685
  5.600000      0.08098696
  5.700000      0.08621365
  5.800000      0.09202514
  5.900000      0.09846404
  6.000000      0.10509841
  6.100000      0.11184399
  6.200000      0.11900516
  6.300000      0.12646771
  6.400000      0.13397714
  6.500000      0.14147670
  6.600000      0.14947661
  6.700000      0.15762699
  6.800000      0.16616030
  6.900000      0.17526623
  7.000000      0.18478429
  7.100000      0.19442191
  7.200000      0.20472401
  7.300000      0.21538970
  7.400000      0.22658240
  7.500000      0.23823699
  7.600000      0.25093310
  7.700000      0.26425680
  7.800000      0.27844218
  7.900000      0.29349655
  8.000000      0.30936473
  8.100000      0.32599373
  8.200000      0.34309271
  8.300000      0.36100037
  8.400000      0.37918101
  8.500000      0.39769555
  8.600000      0.41651371
  8.700000      0.43532123
  8.800000      0.45391521
  8.900000      0.47261216
  9.000000      0.49158222
  9.100000      0.51086651
  9.200000      0.53044788
  9.300000      0.55057451
  9.400000      0.57102314
  9.500000      0.59125732
  9.600000      0.61124028
  9.700000      0.63058638
  9.800000      0.64924748
  9.900000      0.66694895
 10.000000      0.68407723
 10.100000      0.70055288
 10.200000      0.71668978
 10.300000      0.73233979
 10.400000      0.74769563
 10.500000      0.76324706
 10.600000      0.77886747
 10.700000      0.79469369
 10.800000      0.81087758
 10.900000      0.82720732
 11.000000      0.84334575
 11.100000      0.85911797
 11.200000      0.87385757
 11.300000      0.88796981
 11.400000      0.90118861
 11.500000      0.91340037
 11.600000      0.92458841
 11.700000      0.93493268
 11.800000      0.94426153
 11.900000      0.95302320
 12.000000      0.96145361
 12.100000      0.96946397
 12.200000      0.97657771
 12.300000      0.98293365
 12.400000      0.98866367
 12.500000      0.99370194
 12.600000      0.99747367
 12.700000      0.99938367
 12.800000      1.00000000
 12.900000      0.99879249
 13.000000      0.99639411
 13.100000      0.99245212
 13.200000      0.98694273
 13.300000      0.98104917
 13.400000      0.97495128
 13.500000      0.96896241
 13.600000      0.96239782
 13.700000      0.95601549
 13.800000      0.94972400
 13.900000      0.94356524
 14.000000      0.93758957
 14.100000      0.93185384
 14.200000      0.92592881
 14.300000      0.91981545
 14.400000      0.91306071
 14.500000      0.90547995
 14.600000      0.89713738
 14.700000      0.88788073
 14.800000      0.87760170
 14.900000      0.86582869
 15.000000      0.85218598
 15.100000      0.83663496
 15.200000      0.81963855
 15.300000      0.80119846
 15.400000      0.78207576
 15.500000      0.76249075
 15.600000      0.74220877
 15.700000      0.72208258
 15.800000      0.70193009
 15.900000      0.68224342
 16.000000      0.66282507
 16.100000      0.64317579
 16.200000      0.62304857
 16.300000      0.60165039
 16.400000      0.57929117
 16.500000      0.55563973
 16.600000      0.53096693
 16.700000      0.50561245
 16.800000      0.47981713
 16.900000      0.45363845
 17.000000      0.42768703
 17.100000      0.40209054
 17.200000      0.37695921
 17.300000      0.35239418
 17.400000      0.32859410
 17.500000      0.30591120
 17.600000      0.28420730
 17.700000      0.26356817
 17.800000      0.24391194
 17.900000      0.22535425
 18.000000      0.20824404
 18.100000      0.19255752
 18.200000      0.17769564
 18.300000      0.16407922
 18.400000      0.15156975
 18.500000      0.14027074
 18.600000      0.13015680
 18.700000      0.12101960
 18.800000      0.11302103
 18.900000      0.10587482
 19.000000      0.09949601
 19.100000      0.09375829
 19.200000      0.08832568
 19.300000      0.08301513
 19.400000      0.07751118
 19.500000      0.07215948
 19.600000      0.06722007
 19.700000      0.06268720
 19.800000      0.05851262
 19.900000      0.05448461
 20.000000      0.05012244
 20.100000      0.04503666
 20.200000      0.03944124
 20.300000      0.03370552
 20.400000      0.02799290
 20.500000      0.02249770
 20.600000      0.01669984
 20.700000      0.01110865
 20.800000      0.00523677
 20.900000     -0.00096786
 21.000000     -0.00796235
 21.100000     -0.01547765
 21.200000     -0.02362297
 21.300000     -0.03224122
 21.400000     -0.04091979
 21.500000     -0.04964381
 21.600000     -0.05811951
 21.700000     -0.06696219
 21.800000     -0.07553004
 21.900000     -0.08410423
 22.000000     -0.09331092
 22.100000     -0.10228061
 22.200000     -0.11113875
 22.300000     -0.11948484
 22.400000     -0.12728441
 22.500000     -0.13420749
 22.600000     -0.14040623
 22.700000     -0.14605956
 22.800000     -0.15103341
 22.900000     -0.15614687
 23.000000     -0.16147393
 23.100000     -0.16759482
 23.200000     -0.17423759
 23.300000     -0.18124155
 23.400000     -0.18837290
 23.500000     -0.19527111
 23.600000     -0.20226174
 23.700000     -0.20861404
 23.800000     -0.21405022
 23.900000     -0.21893952
 24.000000     -0.22303597
 24.100000     -0.22664280
 24.200000     -0.22976554
 24.300000     -0.23242105
 24.400000     -0.23529720
 24.500000     -0.23820669
 24.600000     -0.24059308
 24.700000     -0.24285618
 24.800000     -0.24432147
 24.900000     -0.24479780
 25.000000     -0.24438224
 25.100000     -0.24396725
 25.200000     -0.24327778
 25.300000     -0.24287998
 25.400000     -0.24269988
 25.500000     -0.24291955
 25.600000     -0.24383734
 25.700000     -0.24476356
 25.800000     -0.24605838
 25.900000     -0.24743629
 26.000000     -0.24872704
 26.100000     -0.24988449
 26.200000     -0.25076164
 26.300000     -0.25166782
 26.400000     -0.25268702
 26.500000     -0.25403491
 26.600000     -0.25528678
 26.700000     -0.25617789
 26.800000     -0.25630416
 26.900000     -0.25556231
 27.000000     -0.25421428
 27.100000     -0.25232008
 27.200000     -0.25049125
 27.300000     -0.24842770
 27.400000     -0.24650472
 27.500000     -0.24477533
 27.600000     -0.24305295
 27.700000     -0.24180472
 27.800000     -0.24097967
 27.900000     -0.24055851
 28.000000     -0.24002543
 28.100000     -0.23917046
 28.200000     -0.23826155
 28.300000     -0.23677143
 28.400000     -0.23494758
 28.500000     -0.23343342
 28.600000     -0.23215603
 28.700000     -0.23109476
 28.800000     -0.23064759
 28.900000     -0.23042274
 29.000000     -0.23045846
 29.100000     -0.23010453
 29.200000     -0.23002858
 29.300000     -0.23044159
 29.400000     -0.23128250
 29.500000     -0.23279374
 29.600000     -0.23480466
 29.700000     -0.23678386
 29.800000     -0.23851033
 29.900000     -0.23989664
 30.000000     -0.24106711
 30.100000     -0.24163453
 30.200000     -0.24163174
 30.300000     -0.24117601
 30.400000     -0.24015908
 30.500000     -0.23896262
 30.600000     -0.23765233
 30.700000     -0.23613197
 30.800000     -0.23424133
 30.900000     -0.23220788
 31.000000     -0.22988966
 31.100000     -0.22729314
 31.200000     -0.22513743
 31.300000     -0.22359918
 31.400000     -0.22255625
 31.500000     -0.22181030
 31.600000     -0.22112136
 31.700000     -0.22089189
 31.800000     -0.22118058
 31.900000     -0.22172509
 32.000000     -0.22252156
 32.100000     -0.22375463
 32.200000     -0.22560765
 32.300000     -0.22826591
 32.400000     -0.23187882
 32.500000     -0.23590309
 32.600000     -0.24053816
 32.700000     -0.24514137
 32.800000     -0.24948239
 32.900000     -0.25356136
 33.000000     -0.25668072
 33.100000     -0.25896149
 33.200000     -0.26040849
 33.300000     -0.26127694
 33.400000     -0.26170597
 33.500000     -0.26193907
 33.600000     -0.26262498
 33.700000     -0.26354557
 33.800000     -0.26469018
 33.900000     -0.26599074
 34.000000     -0.26717267
 34.100000     -0.26867630
 34.200000     -0.27017787
 34.300000     -0.27159534
 34.400000     -0.27314684
 34.500000     -0.27459871
 34.600000     -0.27644591
 34.700000     -0.27862617
 34.800000     -0.28138338
 34.900000     -0.28464602
 35.000000     -0.28819762
 35.100000     -0.29166989
 35.200000     -0.29471952
 35.300000     -0.29738156
 35.400000     -0.29922828
 35.500000     -0.30064830
 35.600000     -0.30184955
 35.700000     -0.30320907
 35.800000     -0.30435467
 35.900000     -0.30531145
 36.000000     -0.30597895
 36.100000     -0.30663180
 36.200000     -0.30726457
 36.300000     -0.30787415
 36.400000     -0.30847717
 36.500000     -0.30887279
 36.600000     -0.30898487
 36.700000     -0.30890938
 36.800000     -0.30875317
 36.900000     -0.30862163
 37.000000     -0.30884290
 37.100000     -0.30944754
 37.200000     -0.30996899
 37.300000     -0.31046206
 37.400000     -0.31093623
 37.500000     -0.31125485
 37.600000     -0.31196580
 37.700000     -0.31302049
 37.800000     -0.31479448
 37.900000     -0.31734669
 38.000000     -0.32045876
 38.100000     -0.32430966
 38.200000     -0.32901693
 38.300000     -0.33437406
 38.400000     -0.34041210
 38.500000     -0.34652337
 38.600000     -0.35307884
 38.700000     -0.35988940
 38.800000     -0.36663723
 38.900000     -0.37336972
 39.000000     -0.37991286
 39.100000     -0.38641818
 39.200000     -0.39257215
 39.300000     -0.39814044
 39.400000     -0.40299732
 39.500000     -0.40736048
 39.600000     -0.41120285
 39.700000     -0.41450325
 39.800000     -0.41744855
 39.900000     -0.42007951
