  0.000000      0.07747478
  0.100000      0.07129269
  0.200000      0.06655046
  0.300000      0.06322748
  0.400000      0.05788369
  0.500000      0.05053540
  0.600000      0.04579999
  0.700000      0.04171117
  0.800000      0.03669333
  0.900000      0.03200889
  1.000000      0.02959894
  1.100000      0.02825159
  1.200000      0.02666951
  1.300000      0.02461696
  1.400000      0.02340897
  1.500000      0.02313986
  1.600000      0.02451571
  1.700000      0.02718747
  1.800000      0.02965979
  1.900000      0.03107586
  2.000000      0.03079872
  2.100000      0.03076813
  2.200000      0.03157015
  2.300000      0.03102268
  2.400000      0.03571112
  2.500000      0.04226402
  2.600000      0.04692699
  2.700000      0.04899540
  2.800000      0.04890714
  2.900000      0.04627664
  3.000000      0.04112297
  3.100000      0.04097270
  3.200000      0.04459384
  3.300000      0.04801310
  3.400000      0.05096627
  3.500000      0.04621123
  3.600000      0.04609981
  3.700000      0.04536039
  3.800000      0.04709219
  3.900000      0.04795243
  4.000000      0.04687009
  4.100000      0.04624662
  4.200000      0.04273965
  4.300000      0.03701738
  4.400000      0.03563421
  4.500000      0.03752370
  4.600000      0.04134699
  4.700000      0.04573644
  4.800000      0.05095738
  4.900000      0.05523269
  5.000000      0.05852006
  5.100000      0.06321444
  5.200000      0.06640353
  5.300000      0.07237326
  5.400000      0.08054097
  5.500000      0.08622685
  5.600000      0.08622775
  5.700000      0.07993367
  5.800000      0.07791409
  5.900000      0.07822062
  6.000000      0.07575727
  6.100000      0.07539460
  6.200000      0.07182265
  6.300000      0.06074286
  6.400000      0.04636569
  6.500000      0.02793123
  6.600000      0.01048164
  6.700000     -0.00519427
  6.800000     -0.01738348
  6.900000     -0.02311804
  7.000000     -0.01629751
  7.100000     -0.00874136
  7.200000     -0.00225611
  7.300000      0.01128324
  7.400000      0.02966107
  7.500000      0.04922958
  7.600000      0.06689266
  7.700000      0.08685656
  7.800000      0.11013718
  7.900000      0.13459926
  8.000000      0.15114820
  8.100000      0.16852160
  8.200000      0.19752001
  8.300000      0.25087478
  8.400000      0.29655443
  8.500000      0.34216566
  8.600000      0.40890284
  8.700000      0.49838653
  8.800000      0.54666344
  8.900000      0.64743514
  9.000000      0.70039911
  9.100000      0.77961973
  9.200000      0.82487033
  9.300000      0.86540028
  9.400000      0.92806975
  9.500000      0.99020461
  9.600000      1.00000000
  9.700000      0.95610975
  9.800000      0.97673558
  9.900000      0.95762982
 10.000000      0.94568571
 10.100000      0.90050421
 10.200000      0.86215689
 10.300000      0.80964682
 10.400000      0.76569111
 10.500000      0.73674131
 10.600000      0.71055387
 10.700000      0.66100314
 10.800000      0.62412151
 10.900000      0.56546381
 11.000000      0.51659255
 11.100000      0.44341937
 11.200000      0.38081903
 11.300000      0.30943423
 11.400000      0.22630617
 11.500000      0.14147710
 11.600000      0.06342035
 11.700000      0.02588469
 11.800000     -0.03120507
 11.900000     -0.05798986
 12.000000     -0.12523512
 12.100000     -0.12948126
 12.200000     -0.16764348
 12.300000     -0.19632460
 12.400000     -0.22916303
 12.500000     -0.25657110
 12.600000     -0.26811012
 12.700000     -0.26862170
 12.800000     -0.26371246
 12.900000     -0.26157272
 13.000000     -0.26156529
 13.100000     -0.26321751
 13.200000     -0.26671517
 13.300000     -0.26765846
 13.400000     -0.26721255
 13.500000     -0.28846125
 13.600000     -0.28457293
 13.700000     -0.30162157
 13.800000     -0.30422174
 13.900000     -0.30913786
 14.000000     -0.31105284
 14.100000     -0.30625541
 14.200000     -0.29365098
 14.300000     -0.29722740
 14.400000     -0.29730641
 14.500000     -0.28804839
 14.600000     -0.27559018
 14.700000     -0.26831953
 14.800000     -0.24821137
 14.900000     -0.23299214
 15.000000     -0.21805195
 15.100000     -0.21848372
 15.200000     -0.21250624
 15.300000     -0.20690505
 15.400000     -0.20641562
 15.500000     -0.21214426
 15.600000     -0.21865877
 15.700000     -0.21849333
 15.800000     -0.20950144
 15.900000     -0.19925310
 16.000000     -0.18810359
 16.100000     -0.17717865
 16.200000     -0.16807699
 16.300000     -0.16149744
 16.400000     -0.15580838
 16.500000     -0.14991640
 16.600000     -0.14316687
 16.700000     -0.13583999
 16.800000     -0.12694113
 16.900000     -0.11696469
 17.000000     -0.10608686
 17.100000     -0.09532483
 17.200000     -0.08606121
 17.300000     -0.07813692
 17.400000     -0.07083198
 17.500000     -0.06307696
 17.600000     -0.05517742
 17.700000     -0.04994522
 17.800000     -0.04652489
 17.900000     -0.04557516
 18.000000     -0.04608271
 18.100000     -0.04841276
 18.200000     -0.05085973
 18.300000     -0.05230134
 18.400000     -0.05406485
 18.500000     -0.05406823
 18.600000     -0.05093249
 18.700000     -0.04402988
 18.800000     -0.03302703
 18.900000     -0.01967492
 19.000000     -0.00485744
 19.100000      0.00731858
 19.200000      0.01559070
 19.300000      0.02106075
 19.400000      0.02237494
 19.500000      0.01831084
 19.600000      0.00970670
 19.700000     -0.00319820
 19.800000     -0.01934423
 19.900000     -0.03983830
 20.000000     -0.06465128
 20.100000     -0.09148979
 20.200000     -0.11769630
 20.300000     -0.14147318
 20.400000     -0.16034775
 20.500000     -0.17314035
 20.600000     -0.18098623
 20.700000     -0.18571882
 20.800000     -0.18682734
 20.900000     -0.18484476
 21.000000     -0.17925470
 21.100000     -0.17119050
 21.200000     -0.15998559
 21.300000     -0.14613981
 21.400000     -0.13146962
 21.500000     -0.11919702
 21.600000     -0.10992988
 21.700000     -0.10529213
 21.800000     -0.10520898
 21.900000     -0.09780066
 22.000000     -0.09032779
 22.100000     -0.08306828
 22.200000     -0.07442022
 22.300000     -0.06635804
 22.400000     -0.05993558
 22.500000     -0.05433612
 22.600000     -0.04994607
 22.700000     -0.04704909
 22.800000     -0.04427394
 22.900000     -0.04183889
 23.000000     -0.03982585
 23.100000     -0.03699512
 23.200000     -0.03375302
 23.300000     -0.03087008
 23.400000     -0.02945593
 23.500000     -0.02934462
 23.600000     -0.03035003
 23.700000     -0.03272956
 23.800000     -0.03656868
 23.900000     -0.04211719
 24.000000     -0.04809052
 24.100000     -0.05479665
 24.200000     -0.06197867
 24.300000     -0.06935117
 24.400000     -0.07697840
 24.500000     -0.08379356
 24.600000     -0.08942152
 24.700000     -0.09530344
 24.800000     -0.10149939
 24.900000     -0.10865047
 25.000000     -0.11583422
 25.100000     -0.12253017
 25.200000     -0.12705449
 25.300000     -0.12928134
 25.400000     -0.12900954
 25.500000     -0.12727452
 25.600000     -0.12465499
 25.700000     -0.12168903
 25.800000     -0.11635554
 25.900000     -0.10939995
 26.000000     -0.10057719
 26.100000     -0.09162133
 26.200000     -0.08435487
 26.300000     -0.07749782
 26.400000     -0.06885245
 26.500000     -0.05905428
 26.600000     -0.05001513
 26.700000     -0.04275150
 26.800000     -0.03675406
 26.900000     -0.03281981
 27.000000     -0.03002656
 27.100000     -0.02736937
 27.200000     -0.02458912
 27.300000     -0.02177544
 27.400000     -0.01867418
 27.500000     -0.01680768
 27.600000     -0.01630232
 27.700000     -0.01672426
 27.800000     -0.01754939
 27.900000     -0.01867354
 28.000000     -0.02070244
 28.100000     -0.02238547
 28.200000     -0.02318011
 28.300000     -0.02304840
 28.400000     -0.02195720
 28.500000     -0.01964966
 28.600000     -0.01666971
 28.700000     -0.01168212
 28.800000     -0.00459837
 28.900000      0.00305956
 29.000000      0.01022031
 29.100000      0.01710260
 29.200000      0.02355094
 29.300000      0.02853610
 29.400000      0.03214577
 29.500000      0.03544977
 29.600000      0.03829896
 29.700000      0.03997939
 29.800000      0.04101162
 29.900000      0.04198368
 30.000000      0.04199607
 30.100000      0.04158397
 30.200000      0.04193009
 30.300000      0.04289654
 30.400000      0.04325108
 30.500000      0.04270846
 30.600000      0.04065725
 30.700000      0.03870050
 30.800000      0.03877721
 30.900000      0.04055901
 31.000000      0.03888346
 31.100000      0.03807109
 31.200000      0.03726708
 31.300000      0.03616300
 31.400000      0.03550202
 31.500000      0.03497107
 31.600000      0.03371968
 31.700000      0.03174286
 31.800000      0.02914724
 31.900000      0.02603328
 32.000000      0.02089850
 32.100000      0.01424242
 32.200000      0.00710199
 32.300000     -0.00110884
 32.400000     -0.00970651
 32.500000     -0.01668056
 32.600000     -0.02160626
 32.700000     -0.02503049
 32.800000     -0.02742508
 32.900000     -0.02979949
 33.000000     -0.03277810
 33.100000     -0.03611491
 33.200000     -0.03824515
 33.300000     -0.03914248
 33.400000     -0.03874630
 33.500000     -0.03784762
 33.600000     -0.03630656
 33.700000     -0.03235723
 33.800000     -0.02839712
 33.900000     -0.02404174
 34.000000     -0.02082763
 34.100000     -0.01798457
 34.200000     -0.01448111
 34.300000     -0.01074628
 34.400000     -0.00981567
 34.500000     -0.00926505
 34.600000     -0.00888089
 34.700000     -0.00805169
 34.800000     -0.00498436
 34.900000     -0.00039639
 35.000000      0.00342847
 35.100000      0.00597722
 35.200000      0.00893442
 35.300000      0.01306052
 35.400000      0.01768883
 35.500000      0.02141950
 35.600000      0.02414817
 35.700000      0.02602388
 35.800000      0.02704912
 35.900000      0.02739885
 36.000000      0.02666251
 36.100000      0.02577772
 36.200000      0.02485365
 36.300000      0.02328503
 36.400000      0.02017854
 36.500000      0.01660784
 36.600000      0.01369365
 36.700000      0.01122307
 36.800000      0.00896340
 36.900000      0.00702916
 37.000000      0.00433343
 37.100000      0.00260120
 37.200000      0.00336752
 37.300000      0.00462145
 37.400000      0.00778586
 37.500000      0.01221569
 37.600000      0.01576752
 37.700000      0.01861631
 37.800000      0.01968885
 37.900000      0.02284907
 38.000000      0.02675560
 38.100000      0.03000550
 38.200000      0.03204139
 38.300000      0.03345614
 38.400000      0.03522846
 38.500000      0.03740955
 38.600000      0.03953336
 38.700000      0.04330904
 38.800000      0.04869720
 38.900000      0.05527127
 39.000000      0.06252065
 39.100000      0.06837792
 39.200000      0.07232218
 39.300000      0.07485218
 39.400000      0.07719291
 39.500000      0.07865015
 39.600000      0.07939259
 39.700000      0.07967026
 39.800000      0.07904652
 39.900000      0.07750969
