  0.000000     -0.03413539
  0.100000     -0.03497596
  0.200000     -0.03585438
  0.300000     -0.03676012
  0.400000     -0.03768396
  0.500000     -0.03863292
  0.600000     -0.03958449
  0.700000     -0.04054873
  0.800000     -0.04152294
  0.900000     -0.04250817
  1.000000     -0.04355493
  1.100000     -0.04458805
  1.200000     -0.04562311
  1.300000     -0.04664545
  1.400000     -0.04766298
  1.500000     -0.04866972
  1.600000     -0.04966914
  1.700000     -0.05066434
  1.800000     -0.05163103
  1.900000     -0.05257222
  2.000000     -0.05351191
  2.100000     -0.05445310
  2.200000     -0.05539497
  2.300000     -0.05633217
  2.400000     -0.05725815
  2.500000     -0.05818544
  2.600000     -0.05911376
  2.700000     -0.06001303
  2.800000     -0.06088713
  2.900000     -0.06174006
  3.000000     -0.06254278
  3.100000     -0.06329227
  3.200000     -0.06397343
  3.300000     -0.06458816
  3.400000     -0.06513200
  3.500000     -0.06561540
  3.600000     -0.06604898
  3.700000     -0.06643923
  3.800000     -0.06678331
  3.900000     -0.06707643
  4.000000     -0.06733588
  4.100000     -0.06754299
  4.200000     -0.06768339
  4.300000     -0.06772438
  4.400000     -0.06766568
  4.500000     -0.06747213
  4.600000     -0.06713972
  4.700000     -0.06677440
  4.800000     -0.06623427
  4.900000     -0.06548406
  5.000000     -0.06451558
  5.100000     -0.06332842
  5.200000     -0.06190889
  5.300000     -0.06025418
  5.400000     -0.05835515
  5.500000     -0.05620774
  5.600000     -0.05381856
  5.700000     -0.05118077
  5.800000     -0.04827878
  5.900000     -0.04509766
  6.000000     -0.04161302
  6.100000     -0.03780662
  6.200000     -0.03365011
  6.300000     -0.02912919
  6.400000     -0.02421397
  6.500000     -0.01887165
  6.600000     -0.01309569
  6.700000     -0.00682238
  6.800000     -0.00002921
  6.900000      0.00732033
  7.000000      0.01524401
  7.100000      0.02376766
  7.200000      0.03292257
  7.300000      0.04270578
  7.400000      0.05316539
  7.500000      0.06430074
  7.600000      0.07614242
  7.700000      0.08870308
  7.800000      0.10198550
  7.900000      0.11602650
  8.000000      0.13083345
  8.100000      0.14640322
  8.200000      0.16270408
  8.300000      0.17974909
  8.400000      0.19754524
  8.500000      0.21602576
  8.600000      0.23520630
  8.700000      0.25504105
  8.800000      0.27552382
  8.900000      0.29660917
  9.000000      0.31826202
  9.100000      0.34047487
  9.200000      0.36318337
  9.300000      0.38632756
  9.400000      0.40977381
  9.500000      0.43352773
  9.600000      0.45754627
  9.700000      0.48175073
  9.800000      0.50607667
  9.900000      0.53043647
 10.000000      0.55477367
 10.100000      0.57897596
 10.200000      0.60296850
 10.300000      0.62671530
 10.400000      0.65012956
 10.500000      0.67316650
 10.600000      0.69577851
 10.700000      0.71790141
 10.800000      0.73947224
 10.900000      0.76041786
 11.000000      0.78068472
 11.100000      0.80024089
 11.200000      0.81905544
 11.300000      0.83711043
 11.400000      0.85432366
 11.500000      0.87068023
 11.600000      0.88613474
 11.700000      0.90068921
 11.800000      0.91430104
 11.900000      0.92693229
 12.000000      0.93865309
 12.100000      0.94940170
 12.200000      0.95918567
 12.300000      0.96796379
 12.400000      0.97573131
 12.500000      0.98251105
 12.600000      0.98820362
 12.700000      0.99284592
 12.800000      0.99640202
 12.900000      0.99882778
 13.000000      1.00000000
 13.100000      0.99951409
 13.200000      0.99717065
 13.300000      0.99339130
 13.400000      0.98944896
 13.500000      0.98608569
 13.600000      0.98275565
 13.700000      0.97847084
 13.800000      0.97296033
 13.900000      0.96625674
 14.000000      0.95862889
 14.100000      0.94964579
 14.200000      0.93877512
 14.300000      0.92675197
 14.400000      0.91424527
 14.500000      0.90108112
 14.600000      0.88685593
 14.700000      0.87129198
 14.800000      0.85432665
 14.900000      0.83643097
 15.000000      0.81800635
 15.100000      0.79864616
 15.200000      0.77807955
 15.300000      0.75672507
 15.400000      0.73478157
 15.500000      0.71221709
 15.600000      0.68881783
 15.700000      0.66454338
 15.800000      0.63968788
 15.900000      0.61479423
 16.000000      0.58977335
 16.100000      0.56422605
 16.200000      0.53816421
 16.300000      0.51177319
 16.400000      0.48528949
 16.500000      0.45896591
 16.600000      0.43247446
 16.700000      0.40564158
 16.800000      0.37850549
 16.900000      0.35102991
 17.000000      0.32369476
 17.100000      0.29642308
 17.200000      0.26912534
 17.300000      0.24222029
 17.400000      0.21605369
 17.500000      0.19057663
 17.600000      0.16561543
 17.700000      0.14067832
 17.800000      0.11572608
 17.900000      0.09121472
 18.000000      0.06734713
 18.100000      0.04404955
 18.200000      0.02127919
 18.300000     -0.00104593
 18.400000     -0.02299928
 18.500000     -0.04436698
 18.600000     -0.06506873
 18.700000     -0.08512920
 18.800000     -0.10453090
 18.900000     -0.12322869
 19.000000     -0.14124109
 19.100000     -0.15852775
 19.200000     -0.17507106
 19.300000     -0.19090574
 19.400000     -0.20600858
 19.500000     -0.22038954
 19.600000     -0.23405947
 19.700000     -0.24712827
 19.800000     -0.25959247
 19.900000     -0.27148670
 20.000000     -0.28281477
 20.100000     -0.29358580
 20.200000     -0.30391152
 20.300000     -0.31377192
 20.400000     -0.32321535
 20.500000     -0.33229348
 20.600000     -0.34099923
 20.700000     -0.34937336
 20.800000     -0.35743064
 20.900000     -0.36515539
 21.000000     -0.37251703
 21.100000     -0.37950770
 21.200000     -0.38616624
 21.300000     -0.39242836
 21.400000     -0.39832186
 21.500000     -0.40383327
 21.600000     -0.40896526
 21.700000     -0.41378971
 21.800000     -0.41831186
 21.900000     -0.42256569
 22.000000     -0.42656525
 22.100000     -0.43032953
 22.200000     -0.43385735
 22.300000     -0.43717723
 22.400000     -0.44030734
 22.500000     -0.44320239
 22.600000     -0.44587517
 22.700000     -0.44831389
 22.800000     -0.45050100
 22.900000     -0.45241630
 23.000000     -0.45402003
 23.100000     -0.45536954
 23.200000     -0.45645462
 23.300000     -0.45732092
 23.400000     -0.45797881
 23.500000     -0.45845768
 23.600000     -0.45875653
 23.700000     -0.45891335
 23.800000     -0.45893206
 23.900000     -0.45877869
 24.000000     -0.45845410
 24.100000     -0.45796940
 24.200000     -0.45718628
 24.300000     -0.45622815
 24.400000     -0.45511181
 24.500000     -0.45386066
 24.600000     -0.45247099
 24.700000     -0.45096402
 24.800000     -0.44932291
 24.900000     -0.44754559
 25.000000     -0.44565828
 25.100000     -0.44371489
 25.200000     -0.44171168
 25.300000     -0.43957968
 25.400000     -0.43734007
 25.500000     -0.43497398
 25.600000     -0.43251871
 25.700000     -0.42998281
 25.800000     -0.42736867
 25.900000     -0.42465974
 26.000000     -0.42190408
 26.100000     -0.41908743
 26.200000     -0.41622673
 26.300000     -0.41333950
 26.400000     -0.41042824
 26.500000     -0.40754668
 26.600000     -0.40468092
 26.700000     -0.40185494
 26.800000     -0.39906805
 26.900000     -0.39634294
 27.000000     -0.39368032
 27.100000     -0.39109646
 27.200000     -0.38855825
 27.300000     -0.38605718
 27.400000     -0.38360201
 27.500000     -0.38118724
 27.600000     -0.37879731
 27.700000     -0.37643351
 27.800000     -0.37410955
 27.900000     -0.37181255
 28.000000     -0.36957400
 28.100000     -0.36737563
 28.200000     -0.36525415
 28.300000     -0.36321143
 28.400000     -0.36120926
 28.500000     -0.35932009
 28.600000     -0.35751517
 28.700000     -0.35579303
 28.800000     -0.35414097
 28.900000     -0.35256733
 29.000000     -0.35105879
 29.100000     -0.34961275
 29.200000     -0.34820722
 29.300000     -0.34683804
 29.400000     -0.34549496
 29.500000     -0.34419507
 29.600000     -0.34296544
 29.700000     -0.34177671
 29.800000     -0.34062698
 29.900000     -0.33956267
 30.000000     -0.33855401
 30.100000     -0.33759199
 30.200000     -0.33666918
 30.300000     -0.33576490
 30.400000     -0.33486046
 30.500000     -0.33394667
 30.600000     -0.33299435
 30.700000     -0.33200837
 30.800000     -0.33096258
 30.900000     -0.32985884
 31.000000     -0.32871411
 31.100000     -0.32748902
 31.200000     -0.32623707
 31.300000     -0.32493250
 31.400000     -0.32361211
 31.500000     -0.32226074
 31.600000     -0.32092274
 31.700000     -0.31959155
 31.800000     -0.31827285
 31.900000     -0.31696195
 32.000000     -0.31567792
 32.100000     -0.31442685
 32.200000     -0.31320868
 32.300000     -0.31205211
 32.400000     -0.31086458
 32.500000     -0.30969507
 32.600000     -0.30862891
 32.700000     -0.30766875
 32.800000     -0.30676317
 32.900000     -0.30590358
 33.000000     -0.30507370
 33.100000     -0.30426308
 33.200000     -0.30349540
 33.300000     -0.30276170
 33.400000     -0.30200930
 33.500000     -0.30127660
 33.600000     -0.30052800
 33.700000     -0.29980332
 33.800000     -0.29908788
 33.900000     -0.29831108
 34.000000     -0.29751433
 34.100000     -0.29667939
 34.200000     -0.29582026
 34.300000     -0.29492054
 34.400000     -0.29396419
 34.500000     -0.29294723
 34.600000     -0.29187116
 34.700000     -0.29074696
 34.800000     -0.28956867
 34.900000     -0.28833513
 35.000000     -0.28707972
 35.100000     -0.28581576
 35.200000     -0.28451540
 35.300000     -0.28317215
 35.400000     -0.28179061
 35.500000     -0.28039100
 35.600000     -0.27890803
 35.700000     -0.27735908
 35.800000     -0.27573543
 35.900000     -0.27400803
 36.000000     -0.27229519
 36.100000     -0.27052586
 36.200000     -0.26918767
 36.300000     -0.26750983
 36.400000     -0.26555754
 36.500000     -0.26356863
 36.600000     -0.26152302
 36.700000     -0.25944759
 36.800000     -0.25734710
 36.900000     -0.25522589
 37.000000     -0.25307091
 37.100000     -0.25089985
 37.200000     -0.24870939
 37.300000     -0.24647287
 37.400000     -0.24422939
 37.500000     -0.24194805
 37.600000     -0.23963928
 37.700000     -0.23732454
 37.800000     -0.23499914
 37.900000     -0.23266706
 38.000000     -0.23032581
 38.100000     -0.22795326
 38.200000     -0.22556785
 38.300000     -0.22316960
 38.400000     -0.22074339
 38.500000     -0.21830766
 38.600000     -0.21586898
 38.700000     -0.21342518
 38.800000     -0.21068340
 38.900000     -0.20680154
 39.000000     -0.20410245
 39.100000     -0.20164842
 39.200000     -0.19927227
 39.300000     -0.19799015
 39.400000     -0.19589745
 39.500000     -0.19343424
 39.600000     -0.19096498
 39.700000     -0.18848175
 39.800000     -0.18597925
 39.900000     -0.18345911
