  0.000000     -0.01529685
  0.100000     -0.01556459
  0.200000     -0.01583125
  0.300000     -0.01612102
  0.400000     -0.01643479
  0.500000     -0.01680095
  0.600000     -0.01715011
  0.700000     -0.01748314
  0.800000     -0.01768211
  0.900000     -0.01786055
  1.000000     -0.01818671
  1.100000     -0.01840777
  1.200000     -0.01877060
  1.300000     -0.01920815
  1.400000     -0.01971990
  1.500000     -0.02031200
  1.600000     -0.02094525
  1.700000     -0.02162108
  1.800000     -0.02235413
  1.900000     -0.02314435
  2.000000     -0.02404675
  2.100000     -0.02508515
  2.200000     -0.02610564
  2.300000     -0.02709216
  2.400000     -0.02809522
  2.500000     -0.02908270
  2.600000     -0.03002364
  2.700000     -0.03089455
  2.800000     -0.03169776
  2.900000     -0.03240120
  3.000000     -0.03294814
  3.100000     -0.03336285
  3.200000     -0.03364855
  3.300000     -0.03380110
  3.400000     -0.03382238
  3.500000     -0.03371507
  3.600000     -0.03347864
  3.700000     -0.03311580
  3.800000     -0.03263635
  3.900000     -0.03204400
  4.000000     -0.03130064
  4.100000     -0.03045241
  4.200000     -0.02951563
  4.300000     -0.02850821
  4.400000     -0.02745129
  4.500000     -0.02636923
  4.600000     -0.02528474
  4.700000     -0.02421955
  4.800000     -0.02319744
  4.900000     -0.02224321
  5.000000     -0.02137980
  5.100000     -0.02062822
  5.200000     -0.02001014
  5.300000     -0.01954290
  5.400000     -0.01923834
  5.500000     -0.01910576
  5.600000     -0.01916236
  5.700000     -0.01941384
  5.800000     -0.01986617
  5.900000     -0.02051356
  6.000000     -0.02135552
  6.100000     -0.02234515
  6.200000     -0.02349469
  6.300000     -0.02482105
  6.400000     -0.02631376
  6.500000     -0.02795919
  6.600000     -0.02973931
  6.700000     -0.03164370
  6.800000     -0.03365442
  6.900000     -0.03575735
  7.000000     -0.03793197
  7.100000     -0.04015918
  7.200000     -0.04243003
  7.300000     -0.04472506
  7.400000     -0.04702949
  7.500000     -0.04932518
  7.600000     -0.05160486
  7.700000     -0.05385876
  7.800000     -0.05607763
  7.900000     -0.05824887
  8.000000     -0.06036844
  8.100000     -0.06242727
  8.200000     -0.06441863
  8.300000     -0.06634431
  8.400000     -0.06820109
  8.500000     -0.06999200
  8.600000     -0.07171468
  8.700000     -0.07337114
  8.800000     -0.07496142
  8.900000     -0.07648844
  9.000000     -0.07795471
  9.100000     -0.07936396
  9.200000     -0.08071687
  9.300000     -0.08201549
  9.400000     -0.08326415
  9.500000     -0.08446019
  9.600000     -0.08560759
  9.700000     -0.08670932
  9.800000     -0.08776451
  9.900000     -0.08877065
 10.000000     -0.08973243
 10.100000     -0.09064625
 10.200000     -0.09150987
 10.300000     -0.09232418
 10.400000     -0.09308431
 10.500000     -0.09378722
 10.600000     -0.09443052
 10.700000     -0.09500787
 10.800000     -0.09551040
 10.900000     -0.09592404
 11.000000     -0.09623403
 11.100000     -0.09642854
 11.200000     -0.09649277
 11.300000     -0.09641041
 11.400000     -0.09615632
 11.500000     -0.09570592
 11.600000     -0.09503780
 11.700000     -0.09412337
 11.800000     -0.09294175
 11.900000     -0.09146387
 12.000000     -0.08965142
 12.100000     -0.08748155
 12.200000     -0.08492379
 12.300000     -0.08194823
 12.400000     -0.07851944
 12.500000     -0.07460428
 12.600000     -0.07016635
 12.700000     -0.06517474
 12.800000     -0.05959721
 12.900000     -0.05340020
 13.000000     -0.04655612
 13.100000     -0.03902708
 13.200000     -0.03079399
 13.300000     -0.02182779
 13.400000     -0.01209463
 13.500000     -0.00157815
 13.600000      0.00973780
 13.700000      0.02187801
 13.800000      0.03485828
 13.900000      0.04868602
 14.000000      0.06337856
 14.100000      0.07893479
 14.200000      0.09536096
 14.300000      0.11265844
 14.400000      0.13081903
 14.500000      0.14983575
 14.600000      0.16968605
 14.700000      0.19034382
 14.800000      0.21178107
 14.900000      0.23396714
 15.000000      0.25687586
 15.100000      0.28045755
 15.200000      0.30466358
 15.300000      0.32943879
 15.400000      0.35472800
 15.500000      0.38047256
 15.600000      0.40661036
 15.700000      0.43307357
 15.800000      0.45979658
 15.900000      0.48670893
 16.000000      0.51373298
 16.100000      0.54079861
 16.200000      0.56782506
 16.300000      0.59472863
 16.400000      0.62143411
 16.500000      0.64786019
 16.600000      0.67392304
 16.700000      0.69954171
 16.800000      0.72463007
 16.900000      0.74910611
 17.000000      0.77289167
 17.100000      0.79589226
 17.200000      0.81803797
 17.300000      0.83925454
 17.400000      0.85946230
 17.500000      0.87858508
 17.600000      0.89654498
 17.700000      0.91327586
 17.800000      0.92871964
 17.900000      0.94280248
 18.000000      0.95547123
 18.100000      0.96665844
 18.200000      0.97630461
 18.300000      0.98437540
 18.400000      0.99081868
 18.500000      0.99560019
 18.600000      0.99868140
 18.700000      1.00000000
 18.800000      0.99952931
 18.900000      0.99722328
 19.000000      0.99308856
 19.100000      0.98713348
 19.200000      0.97932983
 19.300000      0.96967163
 19.400000      0.95816438
 19.500000      0.94481492
 19.600000      0.92964336
 19.700000      0.91266353
 19.800000      0.89389289
 19.900000      0.87335894
 20.000000      0.85108876
 20.100000      0.82714729
 20.200000      0.80158279
 20.300000      0.77444213
 20.400000      0.74579235
 20.500000      0.71570184
 20.600000      0.68424381
 20.700000      0.65150055
 20.800000      0.61756058
 20.900000      0.58251400
 21.000000      0.54644948
 21.100000      0.50947777
 21.200000      0.47170023
 21.300000      0.43323372
 21.400000      0.39419750
 21.500000      0.35470403
 21.600000      0.31487084
 21.700000      0.27481460
 21.800000      0.23465735
 21.900000      0.19452206
 22.000000      0.15453091
 22.100000      0.11480226
 22.200000      0.07545324
 22.300000      0.03659795
 22.400000     -0.00165413
 22.500000     -0.03919294
 22.600000     -0.07591842
 22.700000     -0.11174272
 22.800000     -0.14657473
 22.900000     -0.18033323
 23.000000     -0.21295247
 23.100000     -0.24435626
 23.200000     -0.27449596
 23.300000     -0.30333488
 23.400000     -0.33081839
 23.500000     -0.35692336
 23.600000     -0.38162522
 23.700000     -0.40490592
 23.800000     -0.42675469
 23.900000     -0.44717869
 24.000000     -0.46617969
 24.100000     -0.48377275
 24.200000     -0.49996613
 24.300000     -0.51478689
 24.400000     -0.52825381
 24.500000     -0.54039573
 24.600000     -0.55125298
 24.700000     -0.56085821
 24.800000     -0.56926279
 24.900000     -0.57649886
 25.000000     -0.58259225
 25.100000     -0.58760049
 25.200000     -0.59154792
 25.300000     -0.59448751
 25.400000     -0.59646546
 25.500000     -0.59752450
 25.600000     -0.59771132
 25.700000     -0.59706297
 25.800000     -0.59561417
 25.900000     -0.59341553
 26.000000     -0.59049807
 26.100000     -0.58690289
 26.200000     -0.58266636
 26.300000     -0.57781479
 26.400000     -0.57239006
 26.500000     -0.56642247
 26.600000     -0.55993883
 26.700000     -0.55297417
 26.800000     -0.54555156
 26.900000     -0.53770013
 27.000000     -0.52944444
 27.100000     -0.52081483
 27.200000     -0.51183365
 27.300000     -0.50253378
 27.400000     -0.49294406
 27.500000     -0.48310025
 27.600000     -0.47302075
 27.700000     -0.46273605
 27.800000     -0.45227883
 27.900000     -0.44167073
 28.000000     -0.43094609
 28.100000     -0.42012482
 28.200000     -0.40924308
 28.300000     -0.39832928
 28.400000     -0.38741054
 28.500000     -0.37651280
 28.600000     -0.36566797
 28.700000     -0.35489296
 28.800000     -0.34422792
 28.900000     -0.33372159
 29.000000     -0.32339145
 29.100000     -0.31325986
 29.200000     -0.30335792
 29.300000     -0.29370873
 29.400000     -0.28434750
 29.500000     -0.27529499
 29.600000     -0.26657589
 29.700000     -0.25820635
 29.800000     -0.25019969
 29.900000     -0.24258859
 30.000000     -0.23538781
 30.100000     -0.22859455
 30.200000     -0.22228978
 30.300000     -0.21648242
 30.400000     -0.21104850
 30.500000     -0.20603919
 30.600000     -0.20144672
 30.700000     -0.19726330
 30.800000     -0.19347723
 30.900000     -0.19008183
 31.000000     -0.18707054
 31.100000     -0.18442209
 31.200000     -0.18054250
 31.300000     -0.17879886
 31.400000     -0.17751200
 31.500000     -0.17649583
 31.600000     -0.17572364
 31.700000     -0.17504788
 31.800000     -0.17248614
 31.900000     -0.17252276
 32.000000     -0.17270333
 32.100000     -0.17300335
 32.200000     -0.17339909
 32.300000     -0.16946246
 32.400000     -0.16813407
 32.500000     -0.16804999
 32.600000     -0.16860834
 32.700000     -0.16859229
 32.800000     -0.16589254
 32.900000     -0.16637940
 33.000000     -0.16678189
 33.100000     -0.16707867
 33.200000     -0.16629523
 33.300000     -0.16359640
 33.400000     -0.15178657
 33.500000     -0.14780687
 33.600000     -0.14731525
 33.700000     -0.14676597
 33.800000     -0.14235122
 33.900000     -0.13764167
 34.000000     -0.13681753
 34.100000     -0.13594668
 34.200000     -0.13597719
 34.300000     -0.13385570
 34.400000     -0.13263609
 34.500000     -0.13012523
 34.600000     -0.12873872
 34.700000     -0.12436330
 34.800000     -0.11834533
 34.900000     -0.11736462
 35.000000     -0.11575943
 35.100000     -0.11877930
 35.200000     -0.11802623
 35.300000     -0.11482333
 35.400000     -0.11387201
 35.500000     -0.11010488
 35.600000     -0.10756776
 35.700000     -0.10521794
 35.800000     -0.09906042
 35.900000     -0.09792114
 36.000000     -0.09661550
 36.100000     -0.09510635
 36.200000     -0.09353177
 36.300000     -0.09203907
 36.400000     -0.09010212
 36.500000     -0.08712687
 36.600000     -0.08529236
 36.700000     -0.08341191
 36.800000     -0.08148707
 36.900000     -0.07595712
 37.000000     -0.07197819
 37.100000     -0.06942641
 37.200000     -0.06706528
 37.300000     -0.06008988
 37.400000     -0.05812053
 37.500000     -0.05711604
 37.600000     -0.05100184
 37.700000     -0.04738501
 37.800000     -0.04301564
 37.900000     -0.03915429
 38.000000     -0.03817723
 38.100000     -0.03674701
 38.200000     -0.03545020
 38.300000     -0.03428735
 38.400000     -0.03318152
 38.500000     -0.03213233
 38.600000     -0.03114075
 38.700000     -0.03021735
 38.800000     -0.02944091
 38.900000     -0.02873708
 39.000000     -0.02812739
 39.100000     -0.02758484
 39.200000     -0.02712565
 39.300000     -0.02673217
 39.400000     -0.02640402
 39.500000     -0.02613420
 39.600000     -0.02592142
 39.700000     -0.02576623
 39.800000     -0.02564863
 39.900000     -0.02889347
