  0.000000      0.02936958
  0.100000      0.03213725
  0.200000      0.03374041
  0.300000      0.03483972
  0.400000      0.03467766
  0.500000      0.03361532
  0.600000      0.03213183
  0.700000      0.02974696
  0.800000      0.02698112
  0.900000      0.02411546
  1.000000      0.02131554
  1.100000      0.01847016
  1.200000      0.01384794
  1.300000      0.00915537
  1.400000      0.00532402
  1.500000      0.00231698
  1.600000     -0.00027548
  1.700000     -0.00268902
  1.800000     -0.00498294
  1.900000     -0.00708730
  2.000000     -0.00898083
  2.100000     -0.01133196
  2.200000     -0.01344228
  2.300000     -0.01488578
  2.400000     -0.01658129
  2.500000     -0.01806987
  2.600000     -0.01984665
  2.700000     -0.02214952
  2.800000     -0.02348848
  2.900000     -0.02461668
  3.000000     -0.02580533
  3.100000     -0.02620975
  3.200000     -0.02472668
  3.300000     -0.02259833
  3.400000     -0.02052890
  3.500000     -0.01740500
  3.600000     -0.01393470
  3.700000     -0.01028785
  3.800000     -0.00619720
  3.900000     -0.00149495
  4.000000      0.00242163
  4.100000      0.00600739
  4.200000      0.00855611
  4.300000      0.01022213
  4.400000      0.01198096
  4.500000      0.01376732
  4.600000      0.01631707
  4.700000      0.01996792
  4.800000      0.02374229
  4.900000      0.02734059
  5.000000      0.03132026
  5.100000      0.03316259
  5.200000      0.03534253
  5.300000      0.03938246
  5.400000      0.04561558
  5.500000      0.05418618
  5.600000      0.06349563
  5.700000      0.07282456
  5.800000      0.08164208
  5.900000      0.08991074
  6.000000      0.09379045
  6.100000      0.09531035
  6.200000      0.09500497
  6.300000      0.09020204
  6.400000      0.08405728
  6.500000      0.07636941
  6.600000      0.06710525
  6.700000      0.05822295
  6.800000      0.05033425
  6.900000      0.04545724
  7.000000      0.04448009
  7.100000      0.04336448
  7.200000      0.04317159
  7.300000      0.04633971
  7.400000      0.05099487
  7.500000      0.05369104
  7.600000      0.05673681
  7.700000      0.06600035
  7.800000      0.07640741
  7.900000      0.08302754
  8.000000      0.09210230
  8.100000      0.10318595
  8.200000      0.11257232
  8.300000      0.12231705
  8.400000      0.13316511
  8.500000      0.14379525
  8.600000      0.15185118
  8.700000      0.15967010
  8.800000      0.16823846
  8.900000      0.17198874
  9.000000      0.17678477
  9.100000      0.17469154
  9.200000      0.17439070
  9.300000      0.16900708
  9.400000      0.16271596
  9.500000      0.15675623
  9.600000      0.14860010
  9.700000      0.13930208
  9.800000      0.13171526
  9.900000      0.11951218
 10.000000      0.11010450
 10.100000      0.09861007
 10.200000      0.08558119
 10.300000      0.06790640
 10.400000      0.04745134
 10.500000      0.02754719
 10.600000      0.01346799
 10.700000      0.00145101
 10.800000     -0.01030513
 10.900000     -0.01943170
 11.000000     -0.02641986
 11.100000     -0.03388628
 11.200000     -0.03470258
 11.300000     -0.03560295
 11.400000     -0.03308482
 11.500000     -0.02827396
 11.600000     -0.02104350
 11.700000     -0.01685193
 11.800000     -0.00686781
 11.900000     -0.00263862
 12.000000      0.00045609
 12.100000     -0.00160180
 12.200000     -0.00377109
 12.300000     -0.00711228
 12.400000     -0.00274775
 12.500000     -0.00270553
 12.600000     -0.00984422
 12.700000     -0.03006868
 12.800000     -0.05782760
 12.900000     -0.07958989
 13.000000     -0.09191228
 13.100000     -0.10193550
 13.200000     -0.11174079
 13.300000     -0.11988530
 13.400000     -0.12154973
 13.500000     -0.11897241
 13.600000     -0.10724026
 13.700000     -0.09037077
 13.800000     -0.06736491
 13.900000     -0.03725058
 14.000000      0.01208561
 14.100000      0.08000868
 14.200000      0.16047390
 14.300000      0.24983862
 14.400000      0.34050723
 14.500000      0.43554169
 14.600000      0.53746023
 14.700000      0.63632795
 14.800000      0.72834269
 14.900000      0.80948951
 15.000000      0.87441163
 15.100000      0.92652030
 15.200000      0.96694449
 15.300000      0.99290649
 15.400000      1.00000000
 15.500000      0.98752257
 15.600000      0.95490849
 15.700000      0.90429715
 15.800000      0.84414966
 15.900000      0.77162913
 16.000000      0.68688766
 16.100000      0.59997207
 16.200000      0.50705705
 16.300000      0.40701362
 16.400000      0.30484348
 16.500000      0.20218005
 16.600000      0.10453394
 16.700000      0.01048997
 16.800000     -0.07457063
 16.900000     -0.15264003
 17.000000     -0.22912045
 17.100000     -0.29234113
 17.200000     -0.34657097
 17.300000     -0.39512076
 17.400000     -0.43770522
 17.500000     -0.47573672
 17.600000     -0.50373936
 17.700000     -0.52401849
 17.800000     -0.53288132
 17.900000     -0.52913720
 18.000000     -0.52407096
 18.100000     -0.51166265
 18.200000     -0.49436816
 18.300000     -0.47564525
 18.400000     -0.45343645
 18.500000     -0.43093089
 18.600000     -0.40401426
 18.700000     -0.37258149
 18.800000     -0.33719101
 18.900000     -0.29688457
 19.000000     -0.25689955
 19.100000     -0.21591963
 19.200000     -0.18274221
 19.300000     -0.15667858
 19.400000     -0.14375293
 19.500000     -0.13918951
 19.600000     -0.14316826
 19.700000     -0.15298920
 19.800000     -0.16652166
 19.900000     -0.18351243
 20.000000     -0.20249040
 20.100000     -0.21754102
 20.200000     -0.23413841
 20.300000     -0.24847067
 20.400000     -0.25679900
 20.500000     -0.26242628
 20.600000     -0.26813328
 20.700000     -0.27412937
 20.800000     -0.28047064
 20.900000     -0.29129644
 21.000000     -0.30114949
 21.100000     -0.30835544
 21.200000     -0.31452514
 21.300000     -0.30915589
 21.400000     -0.30237830
 21.500000     -0.29150362
 21.600000     -0.27796126
 21.700000     -0.26622676
 21.800000     -0.25262948
 21.900000     -0.23726684
 22.000000     -0.22799503
 22.100000     -0.21572042
 22.200000     -0.19816805
 22.300000     -0.18016501
 22.400000     -0.15838196
 22.500000     -0.14033424
 22.600000     -0.11971888
 22.700000     -0.10087255
 22.800000     -0.08806705
 22.900000     -0.06723481
 23.000000     -0.05396485
 23.100000     -0.04178484
 23.200000     -0.03070800
 23.300000     -0.02354724
 23.400000     -0.02108617
 23.500000     -0.01873669
 23.600000     -0.01901089
 23.700000     -0.01900487
 23.800000     -0.01533377
 23.900000     -0.01861239
 24.000000     -0.02073424
 24.100000     -0.02233388
 24.200000     -0.02776329
 24.300000     -0.03431818
 24.400000     -0.03497778
 24.500000     -0.03721132
 24.600000     -0.03370398
 24.700000     -0.03002704
 24.800000     -0.02580189
 24.900000     -0.02227628
 25.000000     -0.01951020
 25.100000     -0.01688581
 25.200000     -0.01608848
 25.300000     -0.01517822
 25.400000     -0.01517947
 25.500000     -0.01717386
 25.600000     -0.01974372
 25.700000     -0.02055136
 25.800000     -0.02075585
 25.900000     -0.02251468
 26.000000     -0.02028578
 26.100000     -0.01836303
 26.200000     -0.01755135
 26.300000     -0.01586728
 26.400000     -0.01663080
 26.500000     -0.01900447
 26.600000     -0.02175014
 26.700000     -0.02529539
 26.800000     -0.02910735
 26.900000     -0.03176680
 27.000000     -0.03381511
 27.100000     -0.03592784
 27.200000     -0.03606100
 27.300000     -0.03238792
 27.400000     -0.02454659
 27.500000     -0.01912377
 27.600000     -0.01393840
 27.700000     -0.00642057
 27.800000      0.00156032
 27.900000      0.00884134
 28.000000      0.01645774
 28.100000      0.02039726
 28.200000      0.02300871
 28.300000      0.02407703
 28.400000      0.02204146
 28.500000      0.01703552
 28.600000      0.00993066
 28.700000     -0.00039850
 28.800000     -0.01200144
 28.900000     -0.02447877
 29.000000     -0.03735286
 29.100000     -0.04833137
 29.200000     -0.05482928
 29.300000     -0.05901168
 29.400000     -0.06115075
 29.500000     -0.06150018
 29.600000     -0.06096164
 29.700000     -0.06010151
 29.800000     -0.06094827
 29.900000     -0.06375684
 30.000000     -0.06632275
 30.100000     -0.06708659
 30.200000     -0.06539191
 30.300000     -0.06514550
 30.400000     -0.06501251
 30.500000     -0.06128995
 30.600000     -0.05980332
 30.700000     -0.05702422
 30.800000     -0.05093904
 30.900000     -0.04223851
 31.000000     -0.03427989
 31.100000     -0.02614853
 31.200000     -0.01898699
 31.300000     -0.01325532
 31.400000     -0.00787303
 31.500000     -0.00369631
 31.600000     -0.00209702
 31.700000     -0.00403923
 31.800000     -0.00706440
 31.900000     -0.01016543
 32.000000     -0.01424701
 32.100000     -0.01793286
 32.200000     -0.02196687
 32.300000     -0.02710689
 32.400000     -0.03386462
 32.500000     -0.04128388
 32.600000     -0.04936249
 32.700000     -0.05543531
 32.800000     -0.06026649
 32.900000     -0.06586966
 33.000000     -0.07112773
 33.100000     -0.07600340
 33.200000     -0.08066739
 33.300000     -0.08388037
 33.400000     -0.08592004
 33.500000     -0.08562837
 33.600000     -0.08383600
 33.700000     -0.08132400
 33.800000     -0.07821623
 33.900000     -0.07627804
 34.000000     -0.07580272
 34.100000     -0.07562438
 34.200000     -0.07578532
 34.300000     -0.07560054
 34.400000     -0.07434880
 34.500000     -0.07284914
 34.600000     -0.07119577
 34.700000     -0.06858687
 34.800000     -0.06610608
 34.900000     -0.06341929
 35.000000     -0.06009966
 35.100000     -0.05622410
 35.200000     -0.05230242
 35.300000     -0.04760508
 35.400000     -0.04357678
 35.500000     -0.03870008
 35.600000     -0.03404539
 35.700000     -0.03048398
 35.800000     -0.02800638
 35.900000     -0.02743769
 36.000000     -0.02796345
 36.100000     -0.02913114
 36.200000     -0.03180662
 36.300000     -0.03579433
 36.400000     -0.03954543
 36.500000     -0.04357648
 36.600000     -0.04890953
 36.700000     -0.05390959
 36.800000     -0.05845832
 36.900000     -0.06324787
 37.000000     -0.06704993
 37.100000     -0.07080335
 37.200000     -0.07480568
 37.300000     -0.07917579
 37.400000     -0.08259103
 37.500000     -0.08420957
 37.600000     -0.08596254
 37.700000     -0.08849638
 37.800000     -0.08926915
 37.900000     -0.08854154
 38.000000     -0.08786414
 38.100000     -0.08689919
 38.200000     -0.08507895
 38.300000     -0.08334116
 38.400000     -0.08091132
 38.500000     -0.07851921
 38.600000     -0.07598585
 38.700000     -0.07359699
 38.800000     -0.07211364
 38.900000     -0.07132332
 39.000000     -0.07149005
 39.100000     -0.07288203
 39.200000     -0.07534582
 39.300000     -0.07889156
 39.400000     -0.08355853
 39.500000     -0.08837788
 39.600000     -0.09324723
 39.700000     -0.09766677
 39.800000     -0.10086256
 39.900000     -0.10271962
