  0.000000      0.07769615
  0.100000      0.07686474
  0.200000      0.07763274
  0.300000      0.07953836
  0.400000      0.08204543
  0.500000      0.08501858
  0.600000      0.08818730
  0.700000      0.09068880
  0.800000      0.09212488
  0.900000      0.09235412
  1.000000      0.09170096
  1.100000      0.09241476
  1.200000      0.09460697
  1.300000      0.09416093
  1.400000      0.09518236
  1.500000      0.09790009
  1.600000      0.10287825
  1.700000      0.10596732
  1.800000      0.10736018
  1.900000      0.11211754
  2.000000      0.11729584
  2.100000      0.11935140
  2.200000      0.12280123
  2.300000      0.12571243
  2.400000      0.12849522
  2.500000      0.12897803
  2.600000      0.13493795
  2.700000      0.14209128
  2.800000      0.14809925
  2.900000      0.15391378
  3.000000      0.16083621
  3.100000      0.16485816
  3.200000      0.16750954
  3.300000      0.17118529
  3.400000      0.16805255
  3.500000      0.16610826
  3.600000      0.16676720
  3.700000      0.16072237
  3.800000      0.15041527
  3.900000      0.14635646
  4.000000      0.14474460
  4.100000      0.14123294
  4.200000      0.13576052
  4.300000      0.12704608
  4.400000      0.11826273
  4.500000      0.11079357
  4.600000      0.10398028
  4.700000      0.09411519
  4.800000      0.08368850
  4.900000      0.08000240
  5.000000      0.07646549
  5.100000      0.07347059
  5.200000      0.07349160
  5.300000      0.07376922
  5.400000      0.07122893
  5.500000      0.07498522
  5.600000      0.07770750
  5.700000      0.08205978
  5.800000      0.09124451
  5.900000      0.10355502
  6.000000      0.11840359
  6.100000      0.13022505
  6.200000      0.14163759
  6.300000      0.15078397
  6.400000      0.15081401
  6.500000      0.14769722
  6.600000      0.14661742
  6.700000      0.14047634
  6.800000      0.13366351
  6.900000      0.12900963
  7.000000      0.12480396
  7.100000      0.12040367
  7.200000      0.11816031
  7.300000      0.11499655
  7.400000      0.10866151
  7.500000      0.10350056
  7.600000      0.10036613
  7.700000      0.09220106
  7.800000      0.08458003
  7.900000      0.08425578
  8.000000      0.08402761
  8.100000      0.08716343
  8.200000      0.09326451
  8.300000      0.09379633
  8.400000      0.09567676
  8.500000      0.10394320
  8.600000      0.11348848
  8.700000      0.12217098
  8.800000      0.13173289
  8.900000      0.14344604
  9.000000      0.15601804
  9.100000      0.16828907
  9.200000      0.18029421
  9.300000      0.18913671
  9.400000      0.19787770
  9.500000      0.21340446
  9.600000      0.22934968
  9.700000      0.24795411
  9.800000      0.27025685
  9.900000      0.29418478
 10.000000      0.30961667
 10.100000      0.32505748
 10.200000      0.34136473
 10.300000      0.34958845
 10.400000      0.35047965
 10.500000      0.35261773
 10.600000      0.36193006
 10.700000      0.37947955
 10.800000      0.39877568
 10.900000      0.41853329
 11.000000      0.43862958
 11.100000      0.46361094
 11.200000      0.48839920
 11.300000      0.51210381
 11.400000      0.54390363
 11.500000      0.57661661
 11.600000      0.60109745
 11.700000      0.62384252
 11.800000      0.66086594
 11.900000      0.71583300
 12.000000      0.76349838
 12.100000      0.80304297
 12.200000      0.83391159
 12.300000      0.85321723
 12.400000      0.85732582
 12.500000      0.85875104
 12.600000      0.85328448
 12.700000      0.85916345
 12.800000      0.88358976
 12.900000      0.91715353
 13.000000      0.94598498
 13.100000      0.97491935
 13.200000      0.99143267
 13.300000      1.00000000
 13.400000      0.99279123
 13.500000      0.96444708
 13.600000      0.91975945
 13.700000      0.87280830
 13.800000      0.82368498
 13.900000      0.76947298
 14.000000      0.71011895
 14.100000      0.64160314
 14.200000      0.56390740
 14.300000      0.49126421
 14.400000      0.42772279
 14.500000      0.36355071
 14.600000      0.29465678
 14.700000      0.22665633
 14.800000      0.16315958
 14.900000      0.11123519
 15.000000      0.07140870
 15.100000      0.03513827
 15.200000     -0.00693709
 15.300000     -0.05049743
 15.400000     -0.08424971
 15.500000     -0.10752796
 15.600000     -0.13259824
 15.700000     -0.17053630
 15.800000     -0.21551107
 15.900000     -0.25694960
 16.000000     -0.27997331
 16.100000     -0.29279748
 16.200000     -0.31164915
 16.300000     -0.34520429
 16.400000     -0.38387288
 16.500000     -0.42872528
 16.600000     -0.48519713
 16.700000     -0.52711337
 16.800000     -0.56253372
 16.900000     -0.59471082
 17.000000     -0.62016921
 17.100000     -0.64340850
 17.200000     -0.66071417
 17.300000     -0.67428900
 17.400000     -0.69761007
 17.500000     -0.71676326
 17.600000     -0.71190012
 17.700000     -0.68206767
 17.800000     -0.65270354
 17.900000     -0.62866976
 18.000000     -0.60863470
 18.100000     -0.59762903
 18.200000     -0.58357195
 18.300000     -0.56390064
 18.400000     -0.54351457
 18.500000     -0.52467487
 18.600000     -0.51371454
 18.700000     -0.50833931
 18.800000     -0.50872103
 18.900000     -0.51255136
 19.000000     -0.51991815
 19.100000     -0.53626463
 19.200000     -0.55226848
 19.300000     -0.56712884
 19.400000     -0.58702342
 19.500000     -0.60923900
 19.600000     -0.62525634
 19.700000     -0.63344805
 19.800000     -0.63476265
 19.900000     -0.62643688
 20.000000     -0.60710475
 20.100000     -0.58304394
 20.200000     -0.55602653
 20.300000     -0.51227919
 20.400000     -0.46249408
 20.500000     -0.41230797
 20.600000     -0.35950256
 20.700000     -0.31049919
 20.800000     -0.26912599
 20.900000     -0.22989387
 21.000000     -0.20137923
 21.100000     -0.18768442
 21.200000     -0.18062259
 21.300000     -0.18269219
 21.400000     -0.18344251
 21.500000     -0.18506338
 21.600000     -0.18935082
 21.700000     -0.19601282
 21.800000     -0.21228882
 21.900000     -0.22718431
 22.000000     -0.24339065
 22.100000     -0.26050108
 22.200000     -0.27511243
 22.300000     -0.28881462
 22.400000     -0.30184895
 22.500000     -0.31204113
 22.600000     -0.31999872
 22.700000     -0.32886469
 22.800000     -0.33400219
 22.900000     -0.34027351
 23.000000     -0.34391594
 23.100000     -0.34259112
 23.200000     -0.33841278
 23.300000     -0.33865923
 23.400000     -0.34668991
 23.500000     -0.35415550
 23.600000     -0.35447207
 23.700000     -0.35363400
 23.800000     -0.35058739
 23.900000     -0.34861069
 24.000000     -0.35049505
 24.100000     -0.35004983
 24.200000     -0.34623299
 24.300000     -0.34531248
 24.400000     -0.34666611
 24.500000     -0.34542123
 24.600000     -0.34278983
 24.700000     -0.34449681
 24.800000     -0.34588588
 24.900000     -0.34510292
 25.000000     -0.34823617
 25.100000     -0.35446152
 25.200000     -0.36273199
 25.300000     -0.37279510
 25.400000     -0.38149969
 25.500000     -0.38879338
 25.600000     -0.39986061
 25.700000     -0.41225544
 25.800000     -0.42195036
 25.900000     -0.43129963
 26.000000     -0.44285806
 26.100000     -0.45680203
 26.200000     -0.46379464
 26.300000     -0.47108567
 26.400000     -0.48246850
 26.500000     -0.49418657
 26.600000     -0.50770886
 26.700000     -0.51737532
 26.800000     -0.52100244
 26.900000     -0.51833235
 27.000000     -0.51388592
 27.100000     -0.50401564
 27.200000     -0.49413922
 27.300000     -0.48317442
 27.400000     -0.46051210
 27.500000     -0.43385099
 27.600000     -0.41030532
 27.700000     -0.38874342
 27.800000     -0.36489746
 27.900000     -0.34877754
 28.000000     -0.34054266
 28.100000     -0.33315791
 28.200000     -0.32731355
 28.300000     -0.32390764
 28.400000     -0.31948467
 28.500000     -0.31251706
 28.600000     -0.31180005
 28.700000     -0.31590171
 28.800000     -0.31791178
 28.900000     -0.32320099
 29.000000     -0.32555505
 29.100000     -0.32523832
 29.200000     -0.32597936
 29.300000     -0.32730260
 29.400000     -0.32731083
 29.500000     -0.32900909
 29.600000     -0.33255515
 29.700000     -0.33168036
 29.800000     -0.32631772
 29.900000     -0.32168673
 30.000000     -0.31718676
 30.100000     -0.31547075
 30.200000     -0.31633234
 30.300000     -0.32177406
 30.400000     -0.32463584
 30.500000     -0.32797542
 30.600000     -0.33312517
 30.700000     -0.33333843
 30.800000     -0.33233301
 30.900000     -0.33303618
 31.000000     -0.33265148
 31.100000     -0.32670199
 31.200000     -0.32190785
 31.300000     -0.31648254
 31.400000     -0.31246649
 31.500000     -0.30944671
 31.600000     -0.30769484
 31.700000     -0.30541358
 31.800000     -0.30463573
 31.900000     -0.30434374
 32.000000     -0.30174003
 32.100000     -0.30210595
 32.200000     -0.30464546
 32.300000     -0.30670282
 32.400000     -0.30794031
 32.500000     -0.31091519
 32.600000     -0.31887384
 32.700000     -0.32603367
 32.800000     -0.33489300
 32.900000     -0.34595414
 33.000000     -0.35342599
 33.100000     -0.36187464
 33.200000     -0.37443246
 33.300000     -0.38187488
 33.400000     -0.38499454
 33.500000     -0.38845856
 33.600000     -0.38300006
 33.700000     -0.37215439
 33.800000     -0.35786467
 33.900000     -0.34221388
 34.000000     -0.32628814
 34.100000     -0.31238959
 34.200000     -0.30165076
 34.300000     -0.28965506
 34.400000     -0.28071529
 34.500000     -0.27861117
 34.600000     -0.27938108
 34.700000     -0.27916402
 34.800000     -0.28249176
 34.900000     -0.29011647
 35.000000     -0.29566065
 35.100000     -0.30447301
 35.200000     -0.31267762
 35.300000     -0.31752733
 35.400000     -0.32851587
 35.500000     -0.34049928
 35.600000     -0.35091836
 35.700000     -0.35886145
 35.800000     -0.36790014
 35.900000     -0.37355308
 36.000000     -0.37452995
 36.100000     -0.37753284
 36.200000     -0.37863452
 36.300000     -0.37753032
 36.400000     -0.37529007
 36.500000     -0.37341232
 36.600000     -0.37350839
 36.700000     -0.36983588
 36.800000     -0.36670622
 36.900000     -0.36437862
 37.000000     -0.36683863
 37.100000     -0.36885180
 37.200000     -0.37008125
 37.300000     -0.37433570
 37.400000     -0.37887217
 37.500000     -0.38399013
 37.600000     -0.38731525
 37.700000     -0.39320381
 37.800000     -0.40225997
 37.900000     -0.40899116
 38.000000     -0.41519738
 38.100000     -0.42067032
 38.200000     -0.42644895
 38.300000     -0.42808291
 38.400000     -0.42586573
 38.500000     -0.42210555
 38.600000     -0.41770181
 38.700000     -0.41279425
 38.800000     -0.40645479
 38.900000     -0.40085158
 39.000000     -0.39429099
 39.100000     -0.38509194
 39.200000     -0.37548965
 39.300000     -0.36644404
 39.400000     -0.35919416
 39.500000     -0.35067119
 39.600000     -0.34328251
 39.700000     -0.33838354
 39.800000     -0.33464426
 39.900000     -0.33187757
