  0.000000      0.02153557
  0.100000      0.02040424
  0.200000      0.01939995
  0.300000      0.01820556
  0.400000      0.01684958
  0.500000      0.01581038
  0.600000      0.01485482
  0.700000      0.01404237
  0.800000      0.01320030
  0.900000      0.01276413
  1.000000      0.01265509
  1.100000      0.01263008
  1.200000      0.01205376
  1.300000      0.01072414
  1.400000      0.00848968
  1.500000      0.00578975
  1.600000      0.00298897
  1.700000     -0.00039411
  1.800000     -0.00387876
  1.900000     -0.00778856
  2.000000     -0.01179987
  2.100000     -0.01552896
  2.200000     -0.01948863
  2.300000     -0.02322797
  2.400000     -0.02698641
  2.500000     -0.03117180
  2.600000     -0.03545350
  2.700000     -0.03971858
  2.800000     -0.04448026
  2.900000     -0.04982673
  3.000000     -0.05570896
  3.100000     -0.06213667
  3.200000     -0.06906256
  3.300000     -0.07623270
  3.400000     -0.08404009
  3.500000     -0.09205446
  3.600000     -0.09951168
  3.700000     -0.10648371
  3.800000     -0.11336547
  3.900000     -0.12025250
  4.000000     -0.12634935
  4.100000     -0.13185460
  4.200000     -0.13648731
  4.300000     -0.14026674
  4.400000     -0.14339073
  4.500000     -0.14644588
  4.600000     -0.15014970
  4.700000     -0.15436961
  4.800000     -0.15897671
  4.900000     -0.16305066
  5.000000     -0.16708698
  5.100000     -0.17102454
  5.200000     -0.17547559
  5.300000     -0.18044288
  5.400000     -0.18571650
  5.500000     -0.19109619
  5.600000     -0.19403069
  5.700000     -0.19625740
  5.800000     -0.19667807
  5.900000     -0.19564766
  6.000000     -0.19274788
  6.100000     -0.18835692
  6.200000     -0.18233365
  6.300000     -0.17423294
  6.400000     -0.16382774
  6.500000     -0.15086014
  6.600000     -0.13527741
  6.700000     -0.11658279
  6.800000     -0.09503791
  6.900000     -0.07023672
  7.000000     -0.04175208
  7.100000     -0.00897209
  7.200000      0.02811326
  7.300000      0.07005101
  7.400000      0.11666141
  7.500000      0.16849218
  7.600000      0.22525151
  7.700000      0.28647329
  7.800000      0.35150283
  7.900000      0.41913753
  8.000000      0.48795278
  8.100000      0.55628215
  8.200000      0.62305175
  8.300000      0.68698402
  8.400000      0.74701536
  8.500000      0.80289248
  8.600000      0.85335494
  8.700000      0.89741398
  8.800000      0.93418329
  8.900000      0.96318725
  9.000000      0.98287079
  9.100000      0.99567504
  9.200000      1.00000000
  9.300000      0.99722692
  9.400000      0.98769766
  9.500000      0.97195525
  9.600000      0.94990515
  9.700000      0.92187510
  9.800000      0.88780471
  9.900000      0.84721158
 10.000000      0.79950766
 10.100000      0.74398112
 10.200000      0.68066974
 10.300000      0.61000532
 10.400000      0.53227808
 10.500000      0.44811019
 10.600000      0.35869973
 10.700000      0.26564981
 10.800000      0.17074582
 10.900000      0.07640226
 11.000000     -0.01488926
 11.100000     -0.10129687
 11.200000     -0.18118598
 11.300000     -0.25309705
 11.400000     -0.31737846
 11.500000     -0.37427784
 11.600000     -0.42453598
 11.700000     -0.46887562
 11.800000     -0.50733557
 11.900000     -0.53962716
 12.000000     -0.56655857
 12.100000     -0.58729225
 12.200000     -0.60158325
 12.300000     -0.60945590
 12.400000     -0.61117221
 12.500000     -0.60815587
 12.600000     -0.60115414
 12.700000     -0.59091789
 12.800000     -0.57823810
 12.900000     -0.56413790
 13.000000     -0.54949078
 13.100000     -0.53479788
 13.200000     -0.51970354
 13.300000     -0.50451977
 13.400000     -0.48910361
 13.500000     -0.47414870
 13.600000     -0.45958098
 13.700000     -0.44549500
 13.800000     -0.43154036
 13.900000     -0.41770782
 14.000000     -0.40398400
 14.100000     -0.39017699
 14.200000     -0.37584531
 14.300000     -0.36101033
 14.400000     -0.34569193
 14.500000     -0.33030689
 14.600000     -0.31539916
 14.700000     -0.30137158
 14.800000     -0.28833073
 14.900000     -0.27599226
 15.000000     -0.26450308
 15.100000     -0.25397741
 15.200000     -0.24417982
 15.300000     -0.23438204
 15.400000     -0.22531758
 15.500000     -0.21619243
 15.600000     -0.20702909
 15.700000     -0.19860650
 15.800000     -0.18988704
 15.900000     -0.18088733
 16.000000     -0.17166618
 16.100000     -0.16250247
 16.200000     -0.15357738
 16.300000     -0.14533314
 16.400000     -0.13767763
 16.500000     -0.13031144
 16.600000     -0.12300278
 16.700000     -0.11573350
 16.800000     -0.10863749
 16.900000     -0.10109649
 17.000000     -0.09320352
 17.100000     -0.08460090
 17.200000     -0.07529798
 17.300000     -0.06601742
 17.400000     -0.05676769
 17.500000     -0.04763532
 17.600000     -0.03886742
 17.700000     -0.03121781
 17.800000     -0.02542553
 17.900000     -0.02193933
 18.000000     -0.02008061
 18.100000     -0.01951921
 18.200000     -0.01995611
 18.300000     -0.02075774
 18.400000     -0.02202085
 18.500000     -0.02338473
 18.600000     -0.02460970
 18.700000     -0.02545734
 18.800000     -0.02538793
 18.900000     -0.02472298
 19.000000     -0.02450807
 19.100000     -0.02489383
 19.200000     -0.02579654
 19.300000     -0.02703868
 19.400000     -0.02937172
 19.500000     -0.03235521
 19.600000     -0.03501105
 19.700000     -0.03686681
 19.800000     -0.03762580
 19.900000     -0.03772474
 20.000000     -0.03689066
 20.100000     -0.03564729
 20.200000     -0.03454672
 20.300000     -0.03381597
 20.400000     -0.03325904
 20.500000     -0.03318833
 20.600000     -0.03372279
 20.700000     -0.03488574
 20.800000     -0.03661084
 20.900000     -0.03825600
 21.000000     -0.04063288
 21.100000     -0.04323622
 21.200000     -0.04599510
 21.300000     -0.04923082
 21.400000     -0.05268669
 21.500000     -0.05624372
 21.600000     -0.05954239
 21.700000     -0.06258362
 21.800000     -0.06499552
 21.900000     -0.06638902
 22.000000     -0.06645058
 22.100000     -0.06565512
 22.200000     -0.06368939
 22.300000     -0.06044230
 22.400000     -0.05637118
 22.500000     -0.05146431
 22.600000     -0.04610700
 22.700000     -0.04121029
 22.800000     -0.03773756
 22.900000     -0.03519960
 23.000000     -0.03309308
 23.100000     -0.03130297
 23.200000     -0.02990558
 23.300000     -0.02916254
 23.400000     -0.02874841
 23.500000     -0.02812027
 23.600000     -0.02748749
 23.700000     -0.02674202
 23.800000     -0.02574388
 23.900000     -0.02492613
 24.000000     -0.02422479
 24.100000     -0.02270304
 24.200000     -0.02020175
 24.300000     -0.01684177
 24.400000     -0.01269439
 24.500000     -0.00779220
 24.600000     -0.00272082
 24.700000      0.00189486
 24.800000      0.00554186
 24.900000      0.00802312
 25.000000      0.00947444
 25.100000      0.01003405
 25.200000      0.00985055
 25.300000      0.00950252
 25.400000      0.00875705
 25.500000      0.00747018
 25.600000      0.00620951
 25.700000      0.00524780
 25.800000      0.00491423
 25.900000      0.00456798
 26.000000      0.00443525
 26.100000      0.00432196
 26.200000      0.00429635
 26.300000      0.00485618
 26.400000      0.00594091
 26.500000      0.00751432
 26.600000      0.00976369
 26.700000      0.01247287
 26.800000      0.01533309
 26.900000      0.01821502
 27.000000      0.02064318
 27.100000      0.02259319
 27.200000      0.02424549
 27.300000      0.02600902
 27.400000      0.02724288
 27.500000      0.02787748
 27.600000      0.02759548
 27.700000      0.02730933
 27.800000      0.02673668
 27.900000      0.02600027
 28.000000      0.02518060
 28.100000      0.02347740
 28.200000      0.02196528
 28.300000      0.02046792
 28.400000      0.01905619
 28.500000      0.01782147
 28.600000      0.01683004
 28.700000      0.01613749
 28.800000      0.01574788
 28.900000      0.01605474
 29.000000      0.01702301
 29.100000      0.01806827
 29.200000      0.01919282
 29.300000      0.02119488
 29.400000      0.02362801
 29.500000      0.02645993
 29.600000      0.02982849
 29.700000      0.03364827
 29.800000      0.03764857
 29.900000      0.04093562
 30.000000      0.04392501
 30.100000      0.04684303
 30.200000      0.04970366
 30.300000      0.05215956
 30.400000      0.05375850
 30.500000      0.05443245
 30.600000      0.05404373
 30.700000      0.05280713
 30.800000      0.05094887
 30.900000      0.04864275
 31.000000      0.04626264
 31.100000      0.04422320
 31.200000      0.04214423
 31.300000      0.04026522
 31.400000      0.03884295
 31.500000      0.03759279
 31.600000      0.03671712
 31.700000      0.03657085
 31.800000      0.03692703
 31.900000      0.03726974
 32.000000      0.03764406
 32.100000      0.03824670
 32.200000      0.03949789
 32.300000      0.04036482
 32.400000      0.04060392
 32.500000      0.04048000
 32.600000      0.04038790
 32.700000      0.04012502
 32.800000      0.03933458
 32.900000      0.03803950
 33.000000      0.03635810
 33.100000      0.03501004
 33.200000      0.03386682
 33.300000      0.03347097
 33.400000      0.03372913
 33.500000      0.03375822
 33.600000      0.03361070
 33.700000      0.03330011
 33.800000      0.03262557
 33.900000      0.03196626
 34.000000      0.03122612
 34.100000      0.03008162
 34.200000      0.02904858
 34.300000      0.02797077
 34.400000      0.02700602
 34.500000      0.02626934
 34.600000      0.02561281
 34.700000      0.02473611
 34.800000      0.02343028
 34.900000      0.02179759
 35.000000      0.01982544
 35.100000      0.01797532
 35.200000      0.01599788
 35.300000      0.01405914
 35.400000      0.01204168
 35.500000      0.00950786
 35.600000      0.00696618
 35.700000      0.00460321
 35.800000      0.00225859
 35.900000      0.00016005
 36.000000     -0.00149555
 36.100000     -0.00249591
 36.200000     -0.00325827
 36.300000     -0.00407355
 36.400000     -0.00500031
 36.500000     -0.00620956
 36.600000     -0.00785947
 36.700000     -0.00974107
 36.800000     -0.01189318
 36.900000     -0.01459800
 37.000000     -0.01716068
 37.100000     -0.01936857
 37.200000     -0.02151352
 37.300000     -0.02298605
 37.400000     -0.02373084
 37.500000     -0.02345135
 37.600000     -0.02215904
 37.700000     -0.02027393
 37.800000     -0.01859905
 37.900000     -0.01778602
 38.000000     -0.01659799
 38.100000     -0.01493171
 38.200000     -0.01313420
 38.300000     -0.01162626
 38.400000     -0.01067138
 38.500000     -0.01003566
 38.600000     -0.00942139
 38.700000     -0.00873594
 38.800000     -0.00825438
 38.900000     -0.00824213
 39.000000     -0.00853660
 39.100000     -0.00866538
 39.200000     -0.00819073
 39.300000     -0.00751925
 39.400000     -0.00646291
 39.500000     -0.00516539
 39.600000     -0.00360612
 39.700000     -0.00189696
 39.800000     -0.00024854
 39.900000      0.00094549
