  0.000000      0.00629970
  0.100000      0.00547305
  0.200000      0.00466994
  0.300000      0.00393835
  0.400000      0.00319930
  0.500000      0.00241719
  0.600000      0.00159728
  0.700000      0.00068553
  0.800000     -0.00021682
  0.900000     -0.00100273
  1.000000     -0.00196013
  1.100000     -0.00311812
  1.200000     -0.00424822
  1.300000     -0.00531752
  1.400000     -0.00621682
  1.500000     -0.00714537
  1.600000     -0.00814278
  1.700000     -0.00918445
  1.800000     -0.01014419
  1.900000     -0.01088431
  2.000000     -0.01173051
  2.100000     -0.01242372
  2.200000     -0.01324319
  2.300000     -0.01417416
  2.400000     -0.01531697
  2.500000     -0.01695088
  2.600000     -0.01889211
  2.700000     -0.02109449
  2.800000     -0.02373520
  2.900000     -0.02660742
  3.000000     -0.02972553
  3.100000     -0.03304364
  3.200000     -0.03622276
  3.300000     -0.03941207
  3.400000     -0.04299223
  3.500000     -0.04676141
  3.600000     -0.05051155
  3.700000     -0.05422142
  3.800000     -0.05782956
  3.900000     -0.06135515
  4.000000     -0.06465347
  4.100000     -0.06780144
  4.200000     -0.07085517
  4.300000     -0.07399826
  4.400000     -0.07712504
  4.500000     -0.08030948
  4.600000     -0.08335286
  4.700000     -0.08685478
  4.800000     -0.09065255
  4.900000     -0.09482645
  5.000000     -0.09935759
  5.100000     -0.10421443
  5.200000     -0.10942903
  5.300000     -0.11480282
  5.400000     -0.12097973
  5.500000     -0.12748017
  5.600000     -0.13433856
  5.700000     -0.14167190
  5.800000     -0.14924317
  5.900000     -0.15687819
  6.000000     -0.16484377
  6.100000     -0.17264151
  6.200000     -0.18007302
  6.300000     -0.18713956
  6.400000     -0.19393022
  6.500000     -0.20052638
  6.600000     -0.20654505
  6.700000     -0.21189284
  6.800000     -0.21644254
  6.900000     -0.22055118
  7.000000     -0.22416135
  7.100000     -0.22690513
  7.200000     -0.22917540
  7.300000     -0.23112637
  7.400000     -0.23211053
  7.500000     -0.23185587
  7.600000     -0.23038235
  7.700000     -0.22728784
  7.800000     -0.22284473
  7.900000     -0.21670156
  8.000000     -0.20900583
  8.100000     -0.19983547
  8.200000     -0.18973946
  8.300000     -0.17837344
  8.400000     -0.16542319
  8.500000     -0.15090541
  8.600000     -0.13411793
  8.700000     -0.11579034
  8.800000     -0.09523039
  8.900000     -0.07144336
  9.000000     -0.04434875
  9.100000     -0.01415517
  9.200000      0.01902796
  9.300000      0.05530717
  9.400000      0.09519838
  9.500000      0.13885896
  9.600000      0.18550575
  9.700000      0.23429307
  9.800000      0.28509490
  9.900000      0.33832018
 10.000000      0.39351522
 10.100000      0.44984735
 10.200000      0.50646509
 10.300000      0.56237603
 10.400000      0.61750297
 10.500000      0.67062359
 10.600000      0.72059052
 10.700000      0.76711720
 10.800000      0.80874385
 10.900000      0.84725299
 11.000000      0.87950809
 11.100000      0.90752107
 11.200000      0.93195760
 11.300000      0.95179037
 11.400000      0.96715918
 11.500000      0.97871387
 11.600000      0.98697995
 11.700000      0.99221435
 11.800000      0.99663874
 11.900000      1.00000000
 12.000000      0.99991877
 12.100000      0.99727781
 12.200000      0.99345451
 12.300000      0.98953309
 12.400000      0.98313750
 12.500000      0.97394776
 12.600000      0.96342640
 12.700000      0.95451114
 12.800000      0.94473151
 12.900000      0.93300300
 13.000000      0.91457167
 13.100000      0.88970860
 13.200000      0.85553091
 13.300000      0.81448313
 13.400000      0.77042997
 13.500000      0.72383863
 13.600000      0.67062486
 13.700000      0.61415412
 13.800000      0.55577689
 13.900000      0.49787227
 14.000000      0.44147194
 14.100000      0.38761097
 14.200000      0.33591631
 14.300000      0.28541629
 14.400000      0.23270502
 14.500000      0.17649508
 14.600000      0.11938616
 14.700000      0.06644817
 14.800000      0.02127857
 14.900000     -0.02108756
 15.000000     -0.06382053
 15.100000     -0.11203130
 15.200000     -0.16310714
 15.300000     -0.21311546
 15.400000     -0.25876437
 15.500000     -0.29677390
 15.600000     -0.32450546
 15.700000     -0.34528574
 15.800000     -0.36283539
 15.900000     -0.37796081
 16.000000     -0.38988394
 16.100000     -0.40227994
 16.200000     -0.41797917
 16.300000     -0.43266633
 16.400000     -0.44800600
 16.500000     -0.46542438
 16.600000     -0.48040212
 16.700000     -0.49082868
 16.800000     -0.50088264
 16.900000     -0.50914654
 17.000000     -0.51400235
 17.100000     -0.51616358
 17.200000     -0.51562158
 17.300000     -0.51031032
 17.400000     -0.50021445
 17.500000     -0.48837117
 17.600000     -0.47553855
 17.700000     -0.46299913
 17.800000     -0.44945645
 17.900000     -0.43575271
 18.000000     -0.42481971
 18.100000     -0.41614994
 18.200000     -0.40792110
 18.300000     -0.39911043
 18.400000     -0.38949775
 18.500000     -0.37829544
 18.600000     -0.36766659
 18.700000     -0.35954417
 18.800000     -0.35364455
 18.900000     -0.34715336
 19.000000     -0.34012995
 19.100000     -0.33511040
 19.200000     -0.33118468
 19.300000     -0.32765402
 19.400000     -0.32529099
 19.500000     -0.32389751
 19.600000     -0.32221754
 19.700000     -0.31927491
 19.800000     -0.31756040
 19.900000     -0.31685781
 20.000000     -0.31678641
 20.100000     -0.31613063
 20.200000     -0.31358627
 20.300000     -0.30986983
 20.400000     -0.30489364
 20.500000     -0.29969603
 20.600000     -0.29456881
 20.700000     -0.29054524
 20.800000     -0.28686062
 20.900000     -0.28261302
 21.000000     -0.27824615
 21.100000     -0.27464606
 21.200000     -0.27198923
 21.300000     -0.26984897
 21.400000     -0.26812870
 21.500000     -0.26645851
 21.600000     -0.26355989
 21.700000     -0.25978286
 21.800000     -0.25633388
 21.900000     -0.25374049
 22.000000     -0.25171804
 22.100000     -0.24832575
 22.200000     -0.24481287
 22.300000     -0.24076723
 22.400000     -0.23685634
 22.500000     -0.23307735
 22.600000     -0.22906494
 22.700000     -0.22608833
 22.800000     -0.22298916
 22.900000     -0.21778850
 23.000000     -0.21232284
 23.100000     -0.20820851
 23.200000     -0.20501582
 23.300000     -0.20222544
 23.400000     -0.20013688
 23.500000     -0.19893272
 23.600000     -0.19813412
 23.700000     -0.19775856
 23.800000     -0.19719191
 23.900000     -0.19602691
 24.000000     -0.19507092
 24.100000     -0.19416181
 24.200000     -0.19330705
 24.300000     -0.19287135
 24.400000     -0.19195640
 24.500000     -0.19149427
 24.600000     -0.19135251
 24.700000     -0.19120105
 24.800000     -0.19057879
 24.900000     -0.18948038
 25.000000     -0.18865394
 25.100000     -0.18817589
 25.200000     -0.18840672
 25.300000     -0.18901180
 25.400000     -0.19003869
 25.500000     -0.19141588
 25.600000     -0.19253669
 25.700000     -0.19354004
 25.800000     -0.19445060
 25.900000     -0.19470980
 26.000000     -0.19442768
 26.100000     -0.19361433
 26.200000     -0.19252098
 26.300000     -0.19114194
 26.400000     -0.18970983
 26.500000     -0.18813707
 26.600000     -0.18627241
 26.700000     -0.18400305
 26.800000     -0.18137170
 26.900000     -0.17840334
 27.000000     -0.17497019
 27.100000     -0.17153102
 27.200000     -0.16808146
 27.300000     -0.16464653
 27.400000     -0.16105758
 27.500000     -0.15712288
 27.600000     -0.15281192
 27.700000     -0.14800459
 27.800000     -0.14358207
 27.900000     -0.13944843
 28.000000     -0.13567177
 28.100000     -0.13200546
 28.200000     -0.12836831
 28.300000     -0.12495949
 28.400000     -0.12220212
 28.500000     -0.11994527
 28.600000     -0.11789944
 28.700000     -0.11611918
 28.800000     -0.11437831
 28.900000     -0.11254692
 29.000000     -0.11091376
 29.100000     -0.10969579
 29.200000     -0.10867793
 29.300000     -0.10765536
 29.400000     -0.10657250
 29.500000     -0.10530600
 29.600000     -0.10388768
 29.700000     -0.10274191
 29.800000     -0.10128876
 29.900000     -0.10008601
 30.000000     -0.09832072
 30.100000     -0.09686984
 30.200000     -0.09550720
 30.300000     -0.09442127
 30.400000     -0.09339412
 30.500000     -0.09227809
 30.600000     -0.09114461
 30.700000     -0.09010989
 30.800000     -0.08895383
 30.900000     -0.08753392
 31.000000     -0.08581522
 31.100000     -0.08360200
 31.200000     -0.08095033
 31.300000     -0.07828854
 31.400000     -0.07555304
 31.500000     -0.07277087
 31.600000     -0.06974557
 31.700000     -0.06656678
 31.800000     -0.06317802
 31.900000     -0.05960705
 32.000000     -0.05608237
 32.100000     -0.05256861
 32.200000     -0.04915330
 32.300000     -0.04581207
 32.400000     -0.04240781
 32.500000     -0.03902149
 32.600000     -0.03574634
 32.700000     -0.03264611
 32.800000     -0.02978718
 32.900000     -0.02744343
 33.000000     -0.02517276
 33.100000     -0.02294559
 33.200000     -0.02075406
 33.300000     -0.01817686
 33.400000     -0.01600610
 33.500000     -0.01399604
 33.600000     -0.01232198
 33.700000     -0.01050013
 33.800000     -0.00869752
 33.900000     -0.00696285
 34.000000     -0.00536948
 34.100000     -0.00395562
 34.200000     -0.00259372
 34.300000     -0.00121178
 34.400000      0.00016921
 34.500000      0.00155107
 34.600000      0.00298677
 34.700000      0.00431037
 34.800000      0.00555960
 34.900000      0.00671985
 35.000000      0.00791805
 35.100000      0.00893853
 35.200000      0.00980213
 35.300000      0.01058513
 35.400000      0.01134317
 35.500000      0.01212410
 35.600000      0.01278417
 35.700000      0.01368197
 35.800000      0.01468765
 35.900000      0.01577071
 36.000000      0.01678836
 36.100000      0.01767086
 36.200000      0.01838053
 36.300000      0.01912642
 36.400000      0.01978046
 36.500000      0.02034898
 36.600000      0.02088224
 36.700000      0.02145495
 36.800000      0.02202162
 36.900000      0.02255841
 37.000000      0.02307444
 37.100000      0.02345844
 37.200000      0.02381304
 37.300000      0.02411958
 37.400000      0.02444129
 37.500000      0.02484112
 37.600000      0.02527974
 37.700000      0.02574627
 37.800000      0.02628582
 37.900000      0.02686137
 38.000000      0.02740133
 38.100000      0.02792818
 38.200000      0.02843914
 38.300000      0.02907176
 38.400000      0.02977199
 38.500000      0.03060911
 38.600000      0.03155198
 38.700000      0.03321255
 38.800000      0.03484621
 38.900000      0.03587129
 39.000000      0.03694854
 39.100000      0.03813428
 39.200000      0.03950600
 39.300000      0.04086416
 39.400000      0.04224363
 39.500000      0.04351760
 39.600000      0.04476200
 39.700000      0.04597525
 39.800000      0.04714786
 39.900000      0.04825044
