  0.000000      0.00826128
  0.100000      0.00917529
  0.200000      0.01010521
  0.300000      0.01061163
  0.400000      0.01087716
  0.500000      0.01110249
  0.600000      0.01117777
  0.700000      0.01143946
  0.800000      0.01155419
  0.900000      0.01192620
  1.000000      0.01217428
  1.100000      0.01265025
  1.200000      0.01261397
  1.300000      0.01180937
  1.400000      0.01134503
  1.500000      0.01170899
  1.600000      0.01311851
  1.700000      0.01405364
  1.800000      0.01464444
  1.900000      0.01452120
  2.000000      0.01335517
  2.100000      0.01390125
  2.200000      0.01491818
  2.300000      0.01629990
  2.400000      0.01719658
  2.500000      0.01759137
  2.600000      0.01814652
  2.700000      0.01973908
  2.800000      0.02082255
  2.900000      0.02170479
  3.000000      0.02335994
  3.100000      0.02444695
  3.200000      0.02567140
  3.300000      0.02565120
  3.400000      0.02610132
  3.500000      0.02764652
  3.600000      0.02835733
  3.700000      0.02950259
  3.800000      0.02994967
  3.900000      0.03043439
  4.000000      0.03028015
  4.100000      0.02839811
  4.200000      0.02639963
  4.300000      0.02478789
  4.400000      0.02396971
  4.500000      0.02210117
  4.600000      0.01944925
  4.700000      0.01852661
  4.800000      0.01802094
  4.900000      0.01577305
  5.000000      0.01519684
  5.100000      0.01430191
  5.200000      0.01284040
  5.300000      0.01311979
  5.400000      0.01444601
  5.500000      0.01497904
  5.600000      0.01309825
  5.700000      0.01169644
  5.800000      0.01140702
  5.900000      0.01210351
  6.000000      0.01381564
  6.100000      0.01517053
  6.200000      0.01584357
  6.300000      0.01485324
  6.400000      0.01427574
  6.500000      0.01415953
  6.600000      0.01347040
  6.700000      0.01300587
  6.800000      0.01186131
  6.900000      0.01059719
  7.000000      0.00890464
  7.100000      0.00719246
  7.200000      0.00624198
  7.300000      0.00499487
  7.400000      0.00452995
  7.500000      0.00522349
  7.600000      0.00636556
  7.700000      0.00707171
  7.800000      0.00746086
  7.900000      0.00834099
  8.000000      0.00876818
  8.100000      0.00920803
  8.200000      0.01074446
  8.300000      0.01196339
  8.400000      0.01263963
  8.500000      0.01252556
  8.600000      0.01335888
  8.700000      0.01503853
  8.800000      0.01804276
  8.900000      0.01966660
  9.000000      0.02230472
  9.100000      0.02649346
  9.200000      0.03024684
  9.300000      0.03519386
  9.400000      0.03933331
  9.500000      0.04586609
  9.600000      0.05325104
  9.700000      0.05995985
  9.800000      0.06641594
  9.900000      0.07499637
 10.000000      0.08366730
 10.100000      0.09255575
 10.200000      0.10318761
 10.300000      0.11358418
 10.400000      0.12281995
 10.500000      0.13345905
 10.600000      0.14583527
 10.700000      0.15882069
 10.800000      0.17132470
 10.900000      0.18596021
 11.000000      0.20223948
 11.100000      0.21795560
 11.200000      0.23593832
 11.300000      0.25556285
 11.400000      0.27467078
 11.500000      0.29494953
 11.600000      0.31682649
 11.700000      0.33944858
 11.800000      0.36079930
 11.900000      0.38388620
 12.000000      0.40758719
 12.100000      0.43045114
 12.200000      0.45456086
 12.300000      0.48025772
 12.400000      0.50640574
 12.500000      0.53066149
 12.600000      0.55477683
 12.700000      0.58028245
 12.800000      0.60683641
 12.900000      0.63380303
 13.000000      0.66179026
 13.100000      0.68832486
 13.200000      0.71408826
 13.300000      0.74006002
 13.400000      0.76563680
 13.500000      0.79005814
 13.600000      0.81337981
 13.700000      0.83599071
 13.800000      0.85778029
 13.900000      0.87554713
 14.000000      0.89121259
 14.100000      0.90593950
 14.200000      0.91976143
 14.300000      0.93097712
 14.400000      0.94249509
 14.500000      0.95394142
 14.600000      0.96326995
 14.700000      0.97259640
 14.800000      0.98120673
 14.900000      0.98946134
 15.000000      0.99529951
 15.100000      0.99878364
 15.200000      0.99933775
 15.300000      1.00000000
 15.400000      0.99829861
 15.500000      0.99262992
 15.600000      0.98580144
 15.700000      0.97616656
 15.800000      0.96645541
 15.900000      0.95330170
 16.000000      0.93850219
 16.100000      0.92431476
 16.200000      0.90683429
 16.300000      0.88562817
 16.400000      0.86153516
 16.500000      0.83442439
 16.600000      0.80422089
 16.700000      0.77244896
 16.800000      0.73822838
 16.900000      0.70381491
 17.000000      0.66758237
 17.100000      0.62713869
 17.200000      0.58570370
 17.300000      0.54278092
 17.400000      0.49659381
 17.500000      0.44888102
 17.600000      0.39849238
 17.700000      0.34571696
 17.800000      0.29195067
 17.900000      0.23915076
 18.000000      0.18423458
 18.100000      0.13052381
 18.200000      0.07785675
 18.300000      0.02475936
 18.400000     -0.02785015
 18.500000     -0.07822239
 18.600000     -0.12745979
 18.700000     -0.17812565
 18.800000     -0.22806948
 18.900000     -0.27441241
 19.000000     -0.31992883
 19.100000     -0.36612938
 19.200000     -0.40916060
 19.300000     -0.44952233
 19.400000     -0.48871759
 19.500000     -0.52675608
 19.600000     -0.56094373
 19.700000     -0.59188053
 19.800000     -0.62300265
 19.900000     -0.65041494
 20.000000     -0.67543816
 20.100000     -0.69698815
 20.200000     -0.71639406
 20.300000     -0.73394976
 20.400000     -0.74960795
 20.500000     -0.76248848
 20.600000     -0.77495490
 20.700000     -0.78656230
 20.800000     -0.79482654
 20.900000     -0.80045282
 21.000000     -0.80236002
 21.100000     -0.80285119
 21.200000     -0.80240814
 21.300000     -0.80246303
 21.400000     -0.80013957
 21.500000     -0.79723785
 21.600000     -0.79260202
 21.700000     -0.78920825
 21.800000     -0.78634250
 21.900000     -0.78116574
 22.000000     -0.77517132
 22.100000     -0.76863585
 22.200000     -0.76096707
 22.300000     -0.75223260
 22.400000     -0.74334893
 22.500000     -0.73323975
 22.600000     -0.72379500
 22.700000     -0.71413204
 22.800000     -0.70497176
 22.900000     -0.69351310
 23.000000     -0.68274211
 23.100000     -0.67373338
 23.200000     -0.66233446
 23.300000     -0.64935880
 23.400000     -0.63554272
 23.500000     -0.62098607
 23.600000     -0.60651638
 23.700000     -0.59259787
 23.800000     -0.57845561
 23.900000     -0.56542705
 24.000000     -0.55173190
 24.100000     -0.53885221
 24.200000     -0.52805088
 24.300000     -0.51765528
 24.400000     -0.50807600
 24.500000     -0.49847143
 24.600000     -0.49018988
 24.700000     -0.48282641
 24.800000     -0.47594038
 24.900000     -0.47035520
 25.000000     -0.46389188
 25.100000     -0.45653366
 25.200000     -0.44831915
 25.300000     -0.44120654
 25.400000     -0.43477571
 25.500000     -0.42823962
 25.600000     -0.42279891
 25.700000     -0.41523691
 25.800000     -0.40745279
 25.900000     -0.39802025
 26.000000     -0.38881123
 26.100000     -0.38027699
 26.200000     -0.37163657
 26.300000     -0.36354104
 26.400000     -0.35582061
 26.500000     -0.34838229
 26.600000     -0.33918860
 26.700000     -0.33046813
 26.800000     -0.32119050
 26.900000     -0.31079513
 27.000000     -0.30286406
 27.100000     -0.29511385
 27.200000     -0.28701460
 27.300000     -0.27738526
 27.400000     -0.26844835
 27.500000     -0.26073088
 27.600000     -0.25252784
 27.700000     -0.24470418
 27.800000     -0.23632654
 27.900000     -0.22921117
 28.000000     -0.22320995
 28.100000     -0.21744725
 28.200000     -0.21215040
 28.300000     -0.20485166
 28.400000     -0.19930255
 28.500000     -0.19519753
 28.600000     -0.19082704
 28.700000     -0.18782405
 28.800000     -0.18402416
 28.900000     -0.17978764
 29.000000     -0.17577455
 29.100000     -0.17126036
 29.200000     -0.16691680
 29.300000     -0.16272730
 29.400000     -0.15835378
 29.500000     -0.15437696
 29.600000     -0.15146863
 29.700000     -0.14827023
 29.800000     -0.14535769
 29.900000     -0.14145404
 30.000000     -0.13700389
 30.100000     -0.13335220
 30.200000     -0.12932038
 30.300000     -0.12797527
 30.400000     -0.12585093
 30.500000     -0.12269000
 30.600000     -0.12076603
 30.700000     -0.11913091
 30.800000     -0.11608502
 30.900000     -0.11312354
 31.000000     -0.11104172
 31.100000     -0.10885495
 31.200000     -0.10699337
 31.300000     -0.10440458
 31.400000     -0.10174814
 31.500000     -0.09970795
 31.600000     -0.09878369
 31.700000     -0.09776122
 31.800000     -0.09685734
 31.900000     -0.09573669
 32.000000     -0.09539072
 32.100000     -0.09459700
 32.200000     -0.09226556
 32.300000     -0.09024831
 32.400000     -0.09066038
 32.500000     -0.09189284
 32.600000     -0.09167662
 32.700000     -0.09133824
 32.800000     -0.09193719
 32.900000     -0.09218197
 33.000000     -0.09386609
 33.100000     -0.09361717
 33.200000     -0.09286379
 33.300000     -0.09175322
 33.400000     -0.08970282
 33.500000     -0.08767553
 33.600000     -0.08686718
 33.700000     -0.08612393
 33.800000     -0.08442689
 33.900000     -0.08274996
 34.000000     -0.08231406
 34.100000     -0.08187689
 34.200000     -0.08125910
 34.300000     -0.07946198
 34.400000     -0.07650186
 34.500000     -0.07411185
 34.600000     -0.07302604
 34.700000     -0.07077295
 34.800000     -0.06820597
 34.900000     -0.06518317
 35.000000     -0.06350855
 35.100000     -0.06084960
 35.200000     -0.05946917
 35.300000     -0.05944002
 35.400000     -0.05829353
 35.500000     -0.05824287
 35.600000     -0.05786935
 35.700000     -0.05577579
 35.800000     -0.05404428
 35.900000     -0.05295288
 36.000000     -0.05124701
 36.100000     -0.04832610
 36.200000     -0.04423115
 36.300000     -0.03997201
 36.400000     -0.03697332
 36.500000     -0.03500626
 36.600000     -0.03324465
 36.700000     -0.03163664
 36.800000     -0.03014485
 36.900000     -0.02931004
 37.000000     -0.02784557
 37.100000     -0.02478777
 37.200000     -0.02172692
 37.300000     -0.01919530
 37.400000     -0.01589462
 37.500000     -0.01253305
 37.600000     -0.00935014
 37.700000     -0.00659792
 37.800000     -0.00371813
 37.900000     -0.00152140
 38.000000      0.00086950
 38.100000      0.00419083
 38.200000      0.00719454
 38.300000      0.01059170
 38.400000      0.01333201
 38.500000      0.01502903
 38.600000      0.01671796
 38.700000      0.01834403
 38.800000      0.01915122
 38.900000      0.01970836
 39.000000      0.02018372
 39.100000      0.01978773
 39.200000      0.01852035
 39.300000      0.01791718
 39.400000      0.01760228
 39.500000      0.01702901
 39.600000      0.01592062
 39.700000      0.01339752
 39.800000      0.01077044
 39.900000      0.00857136
