  0.000000     -0.01788424
  0.100000     -0.01441042
  0.200000     -0.00973558
  0.300000     -0.00367995
  0.400000      0.00325398
  0.500000      0.00947434
  0.600000      0.01634532
  0.700000      0.02301678
  0.800000      0.02970835
  0.900000      0.03479335
  1.000000      0.03696392
  1.100000      0.03912045
  1.200000      0.04177255
  1.300000      0.04384532
  1.400000      0.04509135
  1.500000      0.04596402
  1.600000      0.04647855
  1.700000      0.04553481
  1.800000      0.04472063
  1.900000      0.04562409
  2.000000      0.04513821
  2.100000      0.04186069
  2.200000      0.03948095
  2.300000      0.03978853
  2.400000      0.04052603
  2.500000      0.04044340
  2.600000      0.04079772
  2.700000      0.04153694
  2.800000      0.03935715
  2.900000      0.03518421
  3.000000      0.03328940
  3.100000      0.03066160
  3.200000      0.02640094
  3.300000      0.02134077
  3.400000      0.01775833
  3.500000      0.01279920
  3.600000      0.00516333
  3.700000     -0.00163646
  3.800000     -0.00736784
  3.900000     -0.01144572
  4.000000     -0.01339275
  4.100000     -0.01528329
  4.200000     -0.01648996
  4.300000     -0.01682952
  4.400000     -0.01825986
  4.500000     -0.02100385
  4.600000     -0.02350965
  4.700000     -0.02551432
  4.800000     -0.02654254
  4.900000     -0.02677763
  5.000000     -0.02858038
  5.100000     -0.03275200
  5.200000     -0.03753394
  5.300000     -0.03990478
  5.400000     -0.03979105
  5.500000     -0.03897391
  5.600000     -0.03814930
  5.700000     -0.03755656
  5.800000     -0.03681508
  5.900000     -0.03537151
  6.000000     -0.03491005
  6.100000     -0.03470143
  6.200000     -0.03376242
  6.300000     -0.03234805
  6.400000     -0.03104070
  6.500000     -0.02944846
  6.600000     -0.02866403
  6.700000     -0.02865245
  6.800000     -0.02857450
  6.900000     -0.02837638
  7.000000     -0.02725703
  7.100000     -0.02601140
  7.200000     -0.02451253
  7.300000     -0.02118612
  7.400000     -0.01765823
  7.500000     -0.01736064
  7.600000     -0.01795503
  7.700000     -0.01678220
  7.800000     -0.01731095
  7.900000     -0.01989908
  8.000000     -0.01993604
  8.100000     -0.01875792
  8.200000     -0.01681707
  8.300000     -0.01563183
  8.400000     -0.01482037
  8.500000     -0.01155499
  8.600000     -0.00883632
  8.700000     -0.00988467
  8.800000     -0.01049556
  8.900000     -0.00839931
  9.000000     -0.00818476
  9.100000     -0.01031501
  9.200000     -0.01239206
  9.300000     -0.01308687
  9.400000     -0.01111238
  9.500000     -0.00980880
  9.600000     -0.01208194
  9.700000     -0.01347115
  9.800000     -0.01338428
  9.900000     -0.01588784
 10.000000     -0.02011205
 10.100000     -0.02361326
 10.200000     -0.02745426
 10.300000     -0.03384959
 10.400000     -0.04069161
 10.500000     -0.04331203
 10.600000     -0.04325147
 10.700000     -0.04336695
 10.800000     -0.04433012
 10.900000     -0.04573526
 11.000000     -0.04565447
 11.100000     -0.04607243
 11.200000     -0.04814665
 11.300000     -0.05001356
 11.400000     -0.05211143
 11.500000     -0.05626709
 11.600000     -0.05805183
 11.700000     -0.05542089
 11.800000     -0.05418341
 11.900000     -0.05349029
 12.000000     -0.05417810
 12.100000     -0.05643351
 12.200000     -0.05762777
 12.300000     -0.05799624
 12.400000     -0.05850296
 12.500000     -0.05873649
 12.600000     -0.05965918
 12.700000     -0.05951957
 12.800000     -0.05581760
 12.900000     -0.05074975
 13.000000     -0.04580213
 13.100000     -0.04223106
 13.200000     -0.03917789
 13.300000     -0.03567384
 13.400000     -0.03540412
 13.500000     -0.03797137
 13.600000     -0.03974997
 13.700000     -0.04071585
 13.800000     -0.04302207
 13.900000     -0.04713516
 14.000000     -0.05053532
 14.100000     -0.05229992
 14.200000     -0.05468260
 14.300000     -0.05899947
 14.400000     -0.06231138
 14.500000     -0.06786737
 14.600000     -0.07633266
 14.700000     -0.08495110
 14.800000     -0.09215124
 14.900000     -0.10011752
 15.000000     -0.11010934
 15.100000     -0.11714780
 15.200000     -0.11843371
 15.300000     -0.11689138
 15.400000     -0.11432248
 15.500000     -0.10854073
 15.600000     -0.09885404
 15.700000     -0.08535555
 15.800000     -0.07299653
 15.900000     -0.06231091
 16.000000     -0.04977011
 16.100000     -0.03689650
 16.200000     -0.02797561
 16.300000     -0.02127377
 16.400000     -0.01425184
 16.500000     -0.00903596
 16.600000     -0.00728789
 16.700000     -0.00740782
 16.800000     -0.01111719
 16.900000     -0.01989198
 17.000000     -0.02915592
 17.100000     -0.03565429
 17.200000     -0.04119388
 17.300000     -0.04627338
 17.400000     -0.05047997
 17.500000     -0.05182271
 17.600000     -0.04720607
 17.700000     -0.03814064
 17.800000     -0.02760100
 17.900000     -0.01576553
 18.000000     -0.00522219
 18.100000      0.00089672
 18.200000      0.00555930
 18.300000      0.01353012
 18.400000      0.02127019
 18.500000      0.02461267
 18.600000      0.02148000
 18.700000      0.02121749
 18.800000      0.02309957
 18.900000      0.02331472
 19.000000      0.02852920
 19.100000      0.03725069
 19.200000      0.04465448
 19.300000      0.04693559
 19.400000      0.04537176
 19.500000      0.04249664
 19.600000      0.03414838
 19.700000      0.02531253
 19.800000      0.02349570
 19.900000      0.02163311
 20.000000      0.01883443
 20.100000      0.01590780
 20.200000      0.01551380
 20.300000      0.02098994
 20.400000      0.02820784
 20.500000      0.04003171
 20.600000      0.05387673
 20.700000      0.06559053
 20.800000      0.07366801
 20.900000      0.07975205
 21.000000      0.08646393
 21.100000      0.09195238
 21.200000      0.09520354
 21.300000      0.09798260
 21.400000      0.09907964
 21.500000      0.09740897
 21.600000      0.09449033
 21.700000      0.09335120
 21.800000      0.09173593
 21.900000      0.09239190
 22.000000      0.09185610
 22.100000      0.09064340
 22.200000      0.09014849
 22.300000      0.09148293
 22.400000      0.09184338
 22.500000      0.08774639
 22.600000      0.08207526
 22.700000      0.07819127
 22.800000      0.07708692
 22.900000      0.07201414
 23.000000      0.06227880
 23.100000      0.05803352
 23.200000      0.05712239
 23.300000      0.05419348
 23.400000      0.04746603
 23.500000      0.04199622
 23.600000      0.03876756
 23.700000      0.03713542
 23.800000      0.03711332
 23.900000      0.03202037
 24.000000      0.02399707
 24.100000      0.01637926
 24.200000      0.00703156
 24.300000     -0.00248327
 24.400000     -0.01108410
 24.500000     -0.01969592
 24.600000     -0.02478117
 24.700000     -0.02838254
 24.800000     -0.03163193
 24.900000     -0.03274169
 25.000000     -0.03052904
 25.100000     -0.02808218
 25.200000     -0.02738863
 25.300000     -0.02026173
 25.400000     -0.00574306
 25.500000      0.00710582
 25.600000      0.01748507
 25.700000      0.02373265
 25.800000      0.02718023
 25.900000      0.02709290
 26.000000      0.02472350
 26.100000      0.02519837
 26.200000      0.02667962
 26.300000      0.02916629
 26.400000      0.03271859
 26.500000      0.03985957
 26.600000      0.04846682
 26.700000      0.05890983
 26.800000      0.06338486
 26.900000      0.06475837
 27.000000      0.06511789
 27.100000      0.06410526
 27.200000      0.06267821
 27.300000      0.06282126
 27.400000      0.06656876
 27.500000      0.06614080
 27.600000      0.06797232
 27.700000      0.07630120
 27.800000      0.08319688
 27.900000      0.08883339
 28.000000      0.09299206
 28.100000      0.09583856
 28.200000      0.09343335
 28.300000      0.08422085
 28.400000      0.07478574
 28.500000      0.06758849
 28.600000      0.06134145
 28.700000      0.05538583
 28.800000      0.05104767
 28.900000      0.04722626
 29.000000      0.04547073
 29.100000      0.04771603
 29.200000      0.04908105
 29.300000      0.04686674
 29.400000      0.04492302
 29.500000      0.04375709
 29.600000      0.04199109
 29.700000      0.03696064
 29.800000      0.02632910
 29.900000      0.01220761
 30.000000     -0.00208247
 30.100000     -0.01610043
 30.200000     -0.03014407
 30.300000     -0.04154931
 30.400000     -0.04818997
 30.500000     -0.05301722
 30.600000     -0.05246892
 30.700000     -0.04657053
 30.800000     -0.03741571
 30.900000     -0.03114731
 31.000000     -0.02542764
 31.100000     -0.01744708
 31.200000     -0.01002379
 31.300000     -0.00360378
 31.400000      0.00213911
 31.500000      0.00255758
 31.600000      0.00001362
 31.700000     -0.00373722
 31.800000     -0.00896444
 31.900000     -0.00958236
 32.000000     -0.00909910
 32.100000     -0.00622035
 32.200000      0.00035790
 32.300000      0.00702251
 32.400000      0.01042494
 32.500000      0.01757448
 32.600000      0.02580837
 32.700000      0.02923616
 32.800000      0.02964072
 32.900000      0.02865269
 33.000000      0.02525558
 33.100000      0.01839690
 33.200000      0.01333769
 33.300000      0.01056050
 33.400000      0.01012847
 33.500000      0.01514362
 33.600000      0.02733054
 33.700000      0.03732874
 33.800000      0.04309949
 33.900000      0.04956558
 34.000000      0.05035758
 34.100000      0.04861747
 34.200000      0.04512958
 34.300000      0.03971092
 34.400000      0.02920356
 34.500000      0.01160911
 34.600000     -0.00370265
 34.700000     -0.01587204
 34.800000     -0.02939602
 34.900000     -0.03827921
 35.000000     -0.04974419
 35.100000     -0.06295492
 35.200000     -0.07317912
 35.300000     -0.08604992
 35.400000     -0.10217821
 35.500000     -0.11629265
 35.600000     -0.13490684
 35.700000     -0.16171788
 35.800000     -0.19665624
 35.900000     -0.22973349
 36.000000     -0.26204434
 36.100000     -0.29319582
 36.200000     -0.31353626
 36.300000     -0.33229964
 36.400000     -0.34868820
 36.500000     -0.36342344
 36.600000     -0.38212974
 36.700000     -0.39633535
 36.800000     -0.40574439
 36.900000     -0.40824124
 37.000000     -0.41081452
 37.100000     -0.40885501
 37.200000     -0.39804666
 37.300000     -0.37409306
 37.400000     -0.33720821
 37.500000     -0.28818523
 37.600000     -0.23074556
 37.700000     -0.17108730
 37.800000     -0.11069575
 37.900000     -0.04566427
 38.000000      0.02665014
 38.100000      0.10333839
 38.200000      0.18174002
 38.300000      0.25852319
 38.400000      0.34371877
 38.500000      0.43910727
 38.600000      0.53131200
 38.700000      0.61509447
 38.800000      0.68594179
 38.900000      0.74091171
 39.000000      0.78847273
 39.100000      0.83928390
 39.200000      0.88624108
 39.300000      0.92347949
 39.400000      0.95173560
 39.500000      0.97494414
 39.600000      0.99505782
 39.700000      1.00000000
 39.800000      0.98274751
 39.900000      0.96916921
