  0.000000     -0.02983412
  0.100000     -0.03045260
  0.200000     -0.03125575
  0.300000     -0.03162151
  0.400000     -0.03229161
  0.500000     -0.03313161
  0.600000     -0.03402111
  0.700000     -0.03476501
  0.800000     -0.03568053
  0.900000     -0.03613936
  1.000000     -0.03729180
  1.100000     -0.03858940
  1.200000     -0.03986757
  1.300000     -0.04082502
  1.400000     -0.04169135
  1.500000     -0.04241966
  1.600000     -0.04316227
  1.700000     -0.04390251
  1.800000     -0.04446034
  1.900000     -0.04500308
  2.000000     -0.04554013
  2.100000     -0.04605105
  2.200000     -0.04653853
  2.300000     -0.04694263
  2.400000     -0.04718572
  2.500000     -0.04740794
  2.600000     -0.05120635
  2.700000     -0.05198118
  2.800000     -0.05209186
  2.900000     -0.05231742
  3.000000     -0.05252378
  3.100000     -0.05270192
  3.200000     -0.05289402
  3.300000     -0.05307220
  3.400000     -0.05323449
  3.500000     -0.05337545
  3.600000     -0.05349963
  3.700000     -0.05360950
  3.800000     -0.05339447
  3.900000     -0.05338621
  4.000000     -0.05349535
  4.100000     -0.05359765
  4.200000     -0.05373505
  4.300000     -0.05399592
  4.400000     -0.05425272
  4.500000     -0.05470112
  4.600000     -0.05501958
  4.700000     -0.05529707
  4.800000     -0.05559008
  4.900000     -0.05589932
  5.000000     -0.05622774
  5.100000     -0.05657804
  5.200000     -0.05695313
  5.300000     -0.05735663
  5.400000     -0.05778810
  5.500000     -0.05824778
  5.600000     -0.05906904
  5.700000     -0.05959535
  5.800000     -0.06015178
  5.900000     -0.06074938
  6.000000     -0.06143567
  6.100000     -0.06245934
  6.200000     -0.06350004
  6.300000     -0.06426746
  6.400000     -0.06507118
  6.500000     -0.06591798
  6.600000     -0.06681709
  6.700000     -0.06776488
  6.800000     -0.06875389
  6.900000     -0.06979605
  7.000000     -0.07350401
  7.100000     -0.07464787
  7.200000     -0.07584773
  7.300000     -0.07710447
  7.400000     -0.07841495
  7.500000     -0.07977907
  7.600000     -0.08119592
  7.700000     -0.08266837
  7.800000     -0.08418644
  7.900000     -0.08575375
  8.000000     -0.08737902
  8.100000     -0.08906965
  8.200000     -0.09083006
  8.300000     -0.09266632
  8.400000     -0.09457374
  8.500000     -0.09655985
  8.600000     -0.09863338
  8.700000     -0.10078429
  8.800000     -0.10301461
  8.900000     -0.10532004
  9.000000     -0.10769702
  9.100000     -0.11013637
  9.200000     -0.11262790
  9.300000     -0.11516170
  9.400000     -0.11772266
  9.500000     -0.12029482
  9.600000     -0.12286647
  9.700000     -0.12542489
  9.800000     -0.12795567
  9.900000     -0.13044570
 10.000000     -0.13287776
 10.100000     -0.13523875
 10.200000     -0.13751248
 10.300000     -0.13967995
 10.400000     -0.14172623
 10.500000     -0.14363436
 10.600000     -0.14539702
 10.700000     -0.14699893
 10.800000     -0.14842776
 10.900000     -0.14966851
 11.000000     -0.15070592
 11.100000     -0.15152539
 11.200000     -0.15211737
 11.300000     -0.15246520
 11.400000     -0.15254709
 11.500000     -0.15235281
 11.600000     -0.15186103
 11.700000     -0.15104799
 11.800000     -0.14988560
 11.900000     -0.14835902
 12.000000     -0.14643838
 12.100000     -0.14408290
 12.200000     -0.14126585
 12.300000     -0.13795690
 12.400000     -0.13412454
 12.500000     -0.12973405
 12.600000     -0.12474347
 12.700000     -0.11913495
 12.800000     -0.11286252
 12.900000     -0.10590483
 13.000000     -0.09822449
 13.100000     -0.08980339
 13.200000     -0.08061003
 13.300000     -0.07063282
 13.400000     -0.05984212
 13.500000     -0.04820420
 13.600000     -0.03570096
 13.700000     -0.02232929
 13.800000     -0.00804941
 13.900000      0.00714477
 14.000000      0.02328002
 14.100000      0.04037059
 14.200000      0.05844969
 14.300000      0.07750448
 14.400000      0.09753481
 14.500000      0.11857287
 14.600000      0.14059663
 14.700000      0.16359955
 14.800000      0.18756804
 14.900000      0.21247461
 15.000000      0.23827947
 15.100000      0.26494762
 15.200000      0.29243800
 15.300000      0.32067437
 15.400000      0.34958401
 15.500000      0.37910843
 15.600000      0.40915307
 15.700000      0.43962195
 15.800000      0.47042934
 15.900000      0.50146836
 16.000000      0.53262678
 16.100000      0.56379241
 16.200000      0.59483953
 16.300000      0.62564748
 16.400000      0.65608887
 16.500000      0.68603077
 16.600000      0.71532576
 16.700000      0.74385653
 16.800000      0.77148755
 16.900000      0.79806611
 17.000000      0.82347568
 17.100000      0.84760933
 17.200000      0.87029995
 17.300000      0.89146499
 17.400000      0.91098653
 17.500000      0.92878834
 17.600000      0.94474263
 17.700000      0.95880226
 17.800000      0.97088639
 17.900000      0.98094642
 18.000000      0.98892762
 18.100000      0.99480357
 18.200000      0.99849585
 18.300000      1.00000000
 18.400000      0.99928573
 18.500000      0.99638010
 18.600000      0.99122829
 18.700000      0.98384041
 18.800000      0.97423196
 18.900000      0.96242022
 19.000000      0.94842090
 19.100000      0.93227580
 19.200000      0.91397250
 19.300000      0.89355812
 19.400000      0.87105885
 19.500000      0.84653977
 19.600000      0.82002897
 19.700000      0.79159672
 19.800000      0.76131963
 19.900000      0.72928344
 20.000000      0.69555159
 20.100000      0.66023976
 20.200000      0.62341931
 20.300000      0.58520407
 20.400000      0.54575153
 20.500000      0.50512857
 20.600000      0.46348765
 20.700000      0.42097630
 20.800000      0.37772361
 20.900000      0.33385340
 21.000000      0.28951717
 21.100000      0.24487710
 21.200000      0.20007955
 21.300000      0.15527457
 21.400000      0.11059922
 21.500000      0.06621506
 21.600000      0.02227433
 21.700000     -0.02108286
 21.800000     -0.06370817
 21.900000     -0.10547605
 22.000000     -0.14625249
 22.100000     -0.18590207
 22.200000     -0.22432929
 22.300000     -0.26140837
 22.400000     -0.29728523
 22.500000     -0.33148802
 22.600000     -0.36399958
 22.700000     -0.39489440
 22.800000     -0.42407531
 22.900000     -0.45149707
 23.000000     -0.47714768
 23.100000     -0.50103552
 23.200000     -0.52312611
 23.300000     -0.54343767
 23.400000     -0.56198936
 23.500000     -0.57874966
 23.600000     -0.59376107
 23.700000     -0.60705200
 23.800000     -0.61868981
 23.900000     -0.62869795
 24.000000     -0.63711303
 24.100000     -0.64392710
 24.200000     -0.64918584
 24.300000     -0.65300188
 24.400000     -0.65542620
 24.500000     -0.65647677
 24.600000     -0.65619328
 24.700000     -0.65463733
 24.800000     -0.65189512
 24.900000     -0.64801138
 25.000000     -0.64309053
 25.100000     -0.63709134
 25.200000     -0.63012684
 25.300000     -0.62226766
 25.400000     -0.61359599
 25.500000     -0.60414474
 25.600000     -0.59398539
 25.700000     -0.58320112
 25.800000     -0.57183485
 25.900000     -0.55993671
 26.000000     -0.54757451
 26.100000     -0.53481963
 26.200000     -0.52170870
 26.300000     -0.50830750
 26.400000     -0.49466069
 26.500000     -0.48082460
 26.600000     -0.46684361
 26.700000     -0.45277843
 26.800000     -0.43867280
 26.900000     -0.42455439
 27.000000     -0.41047315
 27.100000     -0.39561458
 27.200000     -0.38030810
 27.300000     -0.36653218
 27.400000     -0.35294012
 27.500000     -0.33955611
 27.600000     -0.32640522
 27.700000     -0.31349587
 27.800000     -0.30086506
 27.900000     -0.28851757
 28.000000     -0.27645551
 28.100000     -0.26468705
 28.200000     -0.25325075
 28.300000     -0.23636445
 28.400000     -0.22565685
 28.500000     -0.21527146
 28.600000     -0.20521623
 28.700000     -0.19551478
 28.800000     -0.18614739
 28.900000     -0.17710416
 29.000000     -0.16838214
 29.100000     -0.15998898
 29.200000     -0.14981922
 29.300000     -0.13995789
 29.400000     -0.13265222
 29.500000     -0.12565557
 29.600000     -0.11898119
 29.700000     -0.11261762
 29.800000     -0.10655918
 29.900000     -0.10079878
 30.000000     -0.09534121
 30.100000     -0.09017976
 30.200000     -0.08531970
 30.300000     -0.08075866
 30.400000     -0.07647771
 30.500000     -0.07248747
 30.600000     -0.06877605
 30.700000     -0.06443944
 30.800000     -0.06005732
 30.900000     -0.05715971
 31.000000     -0.05189193
 31.100000     -0.04954925
 31.200000     -0.04741150
 31.300000     -0.04547205
 31.400000     -0.04103172
 31.500000     -0.03710462
 31.600000     -0.03388309
 31.700000     -0.03277980
 31.800000     -0.02373017
 31.900000     -0.02289212
 32.000000     -0.02220022
 32.100000     -0.02163972
 32.200000     -0.02120915
 32.300000     -0.02090474
 32.400000     -0.02071813
 32.500000     -0.02064039
 32.600000     -0.02065687
 32.700000     -0.02076594
 32.800000     -0.02096629
 32.900000     -0.02125943
 33.000000     -0.02162847
 33.100000     -0.02206613
 33.200000     -0.02141435
 33.300000     -0.01796318
 33.400000     -0.01760983
 33.500000     -0.01811709
 33.600000     -0.01867513
 33.700000     -0.01927994
 33.800000     -0.01992740
 33.900000     -0.02061138
 34.000000     -0.02132508
 34.100000     -0.02564698
 34.200000     -0.03169010
 34.300000     -0.03223861
 34.400000     -0.03277867
 34.500000     -0.03328009
 34.600000     -0.03254794
 34.700000     -0.03263635
 34.800000     -0.03510990
 34.900000     -0.03591758
 35.000000     -0.03620753
 35.100000     -0.03831001
 35.200000     -0.04078922
 35.300000     -0.04174085
 35.400000     -0.04311916
 35.500000     -0.04235913
 35.600000     -0.04194259
 35.700000     -0.04177401
 35.800000     -0.04152668
 35.900000     -0.04120173
 36.000000     -0.04201632
 36.100000     -0.04187739
 36.200000     -0.04129744
 36.300000     -0.04065403
 36.400000     -0.03994632
 36.500000     -0.03918775
 36.600000     -0.03836799
 36.700000     -0.03746384
 36.800000     -0.03652571
 36.900000     -0.03555458
 37.000000     -0.03455703
 37.100000     -0.03356628
 37.200000     -0.03296697
 37.300000     -0.03277250
 37.400000     -0.03200805
 37.500000     -0.03200113
 37.600000     -0.03140552
 37.700000     -0.03105764
 37.800000     -0.02932660
 37.900000     -0.02860006
 38.000000     -0.02967918
 38.100000     -0.03124166
 38.200000     -0.03653397
 38.300000     -0.03629691
 38.400000     -0.03605020
 38.500000     -0.03564746
 38.600000     -0.03449025
 38.700000     -0.03441853
 38.800000     -0.03429988
 38.900000     -0.03413181
 39.000000     -0.03391076
 39.100000     -0.03363719
 39.200000     -0.03331000
 39.300000     -0.03249773
 39.400000     -0.02884666
 39.500000     -0.02842313
 39.600000     -0.02795951
 39.700000     -0.02759283
 39.800000     -0.02720460
 39.900000     -0.02678489
