  0.000000     -0.03309881
  0.100000     -0.03277122
  0.200000     -0.03240587
  0.300000     -0.03221990
  0.400000     -0.03220667
  0.500000     -0.03225463
  0.600000     -0.03244312
  0.700000     -0.03248330
  0.800000     -0.03239626
  0.900000     -0.03222588
  1.000000     -0.03186454
  1.100000     -0.03140047
  1.200000     -0.03091355
  1.300000     -0.03076921
  1.400000     -0.03057855
  1.500000     -0.03033676
  1.600000     -0.02994991
  1.700000     -0.02930134
  1.800000     -0.02844849
  1.900000     -0.02752143
  2.000000     -0.02629121
  2.100000     -0.02502520
  2.200000     -0.02354887
  2.300000     -0.02206680
  2.400000     -0.02031790
  2.500000     -0.01834238
  2.600000     -0.01620600
  2.700000     -0.01371304
  2.800000     -0.01124915
  2.900000     -0.00853123
  3.000000     -0.00537597
  3.100000     -0.00203252
  3.200000      0.00130854
  3.300000      0.00434107
  3.400000      0.00710832
  3.500000      0.00965478
  3.600000      0.01211432
  3.700000      0.01441749
  3.800000      0.01634633
  3.900000      0.01804882
  4.000000      0.01946820
  4.100000      0.02086159
  4.200000      0.02227512
  4.300000      0.02384707
  4.400000      0.02549230
  4.500000      0.02738797
  4.600000      0.02947559
  4.700000      0.03177273
  4.800000      0.03412276
  4.900000      0.03612334
  5.000000      0.03774819
  5.100000      0.03914915
  5.200000      0.04045698
  5.300000      0.04142008
  5.400000      0.04206862
  5.500000      0.04255549
  5.600000      0.04281430
  5.700000      0.04284383
  5.800000      0.04233889
  5.900000      0.04172171
  6.000000      0.04103642
  6.100000      0.04007721
  6.200000      0.03887346
  6.300000      0.03741015
  6.400000      0.03586732
  6.500000      0.03439337
  6.600000      0.03297149
  6.700000      0.03166828
  6.800000      0.03066741
  6.900000      0.02987365
  7.000000      0.02920115
  7.100000      0.02841918
  7.200000      0.02779650
  7.300000      0.02730158
  7.400000      0.02698221
  7.500000      0.02678941
  7.600000      0.02657765
  7.700000      0.02669065
  7.800000      0.02710065
  7.900000      0.02771051
  8.000000      0.02849793
  8.100000      0.02930582
  8.200000      0.03000005
  8.300000      0.03038844
  8.400000      0.03024076
  8.500000      0.02965397
  8.600000      0.02861745
  8.700000      0.02739753
  8.800000      0.02601602
  8.900000      0.02493115
  9.000000      0.02363587
  9.100000      0.02224861
  9.200000      0.02130602
  9.300000      0.02074883
  9.400000      0.02031138
  9.500000      0.01991787
  9.600000      0.01937025
  9.700000      0.01887317
  9.800000      0.01857313
  9.900000      0.01830169
 10.000000      0.01827643
 10.100000      0.01842622
 10.200000      0.01829280
 10.300000      0.02309261
 10.400000      0.02817655
 10.500000      0.03052921
 10.600000      0.02942904
 10.700000      0.02884856
 10.800000      0.03454025
 10.900000      0.04151913
 11.000000      0.04512053
 11.100000      0.04503895
 11.200000      0.04022968
 11.300000      0.03545428
 11.400000      0.03840760
 11.500000      0.04878698
 11.600000      0.05926734
 11.700000      0.06355275
 11.800000      0.06609891
 11.900000      0.06921321
 12.000000      0.07115604
 12.100000      0.06963404
 12.200000      0.06793146
 12.300000      0.06700433
 12.400000      0.06598532
 12.500000      0.06665854
 12.600000      0.06949572
 12.700000      0.07340448
 12.800000      0.08031757
 12.900000      0.09106183
 13.000000      0.10482412
 13.100000      0.11882946
 13.200000      0.12804173
 13.300000      0.12943903
 13.400000      0.12903569
 13.500000      0.13557592
 13.600000      0.14979491
 13.700000      0.16496590
 13.800000      0.17943015
 13.900000      0.19767292
 14.000000      0.22010103
 14.100000      0.24481188
 14.200000      0.26820743
 14.300000      0.28902517
 14.400000      0.30970064
 14.500000      0.33250097
 14.600000      0.35928317
 14.700000      0.39099593
 14.800000      0.42514899
 14.900000      0.45803408
 15.000000      0.48770032
 15.100000      0.51667484
 15.200000      0.54784351
 15.300000      0.57776542
 15.400000      0.60658923
 15.500000      0.63746282
 15.600000      0.67270508
 15.700000      0.70788510
 15.800000      0.73843911
 15.900000      0.76669604
 16.000000      0.79352378
 16.100000      0.81705623
 16.200000      0.83929142
 16.300000      0.86335166
 16.400000      0.89123504
 16.500000      0.91875409
 16.600000      0.94022459
 16.700000      0.95673422
 16.800000      0.97212786
 16.900000      0.98632689
 17.000000      0.99594789
 17.100000      1.00000000
 17.200000      0.99841692
 17.300000      0.99509691
 17.400000      0.99442446
 17.500000      0.99601820
 17.600000      0.99241487
 17.700000      0.98143177
 17.800000      0.96909430
 17.900000      0.95834518
 18.000000      0.94975352
 18.100000      0.94151282
 18.200000      0.93074559
 18.300000      0.91731688
 18.400000      0.90526031
 18.500000      0.89315845
 18.600000      0.87599709
 18.700000      0.85312614
 18.800000      0.83311570
 18.900000      0.81773820
 19.000000      0.79755573
 19.100000      0.77020618
 19.200000      0.74204228
 19.300000      0.71999307
 19.400000      0.70205876
 19.500000      0.68434045
 19.600000      0.66414966
 19.700000      0.63972784
 19.800000      0.61423893
 19.900000      0.59135865
 20.000000      0.56838631
 20.100000      0.54217548
 20.200000      0.51391840
 20.300000      0.48378959
 20.400000      0.45501421
 20.500000      0.42996248
 20.600000      0.40762596
 20.700000      0.38927569
 20.800000      0.37656964
 20.900000      0.36043286
 21.000000      0.33812201
 21.100000      0.31726791
 21.200000      0.29745507
 21.300000      0.27556337
 21.400000      0.25426695
 21.500000      0.23298238
 21.600000      0.21018979
 21.700000      0.18809373
 21.800000      0.16929107
 21.900000      0.15610370
 22.000000      0.14493578
 22.100000      0.13059351
 22.200000      0.11468085
 22.300000      0.10073033
 22.400000      0.09005123
 22.500000      0.07936176
 22.600000      0.06754168
 22.700000      0.05631427
 22.800000      0.04617371
 22.900000      0.03510159
 23.000000      0.02108479
 23.100000      0.00374279
 23.200000     -0.01442554
 23.300000     -0.03269769
 23.400000     -0.04968795
 23.500000     -0.06578854
 23.600000     -0.07954517
 23.700000     -0.09026105
 23.800000     -0.09856379
 23.900000     -0.10285473
 24.000000     -0.10484959
 24.100000     -0.11133533
 24.200000     -0.12259156
 24.300000     -0.13237948
 24.400000     -0.13918433
 24.500000     -0.14688158
 24.600000     -0.15729091
 24.700000     -0.16751823
 24.800000     -0.17633133
 24.900000     -0.18642279
 25.000000     -0.19857784
 25.100000     -0.21110598
 25.200000     -0.22263977
 25.300000     -0.23653094
 25.400000     -0.25196166
 25.500000     -0.26156781
 25.600000     -0.26319850
 25.700000     -0.26389175
 25.800000     -0.27197546
 25.900000     -0.28426685
 26.000000     -0.29403082
 26.100000     -0.29902702
 26.200000     -0.30230256
 26.300000     -0.30646697
 26.400000     -0.31319056
 26.500000     -0.32378468
 26.600000     -0.33644483
 26.700000     -0.34454199
 26.800000     -0.34574037
 26.900000     -0.34700231
 27.000000     -0.35268937
 27.100000     -0.35854109
 27.200000     -0.36287555
 27.300000     -0.36664112
 27.400000     -0.37112413
 27.500000     -0.37854540
 27.600000     -0.38757967
 27.700000     -0.39631212
 27.800000     -0.40375425
 27.900000     -0.40847186
 28.000000     -0.41191250
 28.100000     -0.41705568
 28.200000     -0.41908409
 28.300000     -0.41674522
 28.400000     -0.41226625
 28.500000     -0.40594658
 28.600000     -0.40052406
 28.700000     -0.40051280
 28.800000     -0.40693164
 28.900000     -0.41416768
 29.000000     -0.41699981
 29.100000     -0.41629474
 29.200000     -0.41441336
 29.300000     -0.41327479
 29.400000     -0.41278472
 29.500000     -0.41124411
 29.600000     -0.40946443
 29.700000     -0.40742695
 29.800000     -0.40502908
 29.900000     -0.40235344
 30.000000     -0.39930059
 30.100000     -0.39632343
 30.200000     -0.39355722
 30.300000     -0.39125808
 30.400000     -0.38924795
 30.500000     -0.38772596
 30.600000     -0.38653093
 30.700000     -0.38548388
 30.800000     -0.38466888
 30.900000     -0.38408719
 31.000000     -0.38382608
 31.100000     -0.38408842
 31.200000     -0.38494962
 31.300000     -0.38613517
 31.400000     -0.38743611
 31.500000     -0.38860190
 31.600000     -0.38968692
 31.700000     -0.39071282
 31.800000     -0.39223006
 31.900000     -0.39465898
 32.000000     -0.39766468
 32.100000     -0.40115318
 32.200000     -0.40515029
 32.300000     -0.40966261
 32.400000     -0.41432972
 32.500000     -0.41937042
 32.600000     -0.42469557
 32.700000     -0.43021007
 32.800000     -0.43584059
 32.900000     -0.44086934
 33.000000     -0.44572477
 33.100000     -0.45031756
 33.200000     -0.45478501
 33.300000     -0.45881808
 33.400000     -0.46262575
 33.500000     -0.46619473
 33.600000     -0.46967848
 33.700000     -0.47292184
 33.800000     -0.47608574
 33.900000     -0.47904335
 34.000000     -0.48176634
 34.100000     -0.48406350
 34.200000     -0.48576311
 34.300000     -0.48706824
 34.400000     -0.48804732
 34.500000     -0.48875710
 34.600000     -0.48907929
 34.700000     -0.48927666
 34.800000     -0.48914130
 34.900000     -0.48864934
 35.000000     -0.48786987
 35.100000     -0.48698089
 35.200000     -0.48598897
 35.300000     -0.48492912
 35.400000     -0.48391633
 35.500000     -0.48314351
 35.600000     -0.48256239
 35.700000     -0.48272639
 35.800000     -0.48300238
 35.900000     -0.48325059
 36.000000     -0.48342069
 36.100000     -0.48337816
 36.200000     -0.48300022
 36.300000     -0.48237591
 36.400000     -0.48152407
 36.500000     -0.48044452
 36.600000     -0.47923741
 36.700000     -0.47805674
 36.800000     -0.47666644
 36.900000     -0.47518107
 37.000000     -0.47373813
 37.100000     -0.47231209
 37.200000     -0.47094131
 37.300000     -0.46971051
 37.400000     -0.46847106
 37.500000     -0.46712470
 37.600000     -0.46588464
 37.700000     -0.46463688
 37.800000     -0.46353138
 37.900000     -0.46256707
 38.000000     -0.46145599
 38.100000     -0.46069086
 38.200000     -0.46031387
 38.300000     -0.46065451
 38.400000     -0.46107720
 38.500000     -0.46149550
 38.600000     -0.46203011
 38.700000     -0.46282323
 38.800000     -0.46389226
 38.900000     -0.46504799
 39.000000     -0.46615724
 39.100000     -0.46692799
 39.200000     -0.46749240
 39.300000     -0.46785178
 39.400000     -0.46806205
 39.500000     -0.46821011
 39.600000     -0.46829336
 39.700000     -0.46866574
 39.800000     -0.46901101
 39.900000     -0.46940220
