  0.000000      0.02160575
  0.100000      0.02061851
  0.200000      0.01904510
  0.300000      0.01813215
  0.400000      0.01806364
  0.500000      0.01775233
  0.600000      0.01697863
  0.700000      0.01577065
  0.800000      0.01456351
  0.900000      0.01357108
  1.000000      0.01148070
  1.100000      0.00934761
  1.200000      0.00829821
  1.300000      0.00850463
  1.400000      0.00871060
  1.500000      0.00787833
  1.600000      0.00693628
  1.700000      0.00639356
  1.800000      0.00575590
  1.900000      0.00635173
  2.000000      0.00754962
  2.100000      0.00807340
  2.200000      0.00894706
  2.300000      0.01051581
  2.400000      0.01007922
  2.500000      0.00906116
  2.600000      0.01026072
  2.700000      0.01137893
  2.800000      0.01037348
  2.900000      0.00740220
  3.000000      0.00619783
  3.100000      0.00505563
  3.200000      0.00110031
  3.300000     -0.00029817
  3.400000     -0.00080584
  3.500000     -0.00351885
  3.600000     -0.00543555
  3.700000     -0.00710558
  3.800000     -0.00888017
  3.900000     -0.01011622
  4.000000     -0.01074804
  4.100000     -0.01048692
  4.200000     -0.01169785
  4.300000     -0.01105252
  4.400000     -0.00985430
  4.500000     -0.01039670
  4.600000     -0.00983445
  4.700000     -0.00852138
  4.800000     -0.00833494
  4.900000     -0.00734516
  5.000000     -0.00445522
  5.100000     -0.00316018
  5.200000     -0.00340357
  5.300000     -0.00310922
  5.400000     -0.00305401
  5.500000     -0.00119545
  5.600000      0.00034002
  5.700000      0.00084200
  5.800000      0.00400699
  5.900000      0.00854612
  6.000000      0.01253478
  6.100000      0.01685607
  6.200000      0.02069534
  6.300000      0.02460915
  6.400000      0.02861903
  6.500000      0.03108331
  6.600000      0.03361994
  6.700000      0.03697257
  6.800000      0.04293932
  6.900000      0.04855056
  7.000000      0.05063698
  7.100000      0.05464067
  7.200000      0.05760818
  7.300000      0.05859256
  7.400000      0.05884191
  7.500000      0.05974960
  7.600000      0.06055367
  7.700000      0.06008017
  7.800000      0.06048114
  7.900000      0.06074765
  8.000000      0.06048182
  8.100000      0.06274134
  8.200000      0.06379153
  8.300000      0.06196032
  8.400000      0.05947951
  8.500000      0.05769085
  8.600000      0.05410761
  8.700000      0.05022914
  8.800000      0.04454810
  8.900000      0.03810019
  9.000000      0.03103803
  9.100000      0.02403203
  9.200000      0.01586686
  9.300000      0.00860263
  9.400000      0.00185745
  9.500000     -0.00481629
  9.600000     -0.01025877
  9.700000     -0.01634576
  9.800000     -0.02343984
  9.900000     -0.02758289
 10.000000     -0.03073123
 10.100000     -0.03414994
 10.200000     -0.03453346
 10.300000     -0.03419875
 10.400000     -0.03325295
 10.500000     -0.03087755
 10.600000     -0.02506121
 10.700000     -0.01735777
 10.800000     -0.00522034
 10.900000      0.01088405
 11.000000      0.03002687
 11.100000      0.05298248
 11.200000      0.08278787
 11.300000      0.11728443
 11.400000      0.15905550
 11.500000      0.20795798
 11.600000      0.26535563
 11.700000      0.33280805
 11.800000      0.40886439
 11.900000      0.48994085
 12.000000      0.57682484
 12.100000      0.66491385
 12.200000      0.74818160
 12.300000      0.82549604
 12.400000      0.89179559
 12.500000      0.94368308
 12.600000      0.98028553
 12.700000      1.00000000
 12.800000      0.99881733
 12.900000      0.97756075
 13.000000      0.93772858
 13.100000      0.87827061
 13.200000      0.80011974
 13.300000      0.70489273
 13.400000      0.59441784
 13.500000      0.47482498
 13.600000      0.34587798
 13.700000      0.21450419
 13.800000      0.08599530
 13.900000     -0.03291135
 14.000000     -0.13761162
 14.100000     -0.23213406
 14.200000     -0.31296230
 14.300000     -0.38309155
 14.400000     -0.44175837
 14.500000     -0.48707795
 14.600000     -0.52014381
 14.700000     -0.54431399
 14.800000     -0.55571745
 14.900000     -0.55695563
 15.000000     -0.55287119
 15.100000     -0.54201385
 15.200000     -0.52787100
 15.300000     -0.51166451
 15.400000     -0.49393112
 15.500000     -0.47262030
 15.600000     -0.45326133
 15.700000     -0.43674781
 15.800000     -0.41617738
 15.900000     -0.39085919
 16.000000     -0.36266415
 16.100000     -0.33340711
 16.200000     -0.30832264
 16.300000     -0.28623570
 16.400000     -0.26607581
 16.500000     -0.24901974
 16.600000     -0.23346690
 16.700000     -0.21941766
 16.800000     -0.20981717
 16.900000     -0.20055765
 17.000000     -0.18699787
 17.100000     -0.17236428
 17.200000     -0.15896111
 17.300000     -0.14308349
 17.400000     -0.12670027
 17.500000     -0.11341598
 17.600000     -0.10155765
 17.700000     -0.09518713
 17.800000     -0.09129424
 17.900000     -0.08929350
 18.000000     -0.08961868
 18.100000     -0.08977203
 18.200000     -0.08821365
 18.300000     -0.08456562
 18.400000     -0.08060220
 18.500000     -0.07737885
 18.600000     -0.07226072
 18.700000     -0.07072458
 18.800000     -0.06943342
 18.900000     -0.06613988
 19.000000     -0.06316581
 19.100000     -0.06527223
 19.200000     -0.06956642
 19.300000     -0.07126025
 19.400000     -0.07111588
 19.500000     -0.07086794
 19.600000     -0.06884447
 19.700000     -0.06344572
 19.800000     -0.05753290
 19.900000     -0.05244403
 20.000000     -0.04546803
 20.100000     -0.03986743
 20.200000     -0.03940231
 20.300000     -0.04109748
 20.400000     -0.04125330
 20.500000     -0.04385924
 20.600000     -0.04813924
 20.700000     -0.05024480
 20.800000     -0.05221201
 20.900000     -0.05788398
 21.000000     -0.06481688
 21.100000     -0.07008327
 21.200000     -0.07327019
 21.300000     -0.07730734
 21.400000     -0.07857200
 21.500000     -0.07719941
 21.600000     -0.07746471
 21.700000     -0.07457758
 21.800000     -0.06873272
 21.900000     -0.06587433
 22.000000     -0.06276698
 22.100000     -0.05844416
 22.200000     -0.05756149
 22.300000     -0.05989647
 22.400000     -0.06249995
 22.500000     -0.06328033
 22.600000     -0.06512287
 22.700000     -0.06548861
 22.800000     -0.05903140
 22.900000     -0.05127429
 23.000000     -0.04731574
 23.100000     -0.04015519
 23.200000     -0.03141244
 23.300000     -0.02478392
 23.400000     -0.01781391
 23.500000     -0.00980247
 23.600000     -0.00186150
 23.700000      0.00435768
 23.800000      0.00742452
 23.900000      0.01166022
 24.000000      0.01463292
 24.100000      0.01302367
 24.200000      0.01124903
 24.300000      0.01112698
 24.400000      0.00791390
 24.500000      0.00391532
 24.600000      0.00090574
 24.700000     -0.00281720
 24.800000     -0.00812050
 24.900000     -0.01465628
 25.000000     -0.01654253
 25.100000     -0.01819959
 25.200000     -0.02059054
 25.300000     -0.02052223
 25.400000     -0.02088781
 25.500000     -0.02091754
 25.600000     -0.02183384
 25.700000     -0.02480010
 25.800000     -0.02656871
 25.900000     -0.02571402
 26.000000     -0.02541862
 26.100000     -0.02660514
 26.200000     -0.02747554
 26.300000     -0.02532440
 26.400000     -0.02216425
 26.500000     -0.01939916
 26.600000     -0.01474975
 26.700000     -0.01139606
 26.800000     -0.00982950
 26.900000     -0.00890687
 27.000000     -0.00622469
 27.100000     -0.00202010
 27.200000      0.00163682
 27.300000      0.00607614
 27.400000      0.01251283
 27.500000      0.01839225
 27.600000      0.02291880
 27.700000      0.02757860
 27.800000      0.03282434
 27.900000      0.03637191
 28.000000      0.03719885
 28.100000      0.03619622
 28.200000      0.03475010
 28.300000      0.03232769
 28.400000      0.02929585
 28.500000      0.02446393
 28.600000      0.01772452
 28.700000      0.01079797
 28.800000      0.00378511
 28.900000     -0.00322615
 29.000000     -0.00839283
 29.100000     -0.01008606
 29.200000     -0.01028989
 29.300000     -0.01021205
 29.400000     -0.00649319
 29.500000     -0.00160269
 29.600000      0.00137423
 29.700000      0.00365260
 29.800000      0.00479609
 29.900000      0.00441715
 30.000000      0.00014239
 30.100000     -0.00624411
 30.200000     -0.01344961
 30.300000     -0.01966683
 30.400000     -0.02321150
 30.500000     -0.02367140
 30.600000     -0.02197778
 30.700000     -0.02133213
 30.800000     -0.02083554
 30.900000     -0.02126437
 31.000000     -0.02318808
 31.100000     -0.02209094
 31.200000     -0.02207955
 31.300000     -0.02354176
 31.400000     -0.02252268
 31.500000     -0.02181292
 31.600000     -0.02227101
 31.700000     -0.02244863
 31.800000     -0.02228067
 31.900000     -0.02308545
 32.000000     -0.02440819
 32.100000     -0.02571954
 32.200000     -0.02744740
 32.300000     -0.03013601
 32.400000     -0.03168092
 32.500000     -0.03270857
 32.600000     -0.03368589
 32.700000     -0.03478297
 32.800000     -0.03592156
 32.900000     -0.03378989
 33.000000     -0.03169866
 33.100000     -0.03044233
 33.200000     -0.02980058
 33.300000     -0.02699876
 33.400000     -0.02251318
 33.500000     -0.02009444
 33.600000     -0.01692405
 33.700000     -0.01126810
 33.800000     -0.00691393
 33.900000     -0.00387051
 34.000000     -0.00183390
 34.100000      0.00099804
 34.200000      0.00468087
 34.300000      0.00545037
 34.400000      0.00490598
 34.500000      0.00576703
 34.600000      0.01052523
 34.700000      0.01673989
 34.800000      0.02108903
 34.900000      0.02523666
 35.000000      0.02846584
 35.100000      0.03069312
 35.200000      0.03300349
 35.300000      0.03460537
 35.400000      0.03402455
 35.500000      0.03122771
 35.600000      0.02740296
 35.700000      0.02385538
 35.800000      0.02014667
 35.900000      0.01542802
 36.000000      0.01074569
 36.100000      0.00721775
 36.200000      0.00672117
 36.300000      0.00512718
 36.400000      0.00078798
 36.500000     -0.00164500
 36.600000     -0.00147477
 36.700000     -0.00347943
 36.800000     -0.00467884
 36.900000     -0.00426034
 37.000000     -0.00838304
 37.100000     -0.01328423
 37.200000     -0.01363882
 37.300000     -0.01617195
 37.400000     -0.02037827
 37.500000     -0.01778115
 37.600000     -0.01482480
 37.700000     -0.01576345
 37.800000     -0.01274848
 37.900000     -0.00698894
 38.000000     -0.00559648
 38.100000     -0.00316731
 38.200000     -0.00159419
 38.300000     -0.00111973
 38.400000     -0.00177294
 38.500000     -0.00311415
 38.600000     -0.00484001
 38.700000     -0.00634913
 38.800000     -0.00752223
 38.900000     -0.00844503
 39.000000     -0.00939165
 39.100000     -0.01014414
 39.200000     -0.01099593
 39.300000     -0.01103592
 39.400000     -0.01045738
 39.500000     -0.00876485
 39.600000     -0.00643237
 39.700000     -0.00337051
 39.800000      0.00009717
 39.900000      0.00349325
