  0.000000     -0.00844456
  0.100000     -0.00826166
  0.200000     -0.00808070
  0.300000     -0.00788743
  0.400000     -0.00773906
  0.500000     -0.00761291
  0.600000     -0.00765804
  0.700000     -0.00777613
  0.800000     -0.00786373
  0.900000     -0.00802249
  1.000000     -0.00819403
  1.100000     -0.00839227
  1.200000     -0.00857882
  1.300000     -0.00867134
  1.400000     -0.00856599
  1.500000     -0.00833987
  1.600000     -0.00818232
  1.700000     -0.00806979
  1.800000     -0.00790413
  1.900000     -0.00772730
  2.000000     -0.00769438
  2.100000     -0.00772665
  2.200000     -0.00771071
  2.300000     -0.00767584
  2.400000     -0.00756379
  2.500000     -0.00726563
  2.600000     -0.00683248
  2.700000     -0.00626268
  2.800000     -0.00554144
  2.900000     -0.00488885
  3.000000     -0.00407614
  3.100000     -0.00343720
  3.200000     -0.00310903
  3.300000     -0.00291604
  3.400000     -0.00243826
  3.500000     -0.00188947
  3.600000     -0.00127446
  3.700000     -0.00053811
  3.800000      0.00056041
  3.900000      0.00180149
  4.000000      0.00300957
  4.100000      0.00411756
  4.200000      0.00493589
  4.300000      0.00533028
  4.400000      0.00552611
  4.500000      0.00551884
  4.600000      0.00544683
  4.700000      0.00577153
  4.800000      0.00614189
  4.900000      0.00620835
  5.000000      0.00613051
  5.100000      0.00611466
  5.200000      0.00665343
  5.300000      0.00706063
  5.400000      0.00754018
  5.500000      0.00875435
  5.600000      0.00998309
  5.700000      0.01112148
  5.800000      0.01254683
  5.900000      0.01399490
  6.000000      0.01458036
  6.100000      0.01547291
  6.200000      0.01706105
  6.300000      0.01906063
  6.400000      0.02129213
  6.500000      0.02357718
  6.600000      0.02639264
  6.700000      0.03054590
  6.800000      0.03625456
  6.900000      0.04314822
  7.000000      0.05098465
  7.100000      0.06027120
  7.200000      0.07116785
  7.300000      0.08313059
  7.400000      0.09607368
  7.500000      0.11154559
  7.600000      0.12942623
  7.700000      0.14969640
  7.800000      0.17297434
  7.900000      0.20008639
  8.000000      0.23023397
  8.100000      0.26415781
  8.200000      0.30170577
  8.300000      0.34300017
  8.400000      0.38937850
  8.500000      0.44036786
  8.600000      0.49478833
  8.700000      0.55216869
  8.800000      0.61128057
  8.900000      0.67100454
  9.000000      0.73016802
  9.100000      0.78698214
  9.200000      0.84005394
  9.300000      0.88782028
  9.400000      0.92813841
  9.500000      0.95924396
  9.600000      0.98072172
  9.700000      0.99451009
  9.800000      1.00000000
  9.900000      0.99646464
 10.000000      0.98462065
 10.100000      0.96623575
 10.200000      0.94112139
 10.300000      0.91062612
 10.400000      0.87644023
 10.500000      0.84298827
 10.600000      0.81111539
 10.700000      0.77765939
 10.800000      0.73475659
 10.900000      0.67479415
 11.000000      0.60181932
 11.100000      0.52315465
 11.200000      0.44326001
 11.300000      0.36556919
 11.400000      0.29043940
 11.500000      0.21726337
 11.600000      0.14528324
 11.700000      0.07641944
 11.800000      0.01161396
 11.900000     -0.04714322
 12.000000     -0.10046041
 12.100000     -0.14689592
 12.200000     -0.18446587
 12.300000     -0.21581005
 12.400000     -0.24246790
 12.500000     -0.26320092
 12.600000     -0.28190610
 12.700000     -0.29822178
 12.800000     -0.31179262
 12.900000     -0.32241397
 13.000000     -0.33034618
 13.100000     -0.33644728
 13.200000     -0.34079180
 13.300000     -0.34574835
 13.400000     -0.34882035
 13.500000     -0.34849253
 13.600000     -0.34848587
 13.700000     -0.34893384
 13.800000     -0.34821379
 13.900000     -0.34643887
 14.000000     -0.34270375
 14.100000     -0.33744019
 14.200000     -0.33225174
 14.300000     -0.32619381
 14.400000     -0.32040902
 14.500000     -0.31414340
 14.600000     -0.30840833
 14.700000     -0.30248685
 14.800000     -0.29517028
 14.900000     -0.28894478
 15.000000     -0.28518784
 15.100000     -0.28205351
 15.200000     -0.27878288
 15.300000     -0.27493494
 15.400000     -0.26959106
 15.500000     -0.26449013
 15.600000     -0.25992520
 15.700000     -0.25367928
 15.800000     -0.24705394
 15.900000     -0.24123597
 16.000000     -0.23574879
 16.100000     -0.23002302
 16.200000     -0.22497533
 16.300000     -0.22013306
 16.400000     -0.21659902
 16.500000     -0.21195213
 16.600000     -0.20629808
 16.700000     -0.20002618
 16.800000     -0.19418244
 16.900000     -0.18852069
 17.000000     -0.18329069
 17.100000     -0.17846431
 17.200000     -0.17363484
 17.300000     -0.16886374
 17.400000     -0.16459811
 17.500000     -0.16117896
 17.600000     -0.15874259
 17.700000     -0.15639260
 17.800000     -0.15349674
 17.900000     -0.15080075
 18.000000     -0.14947405
 18.100000     -0.15012342
 18.200000     -0.15162277
 18.300000     -0.15236748
 18.400000     -0.15173594
 18.500000     -0.15014543
 18.600000     -0.14891755
 18.700000     -0.14770804
 18.800000     -0.14588177
 18.900000     -0.14452931
 19.000000     -0.14351366
 19.100000     -0.14182021
 19.200000     -0.13955728
 19.300000     -0.13694814
 19.400000     -0.13474974
 19.500000     -0.13299908
 19.600000     -0.13140481
 19.700000     -0.13020918
 19.800000     -0.12841382
 19.900000     -0.12606689
 20.000000     -0.12404147
 20.100000     -0.12214957
 20.200000     -0.12024372
 20.300000     -0.11838540
 20.400000     -0.11571851
 20.500000     -0.11310272
 20.600000     -0.11013138
 20.700000     -0.10677848
 20.800000     -0.10306234
 20.900000     -0.09999546
 21.000000     -0.09801813
 21.100000     -0.09660431
 21.200000     -0.09512482
 21.300000     -0.09424295
 21.400000     -0.09329243
 21.500000     -0.09250445
 21.600000     -0.09193254
 21.700000     -0.09103858
 21.800000     -0.08965175
 21.900000     -0.08768564
 22.000000     -0.08539532
 22.100000     -0.08216108
 22.200000     -0.07822685
 22.300000     -0.07435505
 22.400000     -0.07095822
 22.500000     -0.06804829
 22.600000     -0.06554801
 22.700000     -0.06347406
 22.800000     -0.06172976
 22.900000     -0.06048218
 23.000000     -0.05997646
 23.100000     -0.05977139
 23.200000     -0.06014669
 23.300000     -0.06057542
 23.400000     -0.06072658
 23.500000     -0.06058805
 23.600000     -0.06044003
 23.700000     -0.06050177
 23.800000     -0.06024422
 23.900000     -0.05990047
 24.000000     -0.05989632
 24.100000     -0.06003313
 24.200000     -0.06025657
 24.300000     -0.06050505
 24.400000     -0.06090845
 24.500000     -0.06110154
 24.600000     -0.06089992
 24.700000     -0.06071746
 24.800000     -0.06008781
 24.900000     -0.05910185
 25.000000     -0.05812561
 25.100000     -0.05709455
 25.200000     -0.05620569
 25.300000     -0.05511485
 25.400000     -0.05356049
 25.500000     -0.05203978
 25.600000     -0.05063968
 25.700000     -0.04899291
 25.800000     -0.04740813
 25.900000     -0.04555963
 26.000000     -0.04336062
 26.100000     -0.04113278
 26.200000     -0.03892176
 26.300000     -0.03687366
 26.400000     -0.03509765
 26.500000     -0.03380541
 26.600000     -0.03315699
 26.700000     -0.03343899
 26.800000     -0.03427641
 26.900000     -0.03496228
 27.000000     -0.03574229
 27.100000     -0.03628005
 27.200000     -0.03626891
 27.300000     -0.03631459
 27.400000     -0.03661719
 27.500000     -0.03685864
 27.600000     -0.03700120
 27.700000     -0.03696117
 27.800000     -0.03676137
 27.900000     -0.03630697
 28.000000     -0.03549456
 28.100000     -0.03456829
 28.200000     -0.03361833
 28.300000     -0.03251130
 28.400000     -0.03110790
 28.500000     -0.02941299
 28.600000     -0.02793367
 28.700000     -0.02667937
 28.800000     -0.02565172
 28.900000     -0.02489162
 29.000000     -0.02418235
 29.100000     -0.02314895
 29.200000     -0.02177037
 29.300000     -0.01994901
 29.400000     -0.01787103
 29.500000     -0.01576752
 29.600000     -0.01372126
 29.700000     -0.01166292
 29.800000     -0.00990697
 29.900000     -0.00844039
 30.000000     -0.00724635
 30.100000     -0.00635410
 30.200000     -0.00544337
 30.300000     -0.00442758
 30.400000     -0.00340601
 30.500000     -0.00273812
 30.600000     -0.00234314
 30.700000     -0.00203857
 30.800000     -0.00168700
 30.900000     -0.00114545
 31.000000     -0.00038119
 31.100000      0.00032995
 31.200000      0.00081862
 31.300000      0.00135812
 31.400000      0.00158195
 31.500000      0.00165438
 31.600000      0.00195189
 31.700000      0.00240203
 31.800000      0.00257430
 31.900000      0.00307443
 32.000000      0.00385827
 32.100000      0.00451258
 32.200000      0.00486824
 32.300000      0.00501299
 32.400000      0.00487754
 32.500000      0.00446152
 32.600000      0.00420408
 32.700000      0.00390736
 32.800000      0.00313068
 32.900000      0.00209223
 33.000000      0.00116440
 33.100000      0.00041211
 33.200000     -0.00022306
 33.300000     -0.00054090
 33.400000     -0.00040567
 33.500000     -0.00029057
 33.600000     -0.00025701
 33.700000     -0.00043606
 33.800000     -0.00092468
 33.900000     -0.00171496
 34.000000     -0.00220415
 34.100000     -0.00248431
 34.200000     -0.00271433
 34.300000     -0.00291415
 34.400000     -0.00291023
 34.500000     -0.00281417
 34.600000     -0.00299003
 34.700000     -0.00315458
 34.800000     -0.00306692
 34.900000     -0.00287206
 35.000000     -0.00258290
 35.100000     -0.00193469
 35.200000     -0.00103937
 35.300000      0.00029332
 35.400000      0.00190586
 35.500000      0.00352593
 35.600000      0.00488637
 35.700000      0.00607170
 35.800000      0.00702688
 35.900000      0.00778972
 36.000000      0.00827785
 36.100000      0.00855608
 36.200000      0.00875863
 36.300000      0.00872720
 36.400000      0.00854933
 36.500000      0.00823478
 36.600000      0.00772772
 36.700000      0.00710560
 36.800000      0.00654604
 36.900000      0.00617694
 37.000000      0.00629531
 37.100000      0.00691908
 37.200000      0.00781742
 37.300000      0.00885483
 37.400000      0.00972911
 37.500000      0.01045076
 37.600000      0.01131244
 37.700000      0.01199179
 37.800000      0.01237793
 37.900000      0.01245791
 38.000000      0.01235654
 38.100000      0.01206491
 38.200000      0.01160508
 38.300000      0.01102303
 38.400000      0.01045861
 38.500000      0.00974495
 38.600000      0.00890902
 38.700000      0.00800566
 38.800000      0.00735280
 38.900000      0.00700719
 39.000000      0.00682726
 39.100000      0.00677456
 39.200000      0.00685551
 39.300000      0.00696217
 39.400000      0.00719654
 39.500000      0.00761093
 39.600000      0.00814425
 39.700000      0.00861954
 39.800000      0.00907233
 39.900000      0.00976773
