  0.000000      0.02034063
  0.100000      0.02215168
  0.200000      0.02319474
  0.300000      0.02350316
  0.400000      0.02347919
  0.500000      0.02442988
  0.600000      0.02561436
  0.700000      0.02569043
  0.800000      0.02598806
  0.900000      0.02637883
  1.000000      0.02586467
  1.100000      0.02536330
  1.200000      0.02484401
  1.300000      0.02513050
  1.400000      0.02539091
  1.500000      0.02508556
  1.600000      0.02510441
  1.700000      0.02512437
  1.800000      0.02529665
  1.900000      0.02589783
  2.000000      0.02614007
  2.100000      0.02585240
  2.200000      0.02588550
  2.300000      0.02556839
  2.400000      0.02494131
  2.500000      0.02400729
  2.600000      0.02197968
  2.700000      0.02059975
  2.800000      0.01903734
  2.900000      0.01627113
  3.000000      0.01445095
  3.100000      0.01130980
  3.200000      0.00737622
  3.300000      0.00455104
  3.400000      0.00102145
  3.500000     -0.00203781
  3.600000     -0.00510899
  3.700000     -0.00798386
  3.800000     -0.01053876
  3.900000     -0.01289962
  4.000000     -0.01598663
  4.100000     -0.01863747
  4.200000     -0.02123122
  4.300000     -0.02307441
  4.400000     -0.02490106
  4.500000     -0.02654202
  4.600000     -0.02807186
  4.700000     -0.02944343
  4.800000     -0.02937733
  4.900000     -0.02876659
  5.000000     -0.02728584
  5.100000     -0.02576197
  5.200000     -0.02514874
  5.300000     -0.02365048
  5.400000     -0.02108649
  5.500000     -0.01895221
  5.600000     -0.01783499
  5.700000     -0.01635202
  5.800000     -0.01500300
  5.900000     -0.01258110
  6.000000     -0.00921414
  6.100000     -0.00561506
  6.200000     -0.00111533
  6.300000      0.00337256
  6.400000      0.00702337
  6.500000      0.01032023
  6.600000      0.01466453
  6.700000      0.01887979
  6.800000      0.02249586
  6.900000      0.02504653
  7.000000      0.02627526
  7.100000      0.02681080
  7.200000      0.02788141
  7.300000      0.02991473
  7.400000      0.03083579
  7.500000      0.03299876
  7.600000      0.03386304
  7.700000      0.03378338
  7.800000      0.03379952
  7.900000      0.03363233
  8.000000      0.03467928
  8.100000      0.03595971
  8.200000      0.03645561
  8.300000      0.03722973
  8.400000      0.03821049
  8.500000      0.03992107
  8.600000      0.04159077
  8.700000      0.04352462
  8.800000      0.04670525
  8.900000      0.04878400
  9.000000      0.05043673
  9.100000      0.05193718
  9.200000      0.05397980
  9.300000      0.05523186
  9.400000      0.05633080
  9.500000      0.05729435
  9.600000      0.05837879
  9.700000      0.05942492
  9.800000      0.05931896
  9.900000      0.05886123
 10.000000      0.05886469
 10.100000      0.05764067
 10.200000      0.05592738
 10.300000      0.05475979
 10.400000      0.05305241
 10.500000      0.05034312
 10.600000      0.04601065
 10.700000      0.04041649
 10.800000      0.03490335
 10.900000      0.02915086
 11.000000      0.02244534
 11.100000      0.01407808
 11.200000      0.00635937
 11.300000     -0.00083848
 11.400000     -0.01284358
 11.500000     -0.02636205
 11.600000     -0.03596191
 11.700000     -0.04559662
 11.800000     -0.05728489
 11.900000     -0.06996041
 12.000000     -0.08120268
 12.100000     -0.09134824
 12.200000     -0.10346786
 12.300000     -0.11438111
 12.400000     -0.12404430
 12.500000     -0.13199780
 12.600000     -0.13792074
 12.700000     -0.14352468
 12.800000     -0.14721645
 12.900000     -0.14547789
 13.000000     -0.13953346
 13.100000     -0.13082733
 13.200000     -0.11932836
 13.300000     -0.10275707
 13.400000     -0.08113482
 13.500000     -0.05429097
 13.600000     -0.02344916
 13.700000      0.01523088
 13.800000      0.06295291
 13.900000      0.11554230
 14.000000      0.17493453
 14.100000      0.24047495
 14.200000      0.31478673
 14.300000      0.39486168
 14.400000      0.47544388
 14.500000      0.55741466
 14.600000      0.63422493
 14.700000      0.70812176
 14.800000      0.77507738
 14.900000      0.83390025
 15.000000      0.88843094
 15.100000      0.93620060
 15.200000      0.97165062
 15.300000      0.99311087
 15.400000      1.00000000
 15.500000      0.99550730
 15.600000      0.97948853
 15.700000      0.94614101
 15.800000      0.89579549
 15.900000      0.83436787
 16.000000      0.76174476
 16.100000      0.67219395
 16.200000      0.56882254
 16.300000      0.45947908
 16.400000      0.34672410
 16.500000      0.22340213
 16.600000      0.09661481
 16.700000     -0.02256696
 16.800000     -0.13378588
 16.900000     -0.23674396
 17.000000     -0.33052060
 17.100000     -0.41310464
 17.200000     -0.48290724
 17.300000     -0.53796242
 17.400000     -0.57865360
 17.500000     -0.60935480
 17.600000     -0.63124730
 17.700000     -0.64181189
 17.800000     -0.64311970
 17.900000     -0.64283924
 18.000000     -0.63701710
 18.100000     -0.62374471
 18.200000     -0.60333978
 18.300000     -0.57781265
 18.400000     -0.54944902
 18.500000     -0.51907954
 18.600000     -0.48447429
 18.700000     -0.44742909
 18.800000     -0.40882175
 18.900000     -0.37123285
 19.000000     -0.33515147
 19.100000     -0.30242253
 19.200000     -0.27120035
 19.300000     -0.24135551
 19.400000     -0.21518315
 19.500000     -0.19539797
 19.600000     -0.17780817
 19.700000     -0.16072359
 19.800000     -0.14260185
 19.900000     -0.12901659
 20.000000     -0.11693841
 20.100000     -0.10483778
 20.200000     -0.09650624
 20.300000     -0.09134758
 20.400000     -0.08631827
 20.500000     -0.08369066
 20.600000     -0.08242498
 20.700000     -0.08226098
 20.800000     -0.08564134
 20.900000     -0.08891651
 21.000000     -0.08971475
 21.100000     -0.09039836
 21.200000     -0.09139891
 21.300000     -0.09192542
 21.400000     -0.09031898
 21.500000     -0.08784130
 21.600000     -0.08366906
 21.700000     -0.07894606
 21.800000     -0.07441099
 21.900000     -0.07043128
 22.000000     -0.06592676
 22.100000     -0.06202905
 22.200000     -0.05895784
 22.300000     -0.05662367
 22.400000     -0.05580318
 22.500000     -0.05581554
 22.600000     -0.05700496
 22.700000     -0.05867650
 22.800000     -0.05843913
 22.900000     -0.05824803
 23.000000     -0.05791702
 23.100000     -0.05836873
 23.200000     -0.05829319
 23.300000     -0.05804825
 23.400000     -0.05778662
 23.500000     -0.05920649
 23.600000     -0.06002724
 23.700000     -0.06120699
 23.800000     -0.06102383
 23.900000     -0.06063610
 24.000000     -0.05910675
 24.100000     -0.05741686
 24.200000     -0.05535517
 24.300000     -0.05251819
 24.400000     -0.04927229
 24.500000     -0.04647167
 24.600000     -0.04162436
 24.700000     -0.03550944
 24.800000     -0.03126933
 24.900000     -0.02718459
 25.000000     -0.02344691
 25.100000     -0.02073139
 25.200000     -0.01791275
 25.300000     -0.01552078
 25.400000     -0.01341060
 25.500000     -0.01259796
 25.600000     -0.01220712
 25.700000     -0.01298390
 25.800000     -0.01406821
 25.900000     -0.01653064
 26.000000     -0.01928721
 26.100000     -0.02194248
 26.200000     -0.02531675
 26.300000     -0.02775112
 26.400000     -0.02928873
 26.500000     -0.03093135
 26.600000     -0.03404071
 26.700000     -0.03678613
 26.800000     -0.03886314
 26.900000     -0.04143857
 27.000000     -0.04400830
 27.100000     -0.04416687
 27.200000     -0.04405294
 27.300000     -0.04319269
 27.400000     -0.04245746
 27.500000     -0.04163006
 27.600000     -0.03876448
 27.700000     -0.03667616
 27.800000     -0.03371372
 27.900000     -0.03038533
 28.000000     -0.02854982
 28.100000     -0.02610849
 28.200000     -0.02476849
 28.300000     -0.02442389
 28.400000     -0.02351175
 28.500000     -0.02178935
 28.600000     -0.02043399
 28.700000     -0.01934222
 28.800000     -0.02006784
 28.900000     -0.02087148
 29.000000     -0.02143219
 29.100000     -0.02184897
 29.200000     -0.02116176
 29.300000     -0.02033828
 29.400000     -0.01902438
 29.500000     -0.01770598
 29.600000     -0.01601219
 29.700000     -0.01373991
 29.800000     -0.01281091
 29.900000     -0.01363831
 30.000000     -0.01433606
 30.100000     -0.01534955
 30.200000     -0.01772928
 30.300000     -0.01973735
 30.400000     -0.02111197
 30.500000     -0.02217869
 30.600000     -0.02400433
 30.700000     -0.02622798
 30.800000     -0.02690273
 30.900000     -0.02692229
 31.000000     -0.02776351
 31.100000     -0.03023145
 31.200000     -0.03279209
 31.300000     -0.03436137
 31.400000     -0.03542166
 31.500000     -0.03845814
 31.600000     -0.04025252
 31.700000     -0.04189474
 31.800000     -0.04346531
 31.900000     -0.04330581
 32.000000     -0.04190069
 32.100000     -0.03916022
 32.200000     -0.03666120
 32.300000     -0.03507785
 32.400000     -0.03283758
 32.500000     -0.03082677
 32.600000     -0.02846492
 32.700000     -0.02578833
 32.800000     -0.02367327
 32.900000     -0.02113960
 33.000000     -0.01843638
 33.100000     -0.01660157
 33.200000     -0.01520798
 33.300000     -0.01316573
 33.400000     -0.01063228
 33.500000     -0.00857260
 33.600000     -0.00721079
 33.700000     -0.00595111
 33.800000     -0.00433964
 33.900000     -0.00361502
 34.000000     -0.00240957
 34.100000     -0.00109281
 34.200000     -0.00124365
 34.300000     -0.00132977
 34.400000     -0.00258223
 34.500000     -0.00450204
 34.600000     -0.00648102
 34.700000     -0.00852916
 34.800000     -0.00972990
 34.900000     -0.01090238
 35.000000     -0.01309545
 35.100000     -0.01485165
 35.200000     -0.01629206
 35.300000     -0.01770074
 35.400000     -0.01839541
 35.500000     -0.01922841
 35.600000     -0.01887421
 35.700000     -0.01916934
 35.800000     -0.01954855
 35.900000     -0.01910635
 36.000000     -0.01840118
 36.100000     -0.01709900
 36.200000     -0.01546941
 36.300000     -0.01367714
 36.400000     -0.01173554
 36.500000     -0.01033644
 36.600000     -0.00936717
 36.700000     -0.00821138
 36.800000     -0.00769395
 36.900000     -0.00772929
 37.000000     -0.00746165
 37.100000     -0.00746983
 37.200000     -0.00710484
 37.300000     -0.00665644
 37.400000     -0.00688467
 37.500000     -0.00773268
 37.600000     -0.00865678
 37.700000     -0.00972729
 37.800000     -0.01080789
 37.900000     -0.01197241
 38.000000     -0.01286069
 38.100000     -0.01345482
 38.200000     -0.01421891
 38.300000     -0.01470474
 38.400000     -0.01527701
 38.500000     -0.01624488
 38.600000     -0.01656559
 38.700000     -0.01708187
 38.800000     -0.01724906
 38.900000     -0.01709426
 39.000000     -0.01659239
 39.100000     -0.01576146
 39.200000     -0.01557039
 39.300000     -0.01561104
 39.400000     -0.01509295
 39.500000     -0.01515471
 39.600000     -0.01478274
 39.700000     -0.01475142
 39.800000     -0.01477590
 39.900000     -0.01428865
