  0.000000      0.11339229
  0.100000      0.11430242
  0.200000      0.11511528
  0.300000      0.11539873
  0.400000      0.11610933
  0.500000      0.11734284
  0.600000      0.11893698
  0.700000      0.12071806
  0.800000      0.12238672
  0.900000      0.12350015
  1.000000      0.12491887
  1.100000      0.12655288
  1.200000      0.12782439
  1.300000      0.12902798
  1.400000      0.13035407
  1.500000      0.13121913
  1.600000      0.13138304
  1.700000      0.13106940
  1.800000      0.13022415
  1.900000      0.12907547
  2.000000      0.12802148
  2.100000      0.12713042
  2.200000      0.12664361
  2.300000      0.12580082
  2.400000      0.12505889
  2.500000      0.12439599
  2.600000      0.12265981
  2.700000      0.12084157
  2.800000      0.12002805
  2.900000      0.11929052
  3.000000      0.11981903
  3.100000      0.12020061
  3.200000      0.11955345
  3.300000      0.11819049
  3.400000      0.11606354
  3.500000      0.11323272
  3.600000      0.10970497
  3.700000      0.10606713
  3.800000      0.10206696
  3.900000      0.09763205
  4.000000      0.09356683
  4.100000      0.08971273
  4.200000      0.08592898
  4.300000      0.08240792
  4.400000      0.07926239
  4.500000      0.07699590
  4.600000      0.07478521
  4.700000      0.07355589
  4.800000      0.07291279
  4.900000      0.07201609
  5.000000      0.07179014
  5.100000      0.07198367
  5.200000      0.07229418
  5.300000      0.07315347
  5.400000      0.07470244
  5.500000      0.07654571
  5.600000      0.07855431
  5.700000      0.08043296
  5.800000      0.08221883
  5.900000      0.08443563
  6.000000      0.08616848
  6.100000      0.08790833
  6.200000      0.08983867
  6.300000      0.09174339
  6.400000      0.09461430
  6.500000      0.09737351
  6.600000      0.09896864
  6.700000      0.10079202
  6.800000      0.10159998
  6.900000      0.10225632
  7.000000      0.10384629
  7.100000      0.10542321
  7.200000      0.10752731
  7.300000      0.10993427
  7.400000      0.11195362
  7.500000      0.11291097
  7.600000      0.11256233
  7.700000      0.11109046
  7.800000      0.10895649
  7.900000      0.10666880
  8.000000      0.10385845
  8.100000      0.10083204
  8.200000      0.09800908
  8.300000      0.09570240
  8.400000      0.09302547
  8.500000      0.09050025
  8.600000      0.08813211
  8.700000      0.08491641
  8.800000      0.08190689
  8.900000      0.07831509
  9.000000      0.07453663
  9.100000      0.07147315
  9.200000      0.06845188
  9.300000      0.06554644
  9.400000      0.06258499
  9.500000      0.05953229
  9.600000      0.05681828
  9.700000      0.05405311
  9.800000      0.05140790
  9.900000      0.04907556
 10.000000      0.04698551
 10.100000      0.04503215
 10.200000      0.04365628
 10.300000      0.04219184
 10.400000      0.04029553
 10.500000      0.03831687
 10.600000      0.03570295
 10.700000      0.03289130
 10.800000      0.02970744
 10.900000      0.02659011
 11.000000      0.02431742
 11.100000      0.02231430
 11.200000      0.02109910
 11.300000      0.02033050
 11.400000      0.01896068
 11.500000      0.01735345
 11.600000      0.01680697
 11.700000      0.01674064
 11.800000      0.01753817
 11.900000      0.01921362
 12.000000      0.02115888
 12.100000      0.02320390
 12.200000      0.02514834
 12.300000      0.02654564
 12.400000      0.02865640
 12.500000      0.03297958
 12.600000      0.03846898
 12.700000      0.04620065
 12.800000      0.05605025
 12.900000      0.06820849
 13.000000      0.08239640
 13.100000      0.09861041
 13.200000      0.11708657
 13.300000      0.13783507
 13.400000      0.16171805
 13.500000      0.18934195
 13.600000      0.21977016
 13.700000      0.25280604
 13.800000      0.28847728
 13.900000      0.32662063
 14.000000      0.36623091
 14.100000      0.40719234
 14.200000      0.45110728
 14.300000      0.49768654
 14.400000      0.54658301
 14.500000      0.59475840
 14.600000      0.64025971
 14.700000      0.68315013
 14.800000      0.72314547
 14.900000      0.75910150
 15.000000      0.79185392
 15.100000      0.82365653
 15.200000      0.85597914
 15.300000      0.88747766
 15.400000      0.91572269
 15.500000      0.93996893
 15.600000      0.95847184
 15.700000      0.97184356
 15.800000      0.98246421
 15.900000      0.99081371
 16.000000      0.99707646
 16.100000      1.00000000
 16.200000      0.99875202
 16.300000      0.99282915
 16.400000      0.98604739
 16.500000      0.97786398
 16.600000      0.96831676
 16.700000      0.95595873
 16.800000      0.94262024
 16.900000      0.92681366
 17.000000      0.90888327
 17.100000      0.88899639
 17.200000      0.86674417
 17.300000      0.84242450
 17.400000      0.81460913
 17.500000      0.78456225
 17.600000      0.75561138
 17.700000      0.73229055
 17.800000      0.71905482
 17.900000      0.71495863
 18.000000      0.71323933
 18.100000      0.70719819
 18.200000      0.69606894
 18.300000      0.67627965
 18.400000      0.64360991
 18.500000      0.60256022
 18.600000      0.55767796
 18.700000      0.50985978
 18.800000      0.45930306
 18.900000      0.40873886
 19.000000      0.36168322
 19.100000      0.31968722
 19.200000      0.28150883
 19.300000      0.24647168
 19.400000      0.21155957
 19.500000      0.17663442
 19.600000      0.14304504
 19.700000      0.10895808
 19.800000      0.07149686
 19.900000      0.03462311
 20.000000     -0.00122328
 20.100000     -0.03574576
 20.200000     -0.07034511
 20.300000     -0.10617477
 20.400000     -0.14350409
 20.500000     -0.17946504
 20.600000     -0.21267294
 20.700000     -0.24279688
 20.800000     -0.26765165
 20.900000     -0.28430153
 21.000000     -0.29677562
 21.100000     -0.30835345
 21.200000     -0.32005999
 21.300000     -0.33195382
 21.400000     -0.34277018
 21.500000     -0.35130697
 21.600000     -0.35904778
 21.700000     -0.36878429
 21.800000     -0.38109929
 21.900000     -0.39379680
 22.000000     -0.40683062
 22.100000     -0.42120540
 22.200000     -0.43320537
 22.300000     -0.44064208
 22.400000     -0.44481004
 22.500000     -0.45192040
 22.600000     -0.46225165
 22.700000     -0.47035960
 22.800000     -0.47659076
 22.900000     -0.48282389
 23.000000     -0.48922816
 23.100000     -0.49911143
 23.200000     -0.50962231
 23.300000     -0.51524279
 23.400000     -0.51524410
 23.500000     -0.51006587
 23.600000     -0.50305815
 23.700000     -0.49657588
 23.800000     -0.48842155
 23.900000     -0.47914745
 24.000000     -0.46929771
 24.100000     -0.45817821
 24.200000     -0.44636208
 24.300000     -0.43580949
 24.400000     -0.42461273
 24.500000     -0.41284707
 24.600000     -0.40112327
 24.700000     -0.38932285
 24.800000     -0.37688063
 24.900000     -0.36571333
 25.000000     -0.35491071
 25.100000     -0.34406726
 25.200000     -0.33398925
 25.300000     -0.32382339
 25.400000     -0.31326632
 25.500000     -0.30246437
 25.600000     -0.29196673
 25.700000     -0.28178861
 25.800000     -0.27116106
 25.900000     -0.26072100
 26.000000     -0.25093171
 26.100000     -0.24182182
 26.200000     -0.23299572
 26.300000     -0.22495071
 26.400000     -0.21843225
 26.500000     -0.21240781
 26.600000     -0.20751346
 26.700000     -0.20343285
 26.800000     -0.19958633
 26.900000     -0.19661170
 27.000000     -0.19657543
 27.100000     -0.19840030
 27.200000     -0.20133714
 27.300000     -0.20548394
 27.400000     -0.21104489
 27.500000     -0.21793798
 27.600000     -0.22560984
 27.700000     -0.23350791
 27.800000     -0.24108954
 27.900000     -0.24874767
 28.000000     -0.25670194
 28.100000     -0.26581712
 28.200000     -0.27556477
 28.300000     -0.28567457
 28.400000     -0.29614609
 28.500000     -0.30742767
 28.600000     -0.31922413
 28.700000     -0.33186910
 28.800000     -0.34567739
 28.900000     -0.35990762
 29.000000     -0.37518141
 29.100000     -0.39136428
 29.200000     -0.40820624
 29.300000     -0.42517886
 29.400000     -0.44199095
 29.500000     -0.45859809
 29.600000     -0.47508805
 29.700000     -0.49092201
 29.800000     -0.50601560
 29.900000     -0.52040986
 30.000000     -0.53430492
 30.100000     -0.54784662
 30.200000     -0.56081558
 30.300000     -0.57318393
 30.400000     -0.58356944
 30.500000     -0.59386695
 30.600000     -0.60476011
 30.700000     -0.61592384
 30.800000     -0.62565300
 30.900000     -0.63512055
 31.000000     -0.64378749
 31.100000     -0.65303349
 31.200000     -0.66406212
 31.300000     -0.67543724
 31.400000     -0.68617851
 31.500000     -0.69682931
 31.600000     -0.70743712
 31.700000     -0.71730493
 31.800000     -0.72621483
 31.900000     -0.73473443
 32.000000     -0.74213294
 32.100000     -0.74775084
 32.200000     -0.75212385
 32.300000     -0.75596044
 32.400000     -0.75921480
 32.500000     -0.76141520
 32.600000     -0.76286595
 32.700000     -0.76350459
 32.800000     -0.76330761
 32.900000     -0.76275237
 33.000000     -0.76340889
 33.100000     -0.76460304
 33.200000     -0.76588103
 33.300000     -0.76822397
 33.400000     -0.77157871
 33.500000     -0.77576650
 33.600000     -0.78065340
 33.700000     -0.78522046
 33.800000     -0.78934178
 33.900000     -0.79433332
 34.000000     -0.80017592
 34.100000     -0.80613706
 34.200000     -0.81237102
 34.300000     -0.81826373
 34.400000     -0.82408920
 34.500000     -0.82832039
 34.600000     -0.83195472
 34.700000     -0.83414508
 34.800000     -0.83411647
 34.900000     -0.83248644
 35.000000     -0.82975080
 35.100000     -0.82552720
 35.200000     -0.82091589
 35.300000     -0.81538978
 35.400000     -0.80836296
 35.500000     -0.80057481
 35.600000     -0.79226447
 35.700000     -0.78345291
 35.800000     -0.77526294
 35.900000     -0.76762016
 36.000000     -0.76022572
 36.100000     -0.75348781
 36.200000     -0.74690813
 36.300000     -0.74206260
 36.400000     -0.74435518
 36.500000     -0.74843621
 36.600000     -0.75261435
 36.700000     -0.75778709
 36.800000     -0.76367152
 36.900000     -0.76982770
 37.000000     -0.77625278
 37.100000     -0.78366635
 37.200000     -0.79165226
 37.300000     -0.79968518
 37.400000     -0.80778483
 37.500000     -0.81602214
 37.600000     -0.82410172
 37.700000     -0.83182200
 37.800000     -0.83984038
 37.900000     -0.84715630
 38.000000     -0.85342016
 38.100000     -0.85959917
 38.200000     -0.86567785
 38.300000     -0.87146246
 38.400000     -0.87613238
 38.500000     -0.88044086
 38.600000     -0.88427584
 38.700000     -0.88757871
 38.800000     -0.88998214
 38.900000     -0.89113997
 39.000000     -0.89054020
 39.100000     -0.88897782
 39.200000     -0.88678064
 39.300000     -0.88336784
 39.400000     -0.87865321
 39.500000     -0.87306364
 39.600000     -0.86581324
 39.700000     -0.85718477
 39.800000     -0.84796176
 39.900000     -0.83801267
