  0.000000     -0.02872225
  0.100000     -0.03057512
  0.200000     -0.03228736
  0.300000     -0.03362911
  0.400000     -0.03456115
  0.500000     -0.03490899
  0.600000     -0.03476749
  0.700000     -0.03419876
  0.800000     -0.03319281
  0.900000     -0.03159228
  1.000000     -0.02957278
  1.100000     -0.02749149
  1.200000     -0.02539261
  1.300000     -0.02345636
  1.400000     -0.02150908
  1.500000     -0.01932872
  1.600000     -0.01754847
  1.700000     -0.01655178
  1.800000     -0.01612190
  1.900000     -0.01572650
  2.000000     -0.01619806
  2.100000     -0.01685666
  2.200000     -0.01726518
  2.300000     -0.01767228
  2.400000     -0.01808011
  2.500000     -0.01870764
  2.600000     -0.01899206
  2.700000     -0.01928003
  2.800000     -0.01979355
  2.900000     -0.01997475
  3.000000     -0.01947802
  3.100000     -0.01832357
  3.200000     -0.01684230
  3.300000     -0.01528895
  3.400000     -0.01404857
  3.500000     -0.01447188
  3.600000     -0.01462892
  3.700000     -0.01495203
  3.800000     -0.01564173
  3.900000     -0.01709390
  4.000000     -0.01881595
  4.100000     -0.01927335
  4.200000     -0.01905028
  4.300000     -0.01852709
  4.400000     -0.01747457
  4.500000     -0.01643404
  4.600000     -0.01499541
  4.700000     -0.01342148
  4.800000     -0.01183208
  4.900000     -0.01025801
  5.000000     -0.00972595
  5.100000     -0.00953904
  5.200000     -0.00865264
  5.300000     -0.00887213
  5.400000     -0.01017035
  5.500000     -0.01120154
  5.600000     -0.01227848
  5.700000     -0.01353225
  5.800000     -0.01589774
  5.900000     -0.01659606
  6.000000     -0.01823642
  6.100000     -0.01936475
  6.200000     -0.01974282
  6.300000     -0.01901153
  6.400000     -0.01889756
  6.500000     -0.01774994
  6.600000     -0.01981792
  6.700000     -0.02240855
  6.800000     -0.02512900
  6.900000     -0.02773543
  7.000000     -0.02726650
  7.100000     -0.03029435
  7.200000     -0.03145982
  7.300000     -0.03248557
  7.400000     -0.03359248
  7.500000     -0.03553561
  7.600000     -0.03474336
  7.700000     -0.03371498
  7.800000     -0.03359949
  7.900000     -0.03271107
  8.000000     -0.03302504
  8.100000     -0.03256152
  8.200000     -0.03201975
  8.300000     -0.03126418
  8.400000     -0.02996497
  8.500000     -0.02822299
  8.600000     -0.02656349
  8.700000     -0.02376178
  8.800000     -0.02442111
  8.900000     -0.02286431
  9.000000     -0.02162294
  9.100000     -0.02086896
  9.200000     -0.01966643
  9.300000     -0.01998148
  9.400000     -0.02057287
  9.500000     -0.02152878
  9.600000     -0.02133064
  9.700000     -0.02226037
  9.800000     -0.02043833
  9.900000     -0.01638835
 10.000000     -0.01426346
 10.100000     -0.01210471
 10.200000     -0.01184585
 10.300000     -0.01122297
 10.400000     -0.00828620
 10.500000     -0.00329948
 10.600000      0.00183753
 10.700000      0.00595096
 10.800000      0.00904609
 10.900000      0.00853434
 11.000000      0.00696108
 11.100000      0.00520611
 11.200000      0.00289836
 11.300000      0.00192492
 11.400000      0.00178223
 11.500000      0.00127480
 11.600000     -0.00040470
 11.700000      0.00083901
 11.800000      0.00340948
 11.900000      0.00579177
 12.000000      0.00569087
 12.100000      0.00477479
 12.200000      0.00302799
 12.300000      0.00260562
 12.400000      0.00198980
 12.500000      0.00023986
 12.600000     -0.00004734
 12.700000      0.00277422
 12.800000      0.00518155
 12.900000      0.00527586
 13.000000      0.00659738
 13.100000      0.00611373
 13.200000      0.00680344
 13.300000      0.00745074
 13.400000      0.00723625
 13.500000      0.00600200
 13.600000      0.00504357
 13.700000      0.00546505
 13.800000      0.00650231
 13.900000      0.01038969
 14.000000      0.01564792
 14.100000      0.02070606
 14.200000      0.02042364
 14.300000      0.02084003
 14.400000      0.02329798
 14.500000      0.02811788
 14.600000      0.02843510
 14.700000      0.02838526
 14.800000      0.02881744
 14.900000      0.02833450
 15.000000      0.03077454
 15.100000      0.03505217
 15.200000      0.03480030
 15.300000      0.03364046
 15.400000      0.03163664
 15.500000      0.02541434
 15.600000      0.02149696
 15.700000      0.02292720
 15.800000      0.03111202
 15.900000      0.04578110
 16.000000      0.06792353
 16.100000      0.09595707
 16.200000      0.13270593
 16.300000      0.18175383
 16.400000      0.23761785
 16.500000      0.30527953
 16.600000      0.37692664
 16.700000      0.45766678
 16.800000      0.54219375
 16.900000      0.62783420
 17.000000      0.71284568
 17.100000      0.79067345
 17.200000      0.86322420
 17.300000      0.92095144
 17.400000      0.96282647
 17.500000      0.98825336
 17.600000      1.00000000
 17.700000      0.99349586
 17.800000      0.97908876
 17.900000      0.95769419
 18.000000      0.92737096
 18.100000      0.88583493
 18.200000      0.83344001
 18.300000      0.77103333
 18.400000      0.70119356
 18.500000      0.62742846
 18.600000      0.54848584
 18.700000      0.46605215
 18.800000      0.38448734
 18.900000      0.30875973
 19.000000      0.23512383
 19.100000      0.16661850
 19.200000      0.10375495
 19.300000      0.04447194
 19.400000     -0.00658812
 19.500000     -0.05408099
 19.600000     -0.09418292
 19.700000     -0.12900671
 19.800000     -0.16013090
 19.900000     -0.18729142
 20.000000     -0.20623915
 20.100000     -0.22276223
 20.200000     -0.23852219
 20.300000     -0.25298153
 20.400000     -0.26488419
 20.500000     -0.27548448
 20.600000     -0.28895659
 20.700000     -0.29889702
 20.800000     -0.30595216
 20.900000     -0.31265421
 21.000000     -0.31614295
 21.100000     -0.31423611
 21.200000     -0.30610821
 21.300000     -0.30022665
 21.400000     -0.29837803
 21.500000     -0.29795999
 21.600000     -0.29767617
 21.700000     -0.29549213
 21.800000     -0.28537671
 21.900000     -0.27495780
 22.000000     -0.26649589
 22.100000     -0.25527135
 22.200000     -0.24539759
 22.300000     -0.23648418
 22.400000     -0.22508635
 22.500000     -0.21321272
 22.600000     -0.20197771
 22.700000     -0.19535883
 22.800000     -0.18647169
 22.900000     -0.18155241
 23.000000     -0.17704388
 23.100000     -0.17310676
 23.200000     -0.17101585
 23.300000     -0.16766693
 23.400000     -0.16262025
 23.500000     -0.15887066
 23.600000     -0.15689989
 23.700000     -0.15768483
 23.800000     -0.15571637
 23.900000     -0.15319761
 24.000000     -0.15071230
 24.100000     -0.15107994
 24.200000     -0.15097492
 24.300000     -0.15056053
 24.400000     -0.15108740
 24.500000     -0.15350199
 24.600000     -0.15685831
 24.700000     -0.16298568
 24.800000     -0.16898887
 24.900000     -0.17469745
 25.000000     -0.17849892
 25.100000     -0.18175047
 25.200000     -0.18359132
 25.300000     -0.18281553
 25.400000     -0.18270045
 25.500000     -0.18130113
 25.600000     -0.17978460
 25.700000     -0.17791906
 25.800000     -0.17368822
 25.900000     -0.17260872
 26.000000     -0.16811112
 26.100000     -0.16610562
 26.200000     -0.16504495
 26.300000     -0.16439062
 26.400000     -0.16212415
 26.500000     -0.15900271
 26.600000     -0.15652511
 26.700000     -0.15456346
 26.800000     -0.15354731
 26.900000     -0.15268771
 27.000000     -0.15088882
 27.100000     -0.15062199
 27.200000     -0.15222427
 27.300000     -0.15363967
 27.400000     -0.15742819
 27.500000     -0.16020876
 27.600000     -0.16288183
 27.700000     -0.16412562
 27.800000     -0.16442247
 27.900000     -0.16471808
 28.000000     -0.16158344
 28.100000     -0.16038070
 28.200000     -0.15792421
 28.300000     -0.15613051
 28.400000     -0.15540057
 28.500000     -0.15440070
 28.600000     -0.15361752
 28.700000     -0.15181229
 28.800000     -0.14821135
 28.900000     -0.14369429
 29.000000     -0.14012195
 29.100000     -0.13833428
 29.200000     -0.13538922
 29.300000     -0.13231155
 29.400000     -0.12965482
 29.500000     -0.12343935
 29.600000     -0.12012361
 29.700000     -0.11676287
 29.800000     -0.11422717
 29.900000     -0.11147827
 30.000000     -0.10870138
 30.100000     -0.10462900
 30.200000     -0.10168397
 30.300000     -0.09804121
 30.400000     -0.09433913
 30.500000     -0.09160278
 30.600000     -0.08860918
 30.700000     -0.08586771
 30.800000     -0.08062665
 30.900000     -0.07885137
 31.000000     -0.07673949
 31.100000     -0.07754919
 31.200000     -0.07698696
 31.300000     -0.07767550
 31.400000     -0.08003867
 31.500000     -0.08027895
 31.600000     -0.08345487
 31.700000     -0.08737329
 31.800000     -0.09465113
 31.900000     -0.10141792
 32.000000     -0.10780316
 32.100000     -0.11494966
 32.200000     -0.12169962
 32.300000     -0.12781024
 32.400000     -0.13316814
 32.500000     -0.13809335
 32.600000     -0.14186411
 32.700000     -0.14513569
 32.800000     -0.14660709
 32.900000     -0.14744904
 33.000000     -0.14767438
 33.100000     -0.14644145
 33.200000     -0.14517251
 33.300000     -0.14387989
 33.400000     -0.14341012
 33.500000     -0.14319825
 33.600000     -0.14264481
 33.700000     -0.14206647
 33.800000     -0.14220416
 33.900000     -0.14248472
 34.000000     -0.14335546
 34.100000     -0.14455721
 34.200000     -0.14608876
 34.300000     -0.14856717
 34.400000     -0.15197643
 34.500000     -0.15454754
 34.600000     -0.15564851
 34.700000     -0.15652661
 34.800000     -0.15718271
 34.900000     -0.15761047
 35.000000     -0.15764459
 35.100000     -0.15772810
 35.200000     -0.15798564
 35.300000     -0.15845357
 35.400000     -0.15875254
 35.500000     -0.15981863
 35.600000     -0.16101074
 35.700000     -0.16190600
 35.800000     -0.16272298
 35.900000     -0.16303794
 36.000000     -0.16285303
 36.100000     -0.16246781
 36.200000     -0.16213636
 36.300000     -0.16142108
 36.400000     -0.16052788
 36.500000     -0.15985238
 36.600000     -0.15931325
 36.700000     -0.15892591
 36.800000     -0.15892527
 36.900000     -0.15917686
 37.000000     -0.15971098
 37.100000     -0.16085096
 37.200000     -0.16270226
 37.300000     -0.16517134
 37.400000     -0.16767269
 37.500000     -0.16987909
 37.600000     -0.17207516
 37.700000     -0.17390639
 37.800000     -0.17475492
 37.900000     -0.17486068
 38.000000     -0.17362715
 38.100000     -0.17047257
 38.200000     -0.16641489
 38.300000     -0.16125750
 38.400000     -0.15552477
 38.500000     -0.15007904
 38.600000     -0.14450279
 38.700000     -0.13914150
 38.800000     -0.13418741
 38.900000     -0.12998540
 39.000000     -0.12693210
 39.100000     -0.12515906
 39.200000     -0.12446236
 39.300000     -0.12497701
 39.400000     -0.12700867
 39.500000     -0.12951775
 39.600000     -0.13208588
 39.700000     -0.13472383
 39.800000     -0.13698126
 39.900000     -0.13873457
