  0.000000      0.08125523
  0.100000      0.08490910
  0.200000      0.08874116
  0.300000      0.09238073
  0.400000      0.09598515
  0.500000      0.09948708
  0.600000      0.10267650
  0.700000      0.10583259
  0.800000      0.10865954
  0.900000      0.11262600
  1.000000      0.11739499
  1.100000      0.11990576
  1.200000      0.12295184
  1.300000      0.12580113
  1.400000      0.12797919
  1.500000      0.13178904
  1.600000      0.13311129
  1.700000      0.13346830
  1.800000      0.13495382
  1.900000      0.13322762
  2.000000      0.12928283
  2.100000      0.12669150
  2.200000      0.12216250
  2.300000      0.11820862
  2.400000      0.11429912
  2.500000      0.10891702
  2.600000      0.10319519
  2.700000      0.09664457
  2.800000      0.09287747
  2.900000      0.08855904
  3.000000      0.07709995
  3.100000      0.06875679
  3.200000      0.06812285
  3.300000      0.06797205
  3.400000      0.06487951
  3.500000      0.06330289
  3.600000      0.06587597
  3.700000      0.06678621
  3.800000      0.06831528
  3.900000      0.07464316
  4.000000      0.07878118
  4.100000      0.08020000
  4.200000      0.08342211
  4.300000      0.08257069
  4.400000      0.07967385
  4.500000      0.07781285
  4.600000      0.07123665
  4.700000      0.06356630
  4.800000      0.05756122
  4.900000      0.05112240
  5.000000      0.04310929
  5.100000      0.03715321
  5.200000      0.03519874
  5.300000      0.03354152
  5.400000      0.03134693
  5.500000      0.02785116
  5.600000      0.02367023
  5.700000      0.02060814
  5.800000      0.02021194
  5.900000      0.02220357
  6.000000      0.01938237
  6.100000      0.01400952
  6.200000      0.00508885
  6.300000      0.00209481
  6.400000     -0.00937410
  6.500000     -0.02770989
  6.600000     -0.04625705
  6.700000     -0.06599112
  6.800000     -0.08617742
  6.900000     -0.09840267
  7.000000     -0.10934356
  7.100000     -0.12763715
  7.200000     -0.14615842
  7.300000     -0.16369546
  7.400000     -0.17609905
  7.500000     -0.19527886
  7.600000     -0.21720395
  7.700000     -0.22744872
  7.800000     -0.23050603
  7.900000     -0.23890921
  8.000000     -0.24445661
  8.100000     -0.23384170
  8.200000     -0.22327528
  8.300000     -0.20619294
  8.400000     -0.18323855
  8.500000     -0.15309149
  8.600000     -0.11649633
  8.700000     -0.08458727
  8.800000     -0.04258954
  8.900000      0.00338110
  9.000000      0.04464558
  9.100000      0.08151128
  9.200000      0.11651129
  9.300000      0.15135425
  9.400000      0.19016822
  9.500000      0.23853986
  9.600000      0.28570439
  9.700000      0.33143520
  9.800000      0.38523986
  9.900000      0.44362517
 10.000000      0.49372079
 10.100000      0.54612119
 10.200000      0.59837229
 10.300000      0.64911747
 10.400000      0.70407680
 10.500000      0.76263656
 10.600000      0.81654540
 10.700000      0.86498318
 10.800000      0.90770842
 10.900000      0.94729357
 11.000000      0.97332618
 11.100000      0.98746540
 11.200000      0.99949037
 11.300000      1.00000000
 11.400000      0.98753303
 11.500000      0.96332013
 11.600000      0.92882456
 11.700000      0.88992545
 11.800000      0.84501085
 11.900000      0.79757493
 12.000000      0.74366614
 12.100000      0.69177660
 12.200000      0.64023420
 12.300000      0.58798430
 12.400000      0.54068027
 12.500000      0.49813873
 12.600000      0.44788230
 12.700000      0.38747180
 12.800000      0.32936607
 12.900000      0.26588820
 13.000000      0.20013083
 13.100000      0.14082581
 13.200000      0.08797281
 13.300000      0.04647380
 13.400000      0.01037292
 13.500000     -0.00944433
 13.600000     -0.03012233
 13.700000     -0.04178595
 13.800000     -0.05152540
 13.900000     -0.06260669
 14.000000     -0.07865853
 14.100000     -0.09090059
 14.200000     -0.09225431
 14.300000     -0.08631693
 14.400000     -0.08468588
 14.500000     -0.08163994
 14.600000     -0.08517910
 14.700000     -0.09554042
 14.800000     -0.11079981
 14.900000     -0.12758124
 15.000000     -0.14609342
 15.100000     -0.16901925
 15.200000     -0.18732702
 15.300000     -0.20127730
 15.400000     -0.21350938
 15.500000     -0.21785377
 15.600000     -0.22325337
 15.700000     -0.22532674
 15.800000     -0.22414807
 15.900000     -0.22347471
 16.000000     -0.22715208
 16.100000     -0.23922235
 16.200000     -0.24990458
 16.300000     -0.26561961
 16.400000     -0.27605728
 16.500000     -0.27202071
 16.600000     -0.26622500
 16.700000     -0.25532597
 16.800000     -0.24311562
 16.900000     -0.23276743
 17.000000     -0.22040112
 17.100000     -0.20320665
 17.200000     -0.18779302
 17.300000     -0.17230523
 17.400000     -0.15669246
 17.500000     -0.14517560
 17.600000     -0.13759964
 17.700000     -0.13409171
 17.800000     -0.13263445
 17.900000     -0.13310333
 18.000000     -0.13415789
 18.100000     -0.13667364
 18.200000     -0.14127111
 18.300000     -0.14505798
 18.400000     -0.14672298
 18.500000     -0.14660902
 18.600000     -0.14406597
 18.700000     -0.13970994
 18.800000     -0.13398140
 18.900000     -0.13788231
 19.000000     -0.14229064
 19.100000     -0.15075080
 19.200000     -0.16187278
 19.300000     -0.17580948
 19.400000     -0.18883026
 19.500000     -0.19869875
 19.600000     -0.20714593
 19.700000     -0.20943479
 19.800000     -0.20633793
 19.900000     -0.20185648
 20.000000     -0.19686253
 20.100000     -0.19157201
 20.200000     -0.18245345
 20.300000     -0.17337162
 20.400000     -0.16310864
 20.500000     -0.15020498
 20.600000     -0.13965034
 20.700000     -0.13101722
 20.800000     -0.12206384
 20.900000     -0.10983905
 21.000000     -0.09678123
 21.100000     -0.08726212
 21.200000     -0.07778963
 21.300000     -0.06545715
 21.400000     -0.04917068
 21.500000     -0.03596150
 21.600000     -0.02836256
 21.700000     -0.01914875
 21.800000     -0.00954871
 21.900000     -0.00351992
 22.000000     -0.00356421
 22.100000     -0.00443651
 22.200000     -0.00362689
 22.300000     -0.00191846
 22.400000     -0.00212539
 22.500000     -0.00560542
 22.600000     -0.00959507
 22.700000     -0.01404383
 22.800000     -0.02015401
 22.900000     -0.02684494
 23.000000     -0.03699842
 23.100000     -0.04959002
 23.200000     -0.06525617
 23.300000     -0.08327234
 23.400000     -0.09918646
 23.500000     -0.11168626
 23.600000     -0.12104044
 23.700000     -0.12861135
 23.800000     -0.14053313
 23.900000     -0.15203747
 24.000000     -0.15956177
 24.100000     -0.16894190
 24.200000     -0.17904247
 24.300000     -0.18713072
 24.400000     -0.19657515
 24.500000     -0.20694074
 24.600000     -0.21555110
 24.700000     -0.21802175
 24.800000     -0.21615046
 24.900000     -0.21705093
 25.000000     -0.22135686
 25.100000     -0.22382529
 25.200000     -0.22451422
 25.300000     -0.22766762
 25.400000     -0.23019175
 25.500000     -0.23036625
 25.600000     -0.23197439
 25.700000     -0.23470042
 25.800000     -0.23846689
 25.900000     -0.24472141
 26.000000     -0.25338333
 26.100000     -0.26222494
 26.200000     -0.27001579
 26.300000     -0.27923013
 26.400000     -0.28927763
 26.500000     -0.29461403
 26.600000     -0.29630668
 26.700000     -0.29673179
 26.800000     -0.29389960
 26.900000     -0.28606048
 27.000000     -0.27442352
 27.100000     -0.26292283
 27.200000     -0.25439048
 27.300000     -0.24849967
 27.400000     -0.23948031
 27.500000     -0.23212531
 27.600000     -0.22783106
 27.700000     -0.22266883
 27.800000     -0.21884765
 27.900000     -0.21783618
 28.000000     -0.21654464
 28.100000     -0.21471782
 28.200000     -0.21169398
 28.300000     -0.20707370
 28.400000     -0.20598892
 28.500000     -0.20989434
 28.600000     -0.21116552
 28.700000     -0.20489088
 28.800000     -0.19722070
 28.900000     -0.19305697
 29.000000     -0.19120065
 29.100000     -0.18663873
 29.200000     -0.17827155
 29.300000     -0.17141165
 29.400000     -0.16590655
 29.500000     -0.15977789
 29.600000     -0.15066893
 29.700000     -0.14250851
 29.800000     -0.13603670
 29.900000     -0.13070293
 30.000000     -0.12367445
 30.100000     -0.11693183
 30.200000     -0.11141124
 30.300000     -0.10765158
 30.400000     -0.10539770
 30.500000     -0.10156493
 30.600000     -0.10226589
 30.700000     -0.10425905
 30.800000     -0.10607761
 30.900000     -0.11031283
 31.000000     -0.11304716
 31.100000     -0.11734260
 31.200000     -0.12422470
 31.300000     -0.13231750
 31.400000     -0.13696964
 31.500000     -0.14136076
 31.600000     -0.14975308
 31.700000     -0.15843819
 31.800000     -0.16581599
 31.900000     -0.17108944
 32.000000     -0.17562929
 32.100000     -0.18397799
 32.200000     -0.19292668
 32.300000     -0.19829737
 32.400000     -0.20458975
 32.500000     -0.21210779
 32.600000     -0.22200778
 32.700000     -0.23150503
 32.800000     -0.23663500
 32.900000     -0.23936206
 33.000000     -0.24232307
 33.100000     -0.24441467
 33.200000     -0.24307995
 33.300000     -0.24149042
 33.400000     -0.23992796
 33.500000     -0.23902242
 33.600000     -0.24017054
 33.700000     -0.23631883
 33.800000     -0.23173648
 33.900000     -0.23082005
 34.000000     -0.22901208
 34.100000     -0.22417975
 34.200000     -0.22082451
 34.300000     -0.21857065
 34.400000     -0.21210190
 34.500000     -0.20477609
 34.600000     -0.20122290
 34.700000     -0.19768231
 34.800000     -0.19167439
 34.900000     -0.18472680
 35.000000     -0.17963056
 35.100000     -0.17761870
 35.200000     -0.17556927
 35.300000     -0.17325503
 35.400000     -0.17310130
 35.500000     -0.17335811
 35.600000     -0.16997614
 35.700000     -0.16837146
 35.800000     -0.17216485
 35.900000     -0.17535690
 36.000000     -0.17505932
 36.100000     -0.17520073
 36.200000     -0.17643877
 36.300000     -0.17427555
 36.400000     -0.17387562
 36.500000     -0.17461558
 36.600000     -0.16898048
 36.700000     -0.16403495
 36.800000     -0.16594634
 36.900000     -0.16813379
 37.000000     -0.16855845
 37.100000     -0.17077553
 37.200000     -0.17493408
 37.300000     -0.18138527
 37.400000     -0.18824284
 37.500000     -0.19130344
 37.600000     -0.19222302
 37.700000     -0.19899014
 37.800000     -0.20535234
 37.900000     -0.20671804
 38.000000     -0.20644851
 38.100000     -0.20632631
 38.200000     -0.20626900
 38.300000     -0.20623741
 38.400000     -0.20629878
 38.500000     -0.20651773
 38.600000     -0.20696815
 38.700000     -0.20761261
 38.800000     -0.20852688
 38.900000     -0.20957907
 39.000000     -0.21085006
 39.100000     -0.21219178
 39.200000     -0.21348791
 39.300000     -0.21473274
 39.400000     -0.21565658
 39.500000     -0.21650908
 39.600000     -0.21712147
 39.700000     -0.21757281
 39.800000     -0.21775646
 39.900000     -0.21762354
