  0.000000     -0.01660021
  0.100000     -0.01659927
  0.200000     -0.01660507
  0.300000     -0.01661989
  0.400000     -0.01678145
  0.500000     -0.01689764
  0.600000     -0.01692929
  0.700000     -0.01685907
  0.800000     -0.01698837
  0.900000     -0.01710369
  1.000000     -0.01716687
  1.100000     -0.01728194
  1.200000     -0.01740751
  1.300000     -0.01751867
  1.400000     -0.01762205
  1.500000     -0.01793716
  1.600000     -0.01810583
  1.700000     -0.01830756
  1.800000     -0.01851966
  1.900000     -0.01869234
  2.000000     -0.01883963
  2.100000     -0.01904360
  2.200000     -0.01917387
  2.300000     -0.01930404
  2.400000     -0.01953188
  2.500000     -0.01964952
  2.600000     -0.01979747
  2.700000     -0.01991957
  2.800000     -0.02005024
  2.900000     -0.02015808
  3.000000     -0.02032031
  3.100000     -0.02047579
  3.200000     -0.02068957
  3.300000     -0.02076518
  3.400000     -0.02081853
  3.500000     -0.02084814
  3.600000     -0.02086392
  3.700000     -0.02087000
  3.800000     -0.02086948
  3.900000     -0.02086495
  4.000000     -0.02085957
  4.100000     -0.02086474
  4.200000     -0.02094552
  4.300000     -0.02135998
  4.400000     -0.02173712
  4.500000     -0.02174022
  4.600000     -0.02173121
  4.700000     -0.02172755
  4.800000     -0.02173287
  4.900000     -0.02177565
  5.000000     -0.02178988
  5.100000     -0.02182721
  5.200000     -0.02204326
  5.300000     -0.02214090
  5.400000     -0.02220472
  5.500000     -0.02228351
  5.600000     -0.02239551
  5.700000     -0.02252581
  5.800000     -0.02266043
  5.900000     -0.02280991
  6.000000     -0.02302046
  6.100000     -0.02335542
  6.200000     -0.02361485
  6.300000     -0.02391072
  6.400000     -0.02424475
  6.500000     -0.02462163
  6.600000     -0.02511374
  6.700000     -0.02569457
  6.800000     -0.02620579
  6.900000     -0.02676054
  7.000000     -0.02736036
  7.100000     -0.02800776
  7.200000     -0.02870411
  7.300000     -0.02945017
  7.400000     -0.03024771
  7.500000     -0.03109706
  7.600000     -0.03199940
  7.700000     -0.03295530
  7.800000     -0.03396468
  7.900000     -0.03501887
  8.000000     -0.03611084
  8.100000     -0.03725784
  8.200000     -0.03846799
  8.300000     -0.03969261
  8.400000     -0.04101279
  8.500000     -0.04238191
  8.600000     -0.04379792
  8.700000     -0.04525862
  8.800000     -0.04676191
  8.900000     -0.04830482
  9.000000     -0.04988431
  9.100000     -0.05149578
  9.200000     -0.05313464
  9.300000     -0.05479579
  9.400000     -0.05647412
  9.500000     -0.05816421
  9.600000     -0.05985915
  9.700000     -0.06155146
  9.800000     -0.06323296
  9.900000     -0.06489533
 10.000000     -0.06652918
 10.100000     -0.06812415
 10.200000     -0.06967029
 10.300000     -0.07115652
 10.400000     -0.07257079
 10.500000     -0.07390050
 10.600000     -0.07513257
 10.700000     -0.07625352
 10.800000     -0.07725010
 10.900000     -0.07810722
 11.000000     -0.07880959
 11.100000     -0.07934138
 11.200000     -0.07968608
 11.300000     -0.07982701
 11.400000     -0.07974689
 11.500000     -0.07942861
 11.600000     -0.07885423
 11.700000     -0.07800461
 11.800000     -0.07686097
 11.900000     -0.07540472
 12.000000     -0.07361616
 12.100000     -0.07147545
 12.200000     -0.06896333
 12.300000     -0.06605930
 12.400000     -0.06274286
 12.500000     -0.05899541
 12.600000     -0.05479630
 12.700000     -0.05012560
 12.800000     -0.04496416
 12.900000     -0.03929440
 13.000000     -0.03309706
 13.100000     -0.02635234
 13.200000     -0.01904257
 13.300000     -0.01115148
 13.400000     -0.00266468
 13.500000      0.00643128
 13.600000      0.01615399
 13.700000      0.02651315
 13.800000      0.03751967
 13.900000      0.04918548
 14.000000      0.06151848
 14.100000      0.07452545
 14.200000      0.08821082
 14.300000      0.10257257
 14.400000      0.11761403
 14.500000      0.13333407
 14.600000      0.14972655
 14.700000      0.16678295
 14.800000      0.18449445
 14.900000      0.20285071
 15.000000      0.22183601
 15.100000      0.24143159
 15.200000      0.26161433
 15.300000      0.28235863
 15.400000      0.30363822
 15.500000      0.32542031
 15.600000      0.34767107
 15.700000      0.37035186
 15.800000      0.39342096
 15.900000      0.41683382
 16.000000      0.44054045
 16.100000      0.46449002
 16.200000      0.48862742
 16.300000      0.51289348
 16.400000      0.53722640
 16.500000      0.56156188
 16.600000      0.58583128
 16.700000      0.60996526
 16.800000      0.63389099
 16.900000      0.65753360
 17.000000      0.68081523
 17.100000      0.70365646
 17.200000      0.72597765
 17.300000      0.74769852
 17.400000      0.76873573
 17.500000      0.78900770
 17.600000      0.80843154
 17.700000      0.82692493
 17.800000      0.84440569
 17.900000      0.86079316
 18.000000      0.87601224
 18.100000      0.88998077
 18.200000      0.90262745
 18.300000      0.91388039
 18.400000      0.92367062
 18.500000      0.93193429
 18.600000      0.93860691
 18.700000      0.94363748
 18.800000      0.94697787
 18.900000      0.94856784
 19.000000      0.94834683
 19.100000      0.94627207
 19.200000      0.94232256
 19.300000      0.93649323
 19.400000      0.92876562
 19.500000      0.91911988
 19.600000      0.90754374
 19.700000      0.89403441
 19.800000      0.87859210
 19.900000      0.86122269
 20.000000      0.84195022
 20.100000      0.82079236
 20.200000      0.79777562
 20.300000      0.77293197
 20.400000      0.74629616
 20.500000      0.71791285
 20.600000      0.68782661
 20.700000      0.65609850
 20.800000      0.62278638
 20.900000      0.58795203
 21.000000      0.55166427
 21.100000      0.51399663
 21.200000      0.47501892
 21.300000      0.43482111
 21.400000      0.39348570
 21.500000      0.35110562
 21.600000      0.30777340
 21.700000      0.26358617
 21.800000      0.21864626
 21.900000      0.17305957
 22.000000      0.12693038
 22.100000      0.08036937
 22.200000      0.03349098
 22.300000     -0.01359088
 22.400000     -0.06075892
 22.500000     -0.10789598
 22.600000     -0.15488317
 22.700000     -0.20159813
 22.800000     -0.24792363
 22.900000     -0.29374193
 23.000000     -0.33893384
 23.100000     -0.38338023
 23.200000     -0.42696711
 23.300000     -0.46958327
 23.400000     -0.51111999
 23.500000     -0.55147506
 23.600000     -0.59054107
 23.700000     -0.62822995
 23.800000     -0.66444835
 23.900000     -0.69910699
 24.000000     -0.73212599
 24.100000     -0.76343119
 24.200000     -0.79294984
 24.300000     -0.82063678
 24.400000     -0.84643689
 24.500000     -0.87030407
 24.600000     -0.89220013
 24.700000     -0.91209995
 24.800000     -0.92998014
 24.900000     -0.94582136
 25.000000     -0.95961747
 25.100000     -0.97136919
 25.200000     -0.98108442
 25.300000     -0.98878349
 25.400000     -0.99447984
 25.500000     -0.99820908
 25.600000     -1.00000000
 25.700000     -0.99989528
 25.800000     -0.99793950
 25.900000     -0.99417996
 26.000000     -0.98867817
 26.100000     -0.98149086
 26.200000     -0.97267768
 26.300000     -0.96231706
 26.400000     -0.95065629
 26.500000     -0.93741067
 26.600000     -0.92281979
 26.700000     -0.90696691
 26.800000     -0.88993070
 26.900000     -0.87179330
 27.000000     -0.85262164
 27.100000     -0.83250010
 27.200000     -0.81150982
 27.300000     -0.78972992
 27.400000     -0.76724080
 27.500000     -0.74411441
 27.600000     -0.72043086
 27.700000     -0.69626272
 27.800000     -0.67168320
 27.900000     -0.64676130
 28.000000     -0.62156813
 28.100000     -0.59616983
 28.200000     -0.57063597
 28.300000     -0.54502685
 28.400000     -0.51940438
 28.500000     -0.49382131
 28.600000     -0.46821797
 28.700000     -0.44247502
 28.800000     -0.41732924
 28.900000     -0.39243110
 29.000000     -0.36783049
 29.100000     -0.34356271
 29.200000     -0.31966982
 29.300000     -0.29619227
 29.400000     -0.27314136
 29.500000     -0.25001522
 29.600000     -0.22777945
 29.700000     -0.20624623
 29.800000     -0.18512955
 29.900000     -0.16462275
 30.000000     -0.14486112
 30.100000     -0.12570810
 30.200000     -0.10688551
 30.300000     -0.08888960
 30.400000     -0.07159405
 30.500000     -0.05506137
 30.600000     -0.03909354
 30.700000     -0.02384666
 30.800000     -0.00927131
 30.900000      0.00463916
 31.000000      0.01788814
 31.100000      0.03047647
 31.200000      0.04240376
 31.300000      0.05368211
 31.400000      0.06431313
 31.500000      0.07430741
 31.600000      0.08367137
 31.700000      0.09241416
 31.800000      0.10054934
 31.900000      0.10830701
 32.000000      0.11549545
 32.100000      0.12187901
 32.200000      0.12770974
 32.300000      0.13299693
 32.400000      0.13775341
 32.500000      0.14251138
 32.600000      0.14659082
 32.700000      0.15005890
 32.800000      0.15298675
 32.900000      0.15540772
 33.000000      0.15741359
 33.100000      0.15903404
 33.200000      0.16026512
 33.300000      0.16112209
 33.400000      0.16162488
 33.500000      0.16110145
 33.600000      0.16006141
 33.700000      0.15966500
 33.800000      0.15895006
 33.900000      0.15787818
 34.000000      0.15654425
 34.100000      0.15495322
 34.200000      0.15263521
 34.300000      0.15039367
 34.400000      0.14794990
 34.500000      0.14586932
 34.600000      0.14332916
 34.700000      0.14055195
 34.800000      0.13761512
 34.900000      0.13498555
 35.000000      0.13186349
 35.100000      0.12881183
 35.200000      0.12521236
 35.300000      0.12125849
 35.400000      0.11764099
 35.500000      0.11387661
 35.600000      0.10976373
 35.700000      0.10584183
 35.800000      0.10153480
 35.900000      0.09650207
 36.000000      0.09173020
 36.100000      0.08774969
 36.200000      0.08377426
 36.300000      0.07957823
 36.400000      0.07539899
 36.500000      0.07143591
 36.600000      0.06707987
 36.700000      0.06211977
 36.800000      0.05628739
 36.900000      0.05211236
 37.000000      0.04809508
 37.100000      0.04422149
 37.200000      0.04022746
 37.300000      0.03681512
 37.400000      0.03294017
 37.500000      0.02911316
 37.600000      0.02571500
 37.700000      0.02232970
 37.800000      0.01862717
 37.900000      0.01487317
 38.000000      0.01178814
 38.100000      0.00860881
 38.200000      0.00494783
 38.300000      0.00077595
 38.400000     -0.00242345
 38.500000     -0.00519997
 38.600000     -0.00811140
 38.700000     -0.01211627
 38.800000     -0.01535838
 38.900000     -0.01848447
 39.000000     -0.02108895
 39.100000     -0.02444614
 39.200000     -0.02713454
 39.300000     -0.02955697
 39.400000     -0.03249843
 39.500000     -0.03479652
 39.600000     -0.03689991
 39.700000     -0.03908213
 39.800000     -0.04037841
 39.900000     -0.04167038
