  0.000000      0.00094687
  0.100000      0.00042092
  0.200000     -0.00012781
  0.300000     -0.00065832
  0.400000     -0.00120240
  0.500000     -0.00173495
  0.600000     -0.00227971
  0.700000     -0.00283646
  0.800000     -0.00335952
  0.900000     -0.00388489
  1.000000     -0.00442633
  1.100000     -0.00498926
  1.200000     -0.00557693
  1.300000     -0.00617427
  1.400000     -0.00677086
  1.500000     -0.00730753
  1.600000     -0.00784233
  1.700000     -0.00837517
  1.800000     -0.00881061
  1.900000     -0.00931377
  2.000000     -0.00984315
  2.100000     -0.01019114
  2.200000     -0.01052733
  2.300000     -0.01084060
  2.400000     -0.01115915
  2.500000     -0.01146122
  2.600000     -0.01190320
  2.700000     -0.01225035
  2.800000     -0.01252594
  2.900000     -0.01278530
  3.000000     -0.01302485
  3.100000     -0.01321662
  3.200000     -0.01337429
  3.300000     -0.01373401
  3.400000     -0.01387416
  3.500000     -0.01400884
  3.600000     -0.01410244
  3.700000     -0.01426159
  3.800000     -0.01491515
  3.900000     -0.01491258
  4.000000     -0.01489525
  4.100000     -0.01487978
  4.200000     -0.01487603
  4.300000     -0.01490919
  4.400000     -0.01493544
  4.500000     -0.01494638
  4.600000     -0.01498454
  4.700000     -0.01503325
  4.800000     -0.01508904
  4.900000     -0.01511751
  5.000000     -0.01511549
  5.100000     -0.01510485
  5.200000     -0.01505941
  5.300000     -0.01498032
  5.400000     -0.01487824
  5.500000     -0.01475197
  5.600000     -0.01459696
  5.700000     -0.01441702
  5.800000     -0.01421504
  5.900000     -0.01398614
  6.000000     -0.01373380
  6.100000     -0.01345394
  6.200000     -0.01315099
  6.300000     -0.01282838
  6.400000     -0.01248914
  6.500000     -0.01218114
  6.600000     -0.01182833
  6.700000     -0.01142822
  6.800000     -0.01101527
  6.900000     -0.01072694
  7.000000     -0.01029209
  7.100000     -0.00985407
  7.200000     -0.00949382
  7.300000     -0.00910256
  7.400000     -0.00865387
  7.500000     -0.00820268
  7.600000     -0.00775350
  7.700000     -0.00731662
  7.800000     -0.00690103
  7.900000     -0.00659803
  8.000000     -0.00619695
  8.100000     -0.00580880
  8.200000     -0.00543185
  8.300000     -0.00507223
  8.400000     -0.00485121
  8.500000     -0.00452966
  8.600000     -0.00422249
  8.700000     -0.00393191
  8.800000     -0.00366841
  8.900000     -0.00342482
  9.000000     -0.00320117
  9.100000     -0.00299968
  9.200000     -0.00281864
  9.300000     -0.00265889
  9.400000     -0.00246526
  9.500000     -0.00231410
  9.600000     -0.00218275
  9.700000     -0.00206471
  9.800000     -0.00195019
  9.900000     -0.00183057
 10.000000     -0.00170642
 10.100000     -0.00156659
 10.200000     -0.00139955
 10.300000     -0.00120206
 10.400000     -0.00096251
 10.500000     -0.00066601
 10.600000     -0.00030357
 10.700000      0.00013793
 10.800000      0.00067435
 10.900000      0.00131836
 11.000000      0.00208684
 11.100000      0.00299396
 11.200000      0.00405991
 11.300000      0.00530248
 11.400000      0.00673914
 11.500000      0.00838932
 11.600000      0.01027550
 11.700000      0.01241858
 11.800000      0.01484170
 11.900000      0.01756638
 12.000000      0.02061035
 12.100000      0.02400306
 12.200000      0.02776746
 12.300000      0.03191461
 12.400000      0.03645927
 12.500000      0.04143719
 12.600000      0.04687493
 12.700000      0.05278717
 12.800000      0.05919610
 12.900000      0.06612456
 13.000000      0.07359324
 13.100000      0.08162426
 13.200000      0.09022105
 13.300000      0.09941823
 13.400000      0.10921865
 13.500000      0.11963220
 13.600000      0.13064152
 13.700000      0.14232609
 13.800000      0.15465679
 13.900000      0.16763316
 14.000000      0.18126125
 14.100000      0.19554039
 14.200000      0.21044572
 14.300000      0.22598458
 14.400000      0.24214007
 14.500000      0.25889403
 14.600000      0.27621112
 14.700000      0.29408247
 14.800000      0.31248084
 14.900000      0.33136098
 15.000000      0.35068856
 15.100000      0.37042250
 15.200000      0.39052863
 15.300000      0.41094941
 15.400000      0.43162984
 15.500000      0.45252054
 15.600000      0.47357262
 15.700000      0.49471830
 15.800000      0.51589935
 15.900000      0.53704922
 16.000000      0.55810894
 16.100000      0.57902105
 16.200000      0.59970886
 16.300000      0.62010770
 16.400000      0.64014786
 16.500000      0.65976715
 16.600000      0.67890710
 16.700000      0.69749234
 16.800000      0.71546879
 16.900000      0.73267476
 17.000000      0.74919976
 17.100000      0.76500975
 17.200000      0.77999095
 17.300000      0.79409192
 17.400000      0.80726374
 17.500000      0.81945203
 17.600000      0.83061312
 17.700000      0.84069793
 17.800000      0.84964625
 17.900000      0.85740921
 18.000000      0.86395546
 18.100000      0.86923048
 18.200000      0.87318928
 18.300000      0.87579300
 18.400000      0.87701273
 18.500000      0.87680358
 18.600000      0.87513294
 18.700000      0.87196117
 18.800000      0.86724431
 18.900000      0.86094630
 19.000000      0.85307171
 19.100000      0.84360778
 19.200000      0.83253880
 19.300000      0.81985112
 19.400000      0.80555245
 19.500000      0.78963295
 19.600000      0.77210441
 19.700000      0.75297147
 19.800000      0.73225158
 19.900000      0.70996136
 20.000000      0.68611252
 20.100000      0.66074794
 20.200000      0.63390093
 20.300000      0.60562257
 20.400000      0.57594363
 20.500000      0.54490950
 20.600000      0.51259271
 20.700000      0.47905301
 20.800000      0.44434366
 20.900000      0.40854467
 21.000000      0.37174286
 21.100000      0.33402498
 21.200000      0.29547279
 21.300000      0.25617630
 21.400000      0.21584842
 21.500000      0.17442298
 21.600000      0.13355289
 21.700000      0.09236178
 21.800000      0.05096298
 21.900000      0.00946980
 22.000000     -0.03200776
 22.100000     -0.07336480
 22.200000     -0.11450189
 22.300000     -0.15533476
 22.400000     -0.19577805
 22.500000     -0.23575330
 22.600000     -0.27519218
 22.700000     -0.31403139
 22.800000     -0.35222506
 22.900000     -0.38971371
 23.000000     -0.42643980
 23.100000     -0.46234297
 23.200000     -0.49736048
 23.300000     -0.53143890
 23.400000     -0.56451492
 23.500000     -0.59653398
 23.600000     -0.62744901
 23.700000     -0.65721343
 23.800000     -0.68580196
 23.900000     -0.71317306
 24.000000     -0.73930927
 24.100000     -0.76419238
 24.200000     -0.78781190
 24.300000     -0.81016003
 24.400000     -0.83122529
 24.500000     -0.85099809
 24.600000     -0.86949044
 24.700000     -0.88669297
 24.800000     -0.90260770
 24.900000     -0.91724094
 25.000000     -0.93060638
 25.100000     -0.94271663
 25.200000     -0.95357762
 25.300000     -0.96310393
 25.400000     -0.97135535
 25.500000     -0.97873340
 25.600000     -0.98497033
 25.700000     -0.99009391
 25.800000     -0.99412743
 25.900000     -0.99710238
 26.000000     -0.99905191
 26.100000     -1.00000000
 26.200000     -0.99996896
 26.300000     -0.99898364
 26.400000     -0.99708933
 26.500000     -0.99430800
 26.600000     -0.99068241
 26.700000     -0.98625179
 26.800000     -0.98104802
 26.900000     -0.97510824
 27.000000     -0.96847700
 27.100000     -0.96118259
 27.200000     -0.95326622
 27.300000     -0.94476127
 27.400000     -0.93570258
 27.500000     -0.92612606
 27.600000     -0.91605857
 27.700000     -0.90553683
 27.800000     -0.89458194
 27.900000     -0.88322612
 28.000000     -0.87149885
 28.100000     -0.85941723
 28.200000     -0.84700521
 28.300000     -0.83427539
 28.400000     -0.82125502
 28.500000     -0.80795694
 28.600000     -0.79439132
 28.700000     -0.78057123
 28.800000     -0.76649837
 28.900000     -0.75219269
 29.000000     -0.73765509
 29.100000     -0.72288998
 29.200000     -0.70818517
 29.300000     -0.69303907
 29.400000     -0.67739048
 29.500000     -0.66160642
 29.600000     -0.64569545
 29.700000     -0.62942042
 29.800000     -0.61299051
 29.900000     -0.59632968
 30.000000     -0.57940068
 30.100000     -0.56246091
 30.200000     -0.54530518
 30.300000     -0.52805205
 30.400000     -0.51074159
 30.500000     -0.49294750
 30.600000     -0.47495081
 30.700000     -0.45673941
 30.800000     -0.43833428
 30.900000     -0.41974438
 31.000000     -0.40097140
 31.100000     -0.38201585
 31.200000     -0.36310416
 31.300000     -0.34386455
 31.400000     -0.32447589
 31.500000     -0.30523153
 31.600000     -0.28558722
 31.700000     -0.26585094
 31.800000     -0.24602665
 31.900000     -0.22627163
 32.000000     -0.20632324
 32.100000     -0.18630756
 32.200000     -0.16640538
 32.300000     -0.14647685
 32.400000     -0.12653501
 32.500000     -0.10656795
 32.600000     -0.08667304
 32.700000     -0.06741608
 32.800000     -0.04783941
 32.900000     -0.02839560
 33.000000     -0.00915568
 33.100000      0.00983933
 33.200000      0.02750802
 33.300000      0.04523903
 33.400000      0.06138191
 33.500000      0.07901695
 33.600000      0.09560377
 33.700000      0.11212263
 33.800000      0.12892946
 33.900000      0.14431327
 34.000000      0.15801285
 34.100000      0.17281339
 34.200000      0.18577626
 34.300000      0.19694964
 34.400000      0.21180608
 34.500000      0.22634242
 34.600000      0.23945156
 34.700000      0.25165872
 34.800000      0.26361756
 34.900000      0.27596221
 35.000000      0.28670943
 35.100000      0.29518162
 35.200000      0.30464830
 35.300000      0.31397784
 35.400000      0.32247703
 35.500000      0.33069365
 35.600000      0.33724092
 35.700000      0.34262325
 35.800000      0.34924038
 35.900000      0.35517689
 36.000000      0.35987022
 36.100000      0.36084668
 36.200000      0.35484422
 36.300000      0.33997372
 36.400000      0.33330671
 36.500000      0.33206719
 36.600000      0.32324095
 36.700000      0.31180664
 36.800000      0.29526035
 36.900000      0.28521359
 37.000000      0.28236379
 37.100000      0.27490191
 37.200000      0.26095133
 37.300000      0.24731449
 37.400000      0.23413872
 37.500000      0.22326379
 37.600000      0.20967957
 37.700000      0.19910475
 37.800000      0.18449252
 37.900000      0.18090744
 38.000000      0.17573898
 38.100000      0.17325504
 38.200000      0.17110541
 38.300000      0.16698570
 38.400000      0.16014863
 38.500000      0.15265973
 38.600000      0.14448030
 38.700000      0.13814388
 38.800000      0.12892754
 38.900000      0.12417999
 39.000000      0.11859589
 39.100000      0.11235599
 39.200000      0.10881159
 39.300000      0.10330591
 39.400000      0.09502317
 39.500000      0.09076594
 39.600000      0.08563087
 39.700000      0.08285860
 39.800000      0.08082350
 39.900000      0.07653105
