  0.000000     -0.02699438
  0.100000     -0.02561595
  0.200000     -0.02306265
  0.300000     -0.02042488
  0.400000     -0.01871723
  0.500000     -0.01777002
  0.600000     -0.01753031
  0.700000     -0.01801226
  0.800000     -0.01868005
  0.900000     -0.01857035
  1.000000     -0.01783394
  1.100000     -0.01769001
  1.200000     -0.01456047
  1.300000     -0.01054393
  1.400000     -0.00749426
  1.500000     -0.00461571
  1.600000     -0.00118793
  1.700000      0.00137124
  1.800000      0.00273779
  1.900000      0.00282351
  2.000000      0.00154356
  2.100000     -0.00013654
  2.200000     -0.00178747
  2.300000     -0.00254062
  2.400000     -0.00222547
  2.500000     -0.00110982
  2.600000      0.00188115
  2.700000      0.00643374
  2.800000      0.01103522
  2.900000      0.01620664
  3.000000      0.02249828
  3.100000      0.02699469
  3.200000      0.03022138
  3.300000      0.03433111
  3.400000      0.03753605
  3.500000      0.04220646
  3.600000      0.04260559
  3.700000      0.04187600
  3.800000      0.04381655
  3.900000      0.04275329
  4.000000      0.03680944
  4.100000      0.02900962
  4.200000      0.01947851
  4.300000      0.00378961
  4.400000     -0.01162379
  4.500000     -0.02112767
  4.600000     -0.03129029
  4.700000     -0.04118524
  4.800000     -0.05128792
  4.900000     -0.06413968
  5.000000     -0.07347096
  5.100000     -0.07900914
  5.200000     -0.08723222
  5.300000     -0.09541365
  5.400000     -0.09874306
  5.500000     -0.10220376
  5.600000     -0.10361570
  5.700000     -0.10336153
  5.800000     -0.09895382
  5.900000     -0.09371715
  6.000000     -0.08885099
  6.100000     -0.08259432
  6.200000     -0.07877670
  6.300000     -0.07458981
  6.400000     -0.06842927
  6.500000     -0.06472439
  6.600000     -0.05978618
  6.700000     -0.05470534
  6.800000     -0.04955459
  6.900000     -0.04632654
  7.000000     -0.04585415
  7.100000     -0.04168678
  7.200000     -0.03260013
  7.300000     -0.02340793
  7.400000     -0.01442032
  7.500000     -0.00377484
  7.600000      0.00647053
  7.700000      0.01479707
  7.800000      0.02045843
  7.900000      0.02698488
  8.000000      0.02825417
  8.100000      0.02499669
  8.200000      0.02150431
  8.300000      0.01710420
  8.400000      0.01156797
  8.500000      0.00551721
  8.600000     -0.00407694
  8.700000     -0.01480173
  8.800000     -0.02666364
  8.900000     -0.04084046
  9.000000     -0.05092135
  9.100000     -0.06145543
  9.200000     -0.07561009
  9.300000     -0.08629240
  9.400000     -0.09107483
  9.500000     -0.09636671
  9.600000     -0.10141663
  9.700000     -0.10420263
  9.800000     -0.10749559
  9.900000     -0.10507168
 10.000000     -0.09962872
 10.100000     -0.09689440
 10.200000     -0.09530978
 10.300000     -0.08881563
 10.400000     -0.08222230
 10.500000     -0.07632428
 10.600000     -0.06932586
 10.700000     -0.06017026
 10.800000     -0.04974423
 10.900000     -0.03874942
 11.000000     -0.03239468
 11.100000     -0.02992393
 11.200000     -0.02218912
 11.300000     -0.01401562
 11.400000     -0.00728721
 11.500000      0.00187484
 11.600000      0.00824778
 11.700000      0.01371042
 11.800000      0.01750045
 11.900000      0.02200218
 12.000000      0.03066969
 12.100000      0.03629641
 12.200000      0.03573115
 12.300000      0.03000106
 12.400000      0.02148355
 12.500000      0.01696270
 12.600000      0.01181994
 12.700000      0.00492814
 12.800000     -0.00271250
 12.900000     -0.01079995
 13.000000     -0.01897807
 13.100000     -0.02606834
 13.200000     -0.03149341
 13.300000     -0.03674095
 13.400000     -0.04063690
 13.500000     -0.04030795
 13.600000     -0.03778321
 13.700000     -0.03114460
 13.800000     -0.01881266
 13.900000     -0.00403561
 14.000000      0.01445962
 14.100000      0.03756462
 14.200000      0.06881025
 14.300000      0.10477593
 14.400000      0.14571096
 14.500000      0.19088370
 14.600000      0.23954109
 14.700000      0.29242227
 14.800000      0.35382697
 14.900000      0.41534864
 15.000000      0.47520667
 15.100000      0.53541990
 15.200000      0.59689342
 15.300000      0.65927667
 15.400000      0.71985261
 15.500000      0.77644285
 15.600000      0.82782908
 15.700000      0.87537750
 15.800000      0.91809190
 15.900000      0.95447270
 16.000000      0.97950916
 16.100000      0.99371831
 16.200000      1.00000000
 16.300000      0.99648463
 16.400000      0.98293904
 16.500000      0.95237875
 16.600000      0.91122278
 16.700000      0.86201657
 16.800000      0.80263598
 16.900000      0.73250666
 17.000000      0.65745993
 17.100000      0.57667469
 17.200000      0.48853249
 17.300000      0.39933568
 17.400000      0.31193898
 17.500000      0.22724382
 17.600000      0.14805971
 17.700000      0.07526334
 17.800000      0.00996681
 17.900000     -0.05032703
 18.000000     -0.10478140
 18.100000     -0.14457274
 18.200000     -0.17742018
 18.300000     -0.20749577
 18.400000     -0.22856200
 18.500000     -0.24300223
 18.600000     -0.25065844
 18.700000     -0.24728792
 18.800000     -0.23332291
 18.900000     -0.21478456
 19.000000     -0.19016812
 19.100000     -0.15727087
 19.200000     -0.11814913
 19.300000     -0.07521527
 19.400000     -0.03248558
 19.500000      0.01287263
 19.600000      0.06262731
 19.700000      0.10801149
 19.800000      0.14958535
 19.900000      0.18940162
 20.000000      0.22712149
 20.100000      0.26148516
 20.200000      0.28959157
 20.300000      0.30914009
 20.400000      0.32109169
 20.500000      0.32558430
 20.600000      0.32426703
 20.700000      0.31744868
 20.800000      0.30678725
 20.900000      0.29101225
 21.000000      0.27108033
 21.100000      0.24776434
 21.200000      0.21795557
 21.300000      0.18704167
 21.400000      0.15849611
 21.500000      0.12938328
 21.600000      0.09749230
 21.700000      0.06741517
 21.800000      0.03398774
 21.900000     -0.00140657
 22.000000     -0.03131228
 22.100000     -0.05649217
 22.200000     -0.08147839
 22.300000     -0.10672091
 22.400000     -0.12955611
 22.500000     -0.15189921
 22.600000     -0.16770536
 22.700000     -0.18320732
 22.800000     -0.20094323
 22.900000     -0.21543880
 23.000000     -0.22233007
 23.100000     -0.22743200
 23.200000     -0.23417326
 23.300000     -0.24027585
 23.400000     -0.24026370
 23.500000     -0.23790439
 23.600000     -0.23601959
 23.700000     -0.22797226
 23.800000     -0.22215244
 23.900000     -0.22093762
 24.000000     -0.21694544
 24.100000     -0.20686263
 24.200000     -0.19569252
 24.300000     -0.18666639
 24.400000     -0.17694270
 24.500000     -0.16783876
 24.600000     -0.15639058
 24.700000     -0.14570186
 24.800000     -0.13650422
 24.900000     -0.12783297
 25.000000     -0.11460824
 25.100000     -0.10016485
 25.200000     -0.09082884
 25.300000     -0.08310123
 25.400000     -0.07518828
 25.500000     -0.06926430
 25.600000     -0.06280950
 25.700000     -0.05763534
 25.800000     -0.05566078
 25.900000     -0.05315086
 26.000000     -0.05346130
 26.100000     -0.05810115
 26.200000     -0.06297031
 26.300000     -0.06730735
 26.400000     -0.06953060
 26.500000     -0.07470883
 26.600000     -0.08694451
 26.700000     -0.09843459
 26.800000     -0.10746728
 26.900000     -0.11312237
 27.000000     -0.11744977
 27.100000     -0.12530916
 27.200000     -0.13333378
 27.300000     -0.13693426
 27.400000     -0.13781454
 27.500000     -0.13939855
 27.600000     -0.14260141
 27.700000     -0.14359033
 27.800000     -0.13846601
 27.900000     -0.13317607
 28.000000     -0.13373513
 28.100000     -0.13475543
 28.200000     -0.13376708
 28.300000     -0.13062859
 28.400000     -0.12957088
 28.500000     -0.12425206
 28.600000     -0.12235038
 28.700000     -0.12475953
 28.800000     -0.12154548
 28.900000     -0.11643390
 29.000000     -0.11712375
 29.100000     -0.11776455
 29.200000     -0.11760325
 29.300000     -0.11648175
 29.400000     -0.11351358
 29.500000     -0.11236259
 29.600000     -0.10996919
 29.700000     -0.10641363
 29.800000     -0.10092563
 29.900000     -0.09204256
 30.000000     -0.08394145
 30.100000     -0.07357829
 30.200000     -0.06019165
 30.300000     -0.04581500
 30.400000     -0.03130668
 30.500000     -0.01774550
 30.600000     -0.00488558
 30.700000      0.00888283
 30.800000      0.02373929
 30.900000      0.03557542
 31.000000      0.04371883
 31.100000      0.05284098
 31.200000      0.05862713
 31.300000      0.05611987
 31.400000      0.05035239
 31.500000      0.04509487
 31.600000      0.03914082
 31.700000      0.03513425
 31.800000      0.03220603
 31.900000      0.02553350
 32.000000      0.01972802
 32.100000      0.01315058
 32.200000      0.00476455
 32.300000     -0.00333361
 32.400000     -0.01296387
 32.500000     -0.02008982
 32.600000     -0.02713069
 32.700000     -0.03555227
 32.800000     -0.04074223
 32.900000     -0.04378221
 33.000000     -0.04413305
 33.100000     -0.04694416
 33.200000     -0.05224437
 33.300000     -0.05606537
 33.400000     -0.05782152
 33.500000     -0.05743460
 33.600000     -0.05671711
 33.700000     -0.05748511
 33.800000     -0.05821294
 33.900000     -0.05627692
 34.000000     -0.05617302
 34.100000     -0.05765264
 34.200000     -0.05680521
 34.300000     -0.05781562
 34.400000     -0.05717998
 34.500000     -0.05220707
 34.600000     -0.04598560
 34.700000     -0.03968893
 34.800000     -0.03425929
 34.900000     -0.03149556
 35.000000     -0.02816216
 35.100000     -0.02063322
 35.200000     -0.01217960
 35.300000     -0.00674799
 35.400000     -0.00120285
 35.500000      0.00410816
 35.600000      0.00646348
 35.700000      0.00714327
 35.800000      0.00700968
 35.900000      0.00483734
 36.000000      0.00038784
 36.100000     -0.00489192
 36.200000     -0.01059006
 36.300000     -0.01740699
 36.400000     -0.02392126
 36.500000     -0.03059835
 36.600000     -0.03641352
 36.700000     -0.04084348
 36.800000     -0.04413960
 36.900000     -0.04586986
 37.000000     -0.04605577
 37.100000     -0.04450672
 37.200000     -0.04174388
 37.300000     -0.03736407
 37.400000     -0.03117828
 37.500000     -0.02496826
 37.600000     -0.01840235
 37.700000     -0.01294532
 37.800000     -0.00766364
 37.900000     -0.00242605
 38.000000      0.00117255
 38.100000      0.00396834
 38.200000      0.00666209
 38.300000      0.00941040
 38.400000      0.01284664
 38.500000      0.01624642
 38.600000      0.01974731
 38.700000      0.02262130
 38.800000      0.02473462
 38.900000      0.02543080
 39.000000      0.02479768
 39.100000      0.02257183
 39.200000      0.01958820
 39.300000      0.01629864
 39.400000      0.01225722
 39.500000      0.00732030
 39.600000      0.00216876
 39.700000     -0.00394164
 39.800000     -0.01087908
 39.900000     -0.01857329
