  0.000000     -0.00835006
  0.100000     -0.00841567
  0.200000     -0.00850764
  0.300000     -0.00864059
  0.400000     -0.00876987
  0.500000     -0.00881247
  0.600000     -0.00871812
  0.700000     -0.00860871
  0.800000     -0.00839756
  0.900000     -0.00881446
  1.000000     -0.00875845
  1.100000     -0.00832523
  1.200000     -0.00753202
  1.300000     -0.00654325
  1.400000     -0.00573224
  1.500000     -0.00530910
  1.600000     -0.00540717
  1.700000     -0.00583375
  1.800000     -0.00622605
  1.900000     -0.00646630
  2.000000     -0.00674899
  2.100000     -0.00718254
  2.200000     -0.00769762
  2.300000     -0.00798763
  2.400000     -0.00776416
  2.500000     -0.00706507
  2.600000     -0.00610933
  2.700000     -0.00520721
  2.800000     -0.00453583
  2.900000     -0.00434431
  3.000000     -0.00469139
  3.100000     -0.00555677
  3.200000     -0.00669472
  3.300000     -0.00775610
  3.400000     -0.00855107
  3.500000     -0.00896296
  3.600000     -0.00897021
  3.700000     -0.00861320
  3.800000     -0.00793957
  3.900000     -0.00713829
  4.000000     -0.00632595
  4.100000     -0.00551585
  4.200000     -0.00466771
  4.300000     -0.00375846
  4.400000     -0.00256377
  4.500000     -0.00067814
  4.600000      0.00212437
  4.700000      0.00592472
  4.800000      0.01069351
  4.900000      0.01639371
  5.000000      0.02293580
  5.100000      0.03024356
  5.200000      0.03826347
  5.300000      0.04683806
  5.400000      0.05584461
  5.500000      0.06546462
  5.600000      0.07600383
  5.700000      0.08785105
  5.800000      0.10127239
  5.900000      0.11640512
  6.000000      0.13289636
  6.100000      0.15012055
  6.200000      0.16805412
  6.300000      0.18792022
  6.400000      0.20841836
  6.500000      0.22825773
  6.600000      0.24750192
  6.700000      0.26497714
  6.800000      0.27989947
  6.900000      0.29231006
  7.000000      0.30196214
  7.100000      0.30984103
  7.200000      0.31612005
  7.300000      0.32027075
  7.400000      0.32342708
  7.500000      0.32596278
  7.600000      0.32824021
  7.700000      0.33057062
  7.800000      0.33213604
  7.900000      0.33270489
  8.000000      0.33093356
  8.100000      0.32792474
  8.200000      0.32482949
  8.300000      0.32101801
  8.400000      0.31674919
  8.500000      0.31227972
  8.600000      0.30834151
  8.700000      0.30337834
  8.800000      0.29984006
  8.900000      0.29802174
  9.000000      0.29972448
  9.100000      0.30794822
  9.200000      0.32337688
  9.300000      0.34520734
  9.400000      0.37025427
  9.500000      0.39718357
  9.600000      0.42827083
  9.700000      0.46139810
  9.800000      0.49080772
  9.900000      0.51547299
 10.000000      0.53542399
 10.100000      0.54678867
 10.200000      0.55129280
 10.300000      0.55237061
 10.400000      0.54771605
 10.500000      0.54088446
 10.600000      0.53309111
 10.700000      0.52449987
 10.800000      0.51390390
 10.900000      0.50517991
 11.000000      0.49956326
 11.100000      0.49766895
 11.200000      0.50088928
 11.300000      0.50723794
 11.400000      0.52118095
 11.500000      0.54641231
 11.600000      0.58767011
 11.700000      0.64701173
 11.800000      0.72173802
 11.900000      0.80377261
 12.000000      0.88371315
 12.100000      0.95038098
 12.200000      0.99195095
 12.300000      1.00000000
 12.400000      0.97608191
 12.500000      0.92711162
 12.600000      0.85361741
 12.700000      0.76236908
 12.800000      0.65960722
 12.900000      0.54811487
 13.000000      0.43181677
 13.100000      0.31605675
 13.200000      0.20839070
 13.300000      0.10699353
 13.400000      0.01106813
 13.500000     -0.07474164
 13.600000     -0.15273054
 13.700000     -0.22049858
 13.800000     -0.26992655
 13.900000     -0.30371228
 14.000000     -0.32454718
 14.100000     -0.33161722
 14.200000     -0.32693247
 14.300000     -0.31588259
 14.400000     -0.30047584
 14.500000     -0.29025396
 14.600000     -0.29087556
 14.700000     -0.29915699
 14.800000     -0.32073462
 14.900000     -0.35461454
 15.000000     -0.39817037
 15.100000     -0.44468100
 15.200000     -0.48996166
 15.300000     -0.53844462
 15.400000     -0.58625447
 15.500000     -0.62926913
 15.600000     -0.66838412
 15.700000     -0.70934321
 15.800000     -0.74701222
 15.900000     -0.76885840
 16.000000     -0.77545194
 16.100000     -0.77749368
 16.200000     -0.77828842
 16.300000     -0.77438986
 16.400000     -0.76424854
 16.500000     -0.75284269
 16.600000     -0.73771124
 16.700000     -0.71783319
 16.800000     -0.69659783
 16.900000     -0.67578999
 17.000000     -0.65540733
 17.100000     -0.63344218
 17.200000     -0.60828341
 17.300000     -0.58303281
 17.400000     -0.56035250
 17.500000     -0.54088354
 17.600000     -0.52577572
 17.700000     -0.51623423
 17.800000     -0.50641270
 17.900000     -0.49612980
 18.000000     -0.48686206
 18.100000     -0.47867592
 18.200000     -0.47276462
 18.300000     -0.46723694
 18.400000     -0.45767741
 18.500000     -0.44397236
 18.600000     -0.42952704
 18.700000     -0.41219152
 18.800000     -0.39437985
 18.900000     -0.37528414
 19.000000     -0.35478721
 19.100000     -0.33582723
 19.200000     -0.31967093
 19.300000     -0.30463085
 19.400000     -0.29189981
 19.500000     -0.28289363
 19.600000     -0.27616887
 19.700000     -0.26958132
 19.800000     -0.26195496
 19.900000     -0.25528454
 20.000000     -0.24977149
 20.100000     -0.24483327
 20.200000     -0.23857609
 20.300000     -0.23206029
 20.400000     -0.22686312
 20.500000     -0.22042816
 20.600000     -0.21276697
 20.700000     -0.20333703
 20.800000     -0.19445817
 20.900000     -0.18608391
 21.000000     -0.17843201
 21.100000     -0.17280621
 21.200000     -0.16560852
 21.300000     -0.15737372
 21.400000     -0.14969487
 21.500000     -0.14467211
 21.600000     -0.14216032
 21.700000     -0.14056742
 21.800000     -0.13851610
 21.900000     -0.13487754
 22.000000     -0.13064350
 22.100000     -0.12641809
 22.200000     -0.12093845
 22.300000     -0.11345890
 22.400000     -0.10489307
 22.500000     -0.09665574
 22.600000     -0.09178617
 22.700000     -0.08872352
 22.800000     -0.08781357
 22.900000     -0.08817652
 23.000000     -0.08667392
 23.100000     -0.08242801
 23.200000     -0.07663355
 23.300000     -0.07215705
 23.400000     -0.06911925
 23.500000     -0.06698129
 23.600000     -0.06455572
 23.700000     -0.06219514
 23.800000     -0.05954899
 23.900000     -0.05768007
 24.000000     -0.05709975
 24.100000     -0.05955836
 24.200000     -0.06376444
 24.300000     -0.06735545
 24.400000     -0.06907130
 24.500000     -0.06886701
 24.600000     -0.06706808
 24.700000     -0.06462399
 24.800000     -0.06054411
 24.900000     -0.05532048
 25.000000     -0.05033143
 25.100000     -0.04665532
 25.200000     -0.04406379
 25.300000     -0.04177593
 25.400000     -0.04029373
 25.500000     -0.03925525
 25.600000     -0.03934460
 25.700000     -0.03969823
 25.800000     -0.04024628
 25.900000     -0.04158324
 26.000000     -0.04235047
 26.100000     -0.04243244
 26.200000     -0.04243433
 26.300000     -0.04143576
 26.400000     -0.03994433
 26.500000     -0.03745152
 26.600000     -0.03534603
 26.700000     -0.03344059
 26.800000     -0.03144984
 26.900000     -0.02915854
 27.000000     -0.02656516
 27.100000     -0.02389266
 27.200000     -0.02128377
 27.300000     -0.01869268
 27.400000     -0.01600400
 27.500000     -0.01305337
 27.600000     -0.00981590
 27.700000     -0.00641585
 27.800000     -0.00293511
 27.900000      0.00063858
 28.000000      0.00437254
 28.100000      0.00826277
 28.200000      0.01214524
 28.300000      0.01599973
 28.400000      0.01975609
 28.500000      0.02328727
 28.600000      0.02654408
 28.700000      0.02948107
 28.800000      0.03190365
 28.900000      0.03361597
 29.000000      0.03468948
 29.100000      0.03517007
 29.200000      0.03515459
 29.300000      0.03485102
 29.400000      0.03457818
 29.500000      0.03452966
 29.600000      0.03468991
 29.700000      0.03488614
 29.800000      0.03496195
 29.900000      0.03491170
 30.000000      0.03479387
 30.100000      0.03466933
 30.200000      0.03468412
 30.300000      0.03466535
 30.400000      0.03439244
 30.500000      0.03392623
 30.600000      0.03317678
 30.700000      0.03220207
 30.800000      0.03118509
 30.900000      0.03030404
 31.000000      0.02959886
 31.100000      0.02897408
 31.200000      0.02841816
 31.300000      0.02788528
 31.400000      0.02746349
 31.500000      0.02724799
 31.600000      0.02739702
 31.700000      0.02801874
 31.800000      0.02908307
 31.900000      0.03041022
 32.000000      0.03199272
 32.100000      0.03374726
 32.200000      0.03560553
 32.300000      0.03749532
 32.400000      0.03946255
 32.500000      0.04147680
 32.600000      0.04350224
 32.700000      0.04556973
 32.800000      0.04755365
 32.900000      0.04930769
 33.000000      0.05097369
 33.100000      0.05258473
 33.200000      0.05411911
 33.300000      0.05537565
 33.400000      0.05611386
 33.500000      0.05628057
 33.600000      0.05592089
 33.700000      0.05506507
 33.800000      0.05386362
 33.900000      0.05247668
 34.000000      0.05094192
 34.100000      0.04930023
 34.200000      0.04751914
 34.300000      0.04560929
 34.400000      0.04365922
 34.500000      0.04177233
 34.600000      0.03990254
 34.700000      0.03801216
 34.800000      0.03611119
 34.900000      0.03427020
 35.000000      0.03253495
 35.100000      0.03103259
 35.200000      0.02988116
 35.300000      0.02920260
 35.400000      0.02895631
 35.500000      0.02906352
 35.600000      0.02941172
 35.700000      0.03000277
 35.800000      0.03018177
 35.900000      0.03049412
 36.000000      0.03114777
 36.100000      0.03214636
 36.200000      0.03326526
 36.300000      0.03439790
 36.400000      0.03562378
 36.500000      0.03684029
 36.600000      0.03790584
 36.700000      0.03888843
 36.800000      0.03971035
 36.900000      0.04041598
 37.000000      0.04099886
 37.100000      0.04153350
 37.200000      0.04215656
 37.300000      0.04307205
 37.400000      0.04433799
 37.500000      0.04595221
 37.600000      0.04802653
 37.700000      0.05055082
 37.800000      0.05340548
 37.900000      0.05636557
 38.000000      0.05811318
 38.100000      0.05979457
 38.200000      0.06137470
 38.300000      0.06281399
 38.400000      0.06404325
 38.500000      0.06503454
 38.600000      0.06581505
 38.700000      0.06643081
 38.800000      0.06690589
 38.900000      0.06725384
 39.000000      0.06752108
 39.100000      0.06776762
 39.200000      0.06799416
 39.300000      0.06822500
 39.400000      0.06848288
 39.500000      0.06880688
 39.600000      0.06920656
 39.700000      0.06967758
 39.800000      0.07021519
 39.900000      0.07078278
