  0.000000     -0.03192515
  0.100000     -0.03184026
  0.200000     -0.03177743
  0.300000     -0.03185049
  0.400000     -0.03194430
  0.500000     -0.03246221
  0.600000     -0.03304017
  0.700000     -0.03367759
  0.800000     -0.03437397
  0.900000     -0.03513064
  1.000000     -0.03595792
  1.100000     -0.03685404
  1.200000     -0.03780243
  1.300000     -0.03880083
  1.400000     -0.03991724
  1.500000     -0.04110407
  1.600000     -0.04234137
  1.700000     -0.04359167
  1.800000     -0.04485842
  1.900000     -0.04615873
  2.000000     -0.04884842
  2.100000     -0.05426897
  2.200000     -0.05547681
  2.300000     -0.05669575
  2.400000     -0.05792102
  2.500000     -0.05915172
  2.600000     -0.06043110
  2.700000     -0.06177876
  2.800000     -0.06311067
  2.900000     -0.06442163
  3.000000     -0.06570926
  3.100000     -0.06696731
  3.200000     -0.06818643
  3.300000     -0.06936207
  3.400000     -0.07052598
  3.500000     -0.07390898
  3.600000     -0.07670325
  3.700000     -0.07766965
  3.800000     -0.07857132
  3.900000     -0.07940659
  4.000000     -0.08017266
  4.100000     -0.08087086
  4.200000     -0.08149595
  4.300000     -0.08204696
  4.400000     -0.08252897
  4.500000     -0.08294318
  4.600000     -0.08329377
  4.700000     -0.08358234
  4.800000     -0.08389997
  4.900000     -0.08422169
  5.000000     -0.08449334
  5.100000     -0.08472106
  5.200000     -0.08491796
  5.300000     -0.08508985
  5.400000     -0.08523659
  5.500000     -0.08536526
  5.600000     -0.08548377
  5.700000     -0.08560068
  5.800000     -0.08571323
  5.900000     -0.08582585
  6.000000     -0.08544492
  6.100000     -0.08526072
  6.200000     -0.08534186
  6.300000     -0.08543890
  6.400000     -0.08555654
  6.500000     -0.08569785
  6.600000     -0.08586617
  6.700000     -0.08606311
  6.800000     -0.08629005
  6.900000     -0.08655030
  7.000000     -0.08684872
  7.100000     -0.08718462
  7.200000     -0.08752234
  7.300000     -0.08784091
  7.400000     -0.08820676
  7.500000     -0.08862200
  7.600000     -0.08908876
  7.700000     -0.08960934
  7.800000     -0.09018249
  7.900000     -0.09081366
  8.000000     -0.09150549
  8.100000     -0.09225903
  8.200000     -0.09307642
  8.300000     -0.09396046
  8.400000     -0.09491245
  8.500000     -0.09593329
  8.600000     -0.09702319
  8.700000     -0.09818485
  8.800000     -0.09941551
  8.900000     -0.10071334
  9.000000     -0.10207746
  9.100000     -0.10350871
  9.200000     -0.10500207
  9.300000     -0.10655052
  9.400000     -0.10815069
  9.500000     -0.10979851
  9.600000     -0.11148761
  9.700000     -0.11320477
  9.800000     -0.11494712
  9.900000     -0.11670497
 10.000000     -0.11846787
 10.100000     -0.12022334
 10.200000     -0.12196334
 10.300000     -0.12367621
 10.400000     -0.12534758
 10.500000     -0.12696510
 10.600000     -0.12853171
 10.700000     -0.13002504
 10.800000     -0.13142293
 10.900000     -0.13270238
 11.000000     -0.13384983
 11.100000     -0.13485052
 11.200000     -0.13565852
 11.300000     -0.13627789
 11.400000     -0.13669138
 11.500000     -0.13687656
 11.600000     -0.13681360
 11.700000     -0.13648412
 11.800000     -0.13586456
 11.900000     -0.13492480
 12.000000     -0.13363778
 12.100000     -0.13198292
 12.200000     -0.12992937
 12.300000     -0.12745312
 12.400000     -0.12453959
 12.500000     -0.12115300
 12.600000     -0.11727182
 12.700000     -0.11287520
 12.800000     -0.10794248
 12.900000     -0.10245281
 13.000000     -0.09637994
 13.100000     -0.08970464
 13.200000     -0.08241496
 13.300000     -0.07449424
 13.400000     -0.06591794
 13.500000     -0.05667542
 13.600000     -0.04675569
 13.700000     -0.03614751
 13.800000     -0.02484337
 13.900000     -0.01284187
 14.000000     -0.00013477
 14.100000      0.01328483
 14.200000      0.02740034
 14.300000      0.04221307
 14.400000      0.05771497
 14.500000      0.07390206
 14.600000      0.09074938
 14.700000      0.10824291
 14.800000      0.12637200
 14.900000      0.14510894
 15.000000      0.16443097
 15.100000      0.18430490
 15.200000      0.20470646
 15.300000      0.22560551
 15.400000      0.24695985
 15.500000      0.26873543
 15.600000      0.29089637
 15.700000      0.31340571
 15.800000      0.33622074
 15.900000      0.35929670
 16.000000      0.38259590
 16.100000      0.40607021
 16.200000      0.42966890
 16.300000      0.45334399
 16.400000      0.47704336
 16.500000      0.50071339
 16.600000      0.52430402
 16.700000      0.54775789
 16.800000      0.57102581
 16.900000      0.59406393
 17.000000      0.61682334
 17.100000      0.63925515
 17.200000      0.66132539
 17.300000      0.68300236
 17.400000      0.70424243
 17.500000      0.72501142
 17.600000      0.74528380
 17.700000      0.76502560
 17.800000      0.78421331
 17.900000      0.80281545
 18.000000      0.82079657
 18.100000      0.83813825
 18.200000      0.85479626
 18.300000      0.87073525
 18.400000      0.88593511
 18.500000      0.90036961
 18.600000      0.91399478
 18.700000      0.92677897
 18.800000      0.93868969
 18.900000      0.94967033
 19.000000      0.95970235
 19.100000      0.96873654
 19.200000      0.97673072
 19.300000      0.98363175
 19.400000      0.98938446
 19.500000      0.99394945
 19.600000      0.99727923
 19.700000      0.99931480
 19.800000      1.00000000
 19.900000      0.99928899
 20.000000      0.99712253
 20.100000      0.99344028
 20.200000      0.98822344
 20.300000      0.98145186
 20.400000      0.97307574
 20.500000      0.96306299
 20.600000      0.95140267
 20.700000      0.93806737
 20.800000      0.92306477
 20.900000      0.90639168
 21.000000      0.88804409
 21.100000      0.86804767
 21.200000      0.84642904
 21.300000      0.82322038
 21.400000      0.79845816
 21.500000      0.77217107
 21.600000      0.74442778
 21.700000      0.71529936
 21.800000      0.68485773
 21.900000      0.65315622
 22.000000      0.62024785
 22.100000      0.58622973
 22.200000      0.55119326
 22.300000      0.51521991
 22.400000      0.47841558
 22.500000      0.44084870
 22.600000      0.40261174
 22.700000      0.36381042
 22.800000      0.32454511
 22.900000      0.28490593
 23.000000      0.24497876
 23.100000      0.20485373
 23.200000      0.16462740
 23.300000      0.12439259
 23.400000      0.08423514
 23.500000      0.04423836
 23.600000      0.00448154
 23.700000     -0.03495951
 23.800000     -0.07401709
 23.900000     -0.11261751
 24.000000     -0.15069087
 24.100000     -0.18817573
 24.200000     -0.22501371
 24.300000     -0.26114128
 24.400000     -0.29539924
 24.500000     -0.32977295
 24.600000     -0.36327214
 24.700000     -0.39585071
 24.800000     -0.42744708
 24.900000     -0.45803533
 25.000000     -0.48757478
 25.100000     -0.51602693
 25.200000     -0.54336057
 25.300000     -0.56751791
 25.400000     -0.59127253
 25.500000     -0.61477019
 25.600000     -0.63704766
 25.700000     -0.65807329
 25.800000     -0.67786399
 25.900000     -0.69641884
 26.000000     -0.71371203
 26.100000     -0.72974172
 26.200000     -0.74451688
 26.300000     -0.75804357
 26.400000     -0.77033897
 26.500000     -0.78142830
 26.600000     -0.79132527
 26.700000     -0.80002238
 26.800000     -0.80755498
 26.900000     -0.81396267
 27.000000     -0.81924381
 27.100000     -0.82341067
 27.200000     -0.82652771
 27.300000     -0.82862055
 27.400000     -0.82972321
 27.500000     -0.82984846
 27.600000     -0.82904639
 27.700000     -0.82737805
 27.800000     -0.82486161
 27.900000     -0.82154805
 28.000000     -0.81749051
 28.100000     -0.81272976
 28.200000     -0.80729311
 28.300000     -0.80123033
 28.400000     -0.79460823
 28.500000     -0.78746949
 28.600000     -0.77984669
 28.700000     -0.77178623
 28.800000     -0.76331591
 28.900000     -0.75447159
 29.000000     -0.74530658
 29.100000     -0.73585599
 29.200000     -0.72614444
 29.300000     -0.71619520
 29.400000     -0.70603737
 29.500000     -0.69569484
 29.600000     -0.68518886
 29.700000     -0.67453530
 29.800000     -0.66375234
 29.900000     -0.65286096
 30.000000     -0.64186865
 30.100000     -0.63078174
 30.200000     -0.61962102
 30.300000     -0.60839445
 30.400000     -0.59711075
 30.500000     -0.58577890
 30.600000     -0.57440249
 30.700000     -0.56298813
 30.800000     -0.55154566
 30.900000     -0.54008780
 31.000000     -0.52861752
 31.100000     -0.51714237
 31.200000     -0.50566585
 31.300000     -0.49419941
 31.400000     -0.48275119
 31.500000     -0.47132457
 31.600000     -0.45992536
 31.700000     -0.44855886
 31.800000     -0.43723486
 31.900000     -0.42231642
 32.000000     -0.40394620
 32.100000     -0.39263769
 32.200000     -0.38140086
 32.300000     -0.34092008
 32.400000     -0.33017571
 32.500000     -0.31954965
 32.600000     -0.30907109
 32.700000     -0.29873484
 32.800000     -0.28854218
 32.900000     -0.27850103
 33.000000     -0.26861898
 33.100000     -0.25890548
 33.200000     -0.24937077
 33.300000     -0.24001366
 33.400000     -0.23083881
 33.500000     -0.22185387
 33.600000     -0.21304711
 33.700000     -0.20441759
 33.800000     -0.19597395
 33.900000     -0.18772425
 34.000000     -0.17965963
 34.100000     -0.17177174
 34.200000     -0.16406185
 34.300000     -0.15652404
 34.400000     -0.14916678
 34.500000     -0.14197965
 34.600000     -0.13494994
 34.700000     -0.12807536
 34.800000     -0.12146117
 34.900000     -0.10648709
 35.000000     -0.08945472
 35.100000     -0.08367099
 35.200000     -0.07316038
 35.300000     -0.06436191
 35.400000     -0.05967620
 35.500000     -0.05515699
 35.600000     -0.05081071
 35.700000     -0.04663513
 35.800000     -0.04263202
 35.900000     -0.03853750
 36.000000     -0.03457692
 36.100000     -0.03079406
 36.200000     -0.02718884
 36.300000     -0.02363221
 36.400000     -0.01541528
 36.500000     -0.00611609
 36.600000     -0.00235720
 36.700000      0.00147981
 36.800000      0.00516250
 36.900000      0.00869202
 37.000000      0.01207579
 37.100000      0.01803517
 37.200000      0.02342172
 37.300000      0.02577432
 37.400000      0.02826485
 37.500000      0.03066889
 37.600000      0.03295295
 37.700000      0.03511921
 37.800000      0.03717536
 37.900000      0.03912660
 38.000000      0.04321760
 38.100000      0.05870722
 38.200000      0.05978083
 38.300000      0.06073348
 38.400000      0.06158613
 38.500000      0.06250234
 38.600000      0.06334299
 38.700000      0.06419350
 38.800000      0.06499952
 38.900000      0.06576050
 39.000000      0.06654803
 39.100000      0.06735921
 39.200000      0.06812730
 39.300000      0.06885431
 39.400000      0.06262615
 39.500000      0.05863633
 39.600000      0.05077100
 39.700000      0.03862632
 39.800000      0.03898537
 39.900000      0.03932121
