  0.000000     -0.00467707
  0.100000     -0.00485092
  0.200000     -0.00503133
  0.300000     -0.00518538
  0.400000     -0.00532638
  0.500000     -0.00536776
  0.600000     -0.00533838
  0.700000     -0.00528862
  0.800000     -0.00519729
  0.900000     -0.00510552
  1.000000     -0.00500350
  1.100000     -0.00485739
  1.200000     -0.00445530
  1.300000     -0.00398869
  1.400000     -0.00354325
  1.500000     -0.00322280
  1.600000     -0.00295000
  1.700000     -0.00265962
  1.800000     -0.00240527
  1.900000     -0.00223228
  2.000000     -0.00213221
  2.100000     -0.00208007
  2.200000     -0.00203846
  2.300000     -0.00201955
  2.400000     -0.00196635
  2.500000     -0.00181707
  2.600000     -0.00162587
  2.700000     -0.00141559
  2.800000     -0.00107723
  2.900000     -0.00058180
  3.000000      0.00001443
  3.100000      0.00054256
  3.200000      0.00101992
  3.300000      0.00162229
  3.400000      0.00215885
  3.500000      0.00249252
  3.600000      0.00286066
  3.700000      0.00321344
  3.800000      0.00342612
  3.900000      0.00355563
  4.000000      0.00379835
  4.100000      0.00407013
  4.200000      0.00449559
  4.300000      0.00489538
  4.400000      0.00533767
  4.500000      0.00580384
  4.600000      0.00626179
  4.700000      0.00685083
  4.800000      0.00747475
  4.900000      0.00794649
  5.000000      0.00850740
  5.100000      0.00900410
  5.200000      0.00931874
  5.300000      0.00991223
  5.400000      0.01063355
  5.500000      0.01137004
  5.600000      0.01233096
  5.700000      0.01326379
  5.800000      0.01432875
  5.900000      0.01557247
  6.000000      0.01689988
  6.100000      0.01846900
  6.200000      0.02018191
  6.300000      0.02179532
  6.400000      0.02360725
  6.500000      0.02536275
  6.600000      0.02687433
  6.700000      0.02833378
  6.800000      0.02981032
  6.900000      0.03111610
  7.000000      0.03238079
  7.100000      0.03375532
  7.200000      0.03520513
  7.300000      0.03685617
  7.400000      0.03858389
  7.500000      0.04037051
  7.600000      0.04220924
  7.700000      0.04401303
  7.800000      0.04564207
  7.900000      0.04714114
  8.000000      0.04842486
  8.100000      0.04963939
  8.200000      0.05044951
  8.300000      0.05115437
  8.400000      0.05185747
  8.500000      0.05217499
  8.600000      0.05256688
  8.700000      0.05273374
  8.800000      0.05264750
  8.900000      0.05259819
  9.000000      0.05241311
  9.100000      0.05231472
  9.200000      0.05199208
  9.300000      0.05164563
  9.400000      0.05116503
  9.500000      0.05043901
  9.600000      0.04958714
  9.700000      0.04836174
  9.800000      0.04661685
  9.900000      0.04481701
 10.000000      0.04294367
 10.100000      0.04094881
 10.200000      0.03921401
 10.300000      0.03742668
 10.400000      0.03545401
 10.500000      0.03384083
 10.600000      0.03197271
 10.700000      0.02995321
 10.800000      0.02797937
 10.900000      0.02589540
 11.000000      0.02369460
 11.100000      0.02158920
 11.200000      0.01979637
 11.300000      0.01813349
 11.400000      0.01638581
 11.500000      0.01481701
 11.600000      0.01327010
 11.700000      0.01200241
 11.800000      0.01096854
 11.900000      0.00989963
 12.000000      0.00895209
 12.100000      0.00855650
 12.200000      0.00920113
 12.300000      0.01071840
 12.400000      0.01313956
 12.500000      0.01727576
 12.600000      0.02290038
 12.700000      0.03040237
 12.800000      0.04008819
 12.900000      0.05203725
 13.000000      0.06580250
 13.100000      0.08171031
 13.200000      0.10087109
 13.300000      0.12382588
 13.400000      0.15076734
 13.500000      0.18196778
 13.600000      0.21737389
 13.700000      0.25687691
 13.800000      0.29981383
 13.900000      0.34614774
 14.000000      0.39552201
 14.100000      0.44796422
 14.200000      0.50259165
 14.300000      0.55742092
 14.400000      0.61133811
 14.500000      0.66380684
 14.600000      0.71442621
 14.700000      0.76256501
 14.800000      0.80764071
 14.900000      0.84985047
 15.000000      0.88809801
 15.100000      0.92148158
 15.200000      0.94884414
 15.300000      0.97009420
 15.400000      0.98596935
 15.500000      0.99592341
 15.600000      1.00000000
 15.700000      0.99740677
 15.800000      0.98847672
 15.900000      0.97333196
 16.000000      0.95167346
 16.100000      0.92439292
 16.200000      0.89186813
 16.300000      0.85426770
 16.400000      0.81187068
 16.500000      0.76559386
 16.600000      0.71579504
 16.700000      0.66245349
 16.800000      0.60630438
 16.900000      0.54807393
 17.000000      0.48847879
 17.100000      0.42834953
 17.200000      0.36838098
 17.300000      0.30917059
 17.400000      0.25010401
 17.500000      0.19217528
 17.600000      0.13628677
 17.700000      0.08307021
 17.800000      0.03339620
 17.900000     -0.01320800
 18.000000     -0.05669461
 18.100000     -0.09634863
 18.200000     -0.13210035
 18.300000     -0.16333685
 18.400000     -0.19003226
 18.500000     -0.21220345
 18.600000     -0.22962927
 18.700000     -0.24286701
 18.800000     -0.25144464
 18.900000     -0.25587437
 19.000000     -0.25642116
 19.100000     -0.25418127
 19.200000     -0.24870310
 19.300000     -0.23989245
 19.400000     -0.22858280
 19.500000     -0.21485077
 19.600000     -0.19931696
 19.700000     -0.18298493
 19.800000     -0.16611778
 19.900000     -0.14756564
 20.000000     -0.12716143
 20.100000     -0.10557773
 20.200000     -0.08309652
 20.300000     -0.06017925
 20.400000     -0.03736316
 20.500000     -0.01455708
 20.600000      0.00794798
 20.700000      0.02989131
 20.800000      0.05060355
 20.900000      0.07016774
 21.000000      0.08856271
 21.100000      0.10601261
 21.200000      0.12168740
 21.300000      0.13535761
 21.400000      0.14702820
 21.500000      0.15664779
 21.600000      0.16428808
 21.700000      0.17052349
 21.800000      0.17522075
 21.900000      0.17817585
 22.000000      0.17970310
 22.100000      0.18038771
 22.200000      0.17919154
 22.300000      0.17564946
 22.400000      0.16973492
 22.500000      0.16156369
 22.600000      0.15135514
 22.700000      0.13918603
 22.800000      0.12593817
 22.900000      0.11200881
 23.000000      0.09696334
 23.100000      0.08051926
 23.200000      0.06314478
 23.300000      0.04518669
 23.400000      0.02657756
 23.500000      0.00766850
 23.600000     -0.01090746
 23.700000     -0.02898688
 23.800000     -0.04722952
 23.900000     -0.06529380
 24.000000     -0.08360066
 24.100000     -0.10182200
 24.200000     -0.11998341
 24.300000     -0.13812529
 24.400000     -0.15582682
 24.500000     -0.17304264
 24.600000     -0.18973771
 24.700000     -0.20598125
 24.800000     -0.22179557
 24.900000     -0.23703111
 25.000000     -0.25165453
 25.100000     -0.26606982
 25.200000     -0.27970429
 25.300000     -0.29257724
 25.400000     -0.30476697
 25.500000     -0.31623675
 25.600000     -0.32691200
 25.700000     -0.33707180
 25.800000     -0.34655338
 25.900000     -0.35518130
 26.000000     -0.36305417
 26.100000     -0.36999315
 26.200000     -0.37601252
 26.300000     -0.38114425
 26.400000     -0.38528745
 26.500000     -0.38872277
 26.600000     -0.39175614
 26.700000     -0.39400707
 26.800000     -0.39610044
 26.900000     -0.39785208
 27.000000     -0.39933143
 27.100000     -0.40064059
 27.200000     -0.40135445
 27.300000     -0.40177947
 27.400000     -0.40196073
 27.500000     -0.40154152
 27.600000     -0.40096148
 27.700000     -0.40004464
 27.800000     -0.39883668
 27.900000     -0.39739735
 28.000000     -0.39572587
 28.100000     -0.39379684
 28.200000     -0.39144240
 28.300000     -0.38883681
 28.400000     -0.38602166
 28.500000     -0.38276743
 28.600000     -0.37914802
 28.700000     -0.37505120
 28.800000     -0.37065132
 28.900000     -0.36623542
 29.000000     -0.36175468
 29.100000     -0.35709462
 29.200000     -0.35229584
 29.300000     -0.34750507
 29.400000     -0.34246322
 29.500000     -0.33697541
 29.600000     -0.33143933
 29.700000     -0.32593420
 29.800000     -0.32064173
 29.900000     -0.31561821
 30.000000     -0.31083748
 30.100000     -0.30621775
 30.200000     -0.30164571
 30.300000     -0.29713774
 30.400000     -0.29280919
 30.500000     -0.28861598
 30.600000     -0.28452245
 30.700000     -0.28061462
 30.800000     -0.27675237
 30.900000     -0.27297073
 31.000000     -0.26924453
 31.100000     -0.26531696
 31.200000     -0.26127806
 31.300000     -0.25747718
 31.400000     -0.25360715
 31.500000     -0.24980816
 31.600000     -0.24608267
 31.700000     -0.24244341
 31.800000     -0.23905252
 31.900000     -0.23569135
 32.000000     -0.23259028
 32.100000     -0.22958327
 32.200000     -0.22655438
 32.300000     -0.22369032
 32.400000     -0.22096609
 32.500000     -0.21841694
 32.600000     -0.21597643
 32.700000     -0.21363008
 32.800000     -0.21135914
 32.900000     -0.20912420
 33.000000     -0.20695164
 33.100000     -0.20496858
 33.200000     -0.20307779
 33.300000     -0.20131369
 33.400000     -0.19959978
 33.500000     -0.19787938
 33.600000     -0.19605692
 33.700000     -0.19398476
 33.800000     -0.19172979
 33.900000     -0.18942343
 34.000000     -0.18707434
 34.100000     -0.18468491
 34.200000     -0.18217683
 34.300000     -0.17958005
 34.400000     -0.17702037
 34.500000     -0.17444851
 34.600000     -0.17180288
 34.700000     -0.16914779
 34.800000     -0.16650924
 34.900000     -0.16388746
 35.000000     -0.16126216
 35.100000     -0.15866360
 35.200000     -0.15613059
 35.300000     -0.15364389
 35.400000     -0.15123998
 35.500000     -0.14923746
 35.600000     -0.14762191
 35.700000     -0.14605972
 35.800000     -0.14470600
 35.900000     -0.14357227
 36.000000     -0.14260632
 36.100000     -0.14176805
 36.200000     -0.14112577
 36.300000     -0.14071536
 36.400000     -0.14045156
 36.500000     -0.14027288
 36.600000     -0.14021838
 36.700000     -0.14022812
 36.800000     -0.14025880
 36.900000     -0.14009473
 37.000000     -0.13973377
 37.100000     -0.13928858
 37.200000     -0.13872144
 37.300000     -0.13798549
 37.400000     -0.13708106
 37.500000     -0.13618663
 37.600000     -0.13504339
 37.700000     -0.13370456
 37.800000     -0.13212048
 37.900000     -0.13036665
 38.000000     -0.12842727
 38.100000     -0.12637398
 38.200000     -0.12422024
 38.300000     -0.12245528
 38.400000     -0.12063345
 38.500000     -0.11879178
 38.600000     -0.11700188
 38.700000     -0.11521184
 38.800000     -0.11336902
 38.900000     -0.11142949
 39.000000     -0.10952796
 39.100000     -0.10765586
 39.200000     -0.10585497
 39.300000     -0.10407429
 39.400000     -0.10233180
 39.500000     -0.10075678
 39.600000     -0.09925699
 39.700000     -0.09781932
 39.800000     -0.09653007
 39.900000     -0.09553808
