  0.000000     -0.01119009
  0.100000     -0.01142232
  0.200000     -0.01185887
  0.300000     -0.01237415
  0.400000     -0.01299075
  0.500000     -0.01342142
  0.600000     -0.01374205
  0.700000     -0.01384151
  0.800000     -0.01404605
  0.900000     -0.01421746
  1.000000     -0.01434771
  1.100000     -0.01432791
  1.200000     -0.01417651
  1.300000     -0.01391775
  1.400000     -0.01344806
  1.500000     -0.01319692
  1.600000     -0.01323987
  1.700000     -0.01317511
  1.800000     -0.01294890
  1.900000     -0.01264378
  2.000000     -0.01263313
  2.100000     -0.01284917
  2.200000     -0.01322147
  2.300000     -0.01370604
  2.400000     -0.01438460
  2.500000     -0.01505460
  2.600000     -0.01619004
  2.700000     -0.01751888
  2.800000     -0.01875442
  2.900000     -0.01960518
  3.000000     -0.02042850
  3.100000     -0.02164494
  3.200000     -0.02274380
  3.300000     -0.02395157
  3.400000     -0.02527565
  3.500000     -0.02634592
  3.600000     -0.02691964
  3.700000     -0.02742555
  3.800000     -0.02784072
  3.900000     -0.02804451
  4.000000     -0.02824201
  4.100000     -0.02872627
  4.200000     -0.02902735
  4.300000     -0.02954807
  4.400000     -0.03031893
  4.500000     -0.03107502
  4.600000     -0.03166221
  4.700000     -0.03218952
  4.800000     -0.03242665
  4.900000     -0.03232299
  5.000000     -0.03242403
  5.100000     -0.03273635
  5.200000     -0.03317163
  5.300000     -0.03388949
  5.400000     -0.03445260
  5.500000     -0.03498285
  5.600000     -0.03569094
  5.700000     -0.03630379
  5.800000     -0.03717327
  5.900000     -0.03850435
  6.000000     -0.04011433
  6.100000     -0.04176473
  6.200000     -0.04346841
  6.300000     -0.04510233
  6.400000     -0.04664145
  6.500000     -0.04829746
  6.600000     -0.04992235
  6.700000     -0.05148555
  6.800000     -0.05312718
  6.900000     -0.05454960
  7.000000     -0.05588511
  7.100000     -0.05734425
  7.200000     -0.05867370
  7.300000     -0.05972807
  7.400000     -0.06102649
  7.500000     -0.06273923
  7.600000     -0.06478678
  7.700000     -0.06686106
  7.800000     -0.06866259
  7.900000     -0.07066556
  8.000000     -0.07281468
  8.100000     -0.07545563
  8.200000     -0.07836401
  8.300000     -0.08118106
  8.400000     -0.08356694
  8.500000     -0.08574308
  8.600000     -0.08782278
  8.700000     -0.08985406
  8.800000     -0.09159645
  8.900000     -0.09296220
  9.000000     -0.09364378
  9.100000     -0.09445472
  9.200000     -0.09531454
  9.300000     -0.09565005
  9.400000     -0.09591404
  9.500000     -0.09636968
  9.600000     -0.09709484
  9.700000     -0.09815838
  9.800000     -0.09924199
  9.900000     -0.10038251
 10.000000     -0.10179784
 10.100000     -0.10330509
 10.200000     -0.10485513
 10.300000     -0.10621379
 10.400000     -0.10770916
 10.500000     -0.10977239
 10.600000     -0.11239981
 10.700000     -0.11559228
 10.800000     -0.11937261
 10.900000     -0.12382538
 11.000000     -0.12877129
 11.100000     -0.13428645
 11.200000     -0.13982123
 11.300000     -0.14477851
 11.400000     -0.14978932
 11.500000     -0.15559905
 11.600000     -0.16242910
 11.700000     -0.16949499
 11.800000     -0.17666291
 11.900000     -0.18482881
 12.000000     -0.19340098
 12.100000     -0.20203247
 12.200000     -0.21166433
 12.300000     -0.22223340
 12.400000     -0.23329393
 12.500000     -0.24541011
 12.600000     -0.25774365
 12.700000     -0.27108546
 12.800000     -0.28533040
 12.900000     -0.30017462
 13.000000     -0.31623761
 13.100000     -0.33273324
 13.200000     -0.34964750
 13.300000     -0.36746574
 13.400000     -0.38617393
 13.500000     -0.40462052
 13.600000     -0.42342986
 13.700000     -0.44252071
 13.800000     -0.46167590
 13.900000     -0.48155243
 14.000000     -0.50168555
 14.100000     -0.52221705
 14.200000     -0.54242307
 14.300000     -0.56225041
 14.400000     -0.58071112
 14.500000     -0.59851953
 14.600000     -0.61499786
 14.700000     -0.62923027
 14.800000     -0.64044609
 14.900000     -0.64865896
 15.000000     -0.65407672
 15.100000     -0.65642255
 15.200000     -0.65558670
 15.300000     -0.65141580
 15.400000     -0.64315629
 15.500000     -0.63120162
 15.600000     -0.61463449
 15.700000     -0.59301870
 15.800000     -0.56609046
 15.900000     -0.53288235
 16.000000     -0.49268815
 16.100000     -0.44531595
 16.200000     -0.39018804
 16.300000     -0.32878822
 16.400000     -0.25970591
 16.500000     -0.18437423
 16.600000     -0.10447373
 16.700000     -0.02034092
 16.800000      0.06705048
 16.900000      0.15707334
 17.000000      0.24738339
 17.100000      0.33699088
 17.200000      0.42447218
 17.300000      0.50766643
 17.400000      0.58641765
 17.500000      0.65941409
 17.600000      0.72583412
 17.700000      0.78592501
 17.800000      0.83882044
 17.900000      0.88502481
 18.000000      0.92340520
 18.100000      0.95317588
 18.200000      0.97476586
 18.300000      0.98960902
 18.400000      0.99754672
 18.500000      1.00000000
 18.600000      0.99690296
 18.700000      0.98849736
 18.800000      0.97682581
 18.900000      0.96220315
 19.000000      0.94490791
 19.100000      0.92575642
 19.200000      0.90520400
 19.300000      0.88321284
 19.400000      0.85896155
 19.500000      0.83220137
 19.600000      0.80145707
 19.700000      0.76742715
 19.800000      0.73002287
 19.900000      0.68941024
 20.000000      0.64604844
 20.100000      0.59927602
 20.200000      0.55052035
 20.300000      0.50020762
 20.400000      0.44816216
 20.500000      0.39503566
 20.600000      0.34069293
 20.700000      0.28672715
 20.800000      0.23408491
 20.900000      0.18338966
 21.000000      0.13659951
 21.100000      0.09424441
 21.200000      0.05568142
 21.300000      0.02058388
 21.400000     -0.01016539
 21.500000     -0.03621335
 21.600000     -0.05713538
 21.700000     -0.07337378
 21.800000     -0.08533805
 21.900000     -0.09335117
 22.000000     -0.09714312
 22.100000     -0.09733770
 22.200000     -0.09551799
 22.300000     -0.09236736
 22.400000     -0.08833344
 22.500000     -0.08312379
 22.600000     -0.07708738
 22.700000     -0.07058029
 22.800000     -0.06329070
 22.900000     -0.05559932
 23.000000     -0.04748576
 23.100000     -0.03962669
 23.200000     -0.03204508
 23.300000     -0.02369642
 23.400000     -0.01519708
 23.500000     -0.00635347
 23.600000      0.00288297
 23.700000      0.01164630
 23.800000      0.02058411
 23.900000      0.02970164
 24.000000      0.03847931
 24.100000      0.04638651
 24.200000      0.05349270
 24.300000      0.05985954
 24.400000      0.06574219
 24.500000      0.07094116
 24.600000      0.07455369
 24.700000      0.07673887
 24.800000      0.07815642
 24.900000      0.07934856
 25.000000      0.08044417
 25.100000      0.08034950
 25.200000      0.07992208
 25.300000      0.07952809
 25.400000      0.07895981
 25.500000      0.07808663
 25.600000      0.07747472
 25.700000      0.07661105
 25.800000      0.07579803
 25.900000      0.07501128
 26.000000      0.07336189
 26.100000      0.07049386
 26.200000      0.06780450
 26.300000      0.06418299
 26.400000      0.06016799
 26.500000      0.05552843
 26.600000      0.05068444
 26.700000      0.04482142
 26.800000      0.03947594
 26.900000      0.03455110
 27.000000      0.03056726
 27.100000      0.02701845
 27.200000      0.02379719
 27.300000      0.02062665
 27.400000      0.01736976
 27.500000      0.01517871
 27.600000      0.01388666
 27.700000      0.01339208
 27.800000      0.01345026
 27.900000      0.01344514
 28.000000      0.01331524
 28.100000      0.01351572
 28.200000      0.01343882
 28.300000      0.01370454
 28.400000      0.01390038
 28.500000      0.01435174
 28.600000      0.01494019
 28.700000      0.01577169
 28.800000      0.01615189
 28.900000      0.01617886
 29.000000      0.01589167
 29.100000      0.01568382
 29.200000      0.01577141
 29.300000      0.01633259
 29.400000      0.01697954
 29.500000      0.01780839
 29.600000      0.01914969
 29.700000      0.02093077
 29.800000      0.02266450
 29.900000      0.02463794
 30.000000      0.02717539
 30.100000      0.03005143
 30.200000      0.03304898
 30.300000      0.03633706
 30.400000      0.03922110
 30.500000      0.04152028
 30.600000      0.04342100
 30.700000      0.04567302
 30.800000      0.04798155
 30.900000      0.05019904
 31.000000      0.05196425
 31.100000      0.05328763
 31.200000      0.05412358
 31.300000      0.05488173
 31.400000      0.05566727
 31.500000      0.05639188
 31.600000      0.05683817
 31.700000      0.05741311
 31.800000      0.05830420
 31.900000      0.05938795
 32.000000      0.06036486
 32.100000      0.06117286
 32.200000      0.06195172
 32.300000      0.06243966
 32.400000      0.06250684
 32.500000      0.06184524
 32.600000      0.06051271
 32.700000      0.05875436
 32.800000      0.05628213
 32.900000      0.05360878
 33.000000      0.05067397
 33.100000      0.04780459
 33.200000      0.04496299
 33.300000      0.04205552
 33.400000      0.03878168
 33.500000      0.03580349
 33.600000      0.03312097
 33.700000      0.03033177
 33.800000      0.02752655
 33.900000      0.02499670
 34.000000      0.02237857
 34.100000      0.01995824
 34.200000      0.01768241
 34.300000      0.01538225
 34.400000      0.01352791
 34.500000      0.01211865
 34.600000      0.01137441
 34.700000      0.01106570
 34.800000      0.01098992
 34.900000      0.01094725
 35.000000      0.01103754
 35.100000      0.01106807
 35.200000      0.01125357
 35.300000      0.01146628
 35.400000      0.01179538
 35.500000      0.01226791
 35.600000      0.01249191
 35.700000      0.01258638
 35.800000      0.01238588
 35.900000      0.01219453
 36.000000      0.01184054
 36.100000      0.01127129
 36.200000      0.01038282
 36.300000      0.00943819
 36.400000      0.00887262
 36.500000      0.00859553
 36.600000      0.00814927
 36.700000      0.00748854
 36.800000      0.00672155
 36.900000      0.00605540
 37.000000      0.00555507
 37.100000      0.00514499
 37.200000      0.00461852
 37.300000      0.00425182
 37.400000      0.00399167
 37.500000      0.00366598
 37.600000      0.00325855
 37.700000      0.00283309
 37.800000      0.00248664
 37.900000      0.00216854
 38.000000      0.00172247
 38.100000      0.00114683
 38.200000      0.00045310
 38.300000     -0.00003499
 38.400000     -0.00032935
 38.500000     -0.00048290
 38.600000     -0.00081411
 38.700000     -0.00124004
 38.800000     -0.00145566
 38.900000     -0.00154135
 39.000000     -0.00164869
 39.100000     -0.00164331
 39.200000     -0.00162545
 39.300000     -0.00136420
 39.400000     -0.00098955
 39.500000     -0.00069438
 39.600000     -0.00052967
 39.700000     -0.00037311
 39.800000     -0.00024137
 39.900000     -0.00005260
