  0.000000     -0.01279838
  0.100000     -0.01297722
  0.200000     -0.01303995
  0.300000     -0.01317833
  0.400000     -0.01369481
  0.500000     -0.01431950
  0.600000     -0.01518648
  0.700000     -0.01744074
  0.800000     -0.01758615
  0.900000     -0.01774305
  1.000000     -0.01817272
  1.100000     -0.01868792
  1.200000     -0.02004451
  1.300000     -0.02092654
  1.400000     -0.02088862
  1.500000     -0.02093849
  1.600000     -0.02061131
  1.700000     -0.02055581
  1.800000     -0.02082678
  1.900000     -0.02140794
  2.000000     -0.02131673
  2.100000     -0.02109410
  2.200000     -0.02125975
  2.300000     -0.02151588
  2.400000     -0.02133301
  2.500000     -0.02134595
  2.600000     -0.02225287
  2.700000     -0.02306927
  2.800000     -0.02339073
  2.900000     -0.02316066
  3.000000     -0.02384459
  3.100000     -0.02278381
  3.200000     -0.02264400
  3.300000     -0.02224873
  3.400000     -0.02174264
  3.500000     -0.02205889
  3.600000     -0.02173974
  3.700000     -0.02089422
  3.800000     -0.02060483
  3.900000     -0.02124646
  4.000000     -0.02152537
  4.100000     -0.02196396
  4.200000     -0.02169885
  4.300000     -0.02129373
  4.400000     -0.02108742
  4.500000     -0.02087125
  4.600000     -0.02041696
  4.700000     -0.02023301
  4.800000     -0.01999601
  4.900000     -0.01970089
  5.000000     -0.01948012
  5.100000     -0.01926608
  5.200000     -0.01949357
  5.300000     -0.01938358
  5.400000     -0.01924327
  5.500000     -0.01821608
  5.600000     -0.01795205
  5.700000     -0.01814431
  5.800000     -0.01884283
  5.900000     -0.01932211
  6.000000     -0.01967445
  6.100000     -0.02029697
  6.200000     -0.02091784
  6.300000     -0.02129572
  6.400000     -0.02166160
  6.500000     -0.02252618
  6.600000     -0.02351976
  6.700000     -0.02439971
  6.800000     -0.02557277
  6.900000     -0.02696681
  7.000000     -0.02839374
  7.100000     -0.02992007
  7.200000     -0.03202857
  7.300000     -0.03382150
  7.400000     -0.03552863
  7.500000     -0.03737655
  7.600000     -0.03940785
  7.700000     -0.04152331
  7.800000     -0.04371873
  7.900000     -0.04598691
  8.000000     -0.04832228
  8.100000     -0.05071658
  8.200000     -0.05416371
  8.300000     -0.05676984
  8.400000     -0.06130004
  8.500000     -0.06400275
  8.600000     -0.06655112
  8.700000     -0.06910561
  8.800000     -0.07166253
  8.900000     -0.07421162
  9.000000     -0.07674451
  9.100000     -0.07925688
  9.200000     -0.08174276
  9.300000     -0.08421262
  9.400000     -0.08668139
  9.500000     -0.08904006
  9.600000     -0.09133041
  9.700000     -0.09354416
  9.800000     -0.09567557
  9.900000     -0.09771705
 10.000000     -0.09966236
 10.100000     -0.10124065
 10.200000     -0.10294261
 10.300000     -0.10455072
 10.400000     -0.10602938
 10.500000     -0.10736479
 10.600000     -0.10854298
 10.700000     -0.10954693
 10.800000     -0.11035885
 10.900000     -0.11095879
 11.000000     -0.11132500
 11.100000     -0.11142905
 11.200000     -0.11124963
 11.300000     -0.11076004
 11.400000     -0.10993047
 11.500000     -0.10873373
 11.600000     -0.10713911
 11.700000     -0.10511830
 11.800000     -0.10264060
 11.900000     -0.09967965
 12.000000     -0.09620901
 12.100000     -0.09220191
 12.200000     -0.08762776
 12.300000     -0.08246472
 12.400000     -0.07669444
 12.500000     -0.07029232
 12.600000     -0.06323815
 12.700000     -0.05551063
 12.800000     -0.04709555
 12.900000     -0.03797578
 13.000000     -0.02813014
 13.100000     -0.01754161
 13.200000     -0.00620246
 13.300000      0.00590130
 13.400000      0.01877688
 13.500000      0.03243581
 13.600000      0.04688456
 13.700000      0.06213081
 13.800000      0.07817492
 13.900000      0.09501848
 14.000000      0.11266266
 14.100000      0.13110071
 14.200000      0.15033058
 14.300000      0.17034315
 14.400000      0.19112824
 14.500000      0.21266973
 14.600000      0.23495271
 14.700000      0.25795690
 14.800000      0.28166031
 14.900000      0.30603713
 15.000000      0.33105560
 15.100000      0.35667900
 15.200000      0.38286789
 15.300000      0.40957661
 15.400000      0.43675519
 15.500000      0.46435075
 15.600000      0.49230283
 15.700000      0.52054660
 15.800000      0.54900829
 15.900000      0.57760984
 16.000000      0.60626820
 16.100000      0.63488941
 16.200000      0.66337207
 16.300000      0.69161249
 16.400000      0.71949542
 16.500000      0.74690078
 16.600000      0.77369720
 16.700000      0.79975074
 16.800000      0.82491795
 16.900000      0.84905022
 17.000000      0.87199040
 17.100000      0.89358267
 17.200000      0.91366365
 17.300000      0.93206702
 17.400000      0.94862903
 17.500000      0.96317191
 17.600000      0.97553683
 17.700000      0.98555576
 17.800000      0.99308232
 17.900000      0.99795212
 18.000000      1.00000000
 18.100000      0.99909221
 18.200000      0.99512059
 18.300000      0.98797922
 18.400000      0.97760695
 18.500000      0.96394232
 18.600000      0.94695421
 18.700000      0.92661945
 18.800000      0.90293549
 18.900000      0.87593238
 19.000000      0.84567878
 19.100000      0.81226837
 19.200000      0.77581599
 19.300000      0.73647561
 19.400000      0.69440905
 19.500000      0.64981799
 19.600000      0.60291112
 19.700000      0.55393182
 19.800000      0.50314069
 19.900000      0.45079748
 20.000000      0.39716394
 20.100000      0.34252367
 20.200000      0.28717010
 20.300000      0.23138299
 20.400000      0.17544511
 20.500000      0.11961074
 20.600000      0.06415793
 20.700000      0.00934641
 20.800000     -0.04458932
 20.900000     -0.09743025
 21.000000     -0.14896279
 21.100000     -0.19898815
 21.200000     -0.24732309
 21.300000     -0.29379850
 21.400000     -0.33826654
 21.500000     -0.38059301
 21.600000     -0.42065996
 21.700000     -0.45836694
 21.800000     -0.49362949
 21.900000     -0.52639321
 22.000000     -0.55661883
 22.100000     -0.58428327
 22.200000     -0.60935375
 22.300000     -0.63184327
 22.400000     -0.65179481
 22.500000     -0.66923839
 22.600000     -0.68422757
 22.700000     -0.69680883
 22.800000     -0.70707157
 22.900000     -0.71508474
 23.000000     -0.72092902
 23.100000     -0.72468895
 23.200000     -0.72647944
 23.300000     -0.72637928
 23.400000     -0.72450787
 23.500000     -0.72095604
 23.600000     -0.71581996
 23.700000     -0.70920203
 23.800000     -0.70120218
 23.900000     -0.69191143
 24.000000     -0.68142128
 24.100000     -0.66983969
 24.200000     -0.65724946
 24.300000     -0.64373434
 24.400000     -0.62937641
 24.500000     -0.61426911
 24.600000     -0.59848487
 24.700000     -0.58210075
 24.800000     -0.56518673
 24.900000     -0.54781132
 25.000000     -0.53004527
 25.100000     -0.51195883
 25.200000     -0.49361748
 25.300000     -0.47508160
 25.400000     -0.45641807
 25.500000     -0.43768951
 25.600000     -0.41895546
 25.700000     -0.40027866
 25.800000     -0.38171530
 25.900000     -0.36331667
 26.000000     -0.34513452
 26.100000     -0.32721336
 26.200000     -0.30959566
 26.300000     -0.29232029
 26.400000     -0.27541596
 26.500000     -0.25890863
 26.600000     -0.24282596
 26.700000     -0.22718460
 26.800000     -0.21200434
 26.900000     -0.19729556
 27.000000     -0.18307604
 27.100000     -0.16935334
 27.200000     -0.15614278
 27.300000     -0.14344797
 27.400000     -0.13127585
 27.500000     -0.11963698
 27.600000     -0.10853381
 27.700000     -0.09797123
 27.800000     -0.08794698
 27.900000     -0.07846948
 28.000000     -0.06953060
 28.100000     -0.06112643
 28.200000     -0.05325509
 28.300000     -0.04592449
 28.400000     -0.03910389
 28.500000     -0.03278026
 28.600000     -0.02694153
 28.700000     -0.02157772
 28.800000     -0.01667719
 28.900000     -0.01222030
 29.000000     -0.00818891
 29.100000     -0.00456548
 29.200000     -0.00133810
 29.300000      0.00151297
 29.400000      0.00399707
 29.500000      0.00613390
 29.600000      0.00793364
 29.700000      0.00941379
 29.800000      0.01058980
 29.900000      0.01147308
 30.000000      0.01207216
 30.100000      0.01240047
 30.200000      0.01246525
 30.300000      0.01228083
 30.400000      0.01185654
 30.500000      0.01120124
 30.600000      0.01032625
 30.700000      0.00924535
 30.800000      0.00796953
 30.900000      0.00651036
 31.000000      0.00487871
 31.100000      0.00308519
 31.200000      0.00114330
 31.300000     -0.00093436
 31.400000     -0.00331958
 31.500000     -0.00597396
 31.600000     -0.00834311
 31.700000     -0.01080236
 31.800000     -0.01333726
 31.900000     -0.01597814
 32.000000     -0.01868313
 32.100000     -0.02141582
 32.200000     -0.02416235
 32.300000     -0.02691305
 32.400000     -0.02965012
 32.500000     -0.03251373
 32.600000     -0.03542911
 32.700000     -0.03816944
 32.800000     -0.04084877
 32.900000     -0.04345762
 33.000000     -0.04598380
 33.100000     -0.04841840
 33.200000     -0.05075024
 33.300000     -0.05296644
 33.400000     -0.05502510
 33.500000     -0.05698671
 33.600000     -0.05924548
 33.700000     -0.06156539
 33.800000     -0.06312448
 33.900000     -0.06452639
 34.000000     -0.06558535
 34.100000     -0.06624087
 34.200000     -0.06716378
 34.300000     -0.06793356
 34.400000     -0.06855360
 34.500000     -0.06902975
 34.600000     -0.06935877
 34.700000     -0.06936672
 34.800000     -0.06924549
 34.900000     -0.06900490
 35.000000     -0.06865554
 35.100000     -0.06821127
 35.200000     -0.06767914
 35.300000     -0.06706561
 35.400000     -0.06639359
 35.500000     -0.06621294
 35.600000     -0.06628983
 35.700000     -0.06548576
 35.800000     -0.06464155
 35.900000     -0.06376700
 36.000000     -0.06285587
 36.100000     -0.06190681
 36.200000     -0.06033303
 36.300000     -0.05826697
 36.400000     -0.05722290
 36.500000     -0.05616324
 36.600000     -0.05509912
 36.700000     -0.05399947
 36.800000     -0.05297374
 36.900000     -0.05204512
 37.000000     -0.04921601
 37.100000     -0.04768339
 37.200000     -0.04700405
 37.300000     -0.04425402
 37.400000     -0.04351447
 37.500000     -0.04315754
 37.600000     -0.04337317
 37.700000     -0.04306370
 37.800000     -0.04279023
 37.900000     -0.04322762
 38.000000     -0.04307549
 38.100000     -0.04331936
 38.200000     -0.04325113
 38.300000     -0.04509781
 38.400000     -0.04459935
 38.500000     -0.04450069
 38.600000     -0.04441785
 38.700000     -0.04406685
 38.800000     -0.04432628
 38.900000     -0.04580232
 39.000000     -0.04713650
 39.100000     -0.04580047
 39.200000     -0.04510789
 39.300000     -0.04462326
 39.400000     -0.04469739
 39.500000     -0.04435592
 39.600000     -0.04385472
 39.700000     -0.04385539
 39.800000     -0.04318898
 39.900000     -0.04463085
