  0.000000     -0.00439624
  0.100000     -0.00484451
  0.200000     -0.00490608
  0.300000     -0.00522915
  0.400000     -0.00646488
  0.500000     -0.00795979
  0.600000     -0.00866331
  0.700000     -0.00900303
  0.800000     -0.00989927
  0.900000     -0.01141446
  1.000000     -0.01273802
  1.100000     -0.01406259
  1.200000     -0.01594675
  1.300000     -0.01887848
  1.400000     -0.02203822
  1.500000     -0.02482756
  1.600000     -0.02755658
  1.700000     -0.03002169
  1.800000     -0.03250322
  1.900000     -0.03517905
  2.000000     -0.03661152
  2.100000     -0.03714593
  2.200000     -0.03677819
  2.300000     -0.03599446
  2.400000     -0.03393328
  2.500000     -0.02987329
  2.600000     -0.02476295
  2.700000     -0.02010693
  2.800000     -0.01649021
  2.900000     -0.01069153
  3.000000     -0.00747679
  3.100000     -0.00508150
  3.200000     -0.00202297
  3.300000      0.00487771
  3.400000      0.00956883
  3.500000      0.01313848
  3.600000      0.01445580
  3.700000      0.01601571
  3.800000      0.01599927
  3.900000      0.01326715
  4.000000      0.00977084
  4.100000      0.00460175
  4.200000     -0.00159791
  4.300000     -0.00651181
  4.400000     -0.01404815
  4.500000     -0.01948795
  4.600000     -0.02642566
  4.700000     -0.02625775
  4.800000     -0.02229478
  4.900000     -0.01654850
  5.000000     -0.01090546
  5.100000     -0.00458916
  5.200000      0.00043347
  5.300000      0.00309707
  5.400000      0.00605020
  5.500000      0.01707494
  5.600000      0.02122419
  5.700000      0.02203466
  5.800000      0.02177979
  5.900000      0.02170310
  6.000000      0.02231741
  6.100000      0.02181001
  6.200000      0.02271828
  6.300000      0.02307200
  6.400000      0.02514853
  6.500000      0.02771266
  6.600000      0.03031884
  6.700000      0.02721246
  6.800000      0.02448242
  6.900000      0.02275316
  7.000000      0.02171470
  7.100000      0.02257575
  7.200000      0.02431768
  7.300000      0.02775012
  7.400000      0.02993556
  7.500000      0.03034529
  7.600000      0.02647540
  7.700000      0.02213280
  7.800000      0.01803065
  7.900000      0.01274243
  8.000000      0.00816696
  8.100000      0.01109597
  8.200000      0.00922128
  8.300000      0.00138059
  8.400000      0.00229770
  8.500000      0.00865353
  8.600000      0.00563157
  8.700000      0.00006921
  8.800000     -0.00414046
  8.900000     -0.00594955
  9.000000     -0.01288800
  9.100000     -0.01518930
  9.200000     -0.01727493
  9.300000     -0.01842162
  9.400000     -0.01509762
  9.500000     -0.00994108
  9.600000     -0.00690600
  9.700000     -0.00350181
  9.800000      0.00892776
  9.900000      0.03267261
 10.000000      0.06937214
 10.100000      0.11383873
 10.200000      0.17277221
 10.300000      0.24317063
 10.400000      0.31765721
 10.500000      0.39796637
 10.600000      0.47984268
 10.700000      0.57207162
 10.800000      0.66293432
 10.900000      0.74271852
 11.000000      0.81033487
 11.100000      0.86931435
 11.200000      0.93034187
 11.300000      0.97375002
 11.400000      0.99339407
 11.500000      1.00000000
 11.600000      0.99895043
 11.700000      0.98163569
 11.800000      0.94672226
 11.900000      0.90248649
 12.000000      0.84571439
 12.100000      0.76799188
 12.200000      0.67962500
 12.300000      0.58078877
 12.400000      0.47672325
 12.500000      0.36891983
 12.600000      0.25016749
 12.700000      0.12966370
 12.800000      0.01750911
 12.900000     -0.08630844
 13.000000     -0.17648308
 13.100000     -0.25664825
 13.200000     -0.32340974
 13.300000     -0.38075652
 13.400000     -0.42930976
 13.500000     -0.46156379
 13.600000     -0.48434502
 13.700000     -0.49993320
 13.800000     -0.51053267
 13.900000     -0.51176131
 14.000000     -0.51337035
 14.100000     -0.50824690
 14.200000     -0.49671719
 14.300000     -0.47798231
 14.400000     -0.45808056
 14.500000     -0.43622576
 14.600000     -0.41466886
 14.700000     -0.39323303
 14.800000     -0.37521402
 14.900000     -0.36094199
 15.000000     -0.35036942
 15.100000     -0.34169929
 15.200000     -0.33552806
 15.300000     -0.33154823
 15.400000     -0.32884722
 15.500000     -0.32590495
 15.600000     -0.32355696
 15.700000     -0.31900839
 15.800000     -0.31570992
 15.900000     -0.31263610
 16.000000     -0.30831855
 16.100000     -0.30340803
 16.200000     -0.29892744
 16.300000     -0.29486274
 16.400000     -0.28901514
 16.500000     -0.28602031
 16.600000     -0.28017965
 16.700000     -0.27443889
 16.800000     -0.26565569
 16.900000     -0.25327609
 17.000000     -0.23970485
 17.100000     -0.22371910
 17.200000     -0.20815021
 17.300000     -0.19158801
 17.400000     -0.17306504
 17.500000     -0.15874850
 17.600000     -0.14282736
 17.700000     -0.12955940
 17.800000     -0.11871877
 17.900000     -0.11104343
 18.000000     -0.10452612
 18.100000     -0.09598431
 18.200000     -0.09234160
 18.300000     -0.08576616
 18.400000     -0.07767145
 18.500000     -0.07059997
 18.600000     -0.06243229
 18.700000     -0.05357110
 18.800000     -0.04559291
 18.900000     -0.03890651
 19.000000     -0.03512041
 19.100000     -0.03307778
 19.200000     -0.03102522
 19.300000     -0.03139269
 19.400000     -0.03260167
 19.500000     -0.03251470
 19.600000     -0.03126482
 19.700000     -0.02876758
 19.800000     -0.02577952
 19.900000     -0.02415636
 20.000000     -0.02003177
 20.100000     -0.01644926
 20.200000     -0.00983419
 20.300000     -0.00708221
 20.400000     -0.00188249
 20.500000      0.00274558
 20.600000      0.00612645
 20.700000      0.00700931
 20.800000      0.00457747
 20.900000     -0.00036199
 21.000000     -0.00885710
 21.100000     -0.01715182
 21.200000     -0.02703960
 21.300000     -0.03400959
 21.400000     -0.04133560
 21.500000     -0.04699413
 21.600000     -0.04993376
 21.700000     -0.05218720
 21.800000     -0.05754699
 21.900000     -0.06184263
 22.000000     -0.06552984
 22.100000     -0.06995827
 22.200000     -0.07194631
 22.300000     -0.07501916
 22.400000     -0.07401191
 22.500000     -0.07135715
 22.600000     -0.07063784
 22.700000     -0.06994970
 22.800000     -0.06855320
 22.900000     -0.06748359
 23.000000     -0.06818819
 23.100000     -0.06747000
 23.200000     -0.06599549
 23.300000     -0.06486276
 23.400000     -0.05810064
 23.500000     -0.04956382
 23.600000     -0.04185680
 23.700000     -0.03520564
 23.800000     -0.03106313
 23.900000     -0.02994583
 24.000000     -0.03007431
 24.100000     -0.03401903
 24.200000     -0.04084859
 24.300000     -0.04925169
 24.400000     -0.05573255
 24.500000     -0.06181698
 24.600000     -0.06665802
 24.700000     -0.07124478
 24.800000     -0.07408688
 24.900000     -0.07412069
 25.000000     -0.07051505
 25.100000     -0.06416704
 25.200000     -0.05695990
 25.300000     -0.04858310
 25.400000     -0.03917071
 25.500000     -0.03112935
 25.600000     -0.02092067
 25.700000     -0.01340255
 25.800000     -0.00607440
 25.900000      0.00199279
 26.000000      0.00675875
 26.100000      0.01111863
 26.200000      0.01519781
 26.300000      0.01520280
 26.400000      0.01554692
 26.500000      0.01274175
 26.600000      0.01061088
 26.700000      0.00454813
 26.800000     -0.00228635
 26.900000     -0.00723632
 27.000000     -0.01245259
 27.100000     -0.01832020
 27.200000     -0.02053106
 27.300000     -0.02772041
 27.400000     -0.03185230
 27.500000     -0.03602513
 27.600000     -0.04023135
 27.700000     -0.04679025
 27.800000     -0.05070793
 27.900000     -0.05542574
 28.000000     -0.05832515
 28.100000     -0.06168379
 28.200000     -0.06005436
 28.300000     -0.05736646
 28.400000     -0.05616433
 28.500000     -0.05285872
 28.600000     -0.04688640
 28.700000     -0.04084480
 28.800000     -0.03445982
 28.900000     -0.03047775
 29.000000     -0.02604812
 29.100000     -0.02228103
 29.200000     -0.02075116
 29.300000     -0.01989710
 29.400000     -0.01934545
 29.500000     -0.01858910
 29.600000     -0.01822146
 29.700000     -0.02228311
 29.800000     -0.02525043
 29.900000     -0.03020885
 30.000000     -0.03478050
 30.100000     -0.04069754
 30.200000     -0.04634220
 30.300000     -0.05122941
 30.400000     -0.05288360
 30.500000     -0.05700776
 30.600000     -0.06060027
 30.700000     -0.06213543
 30.800000     -0.06393225
 30.900000     -0.06478129
 31.000000     -0.06889061
 31.100000     -0.07278592
 31.200000     -0.07627031
 31.300000     -0.07708146
 31.400000     -0.07791663
 31.500000     -0.07760042
 31.600000     -0.07557295
 31.700000     -0.07024034
 31.800000     -0.06574361
 31.900000     -0.06043473
 32.000000     -0.05519093
 32.100000     -0.04938162
 32.200000     -0.04389962
 32.300000     -0.03856229
 32.400000     -0.03510040
 32.500000     -0.03066385
 32.600000     -0.02551303
 32.700000     -0.02187024
 32.800000     -0.01863842
 32.900000     -0.01340384
 33.000000     -0.00598554
 33.100000      0.00103154
 33.200000      0.00725403
 33.300000      0.01330793
 33.400000      0.01872201
 33.500000      0.02297143
 33.600000      0.02640186
 33.700000      0.02769082
 33.800000      0.02687522
 33.900000      0.02555630
 34.000000      0.02299984
 34.100000      0.01909735
 34.200000      0.01294991
 34.300000      0.00412039
 34.400000     -0.00597070
 34.500000     -0.01629317
 34.600000     -0.02612999
 34.700000     -0.03588661
 34.800000     -0.04465400
 34.900000     -0.05127342
 35.000000     -0.05616229
 35.100000     -0.06101374
 35.200000     -0.06585821
 35.300000     -0.06932467
 35.400000     -0.07097989
 35.500000     -0.07236645
 35.600000     -0.07431049
 35.700000     -0.07379461
 35.800000     -0.07115834
 35.900000     -0.06809281
 36.000000     -0.06471038
 36.100000     -0.06088300
 36.200000     -0.05663815
 36.300000     -0.05216662
 36.400000     -0.04828995
 36.500000     -0.04554024
 36.600000     -0.04365675
 36.700000     -0.04187146
 36.800000     -0.04055107
 36.900000     -0.04095268
 37.000000     -0.04222109
 37.100000     -0.04356122
 37.200000     -0.04526259
 37.300000     -0.04799561
 37.400000     -0.05134419
 37.500000     -0.05436450
 37.600000     -0.05705070
 37.700000     -0.05997992
 37.800000     -0.06331260
 37.900000     -0.06609568
 38.000000     -0.06775847
 38.100000     -0.06930226
 38.200000     -0.07105052
 38.300000     -0.07305273
 38.400000     -0.07454027
 38.500000     -0.07523874
 38.600000     -0.07583181
 38.700000     -0.07688514
 38.800000     -0.07800279
 38.900000     -0.07883953
 39.000000     -0.07968443
 39.100000     -0.08095294
 39.200000     -0.08243919
 39.300000     -0.08362961
 39.400000     -0.08417428
 39.500000     -0.08464294
 39.600000     -0.08566726
 39.700000     -0.08686548
 39.800000     -0.08744358
 39.900000     -0.08746502
