  0.000000      0.00589422
  0.100000      0.00545714
  0.200000      0.00543977
  0.300000      0.00531912
  0.400000      0.00515541
  0.500000      0.00516679
  0.600000      0.00545430
  0.700000      0.00521054
  0.800000      0.00476058
  0.900000      0.00456914
  1.000000      0.00399745
  1.100000      0.00301550
  1.200000      0.00208673
  1.300000      0.00104324
  1.400000     -0.00084679
  1.500000     -0.00307817
  1.600000     -0.00498670
  1.700000     -0.00621299
  1.800000     -0.00775137
  1.900000     -0.00981940
  2.000000     -0.01137961
  2.100000     -0.01166030
  2.200000     -0.01156494
  2.300000     -0.00962150
  2.400000     -0.00825941
  2.500000     -0.00724090
  2.600000     -0.00501251
  2.700000     -0.00232717
  2.800000     -0.00157738
  2.900000      0.00001572
  3.000000      0.00273295
  3.100000      0.00397819
  3.200000      0.00526890
  3.300000      0.00662263
  3.400000      0.00648130
  3.500000      0.00511437
  3.600000      0.00562789
  3.700000      0.00577877
  3.800000      0.00447720
  3.900000      0.00465218
  4.000000      0.00417841
  4.100000      0.00369560
  4.200000      0.00375291
  4.300000      0.00247612
  4.400000     -0.00026690
  4.500000     -0.00313317
  4.600000     -0.00595925
  4.700000     -0.01056658
  4.800000     -0.01497950
  4.900000     -0.01761141
  5.000000     -0.02102041
  5.100000     -0.02420015
  5.200000     -0.02484158
  5.300000     -0.02535521
  5.400000     -0.02683004
  5.500000     -0.02800832
  5.600000     -0.02727693
  5.700000     -0.02499773
  5.800000     -0.02314576
  5.900000     -0.02018735
  6.000000     -0.01845977
  6.100000     -0.01830230
  6.200000     -0.01629714
  6.300000     -0.01550332
  6.400000     -0.01451172
  6.500000     -0.01451618
  6.600000     -0.01580405
  6.700000     -0.01590789
  6.800000     -0.01712237
  6.900000     -0.01949419
  7.000000     -0.02046864
  7.100000     -0.01965209
  7.200000     -0.01848499
  7.300000     -0.01700134
  7.400000     -0.01552959
  7.500000     -0.01566461
  7.600000     -0.01441591
  7.700000     -0.01369602
  7.800000     -0.01309440
  7.900000     -0.01305276
  8.000000     -0.01503388
  8.100000     -0.01632500
  8.200000     -0.01685577
  8.300000     -0.01663572
  8.400000     -0.01591008
  8.500000     -0.01508778
  8.600000     -0.01314055
  8.700000     -0.01071666
  8.800000     -0.00836960
  8.900000     -0.00702911
  9.000000     -0.00678298
  9.100000     -0.00687210
  9.200000     -0.00567529
  9.300000     -0.00211969
  9.400000      0.00005767
  9.500000      0.00292119
  9.600000      0.00868243
  9.700000      0.01596586
  9.800000      0.02261532
  9.900000      0.02827977
 10.000000      0.03219126
 10.100000      0.03215385
 10.200000      0.02996766
 10.300000      0.02764015
 10.400000      0.02357957
 10.500000      0.01689695
 10.600000      0.01096290
 10.700000      0.00751929
 10.800000      0.00530869
 10.900000      0.00435702
 11.000000      0.00233319
 11.100000      0.00064782
 11.200000      0.00054597
 11.300000     -0.00205038
 11.400000     -0.00407581
 11.500000     -0.00206573
 11.600000     -0.00008472
 11.700000     -0.00065967
 11.800000     -0.00189430
 11.900000     -0.00169416
 12.000000     -0.00206143
 12.100000     -0.00472712
 12.200000     -0.00684198
 12.300000     -0.00703896
 12.400000     -0.00703350
 12.500000     -0.00724727
 12.600000     -0.00779571
 12.700000     -0.00788822
 12.800000     -0.00784381
 12.900000     -0.00777011
 13.000000     -0.01029407
 13.100000     -0.01204229
 13.200000     -0.01329735
 13.300000     -0.01565772
 13.400000     -0.01713514
 13.500000     -0.01502829
 13.600000     -0.01194192
 13.700000     -0.00950410
 13.800000     -0.00844484
 13.900000     -0.00699761
 14.000000     -0.00453211
 14.100000     -0.00003146
 14.200000      0.00410061
 14.300000      0.01071407
 14.400000      0.01581707
 14.500000      0.01731604
 14.600000      0.01744751
 14.700000      0.01388805
 14.800000      0.00808138
 14.900000      0.00033790
 15.000000     -0.00480432
 15.100000     -0.00866219
 15.200000     -0.01357192
 15.300000     -0.01782714
 15.400000     -0.02331054
 15.500000     -0.02620752
 15.600000     -0.02610250
 15.700000     -0.02347313
 15.800000     -0.02028353
 15.900000     -0.01688782
 16.000000     -0.01176839
 16.100000     -0.00742074
 16.200000     -0.00509357
 16.300000     -0.00567228
 16.400000     -0.00699490
 16.500000     -0.00882637
 16.600000     -0.01136743
 16.700000     -0.01249516
 16.800000     -0.01404205
 16.900000     -0.01578382
 17.000000     -0.01746869
 17.100000     -0.01554339
 17.200000     -0.01412141
 17.300000     -0.01319674
 17.400000     -0.00971606
 17.500000     -0.00481817
 17.600000      0.00249805
 17.700000      0.01253340
 17.800000      0.02122080
 17.900000      0.02406258
 18.000000      0.02330647
 18.100000      0.02156718
 18.200000      0.02197190
 18.300000      0.02052878
 18.400000      0.02010199
 18.500000      0.01976929
 18.600000      0.02270727
 18.700000      0.02816618
 18.800000      0.03225455
 18.900000      0.03579776
 19.000000      0.03495465
 19.100000      0.03244637
 19.200000      0.03235258
 19.300000      0.02820490
 19.400000      0.02051327
 19.500000      0.01376951
 19.600000      0.00634309
 19.700000     -0.00168851
 19.800000     -0.01441777
 19.900000     -0.02928622
 20.000000     -0.04602410
 20.100000     -0.06458682
 20.200000     -0.08260680
 20.300000     -0.09715160
 20.400000     -0.10915803
 20.500000     -0.12226180
 20.600000     -0.13671427
 20.700000     -0.15186392
 20.800000     -0.16073703
 20.900000     -0.16688641
 21.000000     -0.17945281
 21.100000     -0.19779719
 21.200000     -0.21805157
 21.300000     -0.23741467
 21.400000     -0.25426265
 21.500000     -0.27102039
 21.600000     -0.28973819
 21.700000     -0.30364496
 21.800000     -0.31662543
 21.900000     -0.32666211
 22.000000     -0.32999640
 22.100000     -0.32306654
 22.200000     -0.30881525
 22.300000     -0.29465005
 22.400000     -0.27690299
 22.500000     -0.25255599
 22.600000     -0.22098486
 22.700000     -0.18349078
 22.800000     -0.13658284
 22.900000     -0.07476671
 23.000000     -0.00641821
 23.100000      0.06325102
 23.200000      0.13308311
 23.300000      0.20520875
 23.400000      0.28178650
 23.500000      0.35798928
 23.600000      0.43652582
 23.700000      0.51789446
 23.800000      0.59361366
 23.900000      0.66628746
 24.000000      0.73374046
 24.100000      0.79809321
 24.200000      0.85615535
 24.300000      0.90708902
 24.400000      0.94718753
 24.500000      0.97677802
 24.600000      0.99387136
 24.700000      1.00000000
 24.800000      0.99165844
 24.900000      0.97660575
 25.000000      0.95011068
 25.100000      0.90779823
 25.200000      0.85706321
 25.300000      0.79750628
 25.400000      0.72834094
 25.500000      0.65114740
 25.600000      0.56994615
 25.700000      0.48879511
 25.800000      0.40462754
 25.900000      0.32055202
 26.000000      0.23517362
 26.100000      0.15031085
 26.200000      0.06577120
 26.300000     -0.01173396
 26.400000     -0.08442269
 26.500000     -0.15370066
 26.600000     -0.21928759
 26.700000     -0.27318694
 26.800000     -0.31808489
 26.900000     -0.35416513
 27.000000     -0.38435423
 27.100000     -0.40474606
 27.200000     -0.41979616
 27.300000     -0.43229700
 27.400000     -0.44119388
 27.500000     -0.45137452
 27.600000     -0.45671039
 27.700000     -0.45831812
 27.800000     -0.45131770
 27.900000     -0.43721431
 28.000000     -0.41771798
 28.100000     -0.40020804
 28.200000     -0.37645579
 28.300000     -0.35075106
 28.400000     -0.32814816
 28.500000     -0.30557378
 28.600000     -0.27993305
 28.700000     -0.25285398
 28.800000     -0.22439877
 28.900000     -0.19515275
 29.000000     -0.16294709
 29.100000     -0.13549316
 29.200000     -0.10889415
 29.300000     -0.08368596
 29.400000     -0.06597483
 29.500000     -0.05082681
 29.600000     -0.03713916
 29.700000     -0.02782616
 29.800000     -0.01985471
 29.900000     -0.01343611
 30.000000     -0.00874184
 30.100000     -0.00410197
 30.200000     -0.00182894
 30.300000     -0.00316134
 30.400000     -0.00364329
 30.500000     -0.00369393
 30.600000     -0.00558205
 30.700000     -0.00930424
 30.800000     -0.01424603
 30.900000     -0.02016371
 31.000000     -0.02810510
 31.100000     -0.03474378
 31.200000     -0.03642992
 31.300000     -0.03926923
 31.400000     -0.04039098
 31.500000     -0.04332390
 31.600000     -0.04493050
 31.700000     -0.04852703
 31.800000     -0.05131128
 31.900000     -0.05504812
 32.000000     -0.06265178
 32.100000     -0.07027211
 32.200000     -0.07944579
 32.300000     -0.08777420
 32.400000     -0.09488415
 32.500000     -0.10187376
 32.600000     -0.10851367
 32.700000     -0.11666629
 32.800000     -0.12410385
 32.900000     -0.12803021
 33.000000     -0.13304628
 33.100000     -0.13352790
 33.200000     -0.12909133
 33.300000     -0.12250538
 33.400000     -0.11443610
 33.500000     -0.10421120
 33.600000     -0.09261582
 33.700000     -0.07959816
 33.800000     -0.06582927
 33.900000     -0.05219802
 34.000000     -0.03740381
 34.100000     -0.02457134
 34.200000     -0.01262537
 34.300000      0.00076073
 34.400000      0.01256290
 34.500000      0.02104772
 34.600000      0.02994491
 34.700000      0.04165713
 34.800000      0.05318132
 34.900000      0.06449868
 35.000000      0.07593288
 35.100000      0.08652068
 35.200000      0.09638714
 35.300000      0.10410499
 35.400000      0.10770152
 35.500000      0.10959441
 35.600000      0.11103007
 35.700000      0.11178211
 35.800000      0.11031780
 35.900000      0.10863326
 36.000000      0.10647593
 36.100000      0.10043974
 36.200000      0.09333324
 36.300000      0.08828604
 36.400000      0.08301872
 36.500000      0.07619119
 36.600000      0.07126142
 36.700000      0.06722734
 36.800000      0.06484590
 36.900000      0.06453325
 37.000000      0.06365445
 37.100000      0.06554185
 37.200000      0.06690029
 37.300000      0.06560920
 37.400000      0.06533711
 37.500000      0.06457736
 37.600000      0.06345499
 37.700000      0.06123459
 37.800000      0.05737649
 37.900000      0.05331459
 38.000000      0.04824580
 38.100000      0.04271650
 38.200000      0.03835008
 38.300000      0.03234715
 38.400000      0.02638379
 38.500000      0.02137872
 38.600000      0.01892590
 38.700000      0.01624243
 38.800000      0.01586876
 38.900000      0.01731116
 39.000000      0.01854367
 39.100000      0.02066422
 39.200000      0.02302204
 39.300000      0.02522290
 39.400000      0.02765152
 39.500000      0.03049536
 39.600000      0.03358463
 39.700000      0.03639717
 39.800000      0.03858771
 39.900000      0.04050846
