  0.000000     -0.11463206
  0.100000     -0.11475601
  0.200000     -0.11489733
  0.300000     -0.11505515
  0.400000     -0.11522950
  0.500000     -0.11553729
  0.600000     -0.11588923
  0.700000     -0.11625625
  0.800000     -0.11663767
  0.900000     -0.11703302
  1.000000     -0.11750390
  1.100000     -0.11813019
  1.200000     -0.11876620
  1.300000     -0.11941242
  1.400000     -0.12006956
  1.500000     -0.12073757
  1.600000     -0.12141489
  1.700000     -0.12209829
  1.800000     -0.12278885
  1.900000     -0.12348392
  2.000000     -0.12418293
  2.100000     -0.12493476
  2.200000     -0.12574647
  2.300000     -0.12656517
  2.400000     -0.12738821
  2.500000     -0.12821414
  2.600000     -0.12904545
  2.700000     -0.12988327
  2.800000     -0.13073773
  2.900000     -0.13163905
  3.000000     -0.13257477
  3.100000     -0.13351663
  3.200000     -0.13446283
  3.300000     -0.13541610
  3.400000     -0.13637874
  3.500000     -0.13735075
  3.600000     -0.13833106
  3.700000     -0.13932238
  3.800000     -0.14032599
  3.900000     -0.14134437
  4.000000     -0.14237764
  4.100000     -0.14342560
  4.200000     -0.14448922
  4.300000     -0.14556975
  4.400000     -0.14673480
  4.500000     -0.14801141
  4.600000     -0.14933992
  4.700000     -0.15072034
  4.800000     -0.15212066
  4.900000     -0.15353923
  5.000000     -0.15497572
  5.100000     -0.15642976
  5.200000     -0.15789863
  5.300000     -0.15937950
  5.400000     -0.16087161
  5.500000     -0.16235012
  5.600000     -0.16383944
  5.700000     -0.16533796
  5.800000     -0.16684332
  5.900000     -0.16835496
  6.000000     -0.16987127
  6.100000     -0.17139162
  6.200000     -0.17291453
  6.300000     -0.17444082
  6.400000     -0.17596814
  6.500000     -0.17749678
  6.600000     -0.17902935
  6.700000     -0.18056548
  6.800000     -0.18210447
  6.900000     -0.18364752
  7.000000     -0.18519690
  7.100000     -0.18675484
  7.200000     -0.18831984
  7.300000     -0.18989536
  7.400000     -0.19148257
  7.500000     -0.19308032
  7.600000     -0.19475270
  7.700000     -0.19648020
  7.800000     -0.19822375
  7.900000     -0.19998460
  8.000000     -0.20176427
  8.100000     -0.20355925
  8.200000     -0.20536498
  8.300000     -0.20718757
  8.400000     -0.20902432
  8.500000     -0.21086916
  8.600000     -0.21271818
  8.700000     -0.21456842
  8.800000     -0.21641955
  8.900000     -0.21826226
  9.000000     -0.22009254
  9.100000     -0.22190782
  9.200000     -0.22369589
  9.300000     -0.22545201
  9.400000     -0.22716965
  9.500000     -0.22884383
  9.600000     -0.23046516
  9.700000     -0.23202392
  9.800000     -0.23350751
  9.900000     -0.23491009
 10.000000     -0.23622556
 10.100000     -0.23744415
 10.200000     -0.23854782
 10.300000     -0.23953218
 10.400000     -0.24038769
 10.500000     -0.24110413
 10.600000     -0.24166248
 10.700000     -0.24205923
 10.800000     -0.24228544
 10.900000     -0.24232582
 11.000000     -0.24216023
 11.100000     -0.24178855
 11.200000     -0.24119878
 11.300000     -0.24037237
 11.400000     -0.23929477
 11.500000     -0.23796456
 11.600000     -0.23635826
 11.700000     -0.23446599
 11.800000     -0.23227739
 11.900000     -0.22977976
 12.000000     -0.22695514
 12.100000     -0.22379906
 12.200000     -0.22028480
 12.300000     -0.21640423
 12.400000     -0.21214893
 12.500000     -0.20750316
 12.600000     -0.20245159
 12.700000     -0.19696804
 12.800000     -0.19105794
 12.900000     -0.18471270
 13.000000     -0.17790080
 13.100000     -0.17061893
 13.200000     -0.16285815
 13.300000     -0.15460779
 13.400000     -0.14585121
 13.500000     -0.13658350
 13.600000     -0.12679747
 13.700000     -0.11648398
 13.800000     -0.10563156
 13.900000     -0.09424163
 14.000000     -0.08231271
 14.100000     -0.06983799
 14.200000     -0.05680904
 14.300000     -0.04323465
 14.400000     -0.02910247
 14.500000     -0.01443285
 14.600000      0.00077113
 14.700000      0.01651713
 14.800000      0.03278124
 14.900000      0.04954692
 15.000000      0.06681342
 15.100000      0.08456845
 15.200000      0.10279502
 15.300000      0.12146425
 15.400000      0.14056668
 15.500000      0.16007661
 15.600000      0.17996506
 15.700000      0.20021495
 15.800000      0.22080292
 15.900000      0.24168524
 16.000000      0.26283258
 16.100000      0.28421642
 16.200000      0.30581299
 16.300000      0.32757793
 16.400000      0.34947913
 16.500000      0.37148207
 16.600000      0.39355002
 16.700000      0.41564834
 16.800000      0.43774135
 16.900000      0.45978942
 17.000000      0.48176317
 17.100000      0.50362620
 17.200000      0.52534247
 17.300000      0.54687812
 17.400000      0.56820557
 17.500000      0.58928973
 17.600000      0.61010293
 17.700000      0.63060478
 17.800000      0.65078046
 17.900000      0.67060467
 18.000000      0.69003710
 18.100000      0.70905710
 18.200000      0.72763818
 18.300000      0.74576393
 18.400000      0.76340950
 18.500000      0.78055008
 18.600000      0.79716302
 18.700000      0.81323123
 18.800000      0.82873383
 18.900000      0.84365156
 19.000000      0.85797000
 19.100000      0.87167200
 19.200000      0.88473295
 19.300000      0.89715558
 19.400000      0.90891087
 19.500000      0.91999620
 19.600000      0.93040504
 19.700000      0.94011237
 19.800000      0.94910098
 19.900000      0.95736822
 20.000000      0.96492691
 20.100000      0.97177154
 20.200000      0.97785240
 20.300000      0.98319458
 20.400000      0.98781625
 20.500000      0.99170649
 20.600000      0.99483222
 20.700000      0.99722157
 20.800000      0.99888757
 20.900000      0.99982457
 21.000000      1.00000000
 21.100000      0.99947115
 21.200000      0.99823458
 21.300000      0.99628178
 21.400000      0.99360620
 21.500000      0.99026553
 21.600000      0.98624200
 21.700000      0.98154605
 21.800000      0.97618932
 21.900000      0.97019851
 22.000000      0.96357122
 22.100000      0.95634497
 22.200000      0.94849284
 22.300000      0.94005292
 22.400000      0.93105114
 22.500000      0.92149693
 22.600000      0.91139247
 22.700000      0.90073951
 22.800000      0.88958976
 22.900000      0.87796113
 23.000000      0.86583425
 23.100000      0.85324405
 23.200000      0.84021305
 23.300000      0.82676086
 23.400000      0.81288474
 23.500000      0.79862395
 23.600000      0.78399096
 23.700000      0.76899354
 23.800000      0.75365277
 23.900000      0.73799887
 24.000000      0.72204465
 24.100000      0.70580520
 24.200000      0.68928414
 24.300000      0.67252004
 24.400000      0.65551832
 24.500000      0.63830838
 24.600000      0.62089623
 24.700000      0.60329658
 24.800000      0.58553371
 24.900000      0.56762409
 25.000000      0.54957737
 25.100000      0.53140874
 25.200000      0.51313903
 25.300000      0.49477734
 25.400000      0.47633828
 25.500000      0.45783567
 25.600000      0.43928535
 25.700000      0.42070086
 25.800000      0.40209152
 25.900000      0.38347043
 26.000000      0.36485096
 26.100000      0.34624202
 26.200000      0.32766093
 26.300000      0.30911378
 26.400000      0.29060962
 26.500000      0.27216073
 26.600000      0.25377324
 26.700000      0.23545758
 26.800000      0.21722392
 26.900000      0.19907801
 27.000000      0.18103161
 27.100000      0.16308636
 27.200000      0.14525808
 27.300000      0.12754379
 27.400000      0.10995456
 27.500000      0.09250545
 27.600000      0.07519058
 27.700000      0.05801896
 27.800000      0.04100338
 27.900000      0.02414279
 28.000000      0.00743777
 28.100000     -0.00910077
 28.200000     -0.02544899
 28.300000     -0.04163066
 28.400000     -0.05764134
 28.500000     -0.07346378
 28.600000     -0.08908527
 28.700000     -0.10451800
 28.800000     -0.11976252
 28.900000     -0.13480133
 29.000000     -0.14963348
 29.100000     -0.16426987
 29.200000     -0.17868801
 29.300000     -0.19289624
 29.400000     -0.20688597
 29.500000     -0.22066267
 29.600000     -0.23421624
 29.700000     -0.24754768
 29.800000     -0.26064315
 29.900000     -0.27350395
 30.000000     -0.28613627
 30.100000     -0.29854016
 30.200000     -0.31069728
 30.300000     -0.32261033
 30.400000     -0.33428774
 30.500000     -0.34572759
 30.600000     -0.33596953
 30.700000     -0.34620296
 30.800000     -0.35620355
 30.900000     -0.36596562
 31.000000     -0.37547102
 31.100000     -0.38474019
 31.200000     -0.39377253
 31.300000     -0.40255232
 31.400000     -0.41107915
 31.500000     -0.41936626
 31.600000     -0.41882093
 31.700000     -0.40803585
 31.800000     -0.41491180
 31.900000     -0.40100071
 32.000000     -0.40675210
 32.100000     -0.41227919
 32.200000     -0.41757303
 32.300000     -0.42263807
 32.400000     -0.42747975
 32.500000     -0.43209874
 32.600000     -0.43649298
 32.700000     -0.44065918
 32.800000     -0.44460770
 32.900000     -0.44834485
 33.000000     -0.45186597
 33.100000     -0.45517326
 33.200000     -0.45827155
 33.300000     -0.46116686
 33.400000     -0.46386210
 33.500000     -0.46527342
 33.600000     -0.45502489
 33.700000     -0.45675369
 33.800000     -0.42631750
 33.900000     -0.36962294
 34.000000     -0.37005373
 34.100000     -0.37033634
 34.200000     -0.37046923
 34.300000     -0.35388062
 34.400000     -0.32667032
 34.500000     -0.32636538
 34.600000     -0.32594162
 34.700000     -0.32539379
 34.800000     -0.32472957
 34.900000     -0.32395210
 35.000000     -0.32306204
 35.100000     -0.32206166
 35.200000     -0.32094697
 35.300000     -0.31972500
 35.400000     -0.31840051
 35.500000     -0.31388288
 35.600000     -0.30939831
 35.700000     -0.30700723
 35.800000     -0.30449797
 35.900000     -0.30187092
 36.000000     -0.29912866
 36.100000     -0.29627982
 36.200000     -0.29332167
 36.300000     -0.29026167
 36.400000     -0.28710110
 36.500000     -0.28462023
 36.600000     -0.28185419
 36.700000     -0.27867979
 36.800000     -0.25573607
 36.900000     -0.25089136
 37.000000     -0.24769086
 37.100000     -0.24441367
 37.200000     -0.24106207
 37.300000     -0.23764299
 37.400000     -0.23415863
 37.500000     -0.23061112
 37.600000     -0.22700707
 37.700000     -0.22335015
 37.800000     -0.21964169
 37.900000     -0.21588809
 38.000000     -0.21209326
 38.100000     -0.20826302
 38.200000     -0.20439780
 38.300000     -0.20050303
 38.400000     -0.19658215
 38.500000     -0.19264483
 38.600000     -0.18868487
 38.700000     -0.18471078
 38.800000     -0.18072506
 38.900000     -0.17673580
 39.000000     -0.17274134
 39.100000     -0.16874384
 39.200000     -0.16474781
 39.300000     -0.16076190
 39.400000     -0.14226487
 39.500000     -0.11995392
 39.600000     -0.11723127
 39.700000     -0.11500375
 39.800000     -0.11279258
 39.900000     -0.11059720
