  0.000000     -0.01374146
  0.100000     -0.01375962
  0.200000     -0.01312721
  0.300000     -0.01135471
  0.400000     -0.00909316
  0.500000     -0.00676055
  0.600000     -0.00353403
  0.700000      0.00022560
  0.800000      0.00395903
  0.900000      0.00789153
  1.000000      0.01177925
  1.100000      0.01533475
  1.200000      0.01892565
  1.300000      0.02267482
  1.400000      0.02623888
  1.500000      0.03066794
  1.600000      0.03513770
  1.700000      0.03886525
  1.800000      0.04161753
  1.900000      0.04350252
  2.000000      0.04455380
  2.100000      0.04523605
  2.200000      0.04520317
  2.300000      0.04436978
  2.400000      0.04293829
  2.500000      0.04088816
  2.600000      0.03813923
  2.700000      0.03518736
  2.800000      0.03220139
  2.900000      0.02927860
  3.000000      0.02646497
  3.100000      0.02426650
  3.200000      0.02284234
  3.300000      0.02266506
  3.400000      0.02290005
  3.500000      0.02318315
  3.600000      0.02363833
  3.700000      0.02379860
  3.800000      0.02345324
  3.900000      0.02330228
  4.000000      0.02392292
  4.100000      0.02468991
  4.200000      0.02576517
  4.300000      0.02798175
  4.400000      0.03083804
  4.500000      0.03368804
  4.600000      0.03637895
  4.700000      0.03849917
  4.800000      0.03980927
  4.900000      0.04047850
  5.000000      0.04044656
  5.100000      0.03951388
  5.200000      0.03794206
  5.300000      0.03591838
  5.400000      0.03329918
  5.500000      0.03005487
  5.600000      0.02568510
  5.700000      0.02086678
  5.800000      0.01658056
  5.900000      0.01256227
  6.000000      0.00817744
  6.100000      0.00395861
  6.200000      0.00001154
  6.300000     -0.00331880
  6.400000     -0.00649981
  6.500000     -0.00915202
  6.600000     -0.01151553
  6.700000     -0.01405268
  6.800000     -0.01615739
  6.900000     -0.01789862
  7.000000     -0.01973452
  7.100000     -0.02195361
  7.200000     -0.02360163
  7.300000     -0.02443466
  7.400000     -0.02462065
  7.500000     -0.02366402
  7.600000     -0.02152058
  7.700000     -0.01787591
  7.800000     -0.01336054
  7.900000     -0.00836868
  8.000000     -0.00307074
  8.100000      0.00249710
  8.200000      0.00783308
  8.300000      0.01378906
  8.400000      0.02035696
  8.500000      0.02692724
  8.600000      0.03279062
  8.700000      0.03790394
  8.800000      0.04278236
  8.900000      0.04708885
  9.000000      0.05048666
  9.100000      0.05376952
  9.200000      0.05694341
  9.300000      0.05950054
  9.400000      0.06073447
  9.500000      0.06054192
  9.600000      0.05960296
  9.700000      0.05787321
  9.800000      0.05549831
  9.900000      0.05288320
 10.000000      0.05054714
 10.100000      0.04803562
 10.200000      0.04454820
 10.300000      0.04023213
 10.400000      0.03551067
 10.500000      0.03093543
 10.600000      0.02698318
 10.700000      0.02417722
 10.800000      0.02234293
 10.900000      0.02114585
 11.000000      0.02082069
 11.100000      0.02074993
 11.200000      0.02151140
 11.300000      0.02337886
 11.400000      0.02613044
 11.500000      0.02986432
 11.600000      0.03449932
 11.700000      0.03982762
 11.800000      0.04564165
 11.900000      0.05125925
 12.000000      0.05652669
 12.100000      0.06223537
 12.200000      0.06750969
 12.300000      0.07193171
 12.400000      0.07614101
 12.500000      0.08080746
 12.600000      0.08490177
 12.700000      0.08805120
 12.800000      0.09013152
 12.900000      0.09081356
 13.000000      0.09077904
 13.100000      0.08919965
 13.200000      0.08561028
 13.300000      0.08049275
 13.400000      0.07422257
 13.500000      0.06713095
 13.600000      0.06014760
 13.700000      0.05305385
 13.800000      0.04568974
 13.900000      0.03550957
 14.000000      0.02527922
 14.100000      0.01751515
 14.200000      0.01168779
 14.300000      0.00665521
 14.400000      0.00184277
 14.500000     -0.00264417
 14.600000     -0.00716465
 14.700000     -0.01072946
 14.800000     -0.01277211
 14.900000     -0.01540155
 15.000000     -0.01828568
 15.100000     -0.02131740
 15.200000     -0.02375703
 15.300000     -0.02884626
 15.400000     -0.03686278
 15.500000     -0.04481971
 15.600000     -0.04973084
 15.700000     -0.05830610
 15.800000     -0.07077594
 15.900000     -0.08236101
 16.000000     -0.09282705
 16.100000     -0.10594571
 16.200000     -0.12171153
 16.300000     -0.13774201
 16.400000     -0.15467837
 16.500000     -0.17355505
 16.600000     -0.19120258
 16.700000     -0.20876908
 16.800000     -0.22678513
 16.900000     -0.24345634
 17.000000     -0.26020901
 17.100000     -0.27702462
 17.200000     -0.29577643
 17.300000     -0.31192647
 17.400000     -0.32526472
 17.500000     -0.33447334
 17.600000     -0.34254052
 17.700000     -0.34886724
 17.800000     -0.35296444
 17.900000     -0.35221174
 18.000000     -0.34399378
 18.100000     -0.32953051
 18.200000     -0.31162877
 18.300000     -0.29127625
 18.400000     -0.26709035
 18.500000     -0.23842896
 18.600000     -0.20384688
 18.700000     -0.16482889
 18.800000     -0.11736106
 18.900000     -0.06483820
 19.000000     -0.01066469
 19.100000      0.04968992
 19.200000      0.11424875
 19.300000      0.18339182
 19.400000      0.25658383
 19.500000      0.33141898
 19.600000      0.40595060
 19.700000      0.47829174
 19.800000      0.54783400
 19.900000      0.61778729
 20.000000      0.68526018
 20.100000      0.74629768
 20.200000      0.80246204
 20.300000      0.85253626
 20.400000      0.89782204
 20.500000      0.93627516
 20.600000      0.96547043
 20.700000      0.98637594
 20.800000      0.99774559
 20.900000      1.00000000
 21.000000      0.99419730
 21.100000      0.98481024
 21.200000      0.97138190
 21.300000      0.95143460
 21.400000      0.92452661
 21.500000      0.89341442
 21.600000      0.85650971
 21.700000      0.81589375
 21.800000      0.77278795
 21.900000      0.72889079
 22.000000      0.68277883
 22.100000      0.63592745
 22.200000      0.58761169
 22.300000      0.53934834
 22.400000      0.49196091
 22.500000      0.44547107
 22.600000      0.39726591
 22.700000      0.34787154
 22.800000      0.29942961
 22.900000      0.25355360
 23.000000      0.20982931
 23.100000      0.16535126
 23.200000      0.12320392
 23.300000      0.08454449
 23.400000      0.05154276
 23.500000      0.02525495
 23.600000      0.00168211
 23.700000     -0.02065488
 23.800000     -0.04107687
 23.900000     -0.05532260
 24.000000     -0.06880749
 24.100000     -0.07950728
 24.200000     -0.09002338
 24.300000     -0.10118493
 24.400000     -0.11006609
 24.500000     -0.11849373
 24.600000     -0.12593524
 24.700000     -0.13246884
 24.800000     -0.14083432
 24.900000     -0.14854757
 25.000000     -0.15573525
 25.100000     -0.16334977
 25.200000     -0.16990530
 25.300000     -0.17477080
 25.400000     -0.18123555
 25.500000     -0.18918360
 25.600000     -0.19482503
 25.700000     -0.19722374
 25.800000     -0.20070979
 25.900000     -0.20522661
 26.000000     -0.20818997
 26.100000     -0.20849391
 26.200000     -0.20965770
 26.300000     -0.21264781
 26.400000     -0.21583339
 26.500000     -0.21771188
 26.600000     -0.21707689
 26.700000     -0.21345249
 26.800000     -0.20890161
 26.900000     -0.20208853
 27.000000     -0.19400460
 27.100000     -0.18773826
 27.200000     -0.18326350
 27.300000     -0.18049003
 27.400000     -0.17616313
 27.500000     -0.17140026
 27.600000     -0.16748101
 27.700000     -0.16360262
 27.800000     -0.15784581
 27.900000     -0.15091768
 28.000000     -0.14359666
 28.100000     -0.13695928
 28.200000     -0.12976581
 28.300000     -0.12153514
 28.400000     -0.11382157
 28.500000     -0.10808843
 28.600000     -0.10487915
 28.700000     -0.10357417
 28.800000     -0.10433346
 28.900000     -0.10538529
 29.000000     -0.10832393
 29.100000     -0.11281468
 29.200000     -0.11764610
 29.300000     -0.12205709
 29.400000     -0.12536305
 29.500000     -0.12738516
 29.600000     -0.12915894
 29.700000     -0.13066828
 29.800000     -0.13060658
 29.900000     -0.12871237
 30.000000     -0.12663868
 30.100000     -0.12448044
 30.200000     -0.12197280
 30.300000     -0.11954945
 30.400000     -0.11717997
 30.500000     -0.11513929
 30.600000     -0.11345051
 30.700000     -0.11200897
 30.800000     -0.11119591
 30.900000     -0.11072070
 31.000000     -0.11119068
 31.100000     -0.11233035
 31.200000     -0.11472263
 31.300000     -0.11841353
 31.400000     -0.12274650
 31.500000     -0.12806089
 31.600000     -0.13440192
 31.700000     -0.14145605
 31.800000     -0.14945366
 31.900000     -0.15827080
 32.000000     -0.16725379
 32.100000     -0.17556512
 32.200000     -0.18377530
 32.300000     -0.19167947
 32.400000     -0.19876802
 32.500000     -0.20431106
 32.600000     -0.20810798
 32.700000     -0.20993290
 32.800000     -0.20928807
 32.900000     -0.20573740
 33.000000     -0.19982128
 33.100000     -0.19236321
 33.200000     -0.18310932
 33.300000     -0.17189807
 33.400000     -0.15935238
 33.500000     -0.14657444
 33.600000     -0.13352312
 33.700000     -0.11995367
 33.800000     -0.10614389
 33.900000     -0.09250864
 34.000000     -0.07912224
 34.100000     -0.06616672
 34.200000     -0.05399384
 34.300000     -0.04214812
 34.400000     -0.03169880
 34.500000     -0.02276444
 34.600000     -0.01572744
 34.700000     -0.01068165
 34.800000     -0.00735906
 34.900000     -0.00571914
 35.000000     -0.00557872
 35.100000     -0.00664554
 35.200000     -0.00941589
 35.300000     -0.01442568
 35.400000     -0.02157506
 35.500000     -0.03029909
 35.600000     -0.04042645
 35.700000     -0.05199149
 35.800000     -0.06482306
 35.900000     -0.07836378
 36.000000     -0.09170490
 36.100000     -0.10416732
 36.200000     -0.11542446
 36.300000     -0.12545484
 36.400000     -0.13360246
 36.500000     -0.13981441
 36.600000     -0.14427726
 36.700000     -0.14773337
 36.800000     -0.14999634
 36.900000     -0.15113097
 37.000000     -0.15129801
 37.100000     -0.15067378
 37.200000     -0.14916455
 37.300000     -0.14719397
 37.400000     -0.14456374
 37.500000     -0.14150944
 37.600000     -0.13788984
 37.700000     -0.13387975
 37.800000     -0.12973323
 37.900000     -0.12575806
 38.000000     -0.12165701
 38.100000     -0.11715940
 38.200000     -0.11257897
 38.300000     -0.10788288
 38.400000     -0.10310780
 38.500000     -0.09820923
 38.600000     -0.09379125
 38.700000     -0.08994297
 38.800000     -0.08667338
 38.900000     -0.08398934
 39.000000     -0.08160618
 39.100000     -0.07957526
 39.200000     -0.07841009
 39.300000     -0.07724940
 39.400000     -0.07615805
 39.500000     -0.07547849
 39.600000     -0.07453158
 39.700000     -0.07365768
 39.800000     -0.07298317
 39.900000     -0.07206136
