  0.000000      0.02136510
  0.100000      0.01761845
  0.200000      0.01423874
  0.300000      0.01137468
  0.400000      0.00984162
  0.500000      0.00912752
  0.600000      0.00920220
  0.700000      0.01005505
  0.800000      0.01139352
  0.900000      0.01332249
  1.000000      0.01563514
  1.100000      0.01890249
  1.200000      0.02318317
  1.300000      0.02452334
  1.400000      0.02395912
  1.500000      0.02224536
  1.600000      0.01835229
  1.700000      0.01351969
  1.800000      0.00801262
  1.900000      0.00261895
  2.000000     -0.00344639
  2.100000     -0.00811314
  2.200000     -0.00989445
  2.300000     -0.01303707
  2.400000     -0.01685226
  2.500000     -0.01806890
  2.600000     -0.01571676
  2.700000     -0.01153082
  2.800000     -0.00612595
  2.900000      0.00173605
  3.000000      0.00974132
  3.100000      0.01546183
  3.200000      0.02125272
  3.300000      0.02432626
  3.400000      0.02419553
  3.500000      0.02261067
  3.600000      0.01957117
  3.700000      0.01459001
  3.800000      0.00895310
  3.900000      0.00335562
  4.000000     -0.00226771
  4.100000     -0.00670230
  4.200000     -0.01096360
  4.300000     -0.01468789
  4.400000     -0.01598380
  4.500000     -0.01635416
  4.600000     -0.01560073
  4.700000     -0.01297169
  4.800000     -0.01012370
  4.900000     -0.00663479
  5.000000     -0.00333560
  5.100000     -0.00096664
  5.200000     -0.00004053
  5.300000      0.00109134
  5.400000      0.00213134
  5.500000      0.00164773
  5.600000      0.00221572
  5.700000      0.00227154
  5.800000      0.00187090
  5.900000      0.00124372
  6.000000     -0.00129781
  6.100000     -0.00417077
  6.200000     -0.00596545
  6.300000     -0.00612104
  6.400000     -0.00451469
  6.500000     -0.00074406
  6.600000      0.00342084
  6.700000      0.00669787
  6.800000      0.00977530
  6.900000      0.01216276
  7.000000      0.01199915
  7.100000      0.00470751
  7.200000     -0.00533157
  7.300000     -0.01042493
  7.400000     -0.01561366
  7.500000     -0.02474193
  7.600000     -0.03618050
  7.700000     -0.04287609
  7.800000     -0.03990306
  7.900000     -0.02966467
  8.000000     -0.01993483
  8.100000     -0.01651373
  8.200000     -0.01266577
  8.300000      0.00185134
  8.400000      0.02057078
  8.500000      0.03450326
  8.600000      0.04741351
  8.700000      0.05918518
  8.800000      0.07036224
  8.900000      0.08460788
  9.000000      0.09810003
  9.100000      0.10907472
  9.200000      0.11749588
  9.300000      0.12004972
  9.400000      0.11493674
  9.500000      0.10760502
  9.600000      0.09650831
  9.700000      0.07799882
  9.800000      0.05719246
  9.900000      0.03651436
 10.000000      0.01946093
 10.100000      0.00542604
 10.200000     -0.00316198
 10.300000     -0.00941029
 10.400000     -0.01546837
 10.500000     -0.02089734
 10.600000     -0.02624886
 10.700000     -0.03114470
 10.800000     -0.03844488
 10.900000     -0.04930290
 11.000000     -0.05867523
 11.100000     -0.05912813
 11.200000     -0.04775177
 11.300000     -0.02875758
 11.400000     -0.01137111
 11.500000      0.00041902
 11.600000      0.00516016
 11.700000      0.01177538
 11.800000      0.01879957
 11.900000      0.02042040
 12.000000      0.01815488
 12.100000      0.02375159
 12.200000      0.03309256
 12.300000      0.04156134
 12.400000      0.04649394
 12.500000      0.04817574
 12.600000      0.04351271
 12.700000      0.03742054
 12.800000      0.02989173
 12.900000      0.02226492
 13.000000      0.01988278
 13.100000      0.02833135
 13.200000      0.04597997
 13.300000      0.07057377
 13.400000      0.09830075
 13.500000      0.12865837
 13.600000      0.16921057
 13.700000      0.22022100
 13.800000      0.28015791
 13.900000      0.34753603
 14.000000      0.42379044
 14.100000      0.50943231
 14.200000      0.59578770
 14.300000      0.67498966
 14.400000      0.74392345
 14.500000      0.80711300
 14.600000      0.86428656
 14.700000      0.90814410
 14.800000      0.93351794
 14.900000      0.95012960
 15.000000      0.96015167
 15.100000      0.96685801
 15.200000      0.98049266
 15.300000      0.99478442
 15.400000      1.00000000
 15.500000      0.99383887
 15.600000      0.97307601
 15.700000      0.94072524
 15.800000      0.90271245
 15.900000      0.85649269
 16.000000      0.80464571
 16.100000      0.75287205
 16.200000      0.69569256
 16.300000      0.62858980
 16.400000      0.55201263
 16.500000      0.47253499
 16.600000      0.39232115
 16.700000      0.31141186
 16.800000      0.23387798
 16.900000      0.16241635
 17.000000      0.10734527
 17.100000      0.06686284
 17.200000      0.03986538
 17.300000      0.02263602
 17.400000      0.01078102
 17.500000     -0.00333361
 17.600000     -0.01982094
 17.700000     -0.03613352
 17.800000     -0.05197294
 17.900000     -0.06219588
 18.000000     -0.06417182
 18.100000     -0.05837120
 18.200000     -0.05297416
 18.300000     -0.05009669
 18.400000     -0.05104456
 18.500000     -0.05751768
 18.600000     -0.06590215
 18.700000     -0.07523031
 18.800000     -0.08295049
 18.900000     -0.08714275
 19.000000     -0.08881072
 19.100000     -0.09511825
 19.200000     -0.10511820
 19.300000     -0.11513125
 19.400000     -0.11910708
 19.500000     -0.11869681
 19.600000     -0.12166930
 19.700000     -0.13175765
 19.800000     -0.14155818
 19.900000     -0.15240071
 20.000000     -0.16457184
 20.100000     -0.17200453
 20.200000     -0.17220742
 20.300000     -0.17175662
 20.400000     -0.17196172
 20.500000     -0.17077037
 20.600000     -0.16677318
 20.700000     -0.16053066
 20.800000     -0.15614284
 20.900000     -0.14939286
 21.000000     -0.13582715
 21.100000     -0.12137267
 21.200000     -0.11317808
 21.300000     -0.10977097
 21.400000     -0.10079119
 21.500000     -0.08947541
 21.600000     -0.08376288
 21.700000     -0.08882170
 21.800000     -0.10091487
 21.900000     -0.11509651
 22.000000     -0.12950906
 22.100000     -0.14151848
 22.200000     -0.14867423
 22.300000     -0.14787159
 22.400000     -0.13490191
 22.500000     -0.11654156
 22.600000     -0.10352847
 22.700000     -0.09783723
 22.800000     -0.09382950
 22.900000     -0.08775675
 23.000000     -0.08063009
 23.100000     -0.08050569
 23.200000     -0.08739447
 23.300000     -0.09502701
 23.400000     -0.10154625
 23.500000     -0.11524846
 23.600000     -0.13114179
 23.700000     -0.14453906
 23.800000     -0.15329487
 23.900000     -0.16166127
 24.000000     -0.16855617
 24.100000     -0.17242157
 24.200000     -0.17281285
 24.300000     -0.17235141
 24.400000     -0.17278386
 24.500000     -0.17558001
 24.600000     -0.17845406
 24.700000     -0.17442079
 24.800000     -0.16690063
 24.900000     -0.16412032
 25.000000     -0.16484982
 25.100000     -0.16720272
 25.200000     -0.16910498
 25.300000     -0.16577102
 25.400000     -0.15689527
 25.500000     -0.14698375
 25.600000     -0.13894434
 25.700000     -0.13367110
 25.800000     -0.12940692
 25.900000     -0.12378845
 26.000000     -0.12067260
 26.100000     -0.12069179
 26.200000     -0.12418496
 26.300000     -0.12502970
 26.400000     -0.12210747
 26.500000     -0.11913801
 26.600000     -0.11274229
 26.700000     -0.10471845
 26.800000     -0.10170112
 26.900000     -0.10251957
 27.000000     -0.10211687
 27.100000     -0.10124033
 27.200000     -0.10338711
 27.300000     -0.10541304
 27.400000     -0.10261460
 27.500000     -0.09573735
 27.600000     -0.08711824
 27.700000     -0.07772696
 27.800000     -0.06825480
 27.900000     -0.05981070
 28.000000     -0.05663491
 28.100000     -0.05877644
 28.200000     -0.06035209
 28.300000     -0.05811472
 28.400000     -0.05183517
 28.500000     -0.04708432
 28.600000     -0.04498321
 28.700000     -0.05096774
 28.800000     -0.06252500
 28.900000     -0.07548238
 29.000000     -0.08977080
 29.100000     -0.10278508
 29.200000     -0.11453379
 29.300000     -0.12400930
 29.400000     -0.12894691
 29.500000     -0.13039059
 29.600000     -0.12920196
 29.700000     -0.12628858
 29.800000     -0.12216465
 29.900000     -0.11546497
 30.000000     -0.10793684
 30.100000     -0.09929444
 30.200000     -0.08788225
 30.300000     -0.07476563
 30.400000     -0.06237341
 30.500000     -0.05057238
 30.600000     -0.04017968
 30.700000     -0.03131951
 30.800000     -0.02350981
 30.900000     -0.01882487
 31.000000     -0.01483377
 31.100000     -0.01088911
 31.200000     -0.00812434
 31.300000     -0.00725960
 31.400000     -0.00887363
 31.500000     -0.01103226
 31.600000     -0.01490564
 31.700000     -0.02075605
 31.800000     -0.02822401
 31.900000     -0.03618672
 32.000000     -0.04353766
 32.100000     -0.04980445
 32.200000     -0.05523037
 32.300000     -0.06006662
 32.400000     -0.06447668
 32.500000     -0.06897619
 32.600000     -0.07296893
 32.700000     -0.07552182
 32.800000     -0.07871593
 32.900000     -0.08250404
 33.000000     -0.08584721
 33.100000     -0.08797451
 33.200000     -0.08869790
 33.300000     -0.08831478
 33.400000     -0.08646159
 33.500000     -0.08518897
 33.600000     -0.08144231
 33.700000     -0.07671979
 33.800000     -0.07411176
 33.900000     -0.06957325
 34.000000     -0.06523215
 34.100000     -0.06077536
 34.200000     -0.05529083
 34.300000     -0.05007304
 34.400000     -0.04549966
 34.500000     -0.04267370
 34.600000     -0.03958415
 34.700000     -0.03834052
 34.800000     -0.03841415
 34.900000     -0.03906261
 35.000000     -0.04217337
 35.100000     -0.04720798
 35.200000     -0.05117122
 35.300000     -0.05481861
 35.400000     -0.05622084
 35.500000     -0.05581147
 35.600000     -0.05335205
 35.700000     -0.05035063
 35.800000     -0.04643107
 35.900000     -0.04324752
 36.000000     -0.04002641
 36.100000     -0.03709024
 36.200000     -0.03557170
 36.300000     -0.03925919
 36.400000     -0.04372286
 36.500000     -0.04870041
 36.600000     -0.05647170
 36.700000     -0.06490962
 36.800000     -0.07320484
 36.900000     -0.08339203
 37.000000     -0.09446648
 37.100000     -0.10561982
 37.200000     -0.11640274
 37.300000     -0.12610944
 37.400000     -0.13524575
 37.500000     -0.14274244
 37.600000     -0.14820658
 37.700000     -0.15220722
 37.800000     -0.15357734
 37.900000     -0.15351149
 38.000000     -0.15074489
 38.100000     -0.14804920
 38.200000     -0.14586459
 38.300000     -0.14238597
 38.400000     -0.13805317
 38.500000     -0.13260090
 38.600000     -0.12640914
 38.700000     -0.11901185
 38.800000     -0.11130687
 38.900000     -0.10393918
 39.000000     -0.09718106
 39.100000     -0.09100475
 39.200000     -0.08437235
 39.300000     -0.07755026
 39.400000     -0.07144900
 39.500000     -0.06556189
 39.600000     -0.06043793
 39.700000     -0.05636062
 39.800000     -0.05329479
 39.900000     -0.05103585
