  0.000000      0.31226119
  0.100000      0.31220784
  0.200000      0.31225858
  0.300000      0.31246452
  0.400000      0.31254349
  0.500000      0.31356451
  0.600000      0.31576437
  0.700000      0.31842950
  0.800000      0.32107727
  0.900000      0.32359586
  1.000000      0.32572837
  1.100000      0.32653550
  1.200000      0.32680220
  1.300000      0.32690866
  1.400000      0.32594742
  1.500000      0.32382236
  1.600000      0.32183131
  1.700000      0.32121306
  1.800000      0.32051700
  1.900000      0.31990360
  2.000000      0.31867715
  2.100000      0.31748283
  2.200000      0.31550571
  2.300000      0.31262670
  2.400000      0.31031547
  2.500000      0.30919747
  2.600000      0.30979053
  2.700000      0.31229287
  2.800000      0.31542797
  2.900000      0.31820916
  3.000000      0.31958252
  3.100000      0.31955061
  3.200000      0.31837963
  3.300000      0.31591316
  3.400000      0.31213601
  3.500000      0.30927607
  3.600000      0.30665293
  3.700000      0.30440143
  3.800000      0.30302615
  3.900000      0.30089807
  4.000000      0.30085465
  4.100000      0.30047534
  4.200000      0.30879032
  4.300000      0.32624473
  4.400000      0.34554010
  4.500000      0.36870309
  4.600000      0.39879596
  4.700000      0.43796304
  4.800000      0.48756028
  4.900000      0.53370303
  5.000000      0.56810176
  5.100000      0.60138186
  5.200000      0.64018520
  5.300000      0.69069591
  5.400000      0.74662965
  5.500000      0.78260538
  5.600000      0.80790614
  5.700000      0.83780986
  5.800000      0.86540125
  5.900000      0.89673860
  6.000000      0.92462115
  6.100000      0.93790971
  6.200000      0.95631141
  6.300000      0.97179030
  6.400000      0.99157295
  6.500000      1.00000000
  6.600000      0.98569951
  6.700000      0.94866432
  6.800000      0.92606422
  6.900000      0.91017861
  7.000000      0.89276995
  7.100000      0.86832082
  7.200000      0.82739196
  7.300000      0.78000567
  7.400000      0.72277041
  7.500000      0.66110389
  7.600000      0.59057312
  7.700000      0.51552139
  7.800000      0.44459530
  7.900000      0.38129069
  8.000000      0.31706127
  8.100000      0.23277720
  8.200000      0.14769995
  8.300000      0.07088186
  8.400000      0.00484965
  8.500000     -0.05122930
  8.600000     -0.09053976
  8.700000     -0.11264845
  8.800000     -0.11974797
  8.900000     -0.13727784
  9.000000     -0.16130456
  9.100000     -0.17527498
  9.200000     -0.17042753
  9.300000     -0.15724518
  9.400000     -0.14097769
  9.500000     -0.12231120
  9.600000     -0.11422064
  9.700000     -0.11914625
  9.800000     -0.12349100
  9.900000     -0.13037570
 10.000000     -0.13459475
 10.100000     -0.13810018
 10.200000     -0.13364582
 10.300000     -0.14638959
 10.400000     -0.17321747
 10.500000     -0.19160665
 10.600000     -0.18563930
 10.700000     -0.17704822
 10.800000     -0.17622109
 10.900000     -0.18792915
 11.000000     -0.20620142
 11.100000     -0.21879923
 11.200000     -0.22056565
 11.300000     -0.23053386
 11.400000     -0.25139477
 11.500000     -0.27128646
 11.600000     -0.28133309
 11.700000     -0.28671299
 11.800000     -0.27454244
 11.900000     -0.25425654
 12.000000     -0.24876541
 12.100000     -0.24652065
 12.200000     -0.24003225
 12.300000     -0.23432153
 12.400000     -0.23092465
 12.500000     -0.22777536
 12.600000     -0.22999242
 12.700000     -0.22791421
 12.800000     -0.21911403
 12.900000     -0.20141077
 13.000000     -0.17992181
 13.100000     -0.16735861
 13.200000     -0.16249277
 13.300000     -0.16932831
 13.400000     -0.17505003
 13.500000     -0.16856640
 13.600000     -0.15375197
 13.700000     -0.14572867
 13.800000     -0.14481512
 13.900000     -0.15264944
 14.000000     -0.15402080
 14.100000     -0.15387063
 14.200000     -0.15467046
 14.300000     -0.15100796
 14.400000     -0.14043634
 14.500000     -0.13865476
 14.600000     -0.15475847
 14.700000     -0.18639738
 14.800000     -0.21355422
 14.900000     -0.22394276
 15.000000     -0.23026665
 15.100000     -0.24013604
 15.200000     -0.25339760
 15.300000     -0.25288846
 15.400000     -0.23785903
 15.500000     -0.22823352
 15.600000     -0.22720244
 15.700000     -0.22348519
 15.800000     -0.21750575
 15.900000     -0.21582559
 16.000000     -0.22170950
 16.100000     -0.22760486
 16.200000     -0.22864543
 16.300000     -0.22966514
 16.400000     -0.22757368
 16.500000     -0.22865786
 16.600000     -0.22502148
 16.700000     -0.22449765
 16.800000     -0.22282650
 16.900000     -0.21905113
 17.000000     -0.21139983
 17.100000     -0.20658897
 17.200000     -0.20144391
 17.300000     -0.19017077
 17.400000     -0.17879579
 17.500000     -0.17300811
 17.600000     -0.17063373
 17.700000     -0.16809640
 17.800000     -0.16953639
 17.900000     -0.16771803
 18.000000     -0.16391596
 18.100000     -0.16149345
 18.200000     -0.16154656
 18.300000     -0.16110479
 18.400000     -0.15714712
 18.500000     -0.15022672
 18.600000     -0.14550305
 18.700000     -0.14685683
 18.800000     -0.14570504
 18.900000     -0.14351355
 19.000000     -0.14388062
 19.100000     -0.14455627
 19.200000     -0.14861131
 19.300000     -0.14991888
 19.400000     -0.14934818
 19.500000     -0.14788536
 19.600000     -0.14642896
 19.700000     -0.14555211
 19.800000     -0.14539803
 19.900000     -0.14612344
 20.000000     -0.14776133
 20.100000     -0.15004317
 20.200000     -0.15216731
 20.300000     -0.15339205
 20.400000     -0.15278287
 20.500000     -0.15047409
 20.600000     -0.14581895
 20.700000     -0.13889034
 20.800000     -0.13131128
 20.900000     -0.12358535
 21.000000     -0.11631961
 21.100000     -0.10977707
 21.200000     -0.10370724
 21.300000     -0.09833443
 21.400000     -0.09333629
 21.500000     -0.08946606
 21.600000     -0.08697916
 21.700000     -0.08561367
 21.800000     -0.08545633
 21.900000     -0.08803437
 22.000000     -0.09240918
 22.100000     -0.09878811
 22.200000     -0.10709623
 22.300000     -0.11624663
 22.400000     -0.12615928
 22.500000     -0.13458525
 22.600000     -0.14180292
 22.700000     -0.14762429
 22.800000     -0.15257085
 22.900000     -0.15688652
 23.000000     -0.16032646
 23.100000     -0.16182778
 23.200000     -0.16170015
 23.300000     -0.15998006
 23.400000     -0.15717542
 23.500000     -0.15345655
 23.600000     -0.14951500
 23.700000     -0.14495098
 23.800000     -0.14042108
 23.900000     -0.13622100
 24.000000     -0.13186207
 24.100000     -0.12708413
 24.200000     -0.12210265
 24.300000     -0.11671456
 24.400000     -0.11139366
 24.500000     -0.10597439
 24.600000     -0.10034444
 24.700000     -0.09412191
 24.800000     -0.08768369
 24.900000     -0.08106319
 25.000000     -0.07429826
 25.100000     -0.06861527
 25.200000     -0.06466410
 25.300000     -0.06295974
 25.400000     -0.06508552
 25.500000     -0.06931792
 25.600000     -0.07538198
 25.700000     -0.08338853
 25.800000     -0.09214732
 25.900000     -0.10058120
 26.000000     -0.10833203
 26.100000     -0.11493200
 26.200000     -0.11984249
 26.300000     -0.12371227
 26.400000     -0.12612076
 26.500000     -0.12766835
 26.600000     -0.12851646
 26.700000     -0.12872917
 26.800000     -0.12870329
 26.900000     -0.12767974
 27.000000     -0.12603731
 27.100000     -0.12333818
 27.200000     -0.11881356
 27.300000     -0.11295312
 27.400000     -0.10572329
 27.500000     -0.09735295
 27.600000     -0.08848431
 27.700000     -0.08061525
 27.800000     -0.07521631
 27.900000     -0.07213977
 28.000000     -0.07021009
 28.100000     -0.07040241
 28.200000     -0.07263200
 28.300000     -0.07624538
 28.400000     -0.08038518
 28.500000     -0.08416831
 28.600000     -0.08680987
 28.700000     -0.08774062
 28.800000     -0.08679368
 28.900000     -0.08445181
 29.000000     -0.08168223
 29.100000     -0.08007938
 29.200000     -0.08005148
 29.300000     -0.08167635
 29.400000     -0.08517668
 29.500000     -0.09046315
 29.600000     -0.09590455
 29.700000     -0.10040175
 29.800000     -0.10315723
 29.900000     -0.10389548
 30.000000     -0.10424666
 30.100000     -0.10231730
 30.200000     -0.09878418
 30.300000     -0.09522161
 30.400000     -0.09212187
 30.500000     -0.09006176
 30.600000     -0.08853482
 30.700000     -0.08684474
 30.800000     -0.08531126
 30.900000     -0.08437162
 31.000000     -0.08350459
 31.100000     -0.08143967
 31.200000     -0.07776141
 31.300000     -0.07281432
 31.400000     -0.06752536
 31.500000     -0.06174104
 31.600000     -0.05549550
 31.700000     -0.05465343
 31.800000     -0.05463953
 31.900000     -0.05541470
 32.000000     -0.05663579
 32.100000     -0.05811975
 32.200000     -0.06015250
 32.300000     -0.06279000
 32.400000     -0.06562887
 32.500000     -0.06873870
 32.600000     -0.07216149
 32.700000     -0.07554928
 32.800000     -0.07930881
 32.900000     -0.08304687
 33.000000     -0.08680358
 33.100000     -0.09096455
 33.200000     -0.09499402
 33.300000     -0.09874553
 33.400000     -0.10215295
 33.500000     -0.10536659
 33.600000     -0.10842250
 33.700000     -0.11110473
 33.800000     -0.11347846
 33.900000     -0.11545038
 34.000000     -0.11695780
 34.100000     -0.11794076
 34.200000     -0.11829175
 34.300000     -0.11778392
 34.400000     -0.11635179
 34.500000     -0.11396368
 34.600000     -0.11114317
 34.700000     -0.10734943
 34.800000     -0.10257638
 34.900000     -0.09748117
 35.000000     -0.09240523
 35.100000     -0.08869252
 35.200000     -0.08502486
 35.300000     -0.08221416
 35.400000     -0.07990911
 35.500000     -0.07799329
 35.600000     -0.07693952
 35.700000     -0.07645853
 35.800000     -0.07638693
 35.900000     -0.07688238
 36.000000     -0.07802014
 36.100000     -0.07948761
 36.200000     -0.08168347
 36.300000     -0.08433196
 36.400000     -0.08703650
 36.500000     -0.08938345
 36.600000     -0.09150317
 36.700000     -0.09306099
 36.800000     -0.09370437
 36.900000     -0.09351897
 37.000000     -0.09255755
 37.100000     -0.09079064
 37.200000     -0.08793467
 37.300000     -0.08452218
 37.400000     -0.08047547
 37.500000     -0.07586969
 37.600000     -0.07138060
 37.700000     -0.06865688
 37.800000     -0.06592619
 37.900000     -0.06337382
 38.000000     -0.06114011
 38.100000     -0.05906690
 38.200000     -0.05715964
 38.300000     -0.05521009
 38.400000     -0.05364651
 38.500000     -0.05252893
 38.600000     -0.05152568
 38.700000     -0.05107659
 38.800000     -0.05087877
 38.900000     -0.05064157
 39.000000     -0.05019520
 39.100000     -0.04961621
 39.200000     -0.04920582
 39.300000     -0.04845281
 39.400000     -0.04737110
 39.500000     -0.04592009
 39.600000     -0.04433937
 39.700000     -0.04282553
 39.800000     -0.04111672
 39.900000     -0.03941118
