  0.000000     -0.04861707
  0.100000     -0.04838431
  0.200000     -0.04813658
  0.300000     -0.04787226
  0.400000     -0.04757754
  0.500000     -0.04724450
  0.600000     -0.04694075
  0.700000     -0.04665363
  0.800000     -0.04634509
  0.900000     -0.04601538
  1.000000     -0.04566491
  1.100000     -0.04529384
  1.200000     -0.04490483
  1.300000     -0.04450161
  1.400000     -0.04407316
  1.500000     -0.04360298
  1.600000     -0.04312327
  1.700000     -0.04263752
  1.800000     -0.04208868
  1.900000     -0.04153817
  2.000000     -0.04099240
  2.100000     -0.04045773
  2.200000     -0.03994848
  2.300000     -0.03960982
  2.400000     -0.03937477
  2.500000     -0.03886690
  2.600000     -0.03854222
  2.700000     -0.03854835
  2.800000     -0.03857294
  2.900000     -0.03861714
  3.000000     -0.03870423
  3.100000     -0.03894518
  3.200000     -0.03920989
  3.300000     -0.03949296
  3.400000     -0.03979228
  3.500000     -0.04010291
  3.600000     -0.04042225
  3.700000     -0.04074456
  3.800000     -0.04056641
  3.900000     -0.04087109
  4.000000     -0.04128777
  4.100000     -0.04291972
  4.200000     -0.04322493
  4.300000     -0.04465896
  4.400000     -0.04545949
  4.500000     -0.04580748
  4.600000     -0.04607207
  4.700000     -0.04554330
  4.800000     -0.04493493
  4.900000     -0.04415101
  5.000000     -0.04449610
  5.100000     -0.04492867
  5.200000     -0.04535284
  5.300000     -0.04576675
  5.400000     -0.04698894
  5.500000     -0.04778335
  5.600000     -0.04810885
  5.700000     -0.04888084
  5.800000     -0.05038984
  5.900000     -0.05071706
  6.000000     -0.05103882
  6.100000     -0.05135630
  6.200000     -0.05684288
  6.300000     -0.05731018
  6.400000     -0.05764856
  6.500000     -0.05799506
  6.600000     -0.05835021
  6.700000     -0.05871457
  6.800000     -0.05908868
  6.900000     -0.05947540
  7.000000     -0.06026045
  7.100000     -0.06110083
  7.200000     -0.06188792
  7.300000     -0.06269949
  7.400000     -0.06397218
  7.500000     -0.06498179
  7.600000     -0.06579629
  7.700000     -0.06659813
  7.800000     -0.06756355
  7.900000     -0.06853009
  8.000000     -0.06959487
  8.100000     -0.07044542
  8.200000     -0.07121644
  8.300000     -0.07195011
  8.400000     -0.07264932
  8.500000     -0.07404128
  8.600000     -0.07465904
  8.700000     -0.07524784
  8.800000     -0.07580184
  8.900000     -0.07633542
  9.000000     -0.07685598
  9.100000     -0.07736555
  9.200000     -0.07787602
  9.300000     -0.07838981
  9.400000     -0.07891838
  9.500000     -0.07947139
  9.600000     -0.08005217
  9.700000     -0.08066870
  9.800000     -0.08132405
  9.900000     -0.08246271
 10.000000     -0.08409610
 10.100000     -0.08589644
 10.200000     -0.08768859
 10.300000     -0.08939156
 10.400000     -0.09037402
 10.500000     -0.09150050
 10.600000     -0.09261648
 10.700000     -0.09340096
 10.800000     -0.09436373
 10.900000     -0.09633636
 11.000000     -0.09701935
 11.100000     -0.09759997
 11.200000     -0.09805842
 11.300000     -0.09836978
 11.400000     -0.09790190
 11.500000     -0.09718841
 11.600000     -0.09678934
 11.700000     -0.09614090
 11.800000     -0.09520204
 11.900000     -0.09396348
 12.000000     -0.09239952
 12.100000     -0.09048125
 12.200000     -0.09069518
 12.300000     -0.08923462
 12.400000     -0.08583768
 12.500000     -0.08198657
 12.600000     -0.07765537
 12.700000     -0.07282497
 12.800000     -0.06746992
 12.900000     -0.06059328
 13.000000     -0.05309780
 13.100000     -0.04558336
 13.200000     -0.03763861
 13.300000     -0.02905607
 13.400000     -0.01979771
 13.500000     -0.00984453
 13.600000      0.00083418
 13.700000      0.01226555
 13.800000      0.02447689
 13.900000      0.03749762
 14.000000      0.05135351
 14.100000      0.06605938
 14.200000      0.08162276
 14.300000      0.09806507
 14.400000      0.11539365
 14.500000      0.13361529
 14.600000      0.15272400
 14.700000      0.17272083
 14.800000      0.19358766
 14.900000      0.21531485
 15.000000      0.23786702
 15.100000      0.26121193
 15.200000      0.28532808
 15.300000      0.31016152
 15.400000      0.33567674
 15.500000      0.36181512
 15.600000      0.38851556
 15.700000      0.41571373
 15.800000      0.44334945
 15.900000      0.47134721
 16.000000      0.49962109
 16.100000      0.52809241
 16.200000      0.55666827
 16.300000      0.58525596
 16.400000      0.61375293
 16.500000      0.64206456
 16.600000      0.67007969
 16.700000      0.69768539
 16.800000      0.72476297
 16.900000      0.75120472
 17.000000      0.77688948
 17.100000      0.80170428
 17.200000      0.82553871
 17.300000      0.84828818
 17.400000      0.86982301
 17.500000      0.89003616
 17.600000      0.90884181
 17.700000      0.92613793
 17.800000      0.94180358
 17.900000      0.95576646
 18.000000      0.96794942
 18.100000      0.97832311
 18.200000      0.98680410
 18.300000      0.99296939
 18.400000      0.99742362
 18.500000      0.99978040
 18.600000      1.00000000
 18.700000      0.99804421
 18.800000      0.99380420
 18.900000      0.98732530
 19.000000      0.97860426
 19.100000      0.96767983
 19.200000      0.95454326
 19.300000      0.93914384
 19.400000      0.92146423
 19.500000      0.90156431
 19.600000      0.87949867
 19.700000      0.85539146
 19.800000      0.82938541
 19.900000      0.80161944
 20.000000      0.77228111
 20.100000      0.74152661
 20.200000      0.70944704
 20.300000      0.67617603
 20.400000      0.64172960
 20.500000      0.60612466
 20.600000      0.56926135
 20.700000      0.53107495
 20.800000      0.49152200
 20.900000      0.45056523
 21.000000      0.40835446
 21.100000      0.36501359
 21.200000      0.32077674
 21.300000      0.27585886
 21.400000      0.23044838
 21.500000      0.18474523
 21.600000      0.13889261
 21.700000      0.09301361
 21.800000      0.04723960
 21.900000      0.00169055
 22.000000     -0.04345271
 22.100000     -0.08800845
 22.200000     -0.13179213
 22.300000     -0.17465099
 22.400000     -0.21648762
 22.500000     -0.25725616
 22.600000     -0.29694664
 22.700000     -0.33552972
 22.800000     -0.37284840
 22.900000     -0.40886861
 23.000000     -0.44352988
 23.100000     -0.47670192
 23.200000     -0.50825057
 23.300000     -0.53807907
 23.400000     -0.56607178
 23.500000     -0.59227722
 23.600000     -0.61669368
 23.700000     -0.63933481
 23.800000     -0.66024675
 23.900000     -0.67934714
 24.000000     -0.69667521
 24.100000     -0.71209881
 24.200000     -0.72695174
 24.300000     -0.73872144
 24.400000     -0.74873008
 24.500000     -0.75697417
 24.600000     -0.76341365
 24.700000     -0.76801078
 24.800000     -0.77084439
 24.900000     -0.77196256
 25.000000     -0.77144649
 25.100000     -0.76938840
 25.200000     -0.76583559
 25.300000     -0.76083639
 25.400000     -0.75445711
 25.500000     -0.74682001
 25.600000     -0.73798124
 25.700000     -0.72817415
 25.800000     -0.71725923
 25.900000     -0.70523860
 26.000000     -0.69224606
 26.100000     -0.67834952
 26.200000     -0.66361643
 26.300000     -0.64809719
 26.400000     -0.63185925
 26.500000     -0.61498750
 26.600000     -0.59757315
 26.700000     -0.57966613
 26.800000     -0.56134200
 26.900000     -0.54265854
 27.000000     -0.52370477
 27.100000     -0.50452813
 27.200000     -0.48492196
 27.300000     -0.46547925
 27.400000     -0.44600238
 27.500000     -0.42654501
 27.600000     -0.40713217
 27.700000     -0.38782041
 27.800000     -0.36864751
 27.900000     -0.34966565
 28.000000     -0.33090296
 28.100000     -0.31238279
 28.200000     -0.29413900
 28.300000     -0.27634424
 28.400000     -0.25885174
 28.500000     -0.24154018
 28.600000     -0.22459454
 28.700000     -0.20802677
 28.800000     -0.19184327
 28.900000     -0.17610365
 29.000000     -0.16083085
 29.100000     -0.14598778
 29.200000     -0.13157930
 29.300000     -0.11761965
 29.400000     -0.10412949
 29.500000     -0.09109315
 29.600000     -0.07852517
 29.700000     -0.06640851
 29.800000     -0.05473394
 29.900000     -0.04350032
 30.000000     -0.03269881
 30.100000     -0.02232456
 30.200000     -0.01238881
 30.300000     -0.00286937
 30.400000      0.00622993
 30.500000      0.01493643
 30.600000      0.02324409
 30.700000      0.03109772
 30.800000      0.03855538
 30.900000      0.04561186
 31.000000      0.05229956
 31.100000      0.05861193
 31.200000      0.06456485
 31.300000      0.07016366
 31.400000      0.07538708
 31.500000      0.08025184
 31.600000      0.08477250
 31.700000      0.08895485
 31.800000      0.09280161
 31.900000      0.09626305
 32.000000      0.09937872
 32.100000      0.10217196
 32.200000      0.10465263
 32.300000      0.10682649
 32.400000      0.10869122
 32.500000      0.11026326
 32.600000      0.11152352
 32.700000      0.11248759
 32.800000      0.11316201
 32.900000      0.11355307
 33.000000      0.11367362
 33.100000      0.11351993
 33.200000      0.11309152
 33.300000      0.11240399
 33.400000      0.11146762
 33.500000      0.11028734
 33.600000      0.10886681
 33.700000      0.10722283
 33.800000      0.10536162
 33.900000      0.10330878
 34.000000      0.10106518
 34.100000      0.09864869
 34.200000      0.09608088
 34.300000      0.09341312
 34.400000      0.09071169
 34.500000      0.08823203
 34.600000      0.08569755
 34.700000      0.08307699
 34.800000      0.08037110
 34.900000      0.07759786
 35.000000      0.07465829
 35.100000      0.07158138
 35.200000      0.06838376
 35.300000      0.06515175
 35.400000      0.06190821
 35.500000      0.05842106
 35.600000      0.05499177
 35.700000      0.05157727
 35.800000      0.04818832
 35.900000      0.04840674
 36.000000      0.04656408
 36.100000      0.04302097
 36.200000      0.04101191
 36.300000      0.03791324
 36.400000      0.03448176
 36.500000      0.03108271
 36.600000      0.02768332
 36.700000      0.02430889
 36.800000      0.02109955
 36.900000      0.01794977
 37.000000      0.01485366
 37.100000      0.01283607
 37.200000      0.01140449
 37.300000      0.00857177
 37.400000      0.00583912
 37.500000      0.00315100
 37.600000      0.00052536
 37.700000     -0.00203518
 37.800000     -0.00452563
 37.900000     -0.00694485
 38.000000     -0.00928026
 38.100000     -0.01152850
 38.200000     -0.01363011
 38.300000     -0.01492814
 38.400000     -0.01614712
 38.500000     -0.01831793
 38.600000     -0.02042739
 38.700000     -0.02433053
 38.800000     -0.02642293
 38.900000     -0.02844392
 39.000000     -0.03040817
 39.100000     -0.03233125
 39.200000     -0.03411051
 39.300000     -0.03577820
 39.400000     -0.03735314
 39.500000     -0.03886431
 39.600000     -0.04035736
 39.700000     -0.03917536
 39.800000     -0.03909552
 39.900000     -0.03709772
