  0.000000      0.00318981
  0.100000      0.00410399
  0.200000      0.00519231
  0.300000      0.00717601
  0.400000      0.00956383
  0.500000      0.01202377
  0.600000      0.01419645
  0.700000      0.01572895
  0.800000      0.01587965
  0.900000      0.01438004
  1.000000      0.01211072
  1.100000      0.00932161
  1.200000      0.00624417
  1.300000      0.00401756
  1.400000      0.00227285
  1.500000      0.00047329
  1.600000     -0.00119683
  1.700000     -0.00301997
  1.800000     -0.00447832
  1.900000     -0.00546316
  2.000000     -0.00583631
  2.100000     -0.00559652
  2.200000     -0.00487544
  2.300000     -0.00455083
  2.400000     -0.00414243
  2.500000     -0.00343104
  2.600000     -0.00244039
  2.700000     -0.00007477
  2.800000      0.00360889
  2.900000      0.00749431
  3.000000      0.00994667
  3.100000      0.01210681
  3.200000      0.01412851
  3.300000      0.01584643
  3.400000      0.01692898
  3.500000      0.01762188
  3.600000      0.01857166
  3.700000      0.01977195
  3.800000      0.02077275
  3.900000      0.02250264
  4.000000      0.02367403
  4.100000      0.02266045
  4.200000      0.02177234
  4.300000      0.02040176
  4.400000      0.01758503
  4.500000      0.01376706
  4.600000      0.01058881
  4.700000      0.00773356
  4.800000      0.00504205
  4.900000      0.00098960
  5.000000     -0.00445233
  5.100000     -0.01060761
  5.200000     -0.01825724
  5.300000     -0.02563824
  5.400000     -0.03071817
  5.500000     -0.03521264
  5.600000     -0.03976446
  5.700000     -0.04390710
  5.800000     -0.04757762
  5.900000     -0.05162091
  6.000000     -0.05565819
  6.100000     -0.05826119
  6.200000     -0.05963901
  6.300000     -0.06157261
  6.400000     -0.06351946
  6.500000     -0.06322899
  6.600000     -0.06246903
  6.700000     -0.06179711
  6.800000     -0.05898101
  6.900000     -0.05532619
  7.000000     -0.05219153
  7.100000     -0.04767669
  7.200000     -0.04304976
  7.300000     -0.03792702
  7.400000     -0.03308755
  7.500000     -0.03002758
  7.600000     -0.02652465
  7.700000     -0.02379398
  7.800000     -0.02309832
  7.900000     -0.02450222
  8.000000     -0.02568404
  8.100000     -0.02695739
  8.200000     -0.02817104
  8.300000     -0.02618386
  8.400000     -0.02253202
  8.500000     -0.01948211
  8.600000     -0.01707091
  8.700000     -0.01389622
  8.800000     -0.00969086
  8.900000     -0.00559342
  9.000000     -0.00096320
  9.100000      0.00528694
  9.200000      0.01057540
  9.300000      0.01357201
  9.400000      0.01708316
  9.500000      0.01958887
  9.600000      0.01912208
  9.700000      0.01791414
  9.800000      0.01667407
  9.900000      0.01460056
 10.000000      0.01209462
 10.100000      0.00968056
 10.200000      0.00806773
 10.300000      0.00729900
 10.400000      0.00566673
 10.500000      0.00230919
 10.600000     -0.00161834
 10.700000     -0.00540464
 10.800000     -0.00854935
 10.900000     -0.00999579
 11.000000     -0.01067658
 11.100000     -0.01027631
 11.200000     -0.00980103
 11.300000     -0.00996879
 11.400000     -0.01063742
 11.500000     -0.01134799
 11.600000     -0.01073024
 11.700000     -0.01025396
 11.800000     -0.00945064
 11.900000     -0.00611061
 12.000000     -0.00334908
 12.100000     -0.00384373
 12.200000     -0.00359211
 12.300000     -0.00262990
 12.400000     -0.00244389
 12.500000     -0.00191287
 12.600000      0.00068769
 12.700000      0.00321865
 12.800000      0.00518117
 12.900000      0.00616980
 13.000000      0.00610539
 13.100000      0.00537097
 13.200000      0.00337231
 13.300000      0.00161199
 13.400000      0.00097141
 13.500000      0.00157723
 13.600000      0.00294586
 13.700000      0.00110217
 13.800000     -0.00182224
 13.900000     -0.00420333
 14.000000     -0.00791191
 14.100000     -0.01181102
 14.200000     -0.01578913
 14.300000     -0.02090977
 14.400000     -0.02686891
 14.500000     -0.03287977
 14.600000     -0.03817060
 14.700000     -0.04217016
 14.800000     -0.04589639
 14.900000     -0.05084477
 15.000000     -0.05435919
 15.100000     -0.05855923
 15.200000     -0.06240360
 15.300000     -0.06297883
 15.400000     -0.06102646
 15.500000     -0.05720739
 15.600000     -0.05221537
 15.700000     -0.04623185
 15.800000     -0.03944806
 15.900000     -0.03306664
 16.000000     -0.02862452
 16.100000     -0.02455742
 16.200000     -0.01892658
 16.300000     -0.01314322
 16.400000     -0.00798347
 16.500000     -0.00380950
 16.600000     -0.00083770
 16.700000      0.00137002
 16.800000      0.00136057
 16.900000     -0.00126150
 17.000000     -0.00415149
 17.100000     -0.00798594
 17.200000     -0.01207719
 17.300000     -0.01399113
 17.400000     -0.01377688
 17.500000     -0.01359339
 17.600000     -0.01403716
 17.700000     -0.01340097
 17.800000     -0.01200322
 17.900000     -0.01062411
 18.000000     -0.01022727
 18.100000     -0.01145044
 18.200000     -0.01330805
 18.300000     -0.01432196
 18.400000     -0.01335546
 18.500000     -0.01136461
 18.600000     -0.01010335
 18.700000     -0.00845265
 18.800000     -0.00623680
 18.900000     -0.00521493
 19.000000     -0.00497665
 19.100000     -0.00511520
 19.200000     -0.00390132
 19.300000     -0.00282288
 19.400000     -0.00106490
 19.500000      0.00166630
 19.600000      0.00473481
 19.700000      0.00733548
 19.800000      0.00883618
 19.900000      0.01109197
 20.000000      0.01297884
 20.100000      0.01353685
 20.200000      0.01438281
 20.300000      0.01466114
 20.400000      0.01384731
 20.500000      0.01350325
 20.600000      0.01196003
 20.700000      0.00786134
 20.800000      0.00447783
 20.900000      0.00243963
 21.000000      0.00156375
 21.100000      0.00221306
 21.200000      0.00394772
 21.300000      0.00909689
 21.400000      0.01448111
 21.500000      0.01684792
 21.600000      0.01684955
 21.700000      0.01703720
 21.800000      0.01592843
 21.900000      0.01430513
 22.000000      0.01302992
 22.100000      0.01195142
 22.200000      0.00911653
 22.300000      0.00550658
 22.400000      0.00240764
 22.500000     -0.00281413
 22.600000     -0.00965773
 22.700000     -0.01690832
 22.800000     -0.02230332
 22.900000     -0.02770748
 23.000000     -0.03443080
 23.100000     -0.04049542
 23.200000     -0.04600583
 23.300000     -0.04966883
 23.400000     -0.05125524
 23.500000     -0.05088377
 23.600000     -0.04983547
 23.700000     -0.04871747
 23.800000     -0.04491581
 23.900000     -0.04014572
 24.000000     -0.03600353
 24.100000     -0.03382194
 24.200000     -0.03106876
 24.300000     -0.02750794
 24.400000     -0.02494959
 24.500000     -0.02089294
 24.600000     -0.01764841
 24.700000     -0.01280069
 24.800000     -0.00663747
 24.900000     -0.00132942
 25.000000      0.00363574
 25.100000      0.00870800
 25.200000      0.01171507
 25.300000      0.01207570
 25.400000      0.01063944
 25.500000      0.01018902
 25.600000      0.01037016
 25.700000      0.01024053
 25.800000      0.01190383
 25.900000      0.01365540
 26.000000      0.01477440
 26.100000      0.01386279
 26.200000      0.01253365
 26.300000      0.01164893
 26.400000      0.01078446
 26.500000      0.01180931
 26.600000      0.01386721
 26.700000      0.01428277
 26.800000      0.01173566
 26.900000      0.00939878
 27.000000      0.00718868
 27.100000      0.00569328
 27.200000      0.00384935
 27.300000      0.00327513
 27.400000      0.00173247
 27.500000     -0.00105011
 27.600000     -0.00289391
 27.700000     -0.00623280
 27.800000     -0.01293603
 27.900000     -0.02207346
 28.000000     -0.03155380
 28.100000     -0.04075904
 28.200000     -0.04992276
 28.300000     -0.06172575
 28.400000     -0.07232826
 28.500000     -0.08197752
 28.600000     -0.08906359
 28.700000     -0.09476347
 28.800000     -0.09808013
 28.900000     -0.09967878
 29.000000     -0.10259592
 29.100000     -0.10378583
 29.200000     -0.10440771
 29.300000     -0.10493549
 29.400000     -0.10555104
 29.500000     -0.10334725
 29.600000     -0.09812734
 29.700000     -0.09202308
 29.800000     -0.08318661
 29.900000     -0.07432154
 30.000000     -0.06348709
 30.100000     -0.04819730
 30.200000     -0.03222188
 30.300000     -0.01639600
 30.400000      0.00059854
 30.500000      0.01766246
 30.600000      0.03614094
 30.700000      0.05577904
 30.800000      0.07515866
 30.900000      0.09149344
 31.000000      0.10349248
 31.100000      0.11081242
 31.200000      0.12205789
 31.300000      0.13746645
 31.400000      0.15254124
 31.500000      0.16902838
 31.600000      0.18195340
 31.700000      0.19314236
 31.800000      0.20132370
 31.900000      0.20756221
 32.000000      0.21374537
 32.100000      0.22339244
 32.200000      0.22964145
 32.300000      0.23171312
 32.400000      0.23546460
 32.500000      0.22945342
 32.600000      0.21830747
 32.700000      0.20217560
 32.800000      0.18019018
 32.900000      0.15483733
 33.000000      0.12917235
 33.100000      0.09734591
 33.200000      0.06662375
 33.300000      0.03879120
 33.400000      0.00347036
 33.500000     -0.03442549
 33.600000     -0.07571409
 33.700000     -0.12317974
 33.800000     -0.17587262
 33.900000     -0.22942039
 34.000000     -0.28118860
 34.100000     -0.33173030
 34.200000     -0.38231462
 34.300000     -0.42877847
 34.400000     -0.46949628
 34.500000     -0.50530613
 34.600000     -0.53967863
 34.700000     -0.57433901
 34.800000     -0.60137040
 34.900000     -0.61964165
 35.000000     -0.63238191
 35.100000     -0.63972480
 35.200000     -0.62861780
 35.300000     -0.60125217
 35.400000     -0.55746762
 35.500000     -0.49992552
 35.600000     -0.42955941
 35.700000     -0.34316740
 35.800000     -0.24868657
 35.900000     -0.14881434
 36.000000     -0.04323524
 36.100000      0.06919872
 36.200000      0.19063689
 36.300000      0.31618117
 36.400000      0.44523373
 36.500000      0.57333201
 36.600000      0.67936644
 36.700000      0.76767870
 36.800000      0.84200618
 36.900000      0.89325156
 37.000000      0.93545145
 37.100000      0.97351986
 37.200000      0.99546283
 37.300000      1.00000000
 37.400000      0.99462356
 37.500000      0.96266872
 37.600000      0.92605212
 37.700000      0.88338597
 37.800000      0.82880338
 37.900000      0.75613594
 38.000000      0.66771132
 38.100000      0.56948781
 38.200000      0.46637447
 38.300000      0.36036460
 38.400000      0.25453384
 38.500000      0.15194527
 38.600000      0.05370844
 38.700000     -0.03950623
 38.800000     -0.12367437
 38.900000     -0.19455457
 39.000000     -0.25347386
 39.100000     -0.30160438
 39.200000     -0.34260675
 39.300000     -0.37610799
 39.400000     -0.40178195
 39.500000     -0.41961296
 39.600000     -0.42929840
 39.700000     -0.43398109
 39.800000     -0.43388761
 39.900000     -0.43068815
