  0.000000     -0.01844183
  0.100000     -0.02126555
  0.200000     -0.02393296
  0.300000     -0.02624241
  0.400000     -0.02838147
  0.500000     -0.03045875
  0.600000     -0.03255134
  0.700000     -0.03465291
  0.800000     -0.03667952
  0.900000     -0.03835787
  1.000000     -0.03990831
  1.100000     -0.04131821
  1.200000     -0.04229216
  1.300000     -0.04279997
  1.400000     -0.04270057
  1.500000     -0.04187667
  1.600000     -0.04043107
  1.700000     -0.03810404
  1.800000     -0.03542800
  1.900000     -0.03253040
  2.000000     -0.02939163
  2.100000     -0.02638394
  2.200000     -0.02370291
  2.300000     -0.02188107
  2.400000     -0.02107681
  2.500000     -0.02090841
  2.600000     -0.02163063
  2.700000     -0.02323696
  2.800000     -0.02548158
  2.900000     -0.02800412
  3.000000     -0.03060637
  3.100000     -0.03320675
  3.200000     -0.03556482
  3.300000     -0.03762763
  3.400000     -0.03947286
  3.500000     -0.04124395
  3.600000     -0.04287854
  3.700000     -0.04442731
  3.800000     -0.04592675
  3.900000     -0.04715244
  4.000000     -0.04806456
  4.100000     -0.04842524
  4.200000     -0.04796406
  4.300000     -0.04703831
  4.400000     -0.04631074
  4.500000     -0.04529865
  4.600000     -0.04376060
  4.700000     -0.04178609
  4.800000     -0.03956220
  4.900000     -0.03705226
  5.000000     -0.03389400
  5.100000     -0.03023289
  5.200000     -0.02701079
  5.300000     -0.02456397
  5.400000     -0.02182264
  5.500000     -0.01925077
  5.600000     -0.01687321
  5.700000     -0.01470883
  5.800000     -0.01306463
  5.900000     -0.01209190
  6.000000     -0.01170261
  6.100000     -0.01146347
  6.200000     -0.01108235
  6.300000     -0.01050885
  6.400000     -0.00989021
  6.500000     -0.00830353
  6.600000     -0.00655171
  6.700000     -0.00507645
  6.800000     -0.00420719
  6.900000     -0.00403640
  7.000000     -0.00446379
  7.100000     -0.00541328
  7.200000     -0.00694019
  7.300000     -0.00898203
  7.400000     -0.01135453
  7.500000     -0.01365401
  7.600000     -0.01543075
  7.700000     -0.01648759
  7.800000     -0.01772389
  7.900000     -0.01925832
  8.000000     -0.02102390
  8.100000     -0.02217584
  8.200000     -0.02275449
  8.300000     -0.02336606
  8.400000     -0.02413568
  8.500000     -0.02529883
  8.600000     -0.02683008
  8.700000     -0.02805374
  8.800000     -0.02929511
  8.900000     -0.03007809
  9.000000     -0.03007130
  9.100000     -0.02866509
  9.200000     -0.02558169
  9.300000     -0.02105963
  9.400000     -0.01519986
  9.500000     -0.00850375
  9.600000     -0.00234715
  9.700000      0.00252475
  9.800000      0.00549532
  9.900000      0.00707342
 10.000000      0.00806997
 10.100000      0.00823432
 10.200000      0.00818888
 10.300000      0.00868772
 10.400000      0.00911228
 10.500000      0.00934974
 10.600000      0.01047417
 10.700000      0.01107244
 10.800000      0.01123869
 10.900000      0.00981321
 11.000000      0.00783090
 11.100000      0.00589689
 11.200000      0.00535074
 11.300000      0.00572527
 11.400000      0.00772203
 11.500000      0.00996788
 11.600000      0.01090844
 11.700000      0.01086019
 11.800000      0.00988015
 11.900000      0.01008355
 12.000000      0.01273597
 12.100000      0.01790370
 12.200000      0.02486671
 12.300000      0.03092641
 12.400000      0.03510651
 12.500000      0.03831798
 12.600000      0.04039481
 12.700000      0.04331172
 12.800000      0.04750780
 12.900000      0.05111336
 13.000000      0.05434816
 13.100000      0.05688093
 13.200000      0.06047955
 13.300000      0.06157267
 13.400000      0.05947126
 13.500000      0.05644088
 13.600000      0.05464555
 13.700000      0.05342863
 13.800000      0.05307896
 13.900000      0.05297786
 14.000000      0.05094205
 14.100000      0.04593737
 14.200000      0.03758374
 14.300000      0.02583172
 14.400000      0.01220793
 14.500000      0.00004399
 14.600000     -0.00986783
 14.700000     -0.01777152
 14.800000     -0.03008454
 14.900000     -0.04586390
 15.000000     -0.06220375
 15.100000     -0.07983263
 15.200000     -0.09941316
 15.300000     -0.11992300
 15.400000     -0.13751402
 15.500000     -0.15069454
 15.600000     -0.15873998
 15.700000     -0.16457238
 15.800000     -0.16943891
 15.900000     -0.16976005
 16.000000     -0.16267391
 16.100000     -0.14438242
 16.200000     -0.11421714
 16.300000     -0.07341969
 16.400000     -0.01925182
 16.500000      0.05777884
 16.600000      0.15404242
 16.700000      0.25596981
 16.800000      0.35923888
 16.900000      0.46503903
 17.000000      0.57597144
 17.100000      0.68561839
 17.200000      0.77813557
 17.300000      0.85592908
 17.400000      0.91759544
 17.500000      0.96083377
 17.600000      0.98852855
 17.700000      1.00000000
 17.800000      0.99697182
 17.900000      0.97223956
 18.000000      0.92000736
 18.100000      0.84783459
 18.200000      0.75960253
 18.300000      0.65358493
 18.400000      0.53792799
 18.500000      0.42142761
 18.600000      0.30673140
 18.700000      0.19854347
 18.800000      0.10345087
 18.900000      0.02026742
 19.000000     -0.04505918
 19.100000     -0.09442185
 19.200000     -0.13594809
 19.300000     -0.16933717
 19.400000     -0.19006470
 19.500000     -0.19814820
 19.600000     -0.19967607
 19.700000     -0.19628082
 19.800000     -0.19166761
 19.900000     -0.18315091
 20.000000     -0.17274252
 20.100000     -0.16310969
 20.200000     -0.15552095
 20.300000     -0.14855234
 20.400000     -0.13672025
 20.500000     -0.12194578
 20.600000     -0.11176003
 20.700000     -0.10648210
 20.800000     -0.10685521
 20.900000     -0.10695272
 21.000000     -0.10105523
 21.100000     -0.08975607
 21.200000     -0.07882352
 21.300000     -0.06985734
 21.400000     -0.06001952
 21.500000     -0.05199645
 21.600000     -0.04708964
 21.700000     -0.04603932
 21.800000     -0.04658481
 21.900000     -0.04490485
 22.000000     -0.04074019
 22.100000     -0.03778780
 22.200000     -0.03745212
 22.300000     -0.03742749
 22.400000     -0.04057793
 22.500000     -0.04615651
 22.600000     -0.05255199
 22.700000     -0.05972960
 22.800000     -0.06753936
 22.900000     -0.07434130
 23.000000     -0.08078388
 23.100000     -0.08600283
 23.200000     -0.08868408
 23.300000     -0.09018982
 23.400000     -0.09186826
 23.500000     -0.09339756
 23.600000     -0.09433898
 23.700000     -0.09486483
 23.800000     -0.09394523
 23.900000     -0.09109661
 24.000000     -0.08708417
 24.100000     -0.08186679
 24.200000     -0.07766375
 24.300000     -0.07377929
 24.400000     -0.07106412
 24.500000     -0.06919102
 24.600000     -0.06782636
 24.700000     -0.06789515
 24.800000     -0.06913180
 24.900000     -0.06982717
 25.000000     -0.07020127
 25.100000     -0.07158237
 25.200000     -0.07314756
 25.300000     -0.07552098
 25.400000     -0.07905277
 25.500000     -0.08391340
 25.600000     -0.08846887
 25.700000     -0.09147318
 25.800000     -0.09181396
 25.900000     -0.09093019
 26.000000     -0.09010634
 26.100000     -0.09050411
 26.200000     -0.09178856
 26.300000     -0.09470521
 26.400000     -0.09870444
 26.500000     -0.10227343
 26.600000     -0.10394885
 26.700000     -0.10336553
 26.800000     -0.10104763
 26.900000     -0.09742311
 27.000000     -0.09447883
 27.100000     -0.09332861
 27.200000     -0.09339666
 27.300000     -0.09473911
 27.400000     -0.09616760
 27.500000     -0.09809034
 27.600000     -0.10053479
 27.700000     -0.10378437
 27.800000     -0.10768801
 27.900000     -0.11132406
 28.000000     -0.11371837
 28.100000     -0.11355513
 28.200000     -0.11219393
 28.300000     -0.11067828
 28.400000     -0.10890658
 28.500000     -0.10718973
 28.600000     -0.10515701
 28.700000     -0.10369822
 28.800000     -0.10268835
 28.900000     -0.10243285
 29.000000     -0.10254886
 29.100000     -0.10346694
 29.200000     -0.10462059
 29.300000     -0.10672095
 29.400000     -0.10934256
 29.500000     -0.11208890
 29.600000     -0.11387156
 29.700000     -0.11472566
 29.800000     -0.11504320
 29.900000     -0.11426743
 30.000000     -0.11250341
 30.100000     -0.10949268
 30.200000     -0.10526098
 30.300000     -0.10043195
 30.400000     -0.09546565
 30.500000     -0.09070895
 30.600000     -0.08702871
 30.700000     -0.08425447
 30.800000     -0.08074944
 30.900000     -0.08007166
 31.000000     -0.08025417
 31.100000     -0.08079661
 31.200000     -0.08059370
 31.300000     -0.08030564
 31.400000     -0.07964024
 31.500000     -0.07841942
 31.600000     -0.07677380
 31.700000     -0.07526922
 31.800000     -0.07407868
 31.900000     -0.07327058
 32.000000     -0.07333885
 32.100000     -0.07397828
 32.200000     -0.07502930
 32.300000     -0.07631991
 32.400000     -0.07712720
 32.500000     -0.07741942
 32.600000     -0.07772936
 32.700000     -0.07863109
 32.800000     -0.07934766
 32.900000     -0.08027426
 33.000000     -0.08036710
 33.100000     -0.08005153
 33.200000     -0.07900161
 33.300000     -0.07765693
 33.400000     -0.07641780
 33.500000     -0.07502999
 33.600000     -0.07387190
 33.700000     -0.07296463
 33.800000     -0.07257502
 33.900000     -0.07236163
 34.000000     -0.07204094
 34.100000     -0.07122674
 34.200000     -0.07008191
 34.300000     -0.06885458
 34.400000     -0.06769430
 34.500000     -0.06661347
 34.600000     -0.06558337
 34.700000     -0.06469995
 34.800000     -0.06363164
 34.900000     -0.06245134
 35.000000     -0.06093817
 35.100000     -0.05974145
 35.200000     -0.05879978
 35.300000     -0.05778815
 35.400000     -0.05678093
 35.500000     -0.05582078
 35.600000     -0.05522806
 35.700000     -0.05466390
 35.800000     -0.05463797
 35.900000     -0.05461970
 36.000000     -0.05495215
 36.100000     -0.05583654
 36.200000     -0.05722612
 36.300000     -0.05901272
 36.400000     -0.06118151
 36.500000     -0.06357814
 36.600000     -0.06630409
 36.700000     -0.06885381
 36.800000     -0.07104966
 36.900000     -0.07286829
 37.000000     -0.07462929
 37.100000     -0.07601278
 37.200000     -0.07669222
 37.300000     -0.07807488
 37.400000     -0.07760496
 37.500000     -0.07669710
 37.600000     -0.07517265
 37.700000     -0.06979336
 37.800000     -0.06903444
 37.900000     -0.06818933
 38.000000     -0.06711276
 38.100000     -0.06565255
 38.200000     -0.06385751
 38.300000     -0.06208008
 38.400000     -0.06018148
 38.500000     -0.05816100
 38.600000     -0.05655926
 38.700000     -0.05514776
 38.800000     -0.05358698
 38.900000     -0.05229738
 39.000000     -0.05125039
 39.100000     -0.05092617
 39.200000     -0.05078790
 39.300000     -0.05079007
 39.400000     -0.05110343
 39.500000     -0.05128112
 39.600000     -0.05114464
 39.700000     -0.05073126
 39.800000     -0.05021716
 39.900000     -0.04964336
