  0.000000      0.00806847
  0.100000      0.01043126
  0.200000      0.01311129
  0.300000      0.01625747
  0.400000      0.01956638
  0.500000      0.02197171
  0.600000      0.02410902
  0.700000      0.02573355
  0.800000      0.02643765
  0.900000      0.02659063
  1.000000      0.02767594
  1.100000      0.02827170
  1.200000      0.02883615
  1.300000      0.02858233
  1.400000      0.02694756
  1.500000      0.02372347
  1.600000      0.02055270
  1.700000      0.01772736
  1.800000      0.01507520
  1.900000      0.01173642
  2.000000      0.00830616
  2.100000      0.00481762
  2.200000      0.00096844
  2.300000     -0.00270131
  2.400000     -0.00306230
  2.500000     -0.00302242
  2.600000     -0.00237906
  2.700000     -0.00111952
  2.800000      0.00044587
  2.900000      0.00134319
  3.000000      0.00270774
  3.100000      0.00461713
  3.200000      0.00727972
  3.300000      0.01002532
  3.400000      0.01246903
  3.500000      0.01426314
  3.600000      0.01576227
  3.700000      0.01679247
  3.800000      0.01832905
  3.900000      0.02019104
  4.000000      0.02257517
  4.100000      0.02553403
  4.200000      0.02882226
  4.300000      0.03130752
  4.400000      0.03357594
  4.500000      0.03417281
  4.600000      0.03375829
  4.700000      0.03330906
  4.800000      0.03307459
  4.900000      0.03270445
  5.000000      0.03452737
  5.100000      0.03607652
  5.200000      0.03681297
  5.300000      0.03691896
  5.400000      0.03557675
  5.500000      0.03191789
  5.600000      0.02790220
  5.700000      0.02391112
  5.800000      0.02021488
  5.900000      0.01833562
  6.000000      0.01758793
  6.100000      0.01702103
  6.200000      0.01631130
  6.300000      0.01609119
  6.400000      0.01533839
  6.500000      0.01506489
  6.600000      0.01612376
  6.700000      0.01833056
  6.800000      0.02120926
  6.900000      0.02435082
  7.000000      0.02702727
  7.100000      0.02659665
  7.200000      0.02498195
  7.300000      0.02267978
  7.400000      0.01981316
  7.500000      0.01674882
  7.600000      0.01508952
  7.700000      0.01306365
  7.800000      0.01214191
  7.900000      0.01167734
  8.000000      0.01091909
  8.100000      0.00965175
  8.200000      0.00845232
  8.300000      0.00612007
  8.400000      0.00425652
  8.500000      0.00324416
  8.600000      0.00266358
  8.700000      0.00245407
  8.800000      0.00279778
  8.900000      0.00329301
  9.000000      0.00396727
  9.100000      0.00479934
  9.200000      0.00627340
  9.300000      0.00770235
  9.400000      0.00831795
  9.500000      0.00813308
  9.600000      0.00748291
  9.700000      0.00500939
  9.800000      0.00234741
  9.900000      0.00041895
 10.000000     -0.00072951
 10.100000     -0.00065443
 10.200000      0.00154110
 10.300000      0.00436165
 10.400000      0.00529474
 10.500000      0.00602843
 10.600000      0.00588355
 10.700000      0.00524537
 10.800000      0.00472534
 10.900000      0.00531916
 11.000000      0.00554099
 11.100000      0.00671288
 11.200000      0.00768686
 11.300000      0.00923894
 11.400000      0.01123360
 11.500000      0.01331205
 11.600000      0.01540342
 11.700000      0.01842629
 11.800000      0.02097600
 11.900000      0.02459029
 12.000000      0.02948446
 12.100000      0.03553569
 12.200000      0.04198668
 12.300000      0.04865757
 12.400000      0.05516053
 12.500000      0.06086704
 12.600000      0.06601433
 12.700000      0.07134973
 12.800000      0.07725248
 12.900000      0.08307464
 13.000000      0.08887363
 13.100000      0.09530060
 13.200000      0.10206543
 13.300000      0.10954370
 13.400000      0.11875272
 13.500000      0.13032827
 13.600000      0.14393188
 13.700000      0.16009662
 13.800000      0.17831725
 13.900000      0.19836311
 14.000000      0.22002688
 14.100000      0.24274850
 14.200000      0.26609566
 14.300000      0.29047586
 14.400000      0.31475093
 14.500000      0.33996934
 14.600000      0.36682385
 14.700000      0.39495369
 14.800000      0.42410981
 14.900000      0.45461440
 15.000000      0.48576136
 15.100000      0.51807119
 15.200000      0.55115123
 15.300000      0.58505192
 15.400000      0.61957911
 15.500000      0.65419168
 15.600000      0.68765397
 15.700000      0.72077003
 15.800000      0.75093881
 15.900000      0.77984546
 16.000000      0.80758076
 16.100000      0.83398886
 16.200000      0.85878686
 16.300000      0.88506788
 16.400000      0.90922331
 16.500000      0.93131651
 16.600000      0.95089017
 16.700000      0.96677891
 16.800000      0.97833617
 16.900000      0.98756913
 17.000000      0.99349769
 17.100000      0.99724611
 17.200000      0.99955042
 17.300000      1.00000000
 17.400000      0.99809202
 17.500000      0.99381427
 17.600000      0.98778063
 17.700000      0.97854245
 17.800000      0.96791231
 17.900000      0.95587353
 18.000000      0.94272355
 18.100000      0.92966084
 18.200000      0.91779220
 18.300000      0.90582659
 18.400000      0.89403912
 18.500000      0.88166980
 18.600000      0.86794429
 18.700000      0.85338617
 18.800000      0.83914290
 18.900000      0.82515704
 19.000000      0.81097235
 19.100000      0.79854732
 19.200000      0.78634416
 19.300000      0.77248350
 19.400000      0.75690269
 19.500000      0.74026819
 19.600000      0.72128215
 19.700000      0.70158305
 19.800000      0.68269782
 19.900000      0.66356654
 20.000000      0.64369182
 20.100000      0.62292785
 20.200000      0.60187375
 20.300000      0.58010090
 20.400000      0.55867508
 20.500000      0.53772248
 20.600000      0.51741598
 20.700000      0.49733608
 20.800000      0.47720522
 20.900000      0.45683297
 21.000000      0.43570537
 21.100000      0.41398122
 21.200000      0.39169756
 21.300000      0.36879342
 21.400000      0.34485353
 21.500000      0.32032391
 21.600000      0.29561854
 21.700000      0.27045229
 21.800000      0.24564639
 21.900000      0.22312174
 22.000000      0.20255187
 22.100000      0.18321914
 22.200000      0.16492370
 22.300000      0.14749795
 22.400000      0.12942145
 22.500000      0.11165236
 22.600000      0.09461577
 22.700000      0.07796517
 22.800000      0.06106944
 22.900000      0.04380126
 23.000000      0.02572154
 23.100000      0.00530344
 23.200000     -0.01607725
 23.300000     -0.03699036
 23.400000     -0.05742815
 23.500000     -0.07734625
 23.600000     -0.09522908
 23.700000     -0.11255346
 23.800000     -0.12902248
 23.900000     -0.14472554
 24.000000     -0.16013306
 24.100000     -0.17520413
 24.200000     -0.18947398
 24.300000     -0.20347247
 24.400000     -0.21649922
 24.500000     -0.22941751
 24.600000     -0.24182493
 24.700000     -0.25388327
 24.800000     -0.26593966
 24.900000     -0.27890207
 25.000000     -0.29221497
 25.100000     -0.30594162
 25.200000     -0.31916875
 25.300000     -0.33248761
 25.400000     -0.34648395
 25.500000     -0.36107234
 25.600000     -0.37541084
 25.700000     -0.39036607
 25.800000     -0.40431043
 25.900000     -0.41528642
 26.000000     -0.42396957
 26.100000     -0.43115296
 26.200000     -0.43667790
 26.300000     -0.44099954
 26.400000     -0.44583185
 26.500000     -0.45002518
 26.600000     -0.45286496
 26.700000     -0.45462905
 26.800000     -0.45625896
 26.900000     -0.45809972
 27.000000     -0.45987909
 27.100000     -0.46416127
 27.200000     -0.46885743
 27.300000     -0.47279917
 27.400000     -0.47612111
 27.500000     -0.47917922
 27.600000     -0.48089571
 27.700000     -0.48189799
 27.800000     -0.48206970
 27.900000     -0.48113936
 28.000000     -0.47955172
 28.100000     -0.47734503
 28.200000     -0.47506440
 28.300000     -0.47438643
 28.400000     -0.47370493
 28.500000     -0.47317884
 28.600000     -0.47318799
 28.700000     -0.47313911
 28.800000     -0.47250254
 28.900000     -0.47184812
 29.000000     -0.47077475
 29.100000     -0.46974529
 29.200000     -0.46912304
 29.300000     -0.46840720
 29.400000     -0.46706264
 29.500000     -0.46456178
 29.600000     -0.46150179
 29.700000     -0.45753048
 29.800000     -0.45357822
 29.900000     -0.45036494
 30.000000     -0.44763351
 30.100000     -0.44492596
 30.200000     -0.44169887
 30.300000     -0.43778447
 30.400000     -0.43230500
 30.500000     -0.42619965
 30.600000     -0.41870750
 30.700000     -0.41029413
 30.800000     -0.40158257
 30.900000     -0.39310957
 31.000000     -0.38444331
 31.100000     -0.37759771
 31.200000     -0.37097979
 31.300000     -0.36520743
 31.400000     -0.36006199
 31.500000     -0.35514744
 31.600000     -0.34961742
 31.700000     -0.34455985
 31.800000     -0.33863329
 31.900000     -0.33302770
 32.000000     -0.32829145
 32.100000     -0.32470742
 32.200000     -0.32228430
 32.300000     -0.32142832
 32.400000     -0.32137838
 32.500000     -0.32139442
 32.600000     -0.32175082
 32.700000     -0.32226258
 32.800000     -0.32274702
 32.900000     -0.32250576
 33.000000     -0.32001556
 33.100000     -0.31688993
 33.200000     -0.31328602
 33.300000     -0.30960877
 33.400000     -0.30714880
 33.500000     -0.30683515
 33.600000     -0.30621990
 33.700000     -0.30583063
 33.800000     -0.30509506
 33.900000     -0.30268239
 34.000000     -0.29927371
 34.100000     -0.29536245
 34.200000     -0.29128347
 34.300000     -0.28724906
 34.400000     -0.28307375
 34.500000     -0.27940283
 34.600000     -0.27619784
 34.700000     -0.27341498
 34.800000     -0.27163659
 34.900000     -0.27166058
 35.000000     -0.27290763
 35.100000     -0.27714872
 35.200000     -0.28290421
 35.300000     -0.28904518
 35.400000     -0.29541128
 35.500000     -0.30222062
 35.600000     -0.30855175
 35.700000     -0.31543975
 35.800000     -0.32464684
 35.900000     -0.33476573
 36.000000     -0.34510177
 36.100000     -0.35550173
 36.200000     -0.36535007
 36.300000     -0.37327353
 36.400000     -0.38072681
 36.500000     -0.38904353
 36.600000     -0.39736408
 36.700000     -0.40594705
 36.800000     -0.41487356
 36.900000     -0.42360284
 37.000000     -0.43057786
 37.100000     -0.43749759
 37.200000     -0.44358240
 37.300000     -0.44863215
 37.400000     -0.45306735
 37.500000     -0.45732288
 37.600000     -0.46114574
 37.700000     -0.46545913
 37.800000     -0.46945905
 37.900000     -0.47350650
 38.000000     -0.47740071
 38.100000     -0.48106612
 38.200000     -0.48438814
 38.300000     -0.48743140
 38.400000     -0.49196977
 38.500000     -0.49667466
 38.600000     -0.50115677
 38.700000     -0.50564084
 38.800000     -0.51063649
 38.900000     -0.51534766
 39.000000     -0.52015012
 39.100000     -0.52586108
 39.200000     -0.53184558
 39.300000     -0.53886210
 39.400000     -0.54691417
 39.500000     -0.55486297
 39.600000     -0.56232393
 39.700000     -0.56877650
 39.800000     -0.57291049
 39.900000     -0.57548885
