  0.000000      0.00087726
  0.100000      0.00068501
  0.200000      0.00047749
  0.300000      0.00054908
  0.400000      0.00075593
  0.500000      0.00116821
  0.600000      0.00151602
  0.700000      0.00187063
  0.800000      0.00218468
  0.900000      0.00262850
  1.000000      0.00310140
  1.100000      0.00371801
  1.200000      0.00454285
  1.300000      0.00589701
  1.400000      0.00731473
  1.500000      0.00876574
  1.600000      0.01035943
  1.700000      0.01215712
  1.800000      0.01404181
  1.900000      0.01600851
  2.000000      0.01772585
  2.100000      0.01952862
  2.200000      0.02158363
  2.300000      0.02359134
  2.400000      0.02546543
  2.500000      0.02691741
  2.600000      0.02817695
  2.700000      0.02950881
  2.800000      0.03067216
  2.900000      0.03179048
  3.000000      0.03243302
  3.100000      0.03299621
  3.200000      0.03316552
  3.300000      0.03300206
  3.400000      0.03215517
  3.500000      0.03103029
  3.600000      0.02912809
  3.700000      0.02701242
  3.800000      0.02436892
  3.900000      0.02097239
  4.000000      0.01703523
  4.100000      0.01262870
  4.200000      0.00771145
  4.300000      0.00210850
  4.400000     -0.00384139
  4.500000     -0.01004405
  4.600000     -0.01652543
  4.700000     -0.02336319
  4.800000     -0.03074220
  4.900000     -0.03872568
  5.000000     -0.04692514
  5.100000     -0.05536817
  5.200000     -0.06336190
  5.300000     -0.07140517
  5.400000     -0.07926352
  5.500000     -0.08748492
  5.600000     -0.09570372
  5.700000     -0.10389290
  5.800000     -0.11178639
  5.900000     -0.11933010
  6.000000     -0.12657353
  6.100000     -0.13385291
  6.200000     -0.14127418
  6.300000     -0.14855274
  6.400000     -0.15567536
  6.500000     -0.16284420
  6.600000     -0.16872469
  6.700000     -0.17268590
  6.800000     -0.17417289
  6.900000     -0.17314011
  7.000000     -0.16930557
  7.100000     -0.16257744
  7.200000     -0.15297595
  7.300000     -0.13909697
  7.400000     -0.12068876
  7.500000     -0.09737080
  7.600000     -0.06905256
  7.700000     -0.03626475
  7.800000      0.00097864
  7.900000      0.04411924
  8.000000      0.09351976
  8.100000      0.14885050
  8.200000      0.20954354
  8.300000      0.27497678
  8.400000      0.34397032
  8.500000      0.41534808
  8.600000      0.48763816
  8.700000      0.55952209
  8.800000      0.62908946
  8.900000      0.69517604
  9.000000      0.75642477
  9.100000      0.81238815
  9.200000      0.86189463
  9.300000      0.90414914
  9.400000      0.93909537
  9.500000      0.96655509
  9.600000      0.98622237
  9.700000      0.99745667
  9.800000      1.00000000
  9.900000      0.99275495
 10.000000      0.97689583
 10.100000      0.95231542
 10.200000      0.92034850
 10.300000      0.88015560
 10.400000      0.83285012
 10.500000      0.77646792
 10.600000      0.71338427
 10.700000      0.64461706
 10.800000      0.57123382
 10.900000      0.49456989
 11.000000      0.41588258
 11.100000      0.33656715
 11.200000      0.25852875
 11.300000      0.18225595
 11.400000      0.10814251
 11.500000      0.03690280
 11.600000     -0.03037815
 11.700000     -0.09262238
 11.800000     -0.14946047
 11.900000     -0.20073326
 12.000000     -0.24494224
 12.100000     -0.28309435
 12.200000     -0.31512621
 12.300000     -0.34210927
 12.400000     -0.36431131
 12.500000     -0.38356587
 12.600000     -0.39837373
 12.700000     -0.40924074
 12.800000     -0.41613698
 12.900000     -0.42002208
 13.000000     -0.42091239
 13.100000     -0.41839735
 13.200000     -0.41319892
 13.300000     -0.40533321
 13.400000     -0.39535069
 13.500000     -0.38322838
 13.600000     -0.36913662
 13.700000     -0.35332774
 13.800000     -0.33655887
 13.900000     -0.31964263
 14.000000     -0.30230200
 14.100000     -0.28479213
 14.200000     -0.26742090
 14.300000     -0.25031342
 14.400000     -0.23325871
 14.500000     -0.21631200
 14.600000     -0.19930611
 14.700000     -0.18222227
 14.800000     -0.16510751
 14.900000     -0.14756739
 15.000000     -0.13107917
 15.100000     -0.11507979
 15.200000     -0.10038175
 15.300000     -0.08753344
 15.400000     -0.07633167
 15.500000     -0.06646691
 15.600000     -0.05750503
 15.700000     -0.04927651
 15.800000     -0.04182512
 15.900000     -0.03546819
 16.000000     -0.02997484
 16.100000     -0.02519898
 16.200000     -0.02135937
 16.300000     -0.01936407
 16.400000     -0.01884426
 16.500000     -0.01924928
 16.600000     -0.02050909
 16.700000     -0.02203135
 16.800000     -0.02412370
 16.900000     -0.02677012
 17.000000     -0.02993789
 17.100000     -0.03371104
 17.200000     -0.03845024
 17.300000     -0.04262682
 17.400000     -0.04733682
 17.500000     -0.05231400
 17.600000     -0.05766557
 17.700000     -0.06324235
 17.800000     -0.06869603
 17.900000     -0.07368255
 18.000000     -0.07841678
 18.100000     -0.08316488
 18.200000     -0.08746228
 18.300000     -0.09153670
 18.400000     -0.09558033
 18.500000     -0.09873505
 18.600000     -0.10131604
 18.700000     -0.10327663
 18.800000     -0.10472673
 18.900000     -0.10593080
 19.000000     -0.10723388
 19.100000     -0.10812313
 19.200000     -0.10972043
 19.300000     -0.11126707
 19.400000     -0.11325259
 19.500000     -0.11416346
 19.600000     -0.11499214
 19.700000     -0.11628008
 19.800000     -0.11744802
 19.900000     -0.11872557
 20.000000     -0.11975284
 20.100000     -0.12022064
 20.200000     -0.12064254
 20.300000     -0.12114435
 20.400000     -0.12159630
 20.500000     -0.12175316
 20.600000     -0.12253439
 20.700000     -0.12320570
 20.800000     -0.12412417
 20.900000     -0.12494884
 21.000000     -0.12611721
 21.100000     -0.12707533
 21.200000     -0.12842536
 21.300000     -0.12949209
 21.400000     -0.13007987
 21.500000     -0.13045017
 21.600000     -0.12987901
 21.700000     -0.12969547
 21.800000     -0.12944922
 21.900000     -0.12878730
 22.000000     -0.12764122
 22.100000     -0.12678181
 22.200000     -0.12512746
 22.300000     -0.12397206
 22.400000     -0.12264653
 22.500000     -0.12130460
 22.600000     -0.12026314
 22.700000     -0.11922404
 22.800000     -0.11787582
 22.900000     -0.11698899
 23.000000     -0.11581184
 23.100000     -0.11451914
 23.200000     -0.11381274
 23.300000     -0.11196219
 23.400000     -0.11010536
 23.500000     -0.10773376
 23.600000     -0.10490288
 23.700000     -0.10214249
 23.800000     -0.09921011
 23.900000     -0.09646087
 24.000000     -0.09339331
 24.100000     -0.09036956
 24.200000     -0.08727737
 24.300000     -0.08424352
 24.400000     -0.08105898
 24.500000     -0.07862798
 24.600000     -0.07608510
 24.700000     -0.07346817
 24.800000     -0.07079861
 24.900000     -0.06851542
 25.000000     -0.06654197
 25.100000     -0.06505660
 25.200000     -0.06405056
 25.300000     -0.06307392
 25.400000     -0.06112338
 25.500000     -0.05958975
 25.600000     -0.05855604
 25.700000     -0.05776278
 25.800000     -0.05654088
 25.900000     -0.05461856
 26.000000     -0.05301746
 26.100000     -0.05136361
 26.200000     -0.04970892
 26.300000     -0.04833758
 26.400000     -0.04650163
 26.500000     -0.04458017
 26.600000     -0.04265978
 26.700000     -0.04098767
 26.800000     -0.03982066
 26.900000     -0.03924773
 27.000000     -0.03827620
 27.100000     -0.03715908
 27.200000     -0.03571375
 27.300000     -0.03404963
 27.400000     -0.03237671
 27.500000     -0.03054851
 27.600000     -0.02855744
 27.700000     -0.02633085
 27.800000     -0.02510700
 27.900000     -0.02396451
 28.000000     -0.02295846
 28.100000     -0.02182581
 28.200000     -0.02082421
 28.300000     -0.01986346
 28.400000     -0.01943021
 28.500000     -0.01921519
 28.600000     -0.01890188
 28.700000     -0.01878657
 28.800000     -0.01902091
 28.900000     -0.01941440
 29.000000     -0.02036454
 29.100000     -0.02100233
 29.200000     -0.02119011
 29.300000     -0.02106385
 29.400000     -0.02103439
 29.500000     -0.02109550
 29.600000     -0.02067645
 29.700000     -0.02024049
 29.800000     -0.01991390
 29.900000     -0.01977642
 30.000000     -0.01992226
 30.100000     -0.01976255
 30.200000     -0.01913214
 30.300000     -0.01843316
 30.400000     -0.01748873
 30.500000     -0.01647042
 30.600000     -0.01617838
 30.700000     -0.01634397
 30.800000     -0.01639420
 30.900000     -0.01628328
 31.000000     -0.01545126
 31.100000     -0.01459019
 31.200000     -0.01372035
 31.300000     -0.01266745
 31.400000     -0.01199011
 31.500000     -0.01148853
 31.600000     -0.01089378
 31.700000     -0.01003608
 31.800000     -0.00866495
 31.900000     -0.00763701
 32.000000     -0.00631017
 32.100000     -0.00514307
 32.200000     -0.00428973
 32.300000     -0.00349763
 32.400000     -0.00275018
 32.500000     -0.00207167
 32.600000     -0.00070900
 32.700000      0.00107616
 32.800000      0.00322792
 32.900000      0.00545887
 33.000000      0.00732642
 33.100000      0.00918343
 33.200000      0.01121132
 33.300000      0.01355463
 33.400000      0.01600737
 33.500000      0.01795038
 33.600000      0.01900955
 33.700000      0.01921728
 33.800000      0.01852280
 33.900000      0.01766001
 34.000000      0.01679534
 34.100000      0.01597816
 34.200000      0.01513328
 34.300000      0.01443972
 34.400000      0.01400948
 34.500000      0.01411507
 34.600000      0.01433406
 34.700000      0.01445666
 34.800000      0.01475474
 34.900000      0.01523528
 35.000000      0.01586960
 35.100000      0.01672130
 35.200000      0.01743133
 35.300000      0.01829115
 35.400000      0.01938031
 35.500000      0.02068312
 35.600000      0.02193579
 35.700000      0.02319905
 35.800000      0.02430711
 35.900000      0.02558936
 36.000000      0.02718427
 36.100000      0.02894175
 36.200000      0.03094897
 36.300000      0.03301358
 36.400000      0.03512036
 36.500000      0.03737815
 36.600000      0.03987296
 36.700000      0.04241960
 36.800000      0.04461331
 36.900000      0.04640229
 37.000000      0.04787333
 37.100000      0.04923257
 37.200000      0.05056770
 37.300000      0.05157514
 37.400000      0.05203280
 37.500000      0.05170583
 37.600000      0.05118992
 37.700000      0.04993707
 37.800000      0.04907812
 37.900000      0.04862901
 38.000000      0.04852824
 38.100000      0.04878026
 38.200000      0.04920836
 38.300000      0.04988208
 38.400000      0.05068479
 38.500000      0.05129908
 38.600000      0.05154462
 38.700000      0.05148687
 38.800000      0.05112993
 38.900000      0.05045735
 39.000000      0.04972366
 39.100000      0.04873911
 39.200000      0.04727472
 39.300000      0.04550415
 39.400000      0.04356550
 39.500000      0.04181696
 39.600000      0.04016386
 39.700000      0.03857698
 39.800000      0.03714985
 39.900000      0.03587317
