  0.000000      0.00651597
  0.100000      0.00590530
  0.200000      0.00518177
  0.300000      0.00481050
  0.400000      0.00529312
  0.500000      0.00628211
  0.600000      0.00794677
  0.700000      0.00917777
  0.800000      0.01035417
  0.900000      0.01206714
  1.000000      0.01357719
  1.100000      0.01511227
  1.200000      0.01635114
  1.300000      0.01889301
  1.400000      0.02151689
  1.500000      0.02354479
  1.600000      0.02521412
  1.700000      0.02673228
  1.800000      0.02750250
  1.900000      0.02689046
  2.000000      0.02470640
  2.100000      0.02319787
  2.200000      0.02451791
  2.300000      0.02664123
  2.400000      0.02894792
  2.500000      0.02945805
  2.600000      0.02906781
  2.700000      0.02843987
  2.800000      0.02888698
  2.900000      0.02945736
  3.000000      0.02986026
  3.100000      0.02976599
  3.200000      0.02889265
  3.300000      0.02792234
  3.400000      0.02644415
  3.500000      0.02498722
  3.600000      0.02367347
  3.700000      0.02202850
  3.800000      0.01989768
  3.900000      0.01684195
  4.000000      0.01157597
  4.100000      0.00500540
  4.200000     -0.00108750
  4.300000     -0.00678596
  4.400000     -0.01205232
  4.500000     -0.01580393
  4.600000     -0.01866406
  4.700000     -0.02045044
  4.800000     -0.02169124
  4.900000     -0.02401326
  5.000000     -0.02540578
  5.100000     -0.02677330
  5.200000     -0.02824230
  5.300000     -0.03064676
  5.400000     -0.03319932
  5.500000     -0.03593110
  5.600000     -0.03754699
  5.700000     -0.03883910
  5.800000     -0.04046072
  5.900000     -0.04187334
  6.000000     -0.04305076
  6.100000     -0.04532252
  6.200000     -0.04741101
  6.300000     -0.04966044
  6.400000     -0.05205087
  6.500000     -0.05398811
  6.600000     -0.05779998
  6.700000     -0.06150797
  6.800000     -0.06334797
  6.900000     -0.06501825
  7.000000     -0.06535290
  7.100000     -0.06299243
  7.200000     -0.05913816
  7.300000     -0.05462155
  7.400000     -0.05023391
  7.500000     -0.04672417
  7.600000     -0.04346788
  7.700000     -0.04101581
  7.800000     -0.03814512
  7.900000     -0.03562283
  8.000000     -0.03209357
  8.100000     -0.02673709
  8.200000     -0.02066595
  8.300000     -0.01622881
  8.400000     -0.01266724
  8.500000     -0.00755766
  8.600000     -0.00268309
  8.700000      0.00084331
  8.800000      0.00474545
  8.900000      0.00786195
  9.000000      0.01002554
  9.100000      0.01040893
  9.200000      0.01104709
  9.300000      0.01204163
  9.400000      0.01445023
  9.500000      0.01749543
  9.600000      0.02001990
  9.700000      0.02323626
  9.800000      0.02711614
  9.900000      0.03147109
 10.000000      0.03520470
 10.100000      0.03938858
 10.200000      0.04453277
 10.300000      0.05093836
 10.400000      0.05967571
 10.500000      0.07123369
 10.600000      0.08223315
 10.700000      0.09209885
 10.800000      0.10163663
 10.900000      0.11358727
 11.000000      0.12674047
 11.100000      0.14135746
 11.200000      0.15866618
 11.300000      0.17784404
 11.400000      0.19798775
 11.500000      0.21942418
 11.600000      0.24243259
 11.700000      0.26837179
 11.800000      0.29856767
 11.900000      0.33234533
 12.000000      0.36919033
 12.100000      0.40628773
 12.200000      0.44668561
 12.300000      0.48998369
 12.400000      0.53560980
 12.500000      0.58125246
 12.600000      0.62741793
 12.700000      0.67410891
 12.800000      0.72063664
 12.900000      0.76496712
 13.000000      0.80537662
 13.100000      0.84428155
 13.200000      0.88156601
 13.300000      0.91597804
 13.400000      0.94601474
 13.500000      0.96940368
 13.600000      0.98512951
 13.700000      0.99530147
 13.800000      1.00000000
 13.900000      0.99753824
 14.000000      0.98744251
 14.100000      0.97133393
 14.200000      0.95314864
 14.300000      0.93096100
 14.400000      0.90354751
 14.500000      0.87029304
 14.600000      0.83362104
 14.700000      0.79332659
 14.800000      0.74953966
 14.900000      0.70320373
 15.000000      0.65416877
 15.100000      0.60307380
 15.200000      0.54996574
 15.300000      0.49606219
 15.400000      0.44258885
 15.500000      0.39024230
 15.600000      0.33839398
 15.700000      0.28866615
 15.800000      0.24138877
 15.900000      0.19486167
 16.000000      0.14914311
 16.100000      0.10406355
 16.200000      0.06127371
 16.300000      0.02095437
 16.400000     -0.01508722
 16.500000     -0.04750208
 16.600000     -0.07452524
 16.700000     -0.09991494
 16.800000     -0.12318626
 16.900000     -0.14273148
 17.000000     -0.15889088
 17.100000     -0.17335532
 17.200000     -0.18708406
 17.300000     -0.20074841
 17.400000     -0.21233495
 17.500000     -0.22091615
 17.600000     -0.22753918
 17.700000     -0.23346169
 17.800000     -0.23709221
 17.900000     -0.23935536
 18.000000     -0.23969326
 18.100000     -0.23883692
 18.200000     -0.23785839
 18.300000     -0.23570622
 18.400000     -0.23258604
 18.500000     -0.22865866
 18.600000     -0.22444768
 18.700000     -0.22092904
 18.800000     -0.21932929
 18.900000     -0.21901687
 19.000000     -0.21923208
 19.100000     -0.21851762
 19.200000     -0.21986586
 19.300000     -0.22239677
 19.400000     -0.22618907
 19.500000     -0.22973709
 19.600000     -0.23336325
 19.700000     -0.23649125
 19.800000     -0.24002972
 19.900000     -0.24430593
 20.000000     -0.24825887
 20.100000     -0.25030848
 20.200000     -0.25189473
 20.300000     -0.25180748
 20.400000     -0.25205826
 20.500000     -0.25539872
 20.600000     -0.26133879
 20.700000     -0.26777697
 20.800000     -0.27405713
 20.900000     -0.27711991
 21.000000     -0.27760363
 21.100000     -0.27821716
 21.200000     -0.27807164
 21.300000     -0.28035137
 21.400000     -0.28285865
 21.500000     -0.28487573
 21.600000     -0.28355179
 21.700000     -0.28009220
 21.800000     -0.27378789
 21.900000     -0.26910519
 22.000000     -0.26503259
 22.100000     -0.26158002
 22.200000     -0.25685489
 22.300000     -0.25140134
 22.400000     -0.24437218
 22.500000     -0.23869989
 22.600000     -0.23471392
 22.700000     -0.23104280
 22.800000     -0.22521500
 22.900000     -0.21803677
 23.000000     -0.20989909
 23.100000     -0.20303600
 23.200000     -0.19580626
 23.300000     -0.19018020
 23.400000     -0.18651566
 23.500000     -0.18479594
 23.600000     -0.18427366
 23.700000     -0.18667538
 23.800000     -0.19043824
 23.900000     -0.19532225
 24.000000     -0.19993173
 24.100000     -0.20314547
 24.200000     -0.20558141
 24.300000     -0.20754564
 24.400000     -0.20854506
 24.500000     -0.20915631
 24.600000     -0.20916375
 24.700000     -0.20881789
 24.800000     -0.20851725
 24.900000     -0.20827729
 25.000000     -0.20756010
 25.100000     -0.20803054
 25.200000     -0.20898652
 25.300000     -0.20867243
 25.400000     -0.20764369
 25.500000     -0.20447017
 25.600000     -0.20108529
 25.700000     -0.19789396
 25.800000     -0.19362891
 25.900000     -0.18935477
 26.000000     -0.18598443
 26.100000     -0.18328000
 26.200000     -0.18154173
 26.300000     -0.17904418
 26.400000     -0.17548371
 26.500000     -0.17036012
 26.600000     -0.16365057
 26.700000     -0.15686251
 26.800000     -0.15283457
 26.900000     -0.14900801
 27.000000     -0.14449969
 27.100000     -0.13804989
 27.200000     -0.13274069
 27.300000     -0.12807560
 27.400000     -0.12514624
 27.500000     -0.12211950
 27.600000     -0.11881082
 27.700000     -0.11661407
 27.800000     -0.11681871
 27.900000     -0.11730526
 28.000000     -0.11677165
 28.100000     -0.11503438
 28.200000     -0.11284661
 28.300000     -0.11079750
 28.400000     -0.10861371
 28.500000     -0.10580266
 28.600000     -0.10303462
 28.700000     -0.09970098
 28.800000     -0.09583168
 28.900000     -0.09157884
 29.000000     -0.08768704
 29.100000     -0.08435217
 29.200000     -0.08195892
 29.300000     -0.07910306
 29.400000     -0.07536413
 29.500000     -0.07179735
 29.600000     -0.06695615
 29.700000     -0.06297223
 29.800000     -0.05968260
 29.900000     -0.05744851
 30.000000     -0.05541577
 30.100000     -0.05247632
 30.200000     -0.04792838
 30.300000     -0.04289038
 30.400000     -0.03748670
 30.500000     -0.03271382
 30.600000     -0.02828846
 30.700000     -0.02402448
 30.800000     -0.02025410
 30.900000     -0.01633103
 31.000000     -0.01173043
 31.100000     -0.00750561
 31.200000     -0.00516556
 31.300000     -0.00425479
 31.400000     -0.00322237
 31.500000     -0.00103036
 31.600000      0.00128036
 31.700000      0.00281927
 31.800000      0.00222368
 31.900000      0.00091600
 32.000000     -0.00031157
 32.100000     -0.00069057
 32.200000     -0.00076267
 32.300000     -0.00159416
 32.400000     -0.00290769
 32.500000     -0.00399195
 32.600000     -0.00455220
 32.700000     -0.00338428
 32.800000     -0.00081240
 32.900000      0.00212267
 33.000000      0.00377133
 33.100000      0.00414538
 33.200000      0.00197190
 33.300000      0.00075891
 33.400000      0.00014751
 33.500000     -0.00044951
 33.600000     -0.00167121
 33.700000     -0.00330123
 33.800000     -0.00568725
 33.900000     -0.00816790
 34.000000     -0.00933439
 34.100000     -0.00952972
 34.200000     -0.01000384
 34.300000     -0.01040176
 34.400000     -0.01081548
 34.500000     -0.01101104
 34.600000     -0.01101654
 34.700000     -0.01183333
 34.800000     -0.01143352
 34.900000     -0.00993341
 35.000000     -0.00767481
 35.100000     -0.00631981
 35.200000     -0.00553237
 35.300000     -0.00378082
 35.400000     -0.00036774
 35.500000      0.00299471
 35.600000      0.00624626
 35.700000      0.00909416
 35.800000      0.01143927
 35.900000      0.01400384
 36.000000      0.01781425
 36.100000      0.02074088
 36.200000      0.02287174
 36.300000      0.02385606
 36.400000      0.02408024
 36.500000      0.02401019
 36.600000      0.02367304
 36.700000      0.02280090
 36.800000      0.02222607
 36.900000      0.02162211
 37.000000      0.02005070
 37.100000      0.01834605
 37.200000      0.01641449
 37.300000      0.01502150
 37.400000      0.01427910
 37.500000      0.01357106
 37.600000      0.01161820
 37.700000      0.00979595
 37.800000      0.00752105
 37.900000      0.00621058
 38.000000      0.00688968
 38.100000      0.00821205
 38.200000      0.00800988
 38.300000      0.00675788
 38.400000      0.00469972
 38.500000      0.00179575
 38.600000     -0.00040403
 38.700000     -0.00254968
 38.800000     -0.00432722
 38.900000     -0.00572761
 39.000000     -0.00594064
 39.100000     -0.00486554
 39.200000     -0.00384899
 39.300000     -0.00304972
 39.400000     -0.00254355
 39.500000     -0.00103133
 39.600000      0.00061426
 39.700000      0.00145517
 39.800000      0.00180109
 39.900000      0.00245364
