  0.000000     -0.02107050
  0.100000     -0.02131102
  0.200000     -0.02136760
  0.300000     -0.02149197
  0.400000     -0.02150757
  0.500000     -0.02147779
  0.600000     -0.02143638
  0.700000     -0.02134003
  0.800000     -0.02147902
  0.900000     -0.02146522
  1.000000     -0.02139292
  1.100000     -0.02132532
  1.200000     -0.02156923
  1.300000     -0.02161419
  1.400000     -0.02156705
  1.500000     -0.02152218
  1.600000     -0.02151056
  1.700000     -0.02143253
  1.800000     -0.02141289
  1.900000     -0.02131728
  2.000000     -0.02131572
  2.100000     -0.02125942
  2.200000     -0.02133052
  2.300000     -0.02131840
  2.400000     -0.02122324
  2.500000     -0.02118119
  2.600000     -0.02108324
  2.700000     -0.02096185
  2.800000     -0.02094714
  2.900000     -0.02103942
  3.000000     -0.02114378
  3.100000     -0.02129244
  3.200000     -0.02111418
  3.300000     -0.02114304
  3.400000     -0.02105240
  3.500000     -0.02107420
  3.600000     -0.02111717
  3.700000     -0.02100027
  3.800000     -0.02103910
  3.900000     -0.02094529
  4.000000     -0.02087391
  4.100000     -0.02080450
  4.200000     -0.02082027
  4.300000     -0.02086408
  4.400000     -0.02095124
  4.500000     -0.02107650
  4.600000     -0.02109705
  4.700000     -0.02110332
  4.800000     -0.02118926
  4.900000     -0.02134760
  5.000000     -0.02145297
  5.100000     -0.02166066
  5.200000     -0.02180771
  5.300000     -0.02207917
  5.400000     -0.02248624
  5.500000     -0.02284358
  5.600000     -0.02329479
  5.700000     -0.02380673
  5.800000     -0.02427833
  5.900000     -0.02488803
  6.000000     -0.02544635
  6.100000     -0.02605587
  6.200000     -0.02674784
  6.300000     -0.02743265
  6.400000     -0.02814835
  6.500000     -0.02891985
  6.600000     -0.02972446
  6.700000     -0.03057213
  6.800000     -0.03144333
  6.900000     -0.03231575
  7.000000     -0.03322204
  7.100000     -0.03411287
  7.200000     -0.03502485
  7.300000     -0.03603247
  7.400000     -0.03706840
  7.500000     -0.03812990
  7.600000     -0.03921362
  7.700000     -0.04031683
  7.800000     -0.04143826
  7.900000     -0.04257252
  8.000000     -0.04371912
  8.100000     -0.04487664
  8.200000     -0.04605196
  8.300000     -0.04723282
  8.400000     -0.04840954
  8.500000     -0.04958939
  8.600000     -0.05076949
  8.700000     -0.05194740
  8.800000     -0.05312220
  8.900000     -0.05429060
  9.000000     -0.05545036
  9.100000     -0.05659942
  9.200000     -0.05773479
  9.300000     -0.05885330
  9.400000     -0.05995171
  9.500000     -0.06102531
  9.600000     -0.06207085
  9.700000     -0.06308362
  9.800000     -0.06405900
  9.900000     -0.06499165
 10.000000     -0.06587560
 10.100000     -0.06670410
 10.200000     -0.06748080
 10.300000     -0.06817598
 10.400000     -0.06879287
 10.500000     -0.06932251
 10.600000     -0.06975488
 10.700000     -0.07008078
 10.800000     -0.07028956
 10.900000     -0.07037049
 11.000000     -0.07031363
 11.100000     -0.07010700
 11.200000     -0.06973865
 11.300000     -0.06919789
 11.400000     -0.06847131
 11.500000     -0.06754674
 11.600000     -0.06641271
 11.700000     -0.06505524
 11.800000     -0.06345911
 11.900000     -0.06161313
 12.000000     -0.05950138
 12.100000     -0.05711127
 12.200000     -0.05442722
 12.300000     -0.05143486
 12.400000     -0.04811850
 12.500000     -0.04446284
 12.600000     -0.04045221
 12.700000     -0.03607092
 12.800000     -0.03130185
 12.900000     -0.02613002
 13.000000     -0.02054041
 13.100000     -0.01451765
 13.200000     -0.00804534
 13.300000     -0.00110788
 13.400000      0.00631123
 13.500000      0.01422638
 13.600000      0.02265234
 13.700000      0.03160286
 13.800000      0.04109240
 13.900000      0.05113533
 14.000000      0.06174272
 14.100000      0.07292530
 14.200000      0.08469259
 14.300000      0.09705755
 14.400000      0.11002960
 14.500000      0.12361930
 14.600000      0.13782434
 14.700000      0.15264848
 14.800000      0.16809413
 14.900000      0.18416243
 15.000000      0.20085236
 15.100000      0.21815900
 15.200000      0.23607495
 15.300000      0.25459094
 15.400000      0.27369583
 15.500000      0.29337392
 15.600000      0.31360649
 15.700000      0.33437328
 15.800000      0.35564963
 15.900000      0.37740733
 16.000000      0.39961732
 16.100000      0.42224489
 16.200000      0.44525296
 16.300000      0.46859682
 16.400000      0.49223220
 16.500000      0.51610976
 16.600000      0.54017528
 16.700000      0.56437106
 16.800000      0.58863656
 16.900000      0.61290700
 17.000000      0.63711381
 17.100000      0.66118635
 17.200000      0.68505076
 17.300000      0.70863097
 17.400000      0.73184787
 17.500000      0.75462027
 17.600000      0.77687013
 17.700000      0.79851443
 17.800000      0.81947082
 17.900000      0.83965811
 18.000000      0.85899354
 18.100000      0.87739844
 18.200000      0.89479468
 18.300000      0.91110728
 18.400000      0.92625965
 18.500000      0.94018145
 18.600000      0.95280521
 18.700000      0.96406439
 18.800000      0.97389852
 18.900000      0.98224913
 19.000000      0.98906448
 19.100000      0.99429814
 19.200000      0.99789937
 19.300000      0.99981854
 19.400000      1.00000000
 19.500000      0.99837665
 19.600000      0.99496012
 19.700000      0.98974552
 19.800000      0.98271814
 19.900000      0.97386781
 20.000000      0.96318562
 20.100000      0.95067311
 20.200000      0.93633306
 20.300000      0.92016973
 20.400000      0.90220345
 20.500000      0.88246336
 20.600000      0.86097878
 20.700000      0.83778448
 20.800000      0.81292307
 20.900000      0.78644706
 21.000000      0.75839993
 21.100000      0.72884301
 21.200000      0.69784098
 21.300000      0.66546523
 21.400000      0.63178491
 21.500000      0.59687803
 21.600000      0.56082927
 21.700000      0.52372547
 21.800000      0.48565757
 21.900000      0.44672719
 22.000000      0.40702573
 22.100000      0.36666455
 22.200000      0.32574945
 22.300000      0.28438708
 22.400000      0.24268724
 22.500000      0.20076158
 22.600000      0.15872263
 22.700000      0.11668221
 22.800000      0.07475085
 22.900000      0.03304020
 23.000000     -0.00834336
 23.100000     -0.04929469
 23.200000     -0.08970940
 23.300000     -0.12948893
 23.400000     -0.16853640
 23.500000     -0.20675978
 23.600000     -0.24407200
 23.700000     -0.28039130
 23.800000     -0.31564132
 23.900000     -0.34974967
 24.000000     -0.38265258
 24.100000     -0.41429141
 24.200000     -0.44461444
 24.300000     -0.47357494
 24.400000     -0.50112295
 24.500000     -0.52720730
 24.600000     -0.55181920
 24.700000     -0.57494024
 24.800000     -0.59654618
 24.900000     -0.61661896
 25.000000     -0.63514971
 25.100000     -0.65213656
 25.200000     -0.66758499
 25.300000     -0.68149957
 25.400000     -0.69389182
 25.500000     -0.70477986
 25.600000     -0.71418738
 25.700000     -0.72213665
 25.800000     -0.72865877
 25.900000     -0.73379065
 26.000000     -0.73756431
 26.100000     -0.74002129
 26.200000     -0.74119852
 26.300000     -0.74114757
 26.400000     -0.73990945
 26.500000     -0.73753888
 26.600000     -0.73415792
 26.700000     -0.72970560
 26.800000     -0.72428854
 26.900000     -0.71794604
 27.000000     -0.71072455
 27.100000     -0.70268705
 27.200000     -0.69388472
 27.300000     -0.68437747
 27.400000     -0.67422011
 27.500000     -0.66346590
 27.600000     -0.65217237
 27.700000     -0.64039245
 27.800000     -0.62818066
 27.900000     -0.61558982
 28.000000     -0.60267058
 28.100000     -0.58947349
 28.200000     -0.57604736
 28.300000     -0.56244126
 28.400000     -0.54869104
 28.500000     -0.53478405
 28.600000     -0.52091831
 28.700000     -0.50704733
 28.800000     -0.49321093
 28.900000     -0.47944367
 29.000000     -0.46578321
 29.100000     -0.45226247
 29.200000     -0.43891312
 29.300000     -0.42576153
 29.400000     -0.41283909
 29.500000     -0.40018106
 29.600000     -0.38780277
 29.700000     -0.37572145
 29.800000     -0.36395426
 29.900000     -0.35251837
 30.000000     -0.34143418
 30.100000     -0.33070602
 30.200000     -0.32034391
 30.300000     -0.31035802
 30.400000     -0.30075300
 30.500000     -0.29152992
 30.600000     -0.28247709
 30.700000     -0.27381833
 30.800000     -0.26579764
 30.900000     -0.25815206
 31.000000     -0.25087776
 31.100000     -0.24396827
 31.200000     -0.23741551
 31.300000     -0.23120949
 31.400000     -0.22534218
 31.500000     -0.21980345
 31.600000     -0.21472194
 31.700000     -0.20978995
 31.800000     -0.20513894
 31.900000     -0.20085200
 32.000000     -0.19684117
 32.100000     -0.19299699
 32.200000     -0.18938829
 32.300000     -0.18601093
 32.400000     -0.18284957
 32.500000     -0.17957447
 32.600000     -0.17654387
 32.700000     -0.17392912
 32.800000     -0.17147239
 32.900000     -0.16916022
 33.000000     -0.16697907
 33.100000     -0.16491695
 33.200000     -0.16296197
 33.300000     -0.16044459
 33.400000     -0.15849256
 33.500000     -0.15681325
 33.600000     -0.15519641
 33.700000     -0.15363135
 33.800000     -0.15210794
 33.900000     -0.15061825
 34.000000     -0.14917859
 34.100000     -0.14773687
 34.200000     -0.14630390
 34.300000     -0.14488570
 34.400000     -0.14345971
 34.500000     -0.14202836
 34.600000     -0.14058250
 34.700000     -0.13911606
 34.800000     -0.13762255
 34.900000     -0.13609780
 35.000000     -0.13453873
 35.100000     -0.13293926
 35.200000     -0.13129578
 35.300000     -0.12962083
 35.400000     -0.12795183
 35.500000     -0.12650178
 35.600000     -0.12467341
 35.700000     -0.12279976
 35.800000     -0.12088161
 35.900000     -0.11891763
 36.000000     -0.11690906
 36.100000     -0.11485706
 36.200000     -0.11276849
 36.300000     -0.11066418
 36.400000     -0.10853882
 36.500000     -0.10637086
 36.600000     -0.10418338
 36.700000     -0.10196878
 36.800000     -0.09974264
 36.900000     -0.09751171
 37.000000     -0.09527466
 37.100000     -0.09302648
 37.200000     -0.09076819
 37.300000     -0.08851386
 37.400000     -0.08624928
 37.500000     -0.08450021
 37.600000     -0.08225504
 37.700000     -0.07998985
 37.800000     -0.07773510
 37.900000     -0.07547083
 38.000000     -0.07321590
 38.100000     -0.07099002
 38.200000     -0.06878190
 38.300000     -0.06666613
 38.400000     -0.06457458
 38.500000     -0.06250888
 38.600000     -0.06046903
 38.700000     -0.05846595
 38.800000     -0.05657705
 38.900000     -0.05475286
 39.000000     -0.05293177
 39.100000     -0.05112816
 39.200000     -0.04951724
 39.300000     -0.04791168
 39.400000     -0.04643901
 39.500000     -0.04499885
 39.600000     -0.04370539
 39.700000     -0.04244113
 39.800000     -0.04130064
 39.900000     -0.04018348
