  0.000000      0.08156309
  0.100000      0.08211283
  0.200000      0.08206515
  0.300000      0.08175759
  0.400000      0.08155602
  0.500000      0.08145677
  0.600000      0.08131175
  0.700000      0.08086560
  0.800000      0.07994901
  0.900000      0.07898520
  1.000000      0.07791939
  1.100000      0.07717224
  1.200000      0.07644383
  1.300000      0.07585838
  1.400000      0.07575232
  1.500000      0.07592740
  1.600000      0.07613198
  1.700000      0.07629077
  1.800000      0.07622774
  1.900000      0.07586594
  2.000000      0.07526217
  2.100000      0.07420839
  2.200000      0.07291362
  2.300000      0.07151446
  2.400000      0.07021183
  2.500000      0.06936540
  2.600000      0.06870302
  2.700000      0.06868574
  2.800000      0.06859006
  2.900000      0.06801654
  3.000000      0.06674481
  3.100000      0.06526991
  3.200000      0.06381083
  3.300000      0.06251263
  3.400000      0.06124937
  3.500000      0.05997252
  3.600000      0.05929581
  3.700000      0.05888298
  3.800000      0.05861181
  3.900000      0.05868529
  4.000000      0.05930396
  4.100000      0.06063977
  4.200000      0.06263157
  4.300000      0.06499903
  4.400000      0.06722272
  4.500000      0.06872321
  4.600000      0.06947415
  4.700000      0.06961669
  4.800000      0.06930717
  4.900000      0.06898298
  5.000000      0.06885088
  5.100000      0.06920897
  5.200000      0.07011587
  5.300000      0.07179375
  5.400000      0.07415134
  5.500000      0.07657244
  5.600000      0.07862055
  5.700000      0.07989566
  5.800000      0.08073704
  5.900000      0.08116417
  6.000000      0.08116066
  6.100000      0.08077344
  6.200000      0.08033012
  6.300000      0.07967424
  6.400000      0.07904413
  6.500000      0.07907813
  6.600000      0.07942504
  6.700000      0.08017457
  6.800000      0.08116781
  6.900000      0.08266726
  7.000000      0.08480418
  7.100000      0.08591492
  7.200000      0.08523516
  7.300000      0.08334842
  7.400000      0.08082482
  7.500000      0.07833848
  7.600000      0.07609064
  7.700000      0.07333741
  7.800000      0.07103556
  7.900000      0.06872126
  8.000000      0.06650341
  8.100000      0.06573299
  8.200000      0.06570221
  8.300000      0.06629439
  8.400000      0.06709182
  8.500000      0.06765844
  8.600000      0.06746183
  8.700000      0.06586694
  8.800000      0.06185253
  8.900000      0.05685301
  9.000000      0.05149919
  9.100000      0.04626942
  9.200000      0.04258293
  9.300000      0.04093178
  9.400000      0.04096639
  9.500000      0.04277624
  9.600000      0.04634194
  9.700000      0.05161881
  9.800000      0.05738007
  9.900000      0.06352985
 10.000000      0.06913295
 10.100000      0.07386276
 10.200000      0.07657325
 10.300000      0.07681697
 10.400000      0.07599113
 10.500000      0.07334929
 10.600000      0.07101621
 10.700000      0.06980085
 10.800000      0.07127182
 10.900000      0.07441455
 11.000000      0.08011224
 11.100000      0.08809069
 11.200000      0.09764138
 11.300000      0.10941988
 11.400000      0.12275416
 11.500000      0.13829399
 11.600000      0.15514041
 11.700000      0.17424547
 11.800000      0.19496558
 11.900000      0.21763499
 12.000000      0.24197305
 12.100000      0.26769724
 12.200000      0.29320992
 12.300000      0.31858503
 12.400000      0.34402789
 12.500000      0.37162667
 12.600000      0.40184205
 12.700000      0.43537823
 12.800000      0.47200604
 12.900000      0.51157530
 13.000000      0.55431276
 13.100000      0.60022941
 13.200000      0.64892446
 13.300000      0.69913350
 13.400000      0.74891267
 13.500000      0.79777160
 13.600000      0.84378438
 13.700000      0.88542214
 13.800000      0.92084056
 13.900000      0.94979011
 14.000000      0.97170528
 14.100000      0.98772056
 14.200000      0.99672188
 14.300000      1.00000000
 14.400000      0.99826020
 14.500000      0.99330841
 14.600000      0.98470569
 14.700000      0.97507052
 14.800000      0.96327504
 14.900000      0.95028377
 15.000000      0.93688818
 15.100000      0.92432067
 15.200000      0.91208992
 15.300000      0.89974156
 15.400000      0.88783768
 15.500000      0.87569853
 15.600000      0.86467805
 15.700000      0.85249940
 15.800000      0.83992664
 15.900000      0.82472705
 16.000000      0.80689021
 16.100000      0.78639332
 16.200000      0.76319373
 16.300000      0.73789855
 16.400000      0.70932608
 16.500000      0.67665452
 16.600000      0.63993229
 16.700000      0.59968058
 16.800000      0.55604791
 16.900000      0.50986676
 17.000000      0.46279697
 17.100000      0.41741389
 17.200000      0.37483306
 17.300000      0.33675868
 17.400000      0.30009837
 17.500000      0.26569524
 17.600000      0.23381478
 17.700000      0.20504114
 17.800000      0.18045336
 17.900000      0.15796584
 18.000000      0.13661775
 18.100000      0.11612569
 18.200000      0.09508499
 18.300000      0.07384901
 18.400000      0.05179880
 18.500000      0.02889602
 18.600000      0.00479268
 18.700000     -0.02082245
 18.800000     -0.04834331
 18.900000     -0.07628362
 19.000000     -0.10429690
 19.100000     -0.13014263
 19.200000     -0.15376682
 19.300000     -0.17418385
 19.400000     -0.19156118
 19.500000     -0.20618336
 19.600000     -0.21822215
 19.700000     -0.22919010
 19.800000     -0.23885991
 19.900000     -0.24746855
 20.000000     -0.25499116
 20.100000     -0.26182185
 20.200000     -0.26775046
 20.300000     -0.27228923
 20.400000     -0.27610655
 20.500000     -0.27877183
 20.600000     -0.27990255
 20.700000     -0.27901055
 20.800000     -0.27545689
 20.900000     -0.27054649
 21.000000     -0.26474498
 21.100000     -0.25988570
 21.200000     -0.25593854
 21.300000     -0.25432511
 21.400000     -0.25536651
 21.500000     -0.25832385
 21.600000     -0.26409875
 21.700000     -0.27163432
 21.800000     -0.28106031
 21.900000     -0.29103577
 22.000000     -0.30063096
 22.100000     -0.31004636
 22.200000     -0.31823973
 22.300000     -0.32507258
 22.400000     -0.32967510
 22.500000     -0.33328261
 22.600000     -0.33575808
 22.700000     -0.33725813
 22.800000     -0.33678721
 22.900000     -0.33552463
 23.000000     -0.33281337
 23.100000     -0.32952766
 23.200000     -0.32545616
 23.300000     -0.32132746
 23.400000     -0.31768792
 23.500000     -0.31431425
 23.600000     -0.31129008
 23.700000     -0.30856679
 23.800000     -0.30688355
 23.900000     -0.30520199
 24.000000     -0.30422900
 24.100000     -0.30238716
 24.200000     -0.30059515
 24.300000     -0.29813204
 24.400000     -0.29637270
 24.500000     -0.29625081
 24.600000     -0.29691246
 24.700000     -0.29859179
 24.800000     -0.30031136
 24.900000     -0.30023473
 25.000000     -0.30024145
 25.100000     -0.29950118
 25.200000     -0.29855346
 25.300000     -0.29711926
 25.400000     -0.29419053
 25.500000     -0.28908092
 25.600000     -0.28188953
 25.700000     -0.27422899
 25.800000     -0.26718262
 25.900000     -0.26195858
 26.000000     -0.25954744
 26.100000     -0.25827621
 26.200000     -0.25834275
 26.300000     -0.25908957
 26.400000     -0.25921249
 26.500000     -0.25959559
 26.600000     -0.26000810
 26.700000     -0.25995922
 26.800000     -0.26017408
 26.900000     -0.26073681
 27.000000     -0.26189695
 27.100000     -0.26340546
 27.200000     -0.26407944
 27.300000     -0.26463656
 27.400000     -0.26472078
 27.500000     -0.26575934
 27.600000     -0.26698081
 27.700000     -0.26834939
 27.800000     -0.26965980
 27.900000     -0.26970362
 28.000000     -0.26826258
 28.100000     -0.26503984
 28.200000     -0.26071251
 28.300000     -0.25499775
 28.400000     -0.24989166
 28.500000     -0.24680293
 28.600000     -0.24307820
 28.700000     -0.23906276
 28.800000     -0.23501091
 28.900000     -0.23111271
 29.000000     -0.22725503
 29.100000     -0.22373632
 29.200000     -0.21988458
 29.300000     -0.21555881
 29.400000     -0.21067765
 29.500000     -0.20624763
 29.600000     -0.20342297
 29.700000     -0.20281286
 29.800000     -0.20418405
 29.900000     -0.20662595
 30.000000     -0.20903502
 30.100000     -0.20830735
 30.200000     -0.20594106
 30.300000     -0.20330623
 30.400000     -0.20070042
 30.500000     -0.19831595
 30.600000     -0.19590348
 30.700000     -0.19352909
 30.800000     -0.19070583
 30.900000     -0.18803341
 31.000000     -0.18589804
 31.100000     -0.18455706
 31.200000     -0.18411138
 31.300000     -0.18407733
 31.400000     -0.18409456
 31.500000     -0.18311300
 31.600000     -0.18125154
 31.700000     -0.17861789
 31.800000     -0.17588756
 31.900000     -0.17371821
 32.000000     -0.17248693
 32.100000     -0.17228724
 32.200000     -0.17274578
 32.300000     -0.17325870
 32.400000     -0.17352322
 32.500000     -0.17363973
 32.600000     -0.17327920
 32.700000     -0.17282783
 32.800000     -0.17221052
 32.900000     -0.17189512
 33.000000     -0.17174258
 33.100000     -0.17194156
 33.200000     -0.17221657
 33.300000     -0.17258718
 33.400000     -0.17274244
 33.500000     -0.17249983
 33.600000     -0.17129154
 33.700000     -0.16928819
 33.800000     -0.16672986
 33.900000     -0.16395742
 34.000000     -0.16105727
 34.100000     -0.15858159
 34.200000     -0.15632422
 34.300000     -0.15417873
 34.400000     -0.15203684
 34.500000     -0.14979202
 34.600000     -0.14788423
 34.700000     -0.14564563
 34.800000     -0.14332340
 34.900000     -0.14053425
 35.000000     -0.13743733
 35.100000     -0.13434490
 35.200000     -0.13180430
 35.300000     -0.13056094
 35.400000     -0.13058818
 35.500000     -0.13177130
 35.600000     -0.13335465
 35.700000     -0.13507611
 35.800000     -0.13675769
 35.900000     -0.13839498
 36.000000     -0.14034420
 36.100000     -0.14271734
 36.200000     -0.14549689
 36.300000     -0.14843601
 36.400000     -0.15149127
 36.500000     -0.15430899
 36.600000     -0.15690442
 36.700000     -0.15915037
 36.800000     -0.16151935
 36.900000     -0.16381648
 37.000000     -0.16595121
 37.100000     -0.16766901
 37.200000     -0.16911313
 37.300000     -0.17020233
 37.400000     -0.17125658
 37.500000     -0.17239939
 37.600000     -0.17356651
 37.700000     -0.17476566
 37.800000     -0.17605245
 37.900000     -0.17741404
 38.000000     -0.17872143
 38.100000     -0.17975667
 38.200000     -0.18061798
 38.300000     -0.18180039
 38.400000     -0.18356567
 38.500000     -0.18586514
 38.600000     -0.18830996
 38.700000     -0.19097872
 38.800000     -0.19335511
 38.900000     -0.19568311
 39.000000     -0.19807219
 39.100000     -0.20068985
 39.200000     -0.20335769
 39.300000     -0.20562973
 39.400000     -0.20756178
 39.500000     -0.20886780
 39.600000     -0.20969283
 39.700000     -0.21033219
 39.800000     -0.21083292
 39.900000     -0.21103317
