  0.000000     -0.02282188
  0.100000     -0.02284111
  0.200000     -0.02299580
  0.300000     -0.02310078
  0.400000     -0.02319423
  0.500000     -0.02333713
  0.600000     -0.02291028
  0.700000     -0.02279786
  0.800000     -0.02281992
  0.900000     -0.02286066
  1.000000     -0.02291578
  1.100000     -0.02298780
  1.200000     -0.02307577
  1.300000     -0.02323811
  1.400000     -0.02345267
  1.500000     -0.02366031
  1.600000     -0.02384776
  1.700000     -0.02406155
  1.800000     -0.02432259
  1.900000     -0.02460011
  2.000000     -0.02489077
  2.100000     -0.02519332
  2.200000     -0.02551178
  2.300000     -0.02584268
  2.400000     -0.02618912
  2.500000     -0.02656166
  2.600000     -0.02694582
  2.700000     -0.02733686
  2.800000     -0.02773174
  2.900000     -0.02812820
  3.000000     -0.02852455
  3.100000     -0.02892185
  3.200000     -0.02931495
  3.300000     -0.02969690
  3.400000     -0.03006373
  3.500000     -0.03041376
  3.600000     -0.03074175
  3.700000     -0.03104519
  3.800000     -0.03130140
  3.900000     -0.03146136
  4.000000     -0.03160859
  4.100000     -0.03172072
  4.200000     -0.03182324
  4.300000     -0.03188831
  4.400000     -0.03191362
  4.500000     -0.03190405
  4.600000     -0.03186144
  4.700000     -0.03178776
  4.800000     -0.03167331
  4.900000     -0.03152988
  5.000000     -0.03136153
  5.100000     -0.03116935
  5.200000     -0.03095343
  5.300000     -0.03071612
  5.400000     -0.03046066
  5.500000     -0.03020915
  5.600000     -0.02993772
  5.700000     -0.02965133
  5.800000     -0.02935486
  5.900000     -0.02902947
  6.000000     -0.02999842
  6.100000     -0.02998083
  6.200000     -0.02967131
  6.300000     -0.02930481
  6.400000     -0.02894738
  6.500000     -0.02860577
  6.600000     -0.02828397
  6.700000     -0.02799336
  6.800000     -0.02774043
  6.900000     -0.02753275
  7.000000     -0.02737648
  7.100000     -0.02728272
  7.200000     -0.02731497
  7.300000     -0.02739439
  7.400000     -0.02703682
  7.500000     -0.02730287
  7.600000     -0.02766598
  7.700000     -0.02812931
  7.800000     -0.02870113
  7.900000     -0.02938452
  8.000000     -0.03018856
  8.100000     -0.03111400
  8.200000     -0.03216624
  8.300000     -0.03334963
  8.400000     -0.03466642
  8.500000     -0.03611807
  8.600000     -0.03770607
  8.700000     -0.03943118
  8.800000     -0.04128637
  8.900000     -0.04327129
  9.000000     -0.04537917
  9.100000     -0.04760653
  9.200000     -0.04994560
  9.300000     -0.05238668
  9.400000     -0.05491876
  9.500000     -0.05752828
  9.600000     -0.06020388
  9.700000     -0.06292893
  9.800000     -0.06568390
  9.900000     -0.06845279
 10.000000     -0.07121858
 10.100000     -0.07396229
 10.200000     -0.07666029
 10.300000     -0.07929265
 10.400000     -0.08183826
 10.500000     -0.08427562
 10.600000     -0.08658013
 10.700000     -0.08873086
 10.800000     -0.09070617
 10.900000     -0.09248522
 11.000000     -0.09404244
 11.100000     -0.09535390
 11.200000     -0.09639765
 11.300000     -0.09715157
 11.400000     -0.09758823
 11.500000     -0.09768647
 11.600000     -0.09742247
 11.700000     -0.09676958
 11.800000     -0.09570440
 11.900000     -0.09420013
 12.000000     -0.09223053
 12.100000     -0.08977027
 12.200000     -0.08679671
 12.300000     -0.08328499
 12.400000     -0.07920836
 12.500000     -0.07454647
 12.600000     -0.06927381
 12.700000     -0.06336621
 12.800000     -0.05680435
 12.900000     -0.04956485
 13.000000     -0.04162922
 13.100000     -0.03297094
 13.200000     -0.02357976
 13.300000     -0.01343913
 13.400000     -0.00252988
 13.500000      0.00916520
 13.600000      0.02165587
 13.700000      0.03495578
 13.800000      0.04906572
 13.900000      0.06399197
 14.000000      0.07973579
 14.100000      0.09629624
 14.200000      0.11366955
 14.300000      0.13185107
 14.400000      0.15083362
 14.500000      0.17059612
 14.600000      0.19112076
 14.700000      0.21237987
 14.800000      0.23435471
 14.900000      0.25701550
 15.000000      0.28032499
 15.100000      0.30424768
 15.200000      0.32874652
 15.300000      0.35377929
 15.400000      0.37929854
 15.500000      0.40525325
 15.600000      0.43158804
 15.700000      0.45824682
 15.800000      0.48516665
 15.900000      0.51228350
 16.000000      0.53952931
 16.100000      0.56683014
 16.200000      0.59410823
 16.300000      0.62128191
 16.400000      0.64826405
 16.500000      0.67496793
 16.600000      0.70129734
 16.700000      0.72716243
 16.800000      0.75247365
 16.900000      0.77711149
 17.000000      0.80096792
 17.100000      0.82394838
 17.200000      0.84596119
 17.300000      0.86691372
 17.400000      0.88670005
 17.500000      0.90523443
 17.600000      0.92241458
 17.700000      0.93814619
 17.800000      0.95219024
 17.900000      0.96399302
 18.000000      0.97483410
 18.100000      0.98387674
 18.200000      0.99103228
 18.300000      0.99617120
 18.400000      0.99919301
 18.500000      1.00000000
 18.600000      0.99851206
 18.700000      0.99467627
 18.800000      0.98847550
 18.900000      0.97989571
 19.000000      0.96892478
 19.100000      0.95555079
 19.200000      0.93975793
 19.300000      0.92155901
 19.400000      0.90094823
 19.500000      0.87796463
 19.600000      0.85264965
 19.700000      0.82509107
 19.800000      0.79538636
 19.900000      0.76364161
 20.000000      0.72998113
 20.100000      0.69452347
 20.200000      0.65738023
 20.300000      0.61860612
 20.400000      0.57826266
 20.500000      0.53638579
 20.600000      0.49301225
 20.700000      0.44817675
 20.800000      0.40196588
 20.900000      0.35450399
 21.000000      0.30597719
 21.100000      0.25665121
 21.200000      0.20685112
 21.300000      0.15686982
 21.400000      0.10697314
 21.500000      0.05737879
 21.600000      0.00827643
 21.700000     -0.04014966
 21.800000     -0.08773893
 21.900000     -0.13431846
 22.000000     -0.17972852
 22.100000     -0.22382662
 22.200000     -0.26652707
 22.300000     -0.30774260
 22.400000     -0.34738559
 22.500000     -0.38537431
 22.600000     -0.42161447
 22.700000     -0.45601824
 22.800000     -0.48850231
 22.900000     -0.51899208
 23.000000     -0.54742274
 23.100000     -0.57380965
 23.200000     -0.59815677
 23.300000     -0.62048888
 23.400000     -0.64082750
 23.500000     -0.65919337
 23.600000     -0.67560451
 23.700000     -0.69006688
 23.800000     -0.70263287
 23.900000     -0.71340596
 24.000000     -0.72241222
 24.100000     -0.72962709
 24.200000     -0.73518697
 24.300000     -0.73914616
 24.400000     -0.74147774
 24.500000     -0.74232573
 24.600000     -0.74177048
 24.700000     -0.73989395
 24.800000     -0.73675942
 24.900000     -0.73241843
 25.000000     -0.72695634
 25.100000     -0.72044536
 25.200000     -0.71294270
 25.300000     -0.70450705
 25.400000     -0.69519246
 25.500000     -0.68506008
 25.600000     -0.67416997
 25.700000     -0.66257482
 25.800000     -0.65032636
 25.900000     -0.63747138
 26.000000     -0.62325023
 26.100000     -0.60905169
 26.200000     -0.59464460
 26.300000     -0.57982497
 26.400000     -0.56464538
 26.500000     -0.54914676
 26.600000     -0.53337511
 26.700000     -0.51737023
 26.800000     -0.50117897
 26.900000     -0.48483454
 27.000000     -0.46838012
 27.100000     -0.45185609
 27.200000     -0.43530465
 27.300000     -0.41841261
 27.400000     -0.40190611
 27.500000     -0.38547954
 27.600000     -0.36917323
 27.700000     -0.35301703
 27.800000     -0.33704546
 27.900000     -0.32128807
 28.000000     -0.30578046
 28.100000     -0.29054917
 28.200000     -0.27562130
 28.300000     -0.26102302
 28.400000     -0.24677931
 28.500000     -0.23292192
 28.600000     -0.21947229
 28.700000     -0.20646250
 28.800000     -0.19390724
 28.900000     -0.18182437
 29.000000     -0.17022536
 29.100000     -0.15912821
 29.200000     -0.14854245
 29.300000     -0.13848361
 29.400000     -0.12896020
 29.500000     -0.11998228
 29.600000     -0.11155059
 29.700000     -0.10366956
 29.800000     -0.09633553
 29.900000     -0.08954977
 30.000000     -0.08330108
 30.100000     -0.07758059
 30.200000     -0.07238036
 30.300000     -0.06769143
 30.400000     -0.06209286
 30.500000     -0.05829284
 30.600000     -0.05496207
 30.700000     -0.05208874
 30.800000     -0.04965696
 30.900000     -0.04764996
 31.000000     -0.04605813
 31.100000     -0.04486539
 31.200000     -0.04405480
 31.300000     -0.04360465
 31.400000     -0.04350237
 31.500000     -0.04372033
 31.600000     -0.04423973
 31.700000     -0.04503659
 31.800000     -0.04609437
 31.900000     -0.04738926
 32.000000     -0.04889993
 32.100000     -0.05060493
 32.200000     -0.05177905
 32.300000     -0.05364990
 32.400000     -0.05582304
 32.500000     -0.05809407
 32.600000     -0.06044661
 32.700000     -0.06285551
 32.800000     -0.06530540
 32.900000     -0.06777273
 33.000000     -0.07024751
 33.100000     -0.07270941
 33.200000     -0.07474454
 33.300000     -0.07593503
 33.400000     -0.07842572
 33.500000     -0.07927915
 33.600000     -0.08061828
 33.700000     -0.08324035
 33.800000     -0.08577251
 33.900000     -0.08820304
 34.000000     -0.09051975
 34.100000     -0.09270684
 34.200000     -0.09474938
 34.300000     -0.09663968
 34.400000     -0.09837336
 34.500000     -0.09993590
 34.600000     -0.10132320
 34.700000     -0.10253173
 34.800000     -0.10355992
 34.900000     -0.10439917
 35.000000     -0.10504984
 35.100000     -0.10563577
 35.200000     -0.10607351
 35.300000     -0.10585287
 35.400000     -0.10583927
 35.500000     -0.10572455
 35.600000     -0.10546298
 35.700000     -0.10505942
 35.800000     -0.10451327
 35.900000     -0.10083602
 36.000000     -0.09760609
 36.100000     -0.09671518
 36.200000     -0.09569214
 36.300000     -0.09453847
 36.400000     -0.09335796
 36.500000     -0.09190683
 36.600000     -0.08965702
 36.700000     -0.08825951
 36.800000     -0.08557989
 36.900000     -0.08225868
 37.000000     -0.08065114
 37.100000     -0.07975895
 37.200000     -0.07944645
 37.300000     -0.07753213
 37.400000     -0.07553166
 37.500000     -0.07344891
 37.600000     -0.07128842
 37.700000     -0.06905464
 37.800000     -0.06675407
 37.900000     -0.06439294
 38.000000     -0.06209075
 38.100000     -0.05799990
 38.200000     -0.05469792
 38.300000     -0.05240392
 38.400000     -0.05008304
 38.500000     -0.04774485
 38.600000     -0.04535728
 38.700000     -0.04293501
 38.800000     -0.04495658
 38.900000     -0.04214190
 39.000000     -0.03970622
 39.100000     -0.03738712
 39.200000     -0.03535115
 39.300000     -0.03333507
 39.400000     -0.03134644
 39.500000     -0.02866344
 39.600000     -0.02690880
 39.700000     -0.02541815
 39.800000     -0.02419118
 39.900000     -0.02300428
