  0.000000     -0.14604687
  0.100000     -0.14617388
  0.200000     -0.14630693
  0.300000     -0.14645049
  0.400000     -0.14659546
  0.500000     -0.14685578
  0.600000     -0.14703837
  0.700000     -0.14720907
  0.800000     -0.14734026
  0.900000     -0.14750644
  1.000000     -0.14768045
  1.100000     -0.14783767
  1.200000     -0.14798461
  1.300000     -0.14816313
  1.400000     -0.14869764
  1.500000     -0.14918294
  1.600000     -0.14951855
  1.700000     -0.14971034
  1.800000     -0.14985862
  1.900000     -0.15000509
  2.000000     -0.15023688
  2.100000     -0.15058000
  2.200000     -0.15148993
  2.300000     -0.15172997
  2.400000     -0.15187511
  2.500000     -0.15209096
  2.600000     -0.15266117
  2.700000     -0.15286990
  2.800000     -0.15289954
  2.900000     -0.15323341
  3.000000     -0.15362264
  3.100000     -0.15393442
  3.200000     -0.15411519
  3.300000     -0.15431723
  3.400000     -0.15457368
  3.500000     -0.15472951
  3.600000     -0.15484387
  3.700000     -0.15505088
  3.800000     -0.15526728
  3.900000     -0.15549152
  4.000000     -0.15572067
  4.100000     -0.15727546
  4.200000     -0.15776018
  4.300000     -0.15801018
  4.400000     -0.15826796
  4.500000     -0.15852797
  4.600000     -0.15984229
  4.700000     -0.16011225
  4.800000     -0.16038876
  4.900000     -0.16067128
  5.000000     -0.16096905
  5.100000     -0.16126737
  5.200000     -0.16157340
  5.300000     -0.16223722
  5.400000     -0.16374446
  5.500000     -0.16410143
  5.600000     -0.16443266
  5.700000     -0.16476756
  5.800000     -0.16546947
  5.900000     -0.16580708
  6.000000     -0.16615472
  6.100000     -0.16709454
  6.200000     -0.16745309
  6.300000     -0.16781466
  6.400000     -0.16818075
  6.500000     -0.16855981
  6.600000     -0.16894267
  6.700000     -0.16933121
  6.800000     -0.16972721
  6.900000     -0.17013083
  7.000000     -0.17054446
  7.100000     -0.17095970
  7.200000     -0.17136612
  7.300000     -0.17177482
  7.400000     -0.17219032
  7.500000     -0.17260770
  7.600000     -0.17385018
  7.700000     -0.17427805
  7.800000     -0.17471136
  7.900000     -0.17515766
  8.000000     -0.17562145
  8.100000     -0.17608546
  8.200000     -0.17655886
  8.300000     -0.17703269
  8.400000     -0.17751629
  8.500000     -0.17800003
  8.600000     -0.17848020
  8.700000     -0.17895256
  8.800000     -0.17940987
  8.900000     -0.17985718
  9.000000     -0.18029328
  9.100000     -0.18072097
  9.200000     -0.18113293
  9.300000     -0.18152778
  9.400000     -0.18190587
  9.500000     -0.18226310
  9.600000     -0.18259321
  9.700000     -0.18289612
  9.800000     -0.18316713
  9.900000     -0.18340263
 10.000000     -0.18359868
 10.100000     -0.18375334
 10.200000     -0.18385861
 10.300000     -0.18391267
 10.400000     -0.18390707
 10.500000     -0.18383830
 10.600000     -0.18369564
 10.700000     -0.18347967
 10.800000     -0.18317857
 10.900000     -0.18278376
 11.000000     -0.18228734
 11.100000     -0.18168042
 11.200000     -0.18095317
 11.300000     -0.18009311
 11.400000     -0.17909451
 11.500000     -0.17794334
 11.600000     -0.17662365
 11.700000     -0.17512624
 11.800000     -0.17343864
 11.900000     -0.17155710
 12.000000     -0.16945924
 12.100000     -0.16712702
 12.200000     -0.16454547
 12.300000     -0.16170141
 12.400000     -0.15857152
 12.500000     -0.15514503
 12.600000     -0.15140131
 12.700000     -0.14732467
 12.800000     -0.14289269
 12.900000     -0.13809271
 13.000000     -0.13290411
 13.100000     -0.12730851
 13.200000     -0.12128693
 13.300000     -0.11482248
 13.400000     -0.10789653
 13.500000     -0.10049253
 13.600000     -0.09259333
 13.700000     -0.08418094
 13.800000     -0.07524433
 13.900000     -0.06576595
 14.000000     -0.05573743
 14.100000     -0.04514019
 14.200000     -0.03397301
 14.300000     -0.02222359
 14.400000     -0.00988454
 14.500000      0.00304400
 14.600000      0.01656751
 14.700000      0.03068533
 14.800000      0.04539199
 14.900000      0.06068062
 15.000000      0.07654955
 15.100000      0.09298115
 15.200000      0.10996655
 15.300000      0.12749025
 15.400000      0.14552926
 15.500000      0.16406338
 15.600000      0.18306910
 15.700000      0.20252246
 15.800000      0.22238660
 15.900000      0.24264008
 16.000000      0.26324320
 16.100000      0.28416208
 16.200000      0.30535994
 16.300000      0.32679735
 16.400000      0.34843427
 16.500000      0.37023305
 16.600000      0.39214928
 16.700000      0.41414416
 16.800000      0.43617443
 16.900000      0.45819714
 17.000000      0.48017235
 17.100000      0.50205748
 17.200000      0.52381432
 17.300000      0.54540168
 17.400000      0.56678084
 17.500000      0.58791528
 17.600000      0.60876936
 17.700000      0.62930574
 17.800000      0.64949249
 17.900000      0.66930062
 18.000000      0.68869563
 18.100000      0.70765398
 18.200000      0.72614351
 18.300000      0.74414691
 18.400000      0.76163305
 18.500000      0.77858702
 18.600000      0.79498741
 18.700000      0.81081836
 18.800000      0.82606071
 18.900000      0.84070452
 19.000000      0.85473671
 19.100000      0.86814391
 19.200000      0.88091594
 19.300000      0.89304846
 19.400000      0.90453406
 19.500000      0.91536824
 19.600000      0.92554497
 19.700000      0.93506067
 19.800000      0.94392192
 19.900000      0.95212208
 20.000000      0.95965769
 20.100000      0.96654017
 20.200000      0.97276452
 20.300000      0.97833958
 20.400000      0.98325973
 20.500000      0.98754096
 20.600000      0.99117563
 20.700000      0.99418458
 20.800000      0.99656252
 20.900000      0.99832022
 21.000000      0.99946047
 21.100000      1.00000000
 21.200000      0.99993958
 21.300000      0.99928480
 21.400000      0.99805625
 21.500000      0.99625619
 21.600000      0.99388130
 21.700000      0.99094983
 21.800000      0.98747636
 21.900000      0.98346018
 22.000000      0.97892133
 22.100000      0.97386394
 22.200000      0.96830111
 22.300000      0.96224493
 22.400000      0.95569461
 22.500000      0.94867244
 22.600000      0.94117812
 22.700000      0.93323647
 22.800000      0.92483571
 22.900000      0.91600439
 23.000000      0.90674599
 23.100000      0.89707122
 23.200000      0.88698859
 23.300000      0.87651015
 23.400000      0.86564218
 23.500000      0.85439934
 23.600000      0.84278910
 23.700000      0.83081978
 23.800000      0.81850421
 23.900000      0.80585004
 24.000000      0.79286897
 24.100000      0.77957010
 24.200000      0.76596090
 24.300000      0.75205968
 24.400000      0.73786662
 24.500000      0.72340368
 24.600000      0.70866488
 24.700000      0.69367700
 24.800000      0.67844356
 24.900000      0.66297767
 25.000000      0.64728667
 25.100000      0.63138356
 25.200000      0.61528145
 25.300000      0.59898981
 25.400000      0.58252061
 25.500000      0.56588844
 25.600000      0.54909939
 25.700000      0.53216551
 25.800000      0.51510359
 25.900000      0.49792046
 26.000000      0.48063012
 26.100000      0.46324251
 26.200000      0.44577191
 26.300000      0.42822889
 26.400000      0.40853277
 26.500000      0.39089887
 26.600000      0.37322710
 26.700000      0.35491189
 26.800000      0.33656833
 26.900000      0.31890381
 27.000000      0.30125009
 27.100000      0.28362063
 27.200000      0.26602571
 27.300000      0.24847548
 27.400000      0.23098229
 27.500000      0.21355448
 27.600000      0.19620626
 27.700000      0.17894648
 27.800000      0.16158206
 27.900000      0.14372029
 28.000000      0.12679457
 28.100000      0.11000027
 28.200000      0.09334351
 28.300000      0.07683222
 28.400000      0.05860038
 28.500000      0.04244767
 28.600000      0.02634393
 28.700000      0.00956685
 28.800000     -0.00598002
 28.900000     -0.02275399
 29.000000     -0.03784055
 29.100000     -0.05506154
 29.200000     -0.06987644
 29.300000     -0.08423005
 29.400000     -0.09896182
 29.500000     -0.11321555
 29.600000     -0.12735451
 29.700000     -0.14173498
 29.800000     -0.15589878
 29.900000     -0.16911672
 30.000000     -0.18162062
 30.100000     -0.19469450
 30.200000     -0.20720826
 30.300000     -0.21867633
 30.400000     -0.22988732
 30.500000     -0.24085002
 30.600000     -0.25154544
 30.700000     -0.26244250
 30.800000     -0.27356835
 30.900000     -0.28423216
 31.000000     -0.29381881
 31.100000     -0.30305339
 31.200000     -0.31304622
 31.300000     -0.32140644
 31.400000     -0.32978999
 31.500000     -0.33907969
 31.600000     -0.34742417
 31.700000     -0.35549081
 31.800000     -0.36407305
 31.900000     -0.37092488
 32.000000     -0.37789806
 32.100000     -0.38410780
 32.200000     -0.38948109
 32.300000     -0.39514238
 32.400000     -0.40053176
 32.500000     -0.40562696
 32.600000     -0.41261118
 32.700000     -0.41625795
 32.800000     -0.42002311
 32.900000     -0.42428585
 33.000000     -0.42669209
 33.100000     -0.43072990
 33.200000     -0.43386850
 33.300000     -0.43675243
 33.400000     -0.43938755
 33.500000     -0.44187310
 33.600000     -0.44419354
 33.700000     -0.44445986
 33.800000     -0.44604354
 33.900000     -0.44713951
 34.000000     -0.44712700
 34.100000     -0.44690560
 34.200000     -0.44691987
 34.300000     -0.44621603
 34.400000     -0.44638319
 34.500000     -0.44634309
 34.600000     -0.44588639
 34.700000     -0.44349404
 34.800000     -0.44235581
 34.900000     -0.44146249
 35.000000     -0.44056604
 35.100000     -0.43938872
 35.200000     -0.43812291
 35.300000     -0.43573120
 35.400000     -0.43118048
 35.500000     -0.42982689
 35.600000     -0.42762585
 35.700000     -0.42411918
 35.800000     -0.41689041
 35.900000     -0.40792232
 36.000000     -0.39835128
 36.100000     -0.39302244
 36.200000     -0.38676309
 36.300000     -0.38042866
 36.400000     -0.37624040
 36.500000     -0.37243723
 36.600000     -0.36920975
 36.700000     -0.36606579
 36.800000     -0.36230634
 36.900000     -0.35843756
 37.000000     -0.35446368
 37.100000     -0.35044084
 37.200000     -0.34728428
 37.300000     -0.34365283
 37.400000     -0.33965268
 37.500000     -0.33572840
 37.600000     -0.33125350
 37.700000     -0.32675071
 37.800000     -0.32224910
 37.900000     -0.31768135
 38.000000     -0.31305783
 38.100000     -0.30846499
 38.200000     -0.30388780
 38.300000     -0.29926157
 38.400000     -0.29463901
 38.500000     -0.29006661
 38.600000     -0.28556848
 38.700000     -0.28110619
 38.800000     -0.27563501
 38.900000     -0.26998440
 39.000000     -0.26488798
 39.100000     -0.25893010
 39.200000     -0.25459978
 39.300000     -0.25037522
 39.400000     -0.24618369
 39.500000     -0.24207392
 39.600000     -0.23804783
 39.700000     -0.23408660
 39.800000     -0.23031067
 39.900000     -0.22659365
