  0.000000      0.02010673
  0.100000      0.01928058
  0.200000      0.01939617
  0.300000      0.01968963
  0.400000      0.02037315
  0.500000      0.02172979
  0.600000      0.02331004
  0.700000      0.02424280
  0.800000      0.02486604
  0.900000      0.02597252
  1.000000      0.02693155
  1.100000      0.02732537
  1.200000      0.02706322
  1.300000      0.02726795
  1.400000      0.02789666
  1.500000      0.02807749
  1.600000      0.02727399
  1.700000      0.02667168
  1.800000      0.02744998
  1.900000      0.02987464
  2.000000      0.03215770
  2.100000      0.03226065
  2.200000      0.03141172
  2.300000      0.02926406
  2.400000      0.02589996
  2.500000      0.02352863
  2.600000      0.02203005
  2.700000      0.02025385
  2.800000      0.01830901
  2.900000      0.01600819
  3.000000      0.01349743
  3.100000      0.01131690
  3.200000      0.00943448
  3.300000      0.00771278
  3.400000      0.00615552
  3.500000      0.00402489
  3.600000      0.00159220
  3.700000     -0.00084767
  3.800000     -0.00318381
  3.900000     -0.00498160
  4.000000     -0.00562255
  4.100000     -0.00476609
  4.200000     -0.00373925
  4.300000     -0.00270657
  4.400000     -0.00132289
  4.500000      0.00040869
  4.600000      0.00233150
  4.700000      0.00358675
  4.800000      0.00445580
  4.900000      0.00415370
  5.000000      0.00241364
  5.100000      0.00117309
  5.200000      0.00055814
  5.300000      0.00060600
  5.400000      0.00130240
  5.500000      0.00154718
  5.600000      0.00115520
  5.700000      0.00110440
  5.800000      0.00154023
  5.900000      0.00158972
  6.000000      0.00154732
  6.100000      0.00307562
  6.200000      0.00506915
  6.300000      0.00630148
  6.400000      0.00728716
  6.500000      0.00854126
  6.600000      0.01086633
  6.700000      0.01330414
  6.800000      0.01468705
  6.900000      0.01557481
  7.000000      0.01631304
  7.100000      0.01738224
  7.200000      0.01825040
  7.300000      0.01901904
  7.400000      0.01963824
  7.500000      0.01989643
  7.600000      0.01807001
  7.700000      0.01608783
  7.800000      0.01474950
  7.900000      0.01486540
  8.000000      0.01521540
  8.100000      0.01446224
  8.200000      0.01270452
  8.300000      0.01079669
  8.400000      0.01145939
  8.500000      0.01440674
  8.600000      0.01795141
  8.700000      0.01933776
  8.800000      0.01885407
  8.900000      0.01634849
  9.000000      0.01214448
  9.100000      0.01053270
  9.200000      0.00986482
  9.300000      0.01076688
  9.400000      0.01285656
  9.500000      0.01325780
  9.600000      0.01173467
  9.700000      0.01224978
  9.800000      0.01290410
  9.900000      0.01539621
 10.000000      0.01774216
 10.100000      0.01892875
 10.200000      0.02097266
 10.300000      0.02423445
 10.400000      0.02705890
 10.500000      0.02699060
 10.600000      0.02590049
 10.700000      0.02366003
 10.800000      0.02175500
 10.900000      0.01946429
 11.000000      0.01555438
 11.100000      0.01195428
 11.200000      0.00700592
 11.300000      0.00006794
 11.400000     -0.00729313
 11.500000     -0.01305111
 11.600000     -0.01946932
 11.700000     -0.02865942
 11.800000     -0.04038344
 11.900000     -0.05256966
 12.000000     -0.06319950
 12.100000     -0.07615455
 12.200000     -0.09378235
 12.300000     -0.11421893
 12.400000     -0.13824101
 12.500000     -0.16460957
 12.600000     -0.19225670
 12.700000     -0.22112853
 12.800000     -0.25080370
 12.900000     -0.27793792
 13.000000     -0.30229879
 13.100000     -0.32429348
 13.200000     -0.34153131
 13.300000     -0.35397312
 13.400000     -0.36016202
 13.500000     -0.36211985
 13.600000     -0.35980197
 13.700000     -0.35454284
 13.800000     -0.34495396
 13.900000     -0.33204369
 14.000000     -0.31779936
 14.100000     -0.29843051
 14.200000     -0.27399313
 14.300000     -0.24167499
 14.400000     -0.19981797
 14.500000     -0.14921573
 14.600000     -0.08994053
 14.700000     -0.02121504
 14.800000      0.05322529
 14.900000      0.13401278
 15.000000      0.22052553
 15.100000      0.30971414
 15.200000      0.40113331
 15.300000      0.48940679
 15.400000      0.57601139
 15.500000      0.65605669
 15.600000      0.73442509
 15.700000      0.80210482
 15.800000      0.85753517
 15.900000      0.90325911
 16.000000      0.93872476
 16.100000      0.96786684
 16.200000      0.98798191
 16.300000      1.00000000
 16.400000      0.99872972
 16.500000      0.98669532
 16.600000      0.96775015
 16.700000      0.93562871
 16.800000      0.89504780
 16.900000      0.84543377
 17.000000      0.79523974
 17.100000      0.73929781
 17.200000      0.67746486
 17.300000      0.61134551
 17.400000      0.54062414
 17.500000      0.46587754
 17.600000      0.38560894
 17.700000      0.30575266
 17.800000      0.22653947
 17.900000      0.14941591
 18.000000      0.07641548
 18.100000      0.01478530
 18.200000     -0.03630481
 18.300000     -0.08065612
 18.400000     -0.11649049
 18.500000     -0.14779451
 18.600000     -0.17146248
 18.700000     -0.19123119
 18.800000     -0.21115916
 18.900000     -0.23003509
 19.000000     -0.24392168
 19.100000     -0.25242713
 19.200000     -0.25593304
 19.300000     -0.25454225
 19.400000     -0.24855414
 19.500000     -0.23964460
 19.600000     -0.22982568
 19.700000     -0.21652199
 19.800000     -0.20043184
 19.900000     -0.18412135
 20.000000     -0.16588394
 20.100000     -0.14667452
 20.200000     -0.12729653
 20.300000     -0.11051574
 20.400000     -0.09549888
 20.500000     -0.08698937
 20.600000     -0.08403076
 20.700000     -0.08519092
 20.800000     -0.08700929
 20.900000     -0.08685130
 21.000000     -0.08547466
 21.100000     -0.08053557
 21.200000     -0.07604812
 21.300000     -0.06566379
 21.400000     -0.05512109
 21.500000     -0.04487746
 21.600000     -0.03740695
 21.700000     -0.03035307
 21.800000     -0.02625426
 21.900000     -0.02535371
 22.000000     -0.02705432
 22.100000     -0.02936026
 22.200000     -0.03292431
 22.300000     -0.03924155
 22.400000     -0.04676294
 22.500000     -0.05386675
 22.600000     -0.05996536
 22.700000     -0.06547831
 22.800000     -0.07199068
 22.900000     -0.07797859
 23.000000     -0.08473286
 23.100000     -0.09128724
 23.200000     -0.09727276
 23.300000     -0.10193721
 23.400000     -0.10454884
 23.500000     -0.10728496
 23.600000     -0.10973215
 23.700000     -0.10966444
 23.800000     -0.10636729
 23.900000     -0.10145753
 24.000000     -0.09666704
 24.100000     -0.09257074
 24.200000     -0.08812537
 24.300000     -0.08253222
 24.400000     -0.07700053
 24.500000     -0.07216028
 24.600000     -0.06779265
 24.700000     -0.06413758
 24.800000     -0.06120605
 24.900000     -0.05829514
 25.000000     -0.05490053
 25.100000     -0.05268638
 25.200000     -0.05089669
 25.300000     -0.04935506
 25.400000     -0.05015895
 25.500000     -0.05129995
 25.600000     -0.05392112
 25.700000     -0.05792227
 25.800000     -0.06118800
 25.900000     -0.06546119
 26.000000     -0.06987038
 26.100000     -0.07411890
 26.200000     -0.07735118
 26.300000     -0.08010257
 26.400000     -0.08291044
 26.500000     -0.08650280
 26.600000     -0.08959314
 26.700000     -0.09326998
 26.800000     -0.09640074
 26.900000     -0.09795839
 27.000000     -0.09748321
 27.100000     -0.09724420
 27.200000     -0.09403523
 27.300000     -0.09052347
 27.400000     -0.08524108
 27.500000     -0.07575437
 27.600000     -0.06802501
 27.700000     -0.06166566
 27.800000     -0.05860358
 27.900000     -0.05670879
 28.000000     -0.05367932
 28.100000     -0.05024080
 28.200000     -0.04617448
 28.300000     -0.04074698
 28.400000     -0.03496006
 28.500000     -0.02822813
 28.600000     -0.02003058
 28.700000     -0.01246906
 28.800000     -0.00513954
 28.900000      0.00203540
 29.000000      0.00887319
 29.100000      0.01517532
 29.200000      0.02025833
 29.300000      0.02403893
 29.400000      0.02649794
 29.500000      0.02757361
 29.600000      0.02508355
 29.700000      0.02148155
 29.800000      0.01723012
 29.900000      0.01282651
 30.000000      0.00914707
 30.100000      0.00580744
 30.200000      0.00166898
 30.300000     -0.00329115
 30.400000     -0.00844136
 30.500000     -0.01347596
 30.600000     -0.01799271
 30.700000     -0.02289874
 30.800000     -0.02858799
 30.900000     -0.03321822
 31.000000     -0.03750988
 31.100000     -0.04183294
 31.200000     -0.04648669
 31.300000     -0.05030017
 31.400000     -0.05350675
 31.500000     -0.05619078
 31.600000     -0.05754469
 31.700000     -0.05776917
 31.800000     -0.05618633
 31.900000     -0.05359536
 32.000000     -0.05146867
 32.100000     -0.04822518
 32.200000     -0.04463033
 32.300000     -0.04150465
 32.400000     -0.03953254
 32.500000     -0.03880282
 32.600000     -0.03833850
 32.700000     -0.03784025
 32.800000     -0.03879375
 32.900000     -0.04125747
 33.000000     -0.04519659
 33.100000     -0.05062666
 33.200000     -0.05600487
 33.300000     -0.06071487
 33.400000     -0.06345713
 33.500000     -0.06430306
 33.600000     -0.06265031
 33.700000     -0.05823983
 33.800000     -0.05204786
 33.900000     -0.04495282
 34.000000     -0.03779484
 34.100000     -0.03045865
 34.200000     -0.02370594
 34.300000     -0.01836318
 34.400000     -0.01493388
 34.500000     -0.01231571
 34.600000     -0.00957970
 34.700000     -0.00691485
 34.800000     -0.00376096
 34.900000     -0.00020413
 35.000000      0.00331006
 35.100000      0.00667701
 35.200000      0.00932897
 35.300000      0.01010924
 35.400000      0.00871145
 35.500000      0.00591503
 35.600000      0.00225500
 35.700000     -0.00177396
 35.800000     -0.00595501
 35.900000     -0.00942100
 36.000000     -0.01039155
 36.100000     -0.01084579
 36.200000     -0.01154197
 36.300000     -0.01247866
 36.400000     -0.01377440
 36.500000     -0.01278963
 36.600000     -0.01094307
 36.700000     -0.00926537
 36.800000     -0.00768702
 36.900000     -0.00672970
 37.000000     -0.00647342
 37.100000     -0.00704349
 37.200000     -0.00719645
 37.300000     -0.00662626
 37.400000     -0.00414466
 37.500000     -0.00162446
 37.600000      0.00044836
 37.700000      0.00166397
 37.800000      0.00218477
 37.900000      0.00209474
 38.000000      0.00127019
 38.100000     -0.00039360
 38.200000     -0.00250540
 38.300000     -0.00453242
 38.400000     -0.00724834
 38.500000     -0.01016526
 38.600000     -0.01222899
 38.700000     -0.01405436
 38.800000     -0.01599940
 38.900000     -0.01901766
 39.000000     -0.02336884
 39.100000     -0.02835340
 39.200000     -0.03373776
 39.300000     -0.03964241
 39.400000     -0.04590832
 39.500000     -0.05219494
 39.600000     -0.05778220
 39.700000     -0.06222065
 39.800000     -0.06628749
 39.900000     -0.07011936
