  0.000000      0.00886488
  0.100000      0.00955414
  0.200000      0.00950212
  0.300000      0.00914188
  0.400000      0.00988746
  0.500000      0.01104697
  0.600000      0.01130520
  0.700000      0.01091621
  0.800000      0.01143500
  0.900000      0.01272214
  1.000000      0.01341844
  1.100000      0.01349261
  1.200000      0.01331045
  1.300000      0.01294971
  1.400000      0.01276486
  1.500000      0.01334457
  1.600000      0.01347747
  1.700000      0.01198987
  1.800000      0.01053617
  1.900000      0.01003697
  2.000000      0.00969339
  2.100000      0.00946154
  2.200000      0.00935821
  2.300000      0.00876342
  2.400000      0.00808169
  2.500000      0.00788095
  2.600000      0.00791064
  2.700000      0.00777624
  2.800000      0.00758481
  2.900000      0.00716227
  3.000000      0.00651620
  3.100000      0.00590441
  3.200000      0.00564078
  3.300000      0.00574966
  3.400000      0.00615327
  3.500000      0.00634438
  3.600000      0.00581644
  3.700000      0.00538334
  3.800000      0.00536452
  3.900000      0.00472558
  4.000000      0.00306326
  4.100000      0.00109218
  4.200000     -0.00040626
  4.300000     -0.00174135
  4.400000     -0.00289625
  4.500000     -0.00375233
  4.600000     -0.00478253
  4.700000     -0.00579636
  4.800000     -0.00580018
  4.900000     -0.00460765
  5.000000     -0.00329450
  5.100000     -0.00236544
  5.200000     -0.00138502
  5.300000     -0.00124369
  5.400000     -0.00042425
  5.500000      0.00198692
  5.600000      0.00411384
  5.700000      0.00552803
  5.800000      0.00664779
  5.900000      0.00656896
  6.000000      0.00661800
  6.100000      0.00814466
  6.200000      0.01033059
  6.300000      0.01152606
  6.400000      0.01146415
  6.500000      0.01065310
  6.600000      0.00948160
  6.700000      0.00941427
  6.800000      0.00796877
  6.900000      0.00653514
  7.000000      0.00539977
  7.100000      0.00524113
  7.200000      0.00579362
  7.300000      0.00625014
  7.400000      0.00788636
  7.500000      0.00952456
  7.600000      0.01104837
  7.700000      0.01269240
  7.800000      0.01362948
  7.900000      0.01392834
  8.000000      0.01465408
  8.100000      0.01621962
  8.200000      0.01788157
  8.300000      0.01917884
  8.400000      0.01941561
  8.500000      0.01889550
  8.600000      0.01762546
  8.700000      0.01644299
  8.800000      0.01602636
  8.900000      0.01609148
  9.000000      0.01626277
  9.100000      0.01610911
  9.200000      0.01595194
  9.300000      0.01560585
  9.400000      0.01516217
  9.500000      0.01400566
  9.600000      0.01293895
  9.700000      0.01193681
  9.800000      0.01117578
  9.900000      0.01050307
 10.000000      0.01044946
 10.100000      0.01040346
 10.200000      0.01063196
 10.300000      0.01239146
 10.400000      0.01358828
 10.500000      0.01398549
 10.600000      0.01520243
 10.700000      0.01536679
 10.800000      0.01563223
 10.900000      0.01609050
 11.000000      0.01788618
 11.100000      0.02058138
 11.200000      0.02174018
 11.300000      0.02189533
 11.400000      0.02188344
 11.500000      0.02116998
 11.600000      0.02114581
 11.700000      0.01961365
 11.800000      0.01595754
 11.900000      0.01362637
 12.000000      0.01253348
 12.100000      0.01002830
 12.200000      0.00806074
 12.300000      0.00596202
 12.400000      0.00315585
 12.500000      0.00036919
 12.600000     -0.00130924
 12.700000     -0.00240456
 12.800000     -0.00310460
 12.900000     -0.00391846
 13.000000     -0.00480397
 13.100000     -0.00449449
 13.200000     -0.00431009
 13.300000     -0.00442105
 13.400000     -0.00345057
 13.500000     -0.00114831
 13.600000      0.00177292
 13.700000      0.00409605
 13.800000      0.00695108
 13.900000      0.01071851
 14.000000      0.01285876
 14.100000      0.01360074
 14.200000      0.01421465
 14.300000      0.01405972
 14.400000      0.01326289
 14.500000      0.01341038
 14.600000      0.01426887
 14.700000      0.01415595
 14.800000      0.01535718
 14.900000      0.01601484
 15.000000      0.01610528
 15.100000      0.01829906
 15.200000      0.02175109
 15.300000      0.02562696
 15.400000      0.02812733
 15.500000      0.02901014
 15.600000      0.02834606
 15.700000      0.02639739
 15.800000      0.02363684
 15.900000      0.01905761
 16.000000      0.01298751
 16.100000      0.01004205
 16.200000      0.01047695
 16.300000      0.01018994
 16.400000      0.00886385
 16.500000      0.00972483
 16.600000      0.01329769
 16.700000      0.01681110
 16.800000      0.02061088
 16.900000      0.02297273
 17.000000      0.02370927
 17.100000      0.02357821
 17.200000      0.02202933
 17.300000      0.01920960
 17.400000      0.01668339
 17.500000      0.01416215
 17.600000      0.01091149
 17.700000      0.00581687
 17.800000     -0.00018482
 17.900000     -0.00355379
 18.000000     -0.00533966
 18.100000     -0.00743106
 18.200000     -0.00837400
 18.300000     -0.00759505
 18.400000     -0.00652380
 18.500000     -0.00509136
 18.600000     -0.00261627
 18.700000     -0.00000655
 18.800000      0.00321274
 18.900000      0.01004862
 19.000000      0.01930429
 19.100000      0.02851807
 19.200000      0.03661793
 19.300000      0.04124360
 19.400000      0.04337121
 19.500000      0.04337198
 19.600000      0.04273953
 19.700000      0.04359749
 19.800000      0.04548502
 19.900000      0.04800526
 20.000000      0.05214633
 20.100000      0.05561665
 20.200000      0.05628184
 20.300000      0.05701913
 20.400000      0.05610818
 20.500000      0.05436859
 20.600000      0.05323033
 20.700000      0.05298620
 20.800000      0.05359122
 20.900000      0.05668072
 21.000000      0.06106826
 21.100000      0.06628117
 21.200000      0.07303809
 21.300000      0.07908491
 21.400000      0.08195384
 21.500000      0.08480802
 21.600000      0.08543251
 21.700000      0.07975246
 21.800000      0.07247998
 21.900000      0.06931915
 22.000000      0.06689762
 22.100000      0.06753491
 22.200000      0.06977325
 22.300000      0.06904818
 22.400000      0.06934939
 22.500000      0.06817455
 22.600000      0.07227277
 22.700000      0.07744728
 22.800000      0.08057328
 22.900000      0.07415711
 23.000000      0.06904431
 23.100000      0.06992491
 23.200000      0.07471059
 23.300000      0.07523993
 23.400000      0.08192328
 23.500000      0.09479657
 23.600000      0.10948608
 23.700000      0.11247398
 23.800000      0.10940229
 23.900000      0.10744742
 24.000000      0.10288302
 24.100000      0.09750055
 24.200000      0.09942301
 24.300000      0.10394958
 24.400000      0.10794374
 24.500000      0.11153130
 24.600000      0.10603201
 24.700000      0.09747924
 24.800000      0.09480041
 24.900000      0.10039619
 25.000000      0.10901314
 25.100000      0.11874676
 25.200000      0.12689097
 25.300000      0.13198117
 25.400000      0.13341710
 25.500000      0.13854830
 25.600000      0.14366741
 25.700000      0.14368978
 25.800000      0.14631149
 25.900000      0.15790118
 26.000000      0.17214613
 26.100000      0.18304570
 26.200000      0.19735979
 26.300000      0.21282359
 26.400000      0.21922579
 26.500000      0.21412375
 26.600000      0.20535546
 26.700000      0.20542005
 26.800000      0.20218545
 26.900000      0.18682937
 27.000000      0.17775483
 27.100000      0.18045092
 27.200000      0.17954543
 27.300000      0.17111160
 27.400000      0.17127387
 27.500000      0.17264212
 27.600000      0.17169991
 27.700000      0.17935905
 27.800000      0.20299029
 27.900000      0.23354638
 28.000000      0.26453589
 28.100000      0.28507527
 28.200000      0.31155914
 28.300000      0.37082484
 28.400000      0.43601687
 28.500000      0.47945718
 28.600000      0.52733190
 28.700000      0.57542956
 28.800000      0.62985651
 28.900000      0.70025121
 29.000000      0.76481021
 29.100000      0.81384556
 29.200000      0.85131126
 29.300000      0.89983423
 29.400000      0.95228625
 29.500000      0.99287568
 29.600000      1.00000000
 29.700000      0.98701193
 29.800000      0.97670293
 29.900000      0.96677552
 30.000000      0.94168434
 30.100000      0.89405834
 30.200000      0.82367321
 30.300000      0.73745409
 30.400000      0.63940593
 30.500000      0.54080024
 30.600000      0.44239364
 30.700000      0.34364842
 30.800000      0.25133874
 30.900000      0.15997860
 31.000000      0.06238176
 31.100000     -0.02816833
 31.200000     -0.09588662
 31.300000     -0.13945592
 31.400000     -0.17006779
 31.500000     -0.20000304
 31.600000     -0.23602919
 31.700000     -0.27726669
 31.800000     -0.30802649
 31.900000     -0.32552012
 32.000000     -0.34120927
 32.100000     -0.36828439
 32.200000     -0.39606280
 32.300000     -0.41331744
 32.400000     -0.41570695
 32.500000     -0.41015697
 32.600000     -0.40379904
 32.700000     -0.40302182
 32.800000     -0.40704676
 32.900000     -0.40780185
 33.000000     -0.40032746
 33.100000     -0.39082743
 33.200000     -0.38070729
 33.300000     -0.37562298
 33.400000     -0.37677665
 33.500000     -0.37807309
 33.600000     -0.37985938
 33.700000     -0.38391450
 33.800000     -0.38950384
 33.900000     -0.39766331
 34.000000     -0.40815867
 34.100000     -0.41908206
 34.200000     -0.43098758
 34.300000     -0.44450466
 34.400000     -0.45943390
 34.500000     -0.47539850
 34.600000     -0.49422392
 34.700000     -0.51603751
 34.800000     -0.53745339
 34.900000     -0.55897139
 35.000000     -0.57856543
 35.100000     -0.59289570
 35.200000     -0.60403690
 35.300000     -0.61133266
 35.400000     -0.61551643
 35.500000     -0.61808192
 35.600000     -0.62098878
 35.700000     -0.62307457
 35.800000     -0.62360910
 35.900000     -0.62192826
 36.000000     -0.61871625
 36.100000     -0.61590834
 36.200000     -0.61563801
 36.300000     -0.61650614
 36.400000     -0.61823616
 36.500000     -0.62175321
 36.600000     -0.62717626
 36.700000     -0.63474215
 36.800000     -0.64300249
 36.900000     -0.65076307
 37.000000     -0.65886886
 37.100000     -0.66698722
 37.200000     -0.67518536
 37.300000     -0.68276150
 37.400000     -0.69093331
 37.500000     -0.69674139
 37.600000     -0.70011364
 37.700000     -0.70145150
 37.800000     -0.70274048
 37.900000     -0.70297372
 38.000000     -0.70365893
 38.100000     -0.70535190
 38.200000     -0.70801198
 38.300000     -0.71017280
 38.400000     -0.71250356
 38.500000     -0.71483985
 38.600000     -0.71701900
 38.700000     -0.71931460
 38.800000     -0.72125660
 38.900000     -0.72291823
 39.000000     -0.72409731
 39.100000     -0.72484854
 39.200000     -0.72443966
 39.300000     -0.72329898
 39.400000     -0.72158744
 39.500000     -0.71996012
 39.600000     -0.71886224
 39.700000     -0.71803528
 39.800000     -0.71847856
 39.900000     -0.71900087
