  0.000000      0.03032524
  0.100000      0.03179438
  0.200000      0.03301469
  0.300000      0.03435524
  0.400000      0.03565032
  0.500000      0.03664337
  0.600000      0.03766725
  0.700000      0.03900293
  0.800000      0.04031416
  0.900000      0.04159990
  1.000000      0.04245493
  1.100000      0.04300807
  1.200000      0.04342608
  1.300000      0.04351943
  1.400000      0.04341633
  1.500000      0.04331301
  1.600000      0.04286824
  1.700000      0.04233675
  1.800000      0.04166080
  1.900000      0.04054942
  2.000000      0.03921321
  2.100000      0.03787513
  2.200000      0.03642134
  2.300000      0.03432945
  2.400000      0.03213616
  2.500000      0.02990016
  2.600000      0.02730941
  2.700000      0.02468134
  2.800000      0.02197598
  2.900000      0.01901769
  3.000000      0.01603454
  3.100000      0.01320452
  3.200000      0.00996631
  3.300000      0.00658224
  3.400000      0.00301694
  3.500000     -0.00057770
  3.600000     -0.00418719
  3.700000     -0.00769394
  3.800000     -0.01121542
  3.900000     -0.01487284
  4.000000     -0.01873382
  4.100000     -0.02265510
  4.200000     -0.02643566
  4.300000     -0.03060058
  4.400000     -0.03550838
  4.500000     -0.04039732
  4.600000     -0.04548692
  4.700000     -0.05006780
  4.800000     -0.05419137
  4.900000     -0.05862863
  5.000000     -0.06337558
  5.100000     -0.06756110
  5.200000     -0.07135561
  5.300000     -0.07487437
  5.400000     -0.07821612
  5.500000     -0.08122909
  5.600000     -0.08378074
  5.700000     -0.08560298
  5.800000     -0.08665738
  5.900000     -0.08658800
  6.000000     -0.08550524
  6.100000     -0.08349054
  6.200000     -0.08017867
  6.300000     -0.07478318
  6.400000     -0.06763535
  6.500000     -0.05904175
  6.600000     -0.04894771
  6.700000     -0.03699460
  6.800000     -0.02263122
  6.900000     -0.00553377
  7.000000      0.01392477
  7.100000      0.03580084
  7.200000      0.06084262
  7.300000      0.08843610
  7.400000      0.11882413
  7.500000      0.15244977
  7.600000      0.18956231
  7.700000      0.22961919
  7.800000      0.27231917
  7.900000      0.31736137
  8.000000      0.36468238
  8.100000      0.41398235
  8.200000      0.46480598
  8.300000      0.51682566
  8.400000      0.56910000
  8.500000      0.62116202
  8.600000      0.67269617
  8.700000      0.72293067
  8.800000      0.77103676
  8.900000      0.81576145
  9.000000      0.85569631
  9.100000      0.89080026
  9.200000      0.92126806
  9.300000      0.94722889
  9.400000      0.96840216
  9.500000      0.98447966
  9.600000      0.99498224
  9.700000      1.00000000
  9.800000      0.99926405
  9.900000      0.99181518
 10.000000      0.97812241
 10.100000      0.95902215
 10.200000      0.93443845
 10.300000      0.90365302
 10.400000      0.86706936
 10.500000      0.82424624
 10.600000      0.77465587
 10.700000      0.71793244
 10.800000      0.65393771
 10.900000      0.58359938
 11.000000      0.50806638
 11.100000      0.42884021
 11.200000      0.34787315
 11.300000      0.26605087
 11.400000      0.18286911
 11.500000      0.09959237
 11.600000      0.01832969
 11.700000     -0.05958132
 11.800000     -0.13403184
 11.900000     -0.20465061
 12.000000     -0.27243985
 12.100000     -0.33667025
 12.200000     -0.39645397
 12.300000     -0.44993644
 12.400000     -0.49572599
 12.500000     -0.53332605
 12.600000     -0.56334477
 12.700000     -0.58795948
 12.800000     -0.60819013
 12.900000     -0.62466236
 13.000000     -0.63746489
 13.100000     -0.64701638
 13.200000     -0.65381130
 13.300000     -0.65712098
 13.400000     -0.65621099
 13.500000     -0.65189915
 13.600000     -0.64690927
 13.700000     -0.64114151
 13.800000     -0.63347308
 13.900000     -0.62338665
 14.000000     -0.61117537
 14.100000     -0.59603235
 14.200000     -0.57805447
 14.300000     -0.55894508
 14.400000     -0.53868969
 14.500000     -0.51772313
 14.600000     -0.49620610
 14.700000     -0.47431048
 14.800000     -0.45186283
 14.900000     -0.42903767
 15.000000     -0.40675388
 15.100000     -0.38513110
 15.200000     -0.36334033
 15.300000     -0.34191345
 15.400000     -0.32132713
 15.500000     -0.30113283
 15.600000     -0.28087358
 15.700000     -0.26085059
 15.800000     -0.24094677
 15.900000     -0.22155225
 16.000000     -0.20425243
 16.100000     -0.18862375
 16.200000     -0.17305567
 16.300000     -0.15891573
 16.400000     -0.14705730
 16.500000     -0.13723489
 16.600000     -0.12940066
 16.700000     -0.12344904
 16.800000     -0.11870132
 16.900000     -0.11426032
 17.000000     -0.11046499
 17.100000     -0.10738588
 17.200000     -0.10472650
 17.300000     -0.10165312
 17.400000     -0.09822743
 17.500000     -0.09529445
 17.600000     -0.09246809
 17.700000     -0.08951378
 17.800000     -0.08688655
 17.900000     -0.08515884
 18.000000     -0.08448287
 18.100000     -0.08427115
 18.200000     -0.08473126
 18.300000     -0.08563718
 18.400000     -0.08617017
 18.500000     -0.08693548
 18.600000     -0.08864643
 18.700000     -0.09180859
 18.800000     -0.09578279
 18.900000     -0.09939895
 19.000000     -0.10254692
 19.100000     -0.10616695
 19.200000     -0.11003957
 19.300000     -0.11374495
 19.400000     -0.11679030
 19.500000     -0.11947860
 19.600000     -0.12132930
 19.700000     -0.12232252
 19.800000     -0.12331299
 19.900000     -0.12419618
 20.000000     -0.12492478
 20.100000     -0.12552797
 20.200000     -0.12592231
 20.300000     -0.12532707
 20.400000     -0.12420348
 20.500000     -0.12363927
 20.600000     -0.12390238
 20.700000     -0.12404230
 20.800000     -0.12327715
 20.900000     -0.12215331
 21.000000     -0.12069295
 21.100000     -0.11901674
 21.200000     -0.11696565
 21.300000     -0.11461390
 21.400000     -0.11182952
 21.500000     -0.10853643
 21.600000     -0.10469679
 21.700000     -0.10024293
 21.800000     -0.09589818
 21.900000     -0.09170546
 22.000000     -0.08796117
 22.100000     -0.08480633
 22.200000     -0.08178486
 22.300000     -0.07939875
 22.400000     -0.07736118
 22.500000     -0.07565452
 22.600000     -0.07468713
 22.700000     -0.07433621
 22.800000     -0.07434051
 22.900000     -0.07455664
 23.000000     -0.07525835
 23.100000     -0.07575847
 23.200000     -0.07568722
 23.300000     -0.07591838
 23.400000     -0.07664285
 23.500000     -0.07718605
 23.600000     -0.07747004
 23.700000     -0.07784359
 23.800000     -0.07827741
 23.900000     -0.07866673
 24.000000     -0.07869632
 24.100000     -0.07864737
 24.200000     -0.07854307
 24.300000     -0.07851339
 24.400000     -0.07839180
 24.500000     -0.07824362
 24.600000     -0.07771466
 24.700000     -0.07648710
 24.800000     -0.07435835
 24.900000     -0.07156218
 25.000000     -0.06877483
 25.100000     -0.06632869
 25.200000     -0.06396329
 25.300000     -0.06131768
 25.400000     -0.05856429
 25.500000     -0.05648441
 25.600000     -0.05498188
 25.700000     -0.05350052
 25.800000     -0.05238722
 25.900000     -0.05141511
 26.000000     -0.05007693
 26.100000     -0.04889725
 26.200000     -0.04760686
 26.300000     -0.04611014
 26.400000     -0.04482616
 26.500000     -0.04392904
 26.600000     -0.04360217
 26.700000     -0.04345732
 26.800000     -0.04348857
 26.900000     -0.04326543
 27.000000     -0.04296003
 27.100000     -0.04294290
 27.200000     -0.04310133
 27.300000     -0.04298682
 27.400000     -0.04243421
 27.500000     -0.04220306
 27.600000     -0.04239539
 27.700000     -0.04261638
 27.800000     -0.04286951
 27.900000     -0.04310048
 28.000000     -0.04292098
 28.100000     -0.04203889
 28.200000     -0.04078548
 28.300000     -0.03920280
 28.400000     -0.03748512
 28.500000     -0.03586582
 28.600000     -0.03432859
 28.700000     -0.03272510
 28.800000     -0.03117472
 28.900000     -0.02971015
 29.000000     -0.02814482
 29.100000     -0.02628639
 29.200000     -0.02468089
 29.300000     -0.02345946
 29.400000     -0.02210888
 29.500000     -0.02028992
 29.600000     -0.01809840
 29.700000     -0.01586635
 29.800000     -0.01371732
 29.900000     -0.01155432
 30.000000     -0.00905166
 30.100000     -0.00571279
 30.200000     -0.00221742
 30.300000      0.00100018
 30.400000      0.00395955
 30.500000      0.00680932
 30.600000      0.00896141
 30.700000      0.01005949
 30.800000      0.01063771
 30.900000      0.01100469
 31.000000      0.01091209
 31.100000      0.01046985
 31.200000      0.00947938
 31.300000      0.00820603
 31.400000      0.00675900
 31.500000      0.00501555
 31.600000      0.00316277
 31.700000      0.00127151
 31.800000     -0.00089809
 31.900000     -0.00343932
 32.000000     -0.00613026
 32.100000     -0.00913476
 32.200000     -0.01231129
 32.300000     -0.01549331
 32.400000     -0.01880875
 32.500000     -0.02243919
 32.600000     -0.02698692
 32.700000     -0.03146809
 32.800000     -0.03604406
 32.900000     -0.04105056
 33.000000     -0.04572387
 33.100000     -0.05030117
 33.200000     -0.05468670
 33.300000     -0.05866059
 33.400000     -0.06239717
 33.500000     -0.06657182
 33.600000     -0.07059171
 33.700000     -0.07441087
 33.800000     -0.07806909
 33.900000     -0.08184760
 34.000000     -0.08512166
 34.100000     -0.08796188
 34.200000     -0.09041623
 34.300000     -0.09227344
 34.400000     -0.09402004
 34.500000     -0.09533562
 34.600000     -0.09602181
 34.700000     -0.09604619
 34.800000     -0.09563774
 34.900000     -0.09464169
 35.000000     -0.09316620
 35.100000     -0.09141258
 35.200000     -0.08934599
 35.300000     -0.08738604
 35.400000     -0.08580104
 35.500000     -0.08486661
 35.600000     -0.08412335
 35.700000     -0.08349517
 35.800000     -0.08301212
 35.900000     -0.08247955
 36.000000     -0.08184808
 36.100000     -0.08134071
 36.200000     -0.08077958
 36.300000     -0.07994128
 36.400000     -0.07913279
 36.500000     -0.07817691
 36.600000     -0.07673894
 36.700000     -0.07487120
 36.800000     -0.07272838
 36.900000     -0.07032045
 37.000000     -0.06757433
 37.100000     -0.06479830
 37.200000     -0.06215154
 37.300000     -0.05973433
 37.400000     -0.05736861
 37.500000     -0.05521321
 37.600000     -0.05330903
 37.700000     -0.05189054
 37.800000     -0.05085301
 37.900000     -0.05136951
 38.000000     -0.05228692
 38.100000     -0.05328731
 38.200000     -0.05427001
 38.300000     -0.05529611
 38.400000     -0.05632471
 38.500000     -0.05711301
 38.600000     -0.05785821
 38.700000     -0.05867360
 38.800000     -0.05957124
 38.900000     -0.06007660
 39.000000     -0.06025552
 39.100000     -0.06054215
 39.200000     -0.06087113
 39.300000     -0.06100612
 39.400000     -0.06091835
 39.500000     -0.06060784
 39.600000     -0.06011184
 39.700000     -0.05915354
 39.800000     -0.05800039
 39.900000     -0.05679129
