  0.000000     -0.07883770
  0.100000     -0.07843683
  0.200000     -0.07793843
  0.300000     -0.07725322
  0.400000     -0.07642001
  0.500000     -0.07548862
  0.600000     -0.07452521
  0.700000     -0.07368994
  0.800000     -0.07269064
  0.900000     -0.07181293
  1.000000     -0.07074850
  1.100000     -0.06968499
  1.200000     -0.06921921
  1.300000     -0.06917814
  1.400000     -0.06889678
  1.500000     -0.06846136
  1.600000     -0.06805448
  1.700000     -0.06752675
  1.800000     -0.06690082
  1.900000     -0.06617691
  2.000000     -0.06534871
  2.100000     -0.06439291
  2.200000     -0.06342924
  2.300000     -0.06258591
  2.400000     -0.06170229
  2.500000     -0.06149895
  2.600000     -0.06149196
  2.700000     -0.06110847
  2.800000     -0.06079055
  2.900000     -0.06058689
  3.000000     -0.06052181
  3.100000     -0.06037107
  3.200000     -0.06030478
  3.300000     -0.06010065
  3.400000     -0.05998264
  3.500000     -0.05980292
  3.600000     -0.05935619
  3.700000     -0.05920544
  3.800000     -0.05939541
  3.900000     -0.05957069
  4.000000     -0.05948547
  4.100000     -0.05934571
  4.200000     -0.05904359
  4.300000     -0.05840851
  4.400000     -0.05795756
  4.500000     -0.05739465
  4.600000     -0.05666815
  4.700000     -0.05614811
  4.800000     -0.05586731
  4.900000     -0.05585555
  5.000000     -0.05614090
  5.100000     -0.05644153
  5.200000     -0.05611257
  5.300000     -0.05579904
  5.400000     -0.05495270
  5.500000     -0.05335456
  5.600000     -0.05137480
  5.700000     -0.04865630
  5.800000     -0.04575197
  5.900000     -0.04299724
  6.000000     -0.04035184
  6.100000     -0.03788187
  6.200000     -0.03572082
  6.300000     -0.03394106
  6.400000     -0.03208262
  6.500000     -0.02995307
  6.600000     -0.02760581
  6.700000     -0.02491390
  6.800000     -0.02156824
  6.900000     -0.01798529
  7.000000     -0.01382895
  7.100000     -0.00950890
  7.200000     -0.00538490
  7.300000     -0.00132511
  7.400000      0.00204488
  7.500000      0.00522782
  7.600000      0.00828746
  7.700000      0.01095250
  7.800000      0.01345928
  7.900000      0.01627023
  8.000000      0.01911379
  8.100000      0.02193332
  8.200000      0.02468565
  8.300000      0.02707049
  8.400000      0.02845652
  8.500000      0.02875149
  8.600000      0.02786751
  8.700000      0.02634197
  8.800000      0.02453856
  8.900000      0.02293760
  9.000000      0.02209339
  9.100000      0.02096036
  9.200000      0.01868586
  9.300000      0.01621415
  9.400000      0.01323610
  9.500000      0.00983120
  9.600000      0.00558152
  9.700000      0.00134210
  9.800000     -0.00232943
  9.900000     -0.00586338
 10.000000     -0.00895788
 10.100000     -0.01207861
 10.200000     -0.01590772
 10.300000     -0.01926280
 10.400000     -0.02243504
 10.500000     -0.02594288
 10.600000     -0.03041971
 10.700000     -0.03563286
 10.800000     -0.04186375
 10.900000     -0.04821725
 11.000000     -0.05380091
 11.100000     -0.05880222
 11.200000     -0.06367600
 11.300000     -0.06940801
 11.400000     -0.07501358
 11.500000     -0.08087214
 11.600000     -0.08564992
 11.700000     -0.09057432
 11.800000     -0.09517535
 11.900000     -0.09936767
 12.000000     -0.10383241
 12.100000     -0.10787998
 12.200000     -0.11050491
 12.300000     -0.11172494
 12.400000     -0.11085662
 12.500000     -0.10794413
 12.600000     -0.10314549
 12.700000     -0.09703107
 12.800000     -0.08984463
 12.900000     -0.08262343
 13.000000     -0.07349462
 13.100000     -0.06181639
 13.200000     -0.04825156
 13.300000     -0.03232488
 13.400000     -0.01366508
 13.500000      0.00767401
 13.600000      0.03194466
 13.700000      0.05879005
 13.800000      0.08943633
 13.900000      0.12324963
 14.000000      0.15999936
 14.100000      0.19930963
 14.200000      0.24158250
 14.300000      0.28602893
 14.400000      0.33052236
 14.500000      0.37527829
 14.600000      0.42227335
 14.700000      0.46865016
 14.800000      0.51560250
 14.900000      0.56213806
 15.000000      0.60811316
 15.100000      0.65364650
 15.200000      0.69785456
 15.300000      0.74084694
 15.400000      0.78143523
 15.500000      0.81814441
 15.600000      0.85116550
 15.700000      0.88052500
 15.800000      0.90615860
 15.900000      0.92889952
 16.000000      0.94967676
 16.100000      0.96759239
 16.200000      0.98180631
 16.300000      0.99208704
 16.400000      0.99842577
 16.500000      1.00000000
 16.600000      0.99582559
 16.700000      0.98596177
 16.800000      0.97078392
 16.900000      0.95058940
 17.000000      0.92451245
 17.100000      0.89417740
 17.200000      0.85833331
 17.300000      0.81700732
 17.400000      0.77127040
 17.500000      0.72067713
 17.600000      0.66610166
 17.700000      0.60805465
 17.800000      0.54718136
 17.900000      0.48336781
 18.000000      0.41837128
 18.100000      0.35299510
 18.200000      0.28811637
 18.300000      0.22435748
 18.400000      0.16237012
 18.500000      0.10275091
 18.600000      0.04624885
 18.700000     -0.00721841
 18.800000     -0.05647177
 18.900000     -0.10087578
 19.000000     -0.14237818
 19.100000     -0.18082623
 19.200000     -0.21527772
 19.300000     -0.24645922
 19.400000     -0.27424039
 19.500000     -0.29879146
 19.600000     -0.32137972
 19.700000     -0.34126972
 19.800000     -0.35946925
 19.900000     -0.37541806
 20.000000     -0.38889049
 20.100000     -0.39960601
 20.200000     -0.40774803
 20.300000     -0.41367875
 20.400000     -0.41804389
 20.500000     -0.42194484
 20.600000     -0.42406057
 20.700000     -0.42441139
 20.800000     -0.42427836
 20.900000     -0.42298195
 21.000000     -0.42186345
 21.100000     -0.42026902
 21.200000     -0.41820147
 21.300000     -0.41536040
 21.400000     -0.41076170
 21.500000     -0.40499991
 21.600000     -0.39832338
 21.700000     -0.39102823
 21.800000     -0.38411205
 21.900000     -0.37673557
 22.000000     -0.36857711
 22.100000     -0.36061416
 22.200000     -0.35310143
 22.300000     -0.34583822
 22.400000     -0.33769013
 22.500000     -0.32928442
 22.600000     -0.32061424
 22.700000     -0.31195095
 22.800000     -0.30324658
 22.900000     -0.29418981
 23.000000     -0.28620574
 23.100000     -0.27984244
 23.200000     -0.27416813
 23.300000     -0.26885290
 23.400000     -0.26398591
 23.500000     -0.25983481
 23.600000     -0.25609595
 23.700000     -0.25223255
 23.800000     -0.24812542
 23.900000     -0.24403548
 24.000000     -0.24018026
 24.100000     -0.23737980
 24.200000     -0.23517400
 24.300000     -0.23311536
 24.400000     -0.23154611
 24.500000     -0.23002811
 24.600000     -0.22904041
 24.700000     -0.22769063
 24.800000     -0.22626294
 24.900000     -0.22462883
 25.000000     -0.22257352
 25.100000     -0.21963663
 25.200000     -0.21600144
 25.300000     -0.21139594
 25.400000     -0.20683551
 25.500000     -0.20276029
 25.600000     -0.19898535
 25.700000     -0.19506031
 25.800000     -0.19123925
 25.900000     -0.18761163
 26.000000     -0.18411228
 26.100000     -0.18081249
 26.200000     -0.17745708
 26.300000     -0.17385559
 26.400000     -0.16978374
 26.500000     -0.16528987
 26.600000     -0.16003597
 26.700000     -0.15443491
 26.800000     -0.14829999
 26.900000     -0.14167124
 27.000000     -0.13558079
 27.100000     -0.12976839
 27.200000     -0.12423881
 27.300000     -0.11912960
 27.400000     -0.11474218
 27.500000     -0.11104304
 27.600000     -0.10776231
 27.700000     -0.10520916
 27.800000     -0.10322126
 27.900000     -0.10167571
 28.000000     -0.09998845
 28.100000     -0.09802539
 28.200000     -0.09556647
 28.300000     -0.09300802
 28.400000     -0.08984511
 28.500000     -0.08647481
 28.600000     -0.08259553
 28.700000     -0.07871191
 28.800000     -0.07457887
 28.900000     -0.07025853
 29.000000     -0.06616516
 29.100000     -0.06216021
 29.200000     -0.05836408
 29.300000     -0.05489651
 29.400000     -0.05143584
 29.500000     -0.04806350
 29.600000     -0.04470294
 29.700000     -0.04117338
 29.800000     -0.03783416
 29.900000     -0.03452422
 30.000000     -0.03117594
 30.100000     -0.02807484
 30.200000     -0.02521671
 30.300000     -0.02247770
 30.400000     -0.02015742
 30.500000     -0.01834411
 30.600000     -0.01656402
 30.700000     -0.01548870
 30.800000     -0.01500247
 30.900000     -0.01515326
 31.000000     -0.01589294
 31.100000     -0.01692529
 31.200000     -0.01839950
 31.300000     -0.02010827
 31.400000     -0.02198650
 31.500000     -0.02382394
 31.600000     -0.02595791
 31.700000     -0.02685980
 31.800000     -0.02864568
 31.900000     -0.03201603
 32.000000     -0.03563024
 32.100000     -0.03982466
 32.200000     -0.04432750
 32.300000     -0.04879324
 32.400000     -0.05330634
 32.500000     -0.05824898
 32.600000     -0.06381954
 32.700000     -0.06895013
 32.800000     -0.07341918
 32.900000     -0.07841171
 33.000000     -0.08332567
 33.100000     -0.08808245
 33.200000     -0.09292494
 33.300000     -0.09763593
 33.400000     -0.10180017
 33.500000     -0.10569483
 33.600000     -0.10916118
 33.700000     -0.11218639
 33.800000     -0.11439289
 33.900000     -0.11589910
 34.000000     -0.11735696
 34.100000     -0.11830451
 34.200000     -0.11881286
 34.300000     -0.11915165
 34.400000     -0.11903677
 34.500000     -0.11854750
 34.600000     -0.11767835
 34.700000     -0.11625091
 34.800000     -0.11436187
 34.900000     -0.11189971
 35.000000     -0.10901221
 35.100000     -0.10625700
 35.200000     -0.10336352
 35.300000     -0.10022402
 35.400000     -0.09723085
 35.500000     -0.09417889
 35.600000     -0.09123517
 35.700000     -0.08842844
 35.800000     -0.08544652
 35.900000     -0.08238843
 36.000000     -0.07951021
 36.100000     -0.07608262
 36.200000     -0.07216122
 36.300000     -0.06811956
 36.400000     -0.06445695
 36.500000     -0.06190961
 36.600000     -0.05906371
 36.700000     -0.05604538
 36.800000     -0.05286644
 36.900000     -0.04941982
 37.000000     -0.04631004
 37.100000     -0.04301650
 37.200000     -0.03980045
 37.300000     -0.03656459
 37.400000     -0.03337455
 37.500000     -0.03012567
 37.600000     -0.02698031
 37.700000     -0.02386689
 37.800000     -0.02054301
 37.900000     -0.01733675
 38.000000     -0.01417851
 38.100000     -0.01085552
 38.200000     -0.00746586
 38.300000     -0.00487263
 38.400000     -0.00314351
 38.500000     -0.00156952
 38.600000     -0.00031589
 38.700000      0.00072467
 38.800000      0.00161926
 38.900000      0.00259998
 39.000000      0.00363881
 39.100000      0.00456920
 39.200000      0.00559313
 39.300000      0.00655182
 39.400000      0.00739208
 39.500000      0.00813855
 39.600000      0.00885077
 39.700000      0.00964232
 39.800000      0.01045522
 39.900000      0.01119060
