  0.000000     -0.04008798
  0.100000     -0.03826500
  0.200000     -0.03436933
  0.300000     -0.03105565
  0.400000     -0.02806494
  0.500000     -0.02581138
  0.600000     -0.02546874
  0.700000     -0.02383037
  0.800000     -0.02288832
  0.900000     -0.02261408
  1.000000     -0.02320658
  1.100000     -0.02374637
  1.200000     -0.02334297
  1.300000     -0.02345693
  1.400000     -0.02465446
  1.500000     -0.02622434
  1.600000     -0.02786865
  1.700000     -0.02962641
  1.800000     -0.03121676
  1.900000     -0.03403732
  2.000000     -0.03759825
  2.100000     -0.04090960
  2.200000     -0.04362405
  2.300000     -0.04375882
  2.400000     -0.04535094
  2.500000     -0.04616458
  2.600000     -0.04502626
  2.700000     -0.04319562
  2.800000     -0.04070771
  2.900000     -0.03659490
  3.000000     -0.03279156
  3.100000     -0.02919962
  3.200000     -0.02727688
  3.300000     -0.02481226
  3.400000     -0.02130825
  3.500000     -0.02037489
  3.600000     -0.01976388
  3.700000     -0.01633749
  3.800000     -0.01342065
  3.900000     -0.01123263
  4.000000     -0.00869651
  4.100000     -0.00474894
  4.200000     -0.00082912
  4.300000      0.00344252
  4.400000      0.00837600
  4.500000      0.01328583
  4.600000      0.01895389
  4.700000      0.02045117
  4.800000      0.02114160
  4.900000      0.02098633
  5.000000      0.01934408
  5.100000      0.01575891
  5.200000      0.01207493
  5.300000      0.00877589
  5.400000      0.00568617
  5.500000      0.00204684
  5.600000     -0.00267757
  5.700000     -0.00736237
  5.800000     -0.01356413
  5.900000     -0.01796684
  6.000000     -0.02186775
  6.100000     -0.02706068
  6.200000     -0.03264461
  6.300000     -0.03850084
  6.400000     -0.04448987
  6.500000     -0.04886713
  6.600000     -0.05183391
  6.700000     -0.05485778
  6.800000     -0.05772860
  6.900000     -0.05872023
  7.000000     -0.05926552
  7.100000     -0.05975166
  7.200000     -0.05976077
  7.300000     -0.05890298
  7.400000     -0.05658780
  7.500000     -0.05597216
  7.600000     -0.05604910
  7.700000     -0.05483832
  7.800000     -0.05236432
  7.900000     -0.04954619
  8.000000     -0.04705130
  8.100000     -0.04642267
  8.200000     -0.04279823
  8.300000     -0.03935572
  8.400000     -0.03613052
  8.500000     -0.03143596
  8.600000     -0.02779211
  8.700000     -0.02292598
  8.800000     -0.01851601
  8.900000     -0.01444293
  9.000000     -0.01118979
  9.100000     -0.00774418
  9.200000     -0.00508137
  9.300000     -0.00364189
  9.400000     -0.00504982
  9.500000     -0.00548828
  9.600000     -0.00498927
  9.700000     -0.00467303
  9.800000     -0.00166298
  9.900000     -0.00012684
 10.000000      0.00284712
 10.100000      0.00447934
 10.200000      0.00636931
 10.300000      0.01193181
 10.400000      0.01876675
 10.500000      0.02480013
 10.600000      0.02993087
 10.700000      0.03508486
 10.800000      0.04158880
 10.900000      0.04941908
 11.000000      0.05465670
 11.100000      0.05954568
 11.200000      0.06421974
 11.300000      0.06759805
 11.400000      0.06960700
 11.500000      0.06739205
 11.600000      0.06715646
 11.700000      0.06510549
 11.800000      0.06099496
 11.900000      0.05506027
 12.000000      0.04696479
 12.100000      0.04013854
 12.200000      0.03293259
 12.300000      0.02605010
 12.400000      0.01856508
 12.500000      0.00936854
 12.600000      0.00076091
 12.700000     -0.00779816
 12.800000     -0.01805348
 12.900000     -0.02730056
 13.000000     -0.03695985
 13.100000     -0.04715503
 13.200000     -0.05321868
 13.300000     -0.06261489
 13.400000     -0.07096881
 13.500000     -0.07999319
 13.600000     -0.08984364
 13.700000     -0.09703003
 13.800000     -0.10554058
 13.900000     -0.11404893
 14.000000     -0.12220114
 14.100000     -0.13108166
 14.200000     -0.13769374
 14.300000     -0.14204997
 14.400000     -0.14629969
 14.500000     -0.14526391
 14.600000     -0.14420593
 14.700000     -0.14335573
 14.800000     -0.14234082
 14.900000     -0.14055058
 15.000000     -0.13389871
 15.100000     -0.12588944
 15.200000     -0.11427512
 15.300000     -0.09385241
 15.400000     -0.06702661
 15.500000     -0.03545877
 15.600000      0.00422335
 15.700000      0.04872308
 15.800000      0.10326817
 15.900000      0.16813581
 16.000000      0.23983799
 16.100000      0.32002839
 16.200000      0.40369130
 16.300000      0.48888691
 16.400000      0.57326902
 16.500000      0.65603341
 16.600000      0.73293295
 16.700000      0.80434316
 16.800000      0.86817231
 16.900000      0.92000464
 17.000000      0.95851866
 17.100000      0.98529928
 17.200000      0.99929708
 17.300000      1.00000000
 17.400000      0.98783114
 17.500000      0.96613143
 17.600000      0.93355384
 17.700000      0.89171862
 17.800000      0.84164788
 17.900000      0.78290169
 18.000000      0.71284868
 18.100000      0.63707327
 18.200000      0.55594956
 18.300000      0.47304782
 18.400000      0.38891051
 18.500000      0.30940026
 18.600000      0.23505836
 18.700000      0.16685037
 18.800000      0.10553657
 18.900000      0.05087997
 19.000000     -0.00167949
 19.100000     -0.05183064
 19.200000     -0.09372763
 19.300000     -0.12985073
 19.400000     -0.15740233
 19.500000     -0.17678965
 19.600000     -0.18897849
 19.700000     -0.19503291
 19.800000     -0.19473000
 19.900000     -0.18589769
 20.000000     -0.17670396
 20.100000     -0.16480771
 20.200000     -0.15268952
 20.300000     -0.13783254
 20.400000     -0.12347582
 20.500000     -0.11112694
 20.600000     -0.10342492
 20.700000     -0.09829533
 20.800000     -0.09108536
 20.900000     -0.08442122
 21.000000     -0.07631256
 21.100000     -0.06850297
 21.200000     -0.06210992
 21.300000     -0.05702362
 21.400000     -0.05231727
 21.500000     -0.04720313
 21.600000     -0.04203190
 21.700000     -0.03783613
 21.800000     -0.03427333
 21.900000     -0.03000627
 22.000000     -0.02304860
 22.100000     -0.01715027
 22.200000     -0.01269852
 22.300000     -0.01002557
 22.400000     -0.00749095
 22.500000     -0.00222241
 22.600000      0.00367847
 22.700000      0.00678117
 22.800000      0.00549422
 22.900000      0.00348378
 23.000000     -0.00089563
 23.100000     -0.00635676
 23.200000     -0.01398411
 23.300000     -0.02058502
 23.400000     -0.02754870
 23.500000     -0.03232241
 23.600000     -0.03255820
 23.700000     -0.03372715
 23.800000     -0.03308449
 23.900000     -0.02843650
 24.000000     -0.02397797
 24.100000     -0.01965245
 24.200000     -0.01588814
 24.300000     -0.01464663
 24.400000     -0.01435214
 24.500000     -0.01890216
 24.600000     -0.02609455
 24.700000     -0.03039422
 24.800000     -0.03547533
 24.900000     -0.04081274
 25.000000     -0.04779064
 25.100000     -0.05258056
 25.200000     -0.05489643
 25.300000     -0.05825963
 25.400000     -0.06096927
 25.500000     -0.06195601
 25.600000     -0.06237884
 25.700000     -0.06380443
 25.800000     -0.06616224
 25.900000     -0.07277961
 26.000000     -0.07816018
 26.100000     -0.08288141
 26.200000     -0.08732276
 26.300000     -0.09198050
 26.400000     -0.09680865
 26.500000     -0.10194348
 26.600000     -0.10727742
 26.700000     -0.11206067
 26.800000     -0.11379888
 26.900000     -0.11006681
 27.000000     -0.10893580
 27.100000     -0.10939767
 27.200000     -0.10979238
 27.300000     -0.11191569
 27.400000     -0.11470046
 27.500000     -0.11538234
 27.600000     -0.11056949
 27.700000     -0.10748789
 27.800000     -0.10473544
 27.900000     -0.10055312
 28.000000     -0.09360842
 28.100000     -0.08691133
 28.200000     -0.08102437
 28.300000     -0.07466199
 28.400000     -0.06726564
 28.500000     -0.05921655
 28.600000     -0.05176462
 28.700000     -0.04274383
 28.800000     -0.03282811
 28.900000     -0.02427449
 29.000000     -0.01708048
 29.100000     -0.01106172
 29.200000     -0.00420478
 29.300000     -0.00020538
 29.400000      0.00495652
 29.500000      0.00727371
 29.600000      0.00746436
 29.700000      0.00723171
 29.800000      0.00800507
 29.900000      0.00622442
 30.000000      0.00449812
 30.100000      0.00171690
 30.200000     -0.00133560
 30.300000     -0.00433548
 30.400000     -0.00704218
 30.500000     -0.00625017
 30.600000     -0.00547327
 30.700000     -0.00453672
 30.800000     -0.00426188
 30.900000     -0.00402755
 31.000000     -0.00252800
 31.100000     -0.00322914
 31.200000     -0.00574332
 31.300000     -0.01062907
 31.400000     -0.01654340
 31.500000     -0.02510092
 31.600000     -0.03290917
 31.700000     -0.03826719
 31.800000     -0.04371239
 31.900000     -0.04842982
 32.000000     -0.05353092
 32.100000     -0.05660167
 32.200000     -0.05792060
 32.300000     -0.06018360
 32.400000     -0.06192953
 32.500000     -0.06422759
 32.600000     -0.06807234
 32.700000     -0.07218302
 32.800000     -0.07554868
 32.900000     -0.07643359
 33.000000     -0.07636391
 33.100000     -0.07602280
 33.200000     -0.07532388
 33.300000     -0.07502889
 33.400000     -0.07376394
 33.500000     -0.07128962
 33.600000     -0.06702586
 33.700000     -0.06166999
 33.800000     -0.05808355
 33.900000     -0.05501528
 34.000000     -0.05471054
 34.100000     -0.05474127
 34.200000     -0.05253038
 34.300000     -0.04879138
 34.400000     -0.04641669
 34.500000     -0.04568206
 34.600000     -0.04567501
 34.700000     -0.04489916
 34.800000     -0.04195628
 34.900000     -0.04181140
 35.000000     -0.03947161
 35.100000     -0.03953346
 35.200000     -0.04111657
 35.300000     -0.04088521
 35.400000     -0.03985101
 35.500000     -0.04166391
 35.600000     -0.04058535
 35.700000     -0.03856777
 35.800000     -0.04002726
 35.900000     -0.04383050
 36.000000     -0.04765537
 36.100000     -0.05092120
 36.200000     -0.05461592
 36.300000     -0.05555774
 36.400000     -0.05390674
 36.500000     -0.05248110
 36.600000     -0.05338786
 36.700000     -0.05145994
 36.800000     -0.04846245
 36.900000     -0.04445353
 37.000000     -0.04079773
 37.100000     -0.03847566
 37.200000     -0.03621029
 37.300000     -0.03676127
 37.400000     -0.03529986
 37.500000     -0.03218505
 37.600000     -0.03077435
 37.700000     -0.03306659
 37.800000     -0.03533823
 37.900000     -0.03465723
 38.000000     -0.03363315
 38.100000     -0.03522863
 38.200000     -0.03733583
 38.300000     -0.03820768
 38.400000     -0.03969402
 38.500000     -0.04121818
 38.600000     -0.04356348
 38.700000     -0.04579749
 38.800000     -0.04571728
 38.900000     -0.04243722
 39.000000     -0.04620476
 39.100000     -0.04920183
 39.200000     -0.04879625
 39.300000     -0.04546417
 39.400000     -0.04101162
 39.500000     -0.03830737
 39.600000     -0.03847293
 39.700000     -0.03628061
 39.800000     -0.03304178
 39.900000     -0.02984518
