  0.000000     -0.00879673
  0.100000     -0.00811411
  0.200000     -0.00743794
  0.300000     -0.00678311
  0.400000     -0.00638383
  0.500000     -0.00615313
  0.600000     -0.00585086
  0.700000     -0.00536926
  0.800000     -0.00476516
  0.900000     -0.00402764
  1.000000     -0.00309302
  1.100000     -0.00242611
  1.200000     -0.00227388
  1.300000     -0.00214376
  1.400000     -0.00256953
  1.500000     -0.00291477
  1.600000     -0.00324367
  1.700000     -0.00364984
  1.800000     -0.00383710
  1.900000     -0.00447824
  2.000000     -0.00463614
  2.100000     -0.00402464
  2.200000     -0.00383748
  2.300000     -0.00288756
  2.400000     -0.00228705
  2.500000     -0.00197276
  2.600000     -0.00155343
  2.700000     -0.00187136
  2.800000     -0.00156470
  2.900000     -0.00164235
  3.000000     -0.00187654
  3.100000     -0.00220519
  3.200000     -0.00298482
  3.300000     -0.00318574
  3.400000     -0.00348633
  3.500000     -0.00379419
  3.600000     -0.00408761
  3.700000     -0.00451617
  3.800000     -0.00451590
  3.900000     -0.00496530
  4.000000     -0.00551440
  4.100000     -0.00596323
  4.200000     -0.00619410
  4.300000     -0.00651568
  4.400000     -0.00690622
  4.500000     -0.00719019
  4.600000     -0.00768451
  4.700000     -0.00731881
  4.800000     -0.00670808
  4.900000     -0.00538292
  5.000000     -0.00397630
  5.100000     -0.00319339
  5.200000     -0.00305635
  5.300000     -0.00284893
  5.400000     -0.00284667
  5.500000     -0.00273522
  5.600000     -0.00307130
  5.700000     -0.00343832
  5.800000     -0.00438667
  5.900000     -0.00555004
  6.000000     -0.00694597
  6.100000     -0.00860736
  6.200000     -0.01041383
  6.300000     -0.01215627
  6.400000     -0.01433835
  6.500000     -0.01586760
  6.600000     -0.01647508
  6.700000     -0.01661377
  6.800000     -0.01654079
  6.900000     -0.01684035
  7.000000     -0.01710960
  7.100000     -0.01697756
  7.200000     -0.01691156
  7.300000     -0.01732590
  7.400000     -0.01770753
  7.500000     -0.01778146
  7.600000     -0.01762879
  7.700000     -0.01729818
  7.800000     -0.01673476
  7.900000     -0.01561824
  8.000000     -0.01401487
  8.100000     -0.01099302
  8.200000     -0.00701355
  8.300000     -0.00322970
  8.400000      0.00055591
  8.500000      0.00372109
  8.600000      0.00733538
  8.700000      0.01170012
  8.800000      0.01549441
  8.900000      0.01963707
  9.000000      0.02427090
  9.100000      0.02837841
  9.200000      0.03324793
  9.300000      0.03925813
  9.400000      0.04677783
  9.500000      0.05654905
  9.600000      0.06830826
  9.700000      0.08288750
  9.800000      0.10107322
  9.900000      0.12320029
 10.000000      0.15039974
 10.100000      0.18250550
 10.200000      0.21959938
 10.300000      0.26293362
 10.400000      0.30998747
 10.500000      0.36016838
 10.600000      0.41262412
 10.700000      0.46542290
 10.800000      0.51722094
 10.900000      0.56831404
 11.000000      0.61869558
 11.100000      0.66776555
 11.200000      0.71514305
 11.300000      0.76021658
 11.400000      0.80188623
 11.500000      0.83896715
 11.600000      0.87218445
 11.700000      0.90182896
 11.800000      0.92459344
 11.900000      0.94694642
 12.000000      0.96826325
 12.100000      0.98071124
 12.200000      0.98988376
 12.300000      0.99691512
 12.400000      1.00000000
 12.500000      0.99926528
 12.600000      0.99433708
 12.700000      0.98642235
 12.800000      0.97136266
 12.900000      0.95292371
 13.000000      0.93076303
 13.100000      0.90028221
 13.200000      0.86576209
 13.300000      0.82989971
 13.400000      0.78922076
 13.500000      0.74605776
 13.600000      0.70198678
 13.700000      0.65631555
 13.800000      0.60904088
 13.900000      0.56141363
 14.000000      0.51084253
 14.100000      0.45860657
 14.200000      0.40440806
 14.300000      0.35254055
 14.400000      0.29878786
 14.500000      0.24459312
 14.600000      0.19481877
 14.700000      0.14478768
 14.800000      0.09615422
 14.900000      0.04888953
 15.000000      0.00861387
 15.100000     -0.03050678
 15.200000     -0.06903948
 15.300000     -0.10313462
 15.400000     -0.13455369
 15.500000     -0.16628990
 15.600000     -0.19541784
 15.700000     -0.21828091
 15.800000     -0.24227574
 15.900000     -0.26350911
 16.000000     -0.28178031
 16.100000     -0.29439767
 16.200000     -0.30782990
 16.300000     -0.31924144
 16.400000     -0.32852422
 16.500000     -0.33498218
 16.600000     -0.34045704
 16.700000     -0.34637854
 16.800000     -0.34979361
 16.900000     -0.35330049
 17.000000     -0.35801078
 17.100000     -0.36124599
 17.200000     -0.36266950
 17.300000     -0.36095858
 17.400000     -0.35946686
 17.500000     -0.35778721
 17.600000     -0.35498572
 17.700000     -0.35353608
 17.800000     -0.35011285
 17.900000     -0.34957169
 18.000000     -0.34616204
 18.100000     -0.34351570
 18.200000     -0.33561876
 18.300000     -0.33206731
 18.400000     -0.32582378
 18.500000     -0.31783552
 18.600000     -0.30967381
 18.700000     -0.30204694
 18.800000     -0.29367765
 18.900000     -0.28724830
 19.000000     -0.28412221
 19.100000     -0.27956875
 19.200000     -0.27343357
 19.300000     -0.26569102
 19.400000     -0.25657553
 19.500000     -0.24996561
 19.600000     -0.24271435
 19.700000     -0.23515736
 19.800000     -0.22763351
 19.900000     -0.21970303
 20.000000     -0.21170629
 20.100000     -0.20453628
 20.200000     -0.19784235
 20.300000     -0.19189363
 20.400000     -0.18584393
 20.500000     -0.18078845
 20.600000     -0.17665027
 20.700000     -0.17351956
 20.800000     -0.17202618
 20.900000     -0.17140987
 21.000000     -0.17116540
 21.100000     -0.17109299
 21.200000     -0.17043041
 21.300000     -0.16959638
 21.400000     -0.16874869
 21.500000     -0.16803235
 21.600000     -0.16747446
 21.700000     -0.16661957
 21.800000     -0.16545759
 21.900000     -0.16379593
 22.000000     -0.16175905
 22.100000     -0.15996456
 22.200000     -0.15648224
 22.300000     -0.15220707
 22.400000     -0.14862815
 22.500000     -0.14628399
 22.600000     -0.14490583
 22.700000     -0.14517320
 22.800000     -0.14697548
 22.900000     -0.14976430
 23.000000     -0.15169209
 23.100000     -0.15342312
 23.200000     -0.15462936
 23.300000     -0.15577475
 23.400000     -0.15687990
 23.500000     -0.15748481
 23.600000     -0.15771721
 23.700000     -0.15700476
 23.800000     -0.15681396
 23.900000     -0.15673270
 24.000000     -0.15479148
 24.100000     -0.15104986
 24.200000     -0.14789408
 24.300000     -0.14571600
 24.400000     -0.14274584
 24.500000     -0.13942961
 24.600000     -0.13547049
 24.700000     -0.13232361
 24.800000     -0.12857698
 24.900000     -0.12546041
 25.000000     -0.12225572
 25.100000     -0.11836635
 25.200000     -0.11451620
 25.300000     -0.11043925
 25.400000     -0.10690451
 25.500000     -0.10317457
 25.600000     -0.09943049
 25.700000     -0.09474286
 25.800000     -0.09109583
 25.900000     -0.08865627
 26.000000     -0.08580261
 26.100000     -0.08292048
 26.200000     -0.07921244
 26.300000     -0.07539875
 26.400000     -0.07252871
 26.500000     -0.07107711
 26.600000     -0.07131725
 26.700000     -0.07193092
 26.800000     -0.07109335
 26.900000     -0.06991812
 27.000000     -0.06870749
 27.100000     -0.06730263
 27.200000     -0.06597714
 27.300000     -0.06544441
 27.400000     -0.06583586
 27.500000     -0.06469620
 27.600000     -0.06378796
 27.700000     -0.06375191
 27.800000     -0.06381429
 27.900000     -0.06227830
 28.000000     -0.06079610
 28.100000     -0.05831904
 28.200000     -0.05624432
 28.300000     -0.05341498
 28.400000     -0.05072841
 28.500000     -0.04780913
 28.600000     -0.04462627
 28.700000     -0.04180450
 28.800000     -0.03915436
 28.900000     -0.03769646
 29.000000     -0.03642397
 29.100000     -0.03573468
 29.200000     -0.03487030
 29.300000     -0.03289143
 29.400000     -0.03088398
 29.500000     -0.02891212
 29.600000     -0.02702539
 29.700000     -0.02609458
 29.800000     -0.02512583
 29.900000     -0.02374190
 30.000000     -0.02252209
 30.100000     -0.02162474
 30.200000     -0.02086120
 30.300000     -0.01993647
 30.400000     -0.01844785
 30.500000     -0.01750052
 30.600000     -0.01665606
 30.700000     -0.01565819
 30.800000     -0.01452403
 30.900000     -0.01325806
 31.000000     -0.01200061
 31.100000     -0.01116296
 31.200000     -0.01087382
 31.300000     -0.01047398
 31.400000     -0.01020217
 31.500000     -0.01030024
 31.600000     -0.01062181
 31.700000     -0.01103338
 31.800000     -0.01156248
 31.900000     -0.01248923
 32.000000     -0.01354180
 32.100000     -0.01477150
 32.200000     -0.01607930
 32.300000     -0.01752827
 32.400000     -0.01883970
 32.500000     -0.01958483
 32.600000     -0.02007874
 32.700000     -0.02076869
 32.800000     -0.02088291
 32.900000     -0.02112576
 33.000000     -0.02062173
 33.100000     -0.01995120
 33.200000     -0.01928034
 33.300000     -0.01849851
 33.400000     -0.01855893
 33.500000     -0.01844269
 33.600000     -0.01819917
 33.700000     -0.01821171
 33.800000     -0.01772445
 33.900000     -0.01748108
 34.000000     -0.01763874
 34.100000     -0.01765163
 34.200000     -0.01804188
 34.300000     -0.01867697
 34.400000     -0.01944169
 34.500000     -0.02056860
 34.600000     -0.02182775
 34.700000     -0.02316193
 34.800000     -0.02461390
 34.900000     -0.02587453
 35.000000     -0.02700039
 35.100000     -0.02791629
 35.200000     -0.02849003
 35.300000     -0.02883779
 35.400000     -0.02900774
 35.500000     -0.02928955
 35.600000     -0.02892604
 35.700000     -0.02802164
 35.800000     -0.02774242
 35.900000     -0.02659200
 36.000000     -0.02533208
 36.100000     -0.02456276
 36.200000     -0.02379608
 36.300000     -0.02339620
 36.400000     -0.02282145
 36.500000     -0.02217749
 36.600000     -0.02164916
 36.700000     -0.02078963
 36.800000     -0.01993455
 36.900000     -0.01885647
 37.000000     -0.01775435
 37.100000     -0.01648947
 37.200000     -0.01484653
 37.300000     -0.01313330
 37.400000     -0.01136940
 37.500000     -0.00939989
 37.600000     -0.00739568
 37.700000     -0.00567840
 37.800000     -0.00381835
 37.900000     -0.00223460
 38.000000     -0.00100497
 38.100000      0.00025972
 38.200000      0.00118551
 38.300000      0.00182812
 38.400000      0.00222084
 38.500000      0.00241714
 38.600000      0.00247195
 38.700000      0.00257510
 38.800000      0.00242612
 38.900000      0.00193228
 39.000000      0.00128657
 39.100000      0.00088052
 39.200000      0.00050657
 39.300000     -0.00008719
 39.400000     -0.00099993
 39.500000     -0.00204175
 39.600000     -0.00303111
 39.700000     -0.00392292
 39.800000     -0.00491734
 39.900000     -0.00600945
