  0.000000     -0.00600436
  0.100000     -0.00574350
  0.200000     -0.00541313
  0.300000     -0.00468020
  0.400000     -0.00397674
  0.500000     -0.00351638
  0.600000     -0.00355770
  0.700000     -0.00356540
  0.800000     -0.00293866
  0.900000     -0.00204834
  1.000000     -0.00164875
  1.100000     -0.00133514
  1.200000     -0.00093638
  1.300000      0.00007365
  1.400000      0.00103646
  1.500000      0.00140736
  1.600000      0.00173281
  1.700000      0.00134884
  1.800000      0.00133153
  1.900000      0.00125799
  2.000000      0.00189419
  2.100000      0.00233230
  2.200000      0.00296602
  2.300000      0.00350045
  2.400000      0.00395152
  2.500000      0.00466189
  2.600000      0.00518403
  2.700000      0.00656659
  2.800000      0.00825013
  2.900000      0.00912424
  3.000000      0.00971760
  3.100000      0.01002976
  3.200000      0.01041361
  3.300000      0.01121745
  3.400000      0.01211195
  3.500000      0.01338592
  3.600000      0.01419047
  3.700000      0.01481125
  3.800000      0.01495870
  3.900000      0.01487819
  4.000000      0.01508901
  4.100000      0.01536470
  4.200000      0.01495083
  4.300000      0.01408809
  4.400000      0.01343127
  4.500000      0.01298450
  4.600000      0.01244649
  4.700000      0.01124843
  4.800000      0.00966923
  4.900000      0.00769558
  5.000000      0.00585741
  5.100000      0.00334463
  5.200000      0.00035054
  5.300000     -0.00324795
  5.400000     -0.00693666
  5.500000     -0.01066247
  5.600000     -0.01472436
  5.700000     -0.02005595
  5.800000     -0.02536860
  5.900000     -0.03118057
  6.000000     -0.03650339
  6.100000     -0.04143711
  6.200000     -0.04620714
  6.300000     -0.05085999
  6.400000     -0.05471044
  6.500000     -0.05766251
  6.600000     -0.05959664
  6.700000     -0.06073003
  6.800000     -0.06121817
  6.900000     -0.06152722
  7.000000     -0.05948962
  7.100000     -0.05657594
  7.200000     -0.05228707
  7.300000     -0.04487496
  7.400000     -0.03431435
  7.500000     -0.02187249
  7.600000     -0.00674972
  7.700000      0.01275119
  7.800000      0.03686165
  7.900000      0.06524066
  8.000000      0.09830853
  8.100000      0.13625238
  8.200000      0.18002423
  8.300000      0.22875926
  8.400000      0.28331880
  8.500000      0.34374228
  8.600000      0.40896458
  8.700000      0.47804419
  8.800000      0.54988435
  8.900000      0.62232028
  9.000000      0.69306693
  9.100000      0.76002336
  9.200000      0.82181125
  9.300000      0.87607203
  9.400000      0.92212029
  9.500000      0.95851667
  9.600000      0.98409162
  9.700000      0.99808816
  9.800000      1.00000000
  9.900000      0.98743244
 10.000000      0.96274979
 10.100000      0.92679010
 10.200000      0.87790588
 10.300000      0.81665837
 10.400000      0.74466887
 10.500000      0.66343416
 10.600000      0.57542220
 10.700000      0.48268654
 10.800000      0.38677424
 10.900000      0.28957450
 11.000000      0.19394057
 11.100000      0.10149355
 11.200000      0.01373383
 11.300000     -0.06838817
 11.400000     -0.14400380
 11.500000     -0.21342292
 11.600000     -0.27271828
 11.700000     -0.32244693
 11.800000     -0.36393669
 11.900000     -0.39792781
 12.000000     -0.42437820
 12.100000     -0.44376167
 12.200000     -0.45715064
 12.300000     -0.46522058
 12.400000     -0.46792086
 12.500000     -0.46603245
 12.600000     -0.46033129
 12.700000     -0.45105321
 12.800000     -0.43896276
 12.900000     -0.42511262
 13.000000     -0.41074438
 13.100000     -0.39557093
 13.200000     -0.38018809
 13.300000     -0.36542897
 13.400000     -0.35228860
 13.500000     -0.34014547
 13.600000     -0.32870577
 13.700000     -0.31642689
 13.800000     -0.30440966
 13.900000     -0.29199287
 14.000000     -0.27998205
 14.100000     -0.26918760
 14.200000     -0.25848849
 14.300000     -0.24867584
 14.400000     -0.23982439
 14.500000     -0.23190124
 14.600000     -0.22520495
 14.700000     -0.21814361
 14.800000     -0.21140077
 14.900000     -0.20620396
 15.000000     -0.20183051
 15.100000     -0.19756411
 15.200000     -0.19309470
 15.300000     -0.18904367
 15.400000     -0.18539316
 15.500000     -0.18149401
 15.600000     -0.17773169
 15.700000     -0.17357296
 15.800000     -0.16988023
 15.900000     -0.16659464
 16.000000     -0.16392362
 16.100000     -0.16252277
 16.200000     -0.15905957
 16.300000     -0.15625010
 16.400000     -0.15367032
 16.500000     -0.15023205
 16.600000     -0.14760536
 16.700000     -0.14474161
 16.800000     -0.14170351
 16.900000     -0.13895115
 17.000000     -0.13612296
 17.100000     -0.13248888
 17.200000     -0.12994738
 17.300000     -0.12774807
 17.400000     -0.12618683
 17.500000     -0.12524318
 17.600000     -0.12457085
 17.700000     -0.12457596
 17.800000     -0.12467453
 17.900000     -0.12459363
 18.000000     -0.12408668
 18.100000     -0.12300080
 18.200000     -0.12122645
 18.300000     -0.11901651
 18.400000     -0.11649558
 18.500000     -0.11358788
 18.600000     -0.11041034
 18.700000     -0.10700879
 18.800000     -0.10271462
 18.900000     -0.09807480
 19.000000     -0.09434932
 19.100000     -0.09028569
 19.200000     -0.08628329
 19.300000     -0.08297369
 19.400000     -0.07963214
 19.500000     -0.07610590
 19.600000     -0.07221765
 19.700000     -0.06830617
 19.800000     -0.06520918
 19.900000     -0.06272174
 20.000000     -0.05989652
 20.100000     -0.05747302
 20.200000     -0.05551040
 20.300000     -0.05468771
 20.400000     -0.05402185
 20.500000     -0.05307236
 20.600000     -0.05155085
 20.700000     -0.05203245
 20.800000     -0.05010548
 20.900000     -0.04917706
 21.000000     -0.04926388
 21.100000     -0.04837385
 21.200000     -0.04754629
 21.300000     -0.04605682
 21.400000     -0.04382537
 21.500000     -0.04098838
 21.600000     -0.03801852
 21.700000     -0.03509586
 21.800000     -0.03182733
 21.900000     -0.02894636
 22.000000     -0.02626083
 22.100000     -0.02423800
 22.200000     -0.02321494
 22.300000     -0.02286435
 22.400000     -0.02285947
 22.500000     -0.02204023
 22.600000     -0.02165578
 22.700000     -0.02111905
 22.800000     -0.02103569
 22.900000     -0.02149279
 23.000000     -0.02244409
 23.100000     -0.02278496
 23.200000     -0.02245323
 23.300000     -0.02177561
 23.400000     -0.02116009
 23.500000     -0.02086606
 23.600000     -0.02083950
 23.700000     -0.02028848
 23.800000     -0.01929301
 23.900000     -0.01892200
 24.000000     -0.01813374
 24.100000     -0.01758580
 24.200000     -0.01615115
 24.300000     -0.01435149
 24.400000     -0.01356226
 24.500000     -0.01304397
 24.600000     -0.01254040
 24.700000     -0.01263918
 24.800000     -0.01238924
 24.900000     -0.01244019
 25.000000     -0.01310782
 25.100000     -0.01325781
 25.200000     -0.01312871
 25.300000     -0.01203698
 25.400000     -0.01054209
 25.500000     -0.00860696
 25.600000     -0.00589328
 25.700000     -0.00417569
 25.800000     -0.00258982
 25.900000     -0.00049746
 26.000000      0.00148353
 26.100000      0.00308988
 26.200000      0.00496539
 26.300000      0.00647065
 26.400000      0.00762306
 26.500000      0.00872291
 26.600000      0.00929981
 26.700000      0.01095754
 26.800000      0.01212763
 26.900000      0.01260331
 27.000000      0.01332547
 27.100000      0.01325915
 27.200000      0.01356523
 27.300000      0.01426470
 27.400000      0.01422935
 27.500000      0.01362571
 27.600000      0.01257072
 27.700000      0.01214417
 27.800000      0.01220922
 27.900000      0.01155236
 28.000000      0.00984748
 28.100000      0.00785583
 28.200000      0.00581873
 28.300000      0.00325368
 28.400000      0.00119856
 28.500000     -0.00034839
 28.600000     -0.00130735
 28.700000     -0.00216592
 28.800000     -0.00343549
 28.900000     -0.00387776
 29.000000     -0.00363167
 29.100000     -0.00363991
 29.200000     -0.00318858
 29.300000     -0.00283672
 29.400000     -0.00213048
 29.500000     -0.00145185
 29.600000     -0.00057977
 29.700000      0.00042745
 29.800000      0.00090030
 29.900000      0.00158427
 30.000000      0.00279518
 30.100000      0.00314617
 30.200000      0.00310262
 30.300000      0.00340432
 30.400000      0.00301268
 30.500000      0.00190304
 30.600000      0.00115906
 30.700000      0.00099764
 30.800000      0.00043831
 30.900000     -0.00066696
 31.000000     -0.00237751
 31.100000     -0.00303456
 31.200000     -0.00299734
 31.300000     -0.00271443
 31.400000     -0.00267019
 31.500000     -0.00301337
 31.600000     -0.00245270
 31.700000     -0.00118271
 31.800000      0.00015479
 31.900000      0.00161628
 32.000000      0.00311614
 32.100000      0.00449288
 32.200000      0.00560123
 32.300000      0.00653076
 32.400000      0.00670264
 32.500000      0.00657773
 32.600000      0.00642506
 32.700000      0.00605622
 32.800000      0.00552682
 32.900000      0.00469167
 33.000000      0.00348439
 33.100000      0.00206172
 33.200000      0.00108655
 33.300000      0.00016143
 33.400000     -0.00089114
 33.500000     -0.00131492
 33.600000     -0.00149673
 33.700000     -0.00191605
 33.800000     -0.00141378
 33.900000     -0.00069953
 34.000000      0.00062920
 34.100000      0.00221883
 34.200000      0.00366352
 34.300000      0.00433020
 34.400000      0.00452803
 34.500000      0.00506907
 34.600000      0.00523941
 34.700000      0.00586490
 34.800000      0.00671559
 34.900000      0.00797186
 35.000000      0.00977726
 35.100000      0.01157900
 35.200000      0.01313242
 35.300000      0.01400405
 35.400000      0.01436408
 35.500000      0.01427158
 35.600000      0.01403894
 35.700000      0.01383279
 35.800000      0.01365047
 35.900000      0.01345197
 36.000000      0.01304813
 36.100000      0.01231779
 36.200000      0.01188135
 36.300000      0.01141897
 36.400000      0.01145286
 36.500000      0.01141209
 36.600000      0.01126576
 36.700000      0.01155656
 36.800000      0.01205572
 36.900000      0.01267768
 37.000000      0.01346235
 37.100000      0.01416958
 37.200000      0.01500259
 37.300000      0.01579257
 37.400000      0.01632532
 37.500000      0.01665765
 37.600000      0.01758521
 37.700000      0.01853078
 37.800000      0.01934375
 37.900000      0.02022471
 38.000000      0.02103346
 38.100000      0.02187408
 38.200000      0.02293023
 38.300000      0.02412468
 38.400000      0.02534393
 38.500000      0.02609983
 38.600000      0.02652059
 38.700000      0.02656727
 38.800000      0.02660560
 38.900000      0.02655441
 39.000000      0.02630066
 39.100000      0.02560821
 39.200000      0.02459742
 39.300000      0.02315193
 39.400000      0.02161727
 39.500000      0.01984351
 39.600000      0.01793610
 39.700000      0.01587882
 39.800000      0.01398927
 39.900000      0.01220689
