  0.000000     -0.01876232
  0.100000     -0.01123525
  0.200000     -0.00604002
  0.300000     -0.00530104
  0.400000     -0.00458564
  0.500000     -0.00389915
  0.600000     -0.00326035
  0.700000     -0.00267089
  0.800000     -0.00213213
  0.900000     -0.00116476
  1.000000      0.00185755
  1.100000      0.00272983
  1.200000      0.00450406
  1.300000      0.00414327
  1.400000      0.00709536
  1.500000      0.00851220
  1.600000      0.00815554
  1.700000      0.00776319
  1.800000      0.00734065
  1.900000      0.00689135
  2.000000      0.00642159
  2.100000      0.00546180
  2.200000      0.00728497
  2.300000      0.00643724
  2.400000      0.00545319
  2.500000      0.00406437
  2.600000      0.00209851
  2.700000      0.00145455
  2.800000      0.00093665
  2.900000      0.00049084
  3.000000     -0.00014205
  3.100000     -0.01327501
  3.200000     -0.01419889
  3.300000     -0.01502953
  3.400000     -0.01580206
  3.500000     -0.01645675
  3.600000     -0.01699228
  3.700000     -0.01741056
  3.800000     -0.01771234
  3.900000     -0.01789684
  4.000000     -0.01797360
  4.100000     -0.01794759
  4.200000     -0.01782377
  4.300000     -0.01760807
  4.400000     -0.01730647
  4.500000     -0.01692663
  4.600000     -0.01647679
  4.700000     -0.01596085
  4.800000     -0.01538653
  4.900000     -0.01476198
  5.000000     -0.01409802
  5.100000     -0.01340366
  5.200000     -0.01268713
  5.300000     -0.01195415
  5.400000     -0.01121534
  5.500000     -0.01048073
  5.600000     -0.00976125
  5.700000     -0.00936476
  5.800000     -0.00923957
  5.900000     -0.00906599
  6.000000     -0.00886396
  6.100000     -0.00862646
  6.200000     -0.00838376
  6.300000     -0.00814088
  6.400000     -0.00791173
  6.500000     -0.00771820
  6.600000     -0.00756692
  6.700000     -0.00748524
  6.800000     -0.00747882
  6.900000     -0.00757067
  7.000000     -0.00777500
  7.100000     -0.00810661
  7.200000     -0.00858418
  7.300000     -0.00921799
  7.400000     -0.01002571
  7.500000     -0.01101671
  7.600000     -0.01220151
  7.700000     -0.01358825
  7.800000     -0.01518468
  7.900000     -0.01699487
  8.000000     -0.01902394
  8.100000     -0.02127063
  8.200000     -0.02374032
  8.300000     -0.02642269
  8.400000     -0.02930945
  8.500000     -0.03239647
  8.600000     -0.03567007
  8.700000     -0.03912183
  8.800000     -0.04273873
  8.900000     -0.04650780
  9.000000     -0.05041599
  9.100000     -0.05444465
  9.200000     -0.05858324
  9.300000     -0.06280965
  9.400000     -0.06710709
  9.500000     -0.07145399
  9.600000     -0.07582598
  9.700000     -0.08020145
  9.800000     -0.08455285
  9.900000     -0.08885676
 10.000000     -0.09308284
 10.100000     -0.09720567
 10.200000     -0.10119829
 10.300000     -0.10503122
 10.400000     -0.10867536
 10.500000     -0.11210852
 10.600000     -0.11530876
 10.700000     -0.11825280
 10.800000     -0.12091937
 10.900000     -0.12328638
 11.000000     -0.12532978
 11.100000     -0.12702978
 11.200000     -0.12836426
 11.300000     -0.12931795
 11.400000     -0.12987192
 11.500000     -0.13000183
 11.600000     -0.12968685
 11.700000     -0.12890209
 11.800000     -0.12763134
 11.900000     -0.12584504
 12.000000     -0.12352014
 12.100000     -0.12063473
 12.200000     -0.11715719
 12.300000     -0.11306314
 12.400000     -0.10832487
 12.500000     -0.10290848
 12.600000     -0.09679617
 12.700000     -0.08995620
 12.800000     -0.08235746
 12.900000     -0.07398166
 13.000000     -0.06479609
 13.100000     -0.05478196
 13.200000     -0.04390848
 13.300000     -0.03215214
 13.400000     -0.01948956
 13.500000     -0.00589746
 13.600000      0.00861929
 13.700000      0.02408855
 13.800000      0.04050349
 13.900000      0.05788000
 14.000000      0.07621776
 14.100000      0.09548690
 14.200000      0.11569811
 14.300000      0.13681386
 14.400000      0.15881861
 14.500000      0.18168081
 14.600000      0.20536806
 14.700000      0.22984021
 14.800000      0.25504526
 14.900000      0.28094375
 15.000000      0.30748414
 15.100000      0.33461037
 15.200000      0.36226239
 15.300000      0.39037506
 15.400000      0.41887763
 15.500000      0.44770779
 15.600000      0.47678531
 15.700000      0.50604118
 15.800000      0.53539452
 15.900000      0.56475496
 16.000000      0.59404278
 16.100000      0.62315289
 16.200000      0.65200317
 16.300000      0.68048289
 16.400000      0.70849224
 16.500000      0.73592509
 16.600000      0.76265973
 16.700000      0.78859331
 16.800000      0.81359615
 16.900000      0.83755348
 17.000000      0.86034979
 17.100000      0.88186699
 17.200000      0.90198481
 17.300000      0.92056143
 17.400000      0.93748874
 17.500000      0.95263119
 17.600000      0.96588685
 17.700000      0.97714057
 17.800000      0.98628403
 17.900000      0.99321440
 18.000000      0.99783067
 18.100000      1.00000000
 18.200000      0.99963458
 18.300000      0.99669695
 18.400000      0.99114088
 18.500000      0.98292908
 18.600000      0.97202742
 18.700000      0.95839135
 18.800000      0.94204803
 18.900000      0.92300415
 19.000000      0.90129602
 19.100000      0.87697489
 19.200000      0.85007668
 19.300000      0.82068800
 19.400000      0.78890185
 19.500000      0.75483280
 19.600000      0.71858832
 19.700000      0.68030386
 19.800000      0.64016816
 19.900000      0.59830333
 20.000000      0.55492099
 20.100000      0.51019618
 20.200000      0.46431857
 20.300000      0.41749636
 20.400000      0.36990831
 20.500000      0.32179285
 20.600000      0.27333645
 20.700000      0.22475193
 20.800000      0.17623720
 20.900000      0.12798715
 21.000000      0.08019840
 21.100000      0.03305902
 21.200000     -0.01327390
 21.300000     -0.05863716
 21.400000     -0.10288398
 21.500000     -0.14588884
 21.600000     -0.18749809
 21.700000     -0.22763904
 21.800000     -0.26618436
 21.900000     -0.30307557
 22.000000     -0.33823271
 22.100000     -0.37159548
 22.200000     -0.40313441
 22.300000     -0.43276701
 22.400000     -0.46053062
 22.500000     -0.48636892
 22.600000     -0.51031697
 22.700000     -0.53237865
 22.800000     -0.55254854
 22.900000     -0.57089701
 23.000000     -0.58742666
 23.100000     -0.60221011
 23.200000     -0.61527591
 23.300000     -0.62667048
 23.400000     -0.63645005
 23.500000     -0.64468230
 23.600000     -0.65144734
 23.700000     -0.65680647
 23.800000     -0.66082993
 23.900000     -0.66357872
 24.000000     -0.66511995
 24.100000     -0.66552605
 24.200000     -0.66487369
 24.300000     -0.66320544
 24.400000     -0.66060398
 24.500000     -0.65711847
 24.600000     -0.65279412
 24.700000     -0.64770277
 24.800000     -0.64187121
 24.900000     -0.63535892
 25.000000     -0.62818065
 25.100000     -0.62037864
 25.200000     -0.61198178
 25.300000     -0.60301240
 25.400000     -0.59350560
 25.500000     -0.58346818
 25.600000     -0.57292720
 25.700000     -0.56188971
 25.800000     -0.55037003
 25.900000     -0.53839635
 26.000000     -0.52598700
 26.100000     -0.51316319
 26.200000     -0.49994635
 26.300000     -0.48635006
 26.400000     -0.47240601
 26.500000     -0.45814362
 26.600000     -0.44358865
 26.700000     -0.42877868
 26.800000     -0.41373893
 26.900000     -0.39850899
 27.000000     -0.38312789
 27.100000     -0.36763376
 27.200000     -0.35207066
 27.300000     -0.33646847
 27.400000     -0.32087764
 27.500000     -0.30533786
 27.600000     -0.28989382
 27.700000     -0.27458809
 27.800000     -0.25945891
 27.900000     -0.24455138
 28.000000     -0.22989949
 28.100000     -0.21555542
 28.200000     -0.20155179
 28.300000     -0.18793215
 28.400000     -0.17472669
 28.500000     -0.16196616
 28.600000     -0.14967872
 28.700000     -0.13790379
 28.800000     -0.12664903
 28.900000     -0.11593435
 29.000000     -0.10577549
 29.100000     -0.09617699
 29.200000     -0.08716006
 29.300000     -0.07872785
 29.400000     -0.07087182
 29.500000     -0.06358804
 29.600000     -0.05687584
 29.700000     -0.05073545
 29.800000     -0.04515321
 29.900000     -0.04013441
 30.000000     -0.03565215
 30.100000     -0.03170064
 30.200000     -0.02827063
 30.300000     -0.02534707
 30.400000     -0.02293863
 30.500000     -0.02101202
 30.600000     -0.01955581
 30.700000     -0.01854695
 30.800000     -0.01796752
 30.900000     -0.01780355
 31.000000     -0.01802437
 31.100000     -0.01861485
 31.200000     -0.01954289
 31.300000     -0.02077478
 31.400000     -0.02227851
 31.500000     -0.02401998
 31.600000     -0.02348158
 31.700000     -0.02438241
 31.800000     -0.02642142
 31.900000     -0.02855464
 32.000000     -0.03074442
 32.100000     -0.03295109
 32.200000     -0.03513974
 32.300000     -0.03727504
 32.400000     -0.03933900
 32.500000     -0.03957424
 32.600000     -0.03926010
 32.700000     -0.04103234
 32.800000     -0.04261345
 32.900000     -0.04400791
 33.000000     -0.04519060
 33.100000     -0.04616553
 33.200000     -0.04692184
 33.300000     -0.04745811
 33.400000     -0.04777370
 33.500000     -0.04787095
 33.600000     -0.04776193
 33.700000     -0.04744885
 33.800000     -0.04707310
 33.900000     -0.04663349
 34.000000     -0.04601917
 34.100000     -0.04524047
 34.200000     -0.04430447
 34.300000     -0.04322229
 34.400000     -0.04200549
 34.500000     -0.04066678
 34.600000     -0.03922074
 34.700000     -0.03727240
 34.800000     -0.03499886
 34.900000     -0.03350762
 35.000000     -0.03196497
 35.100000     -0.03038649
 35.200000     -0.02878767
 35.300000     -0.02717746
 35.400000     -0.02556787
 35.500000     -0.02491803
 35.600000     -0.02401075
 35.700000     -0.02287411
 35.800000     -0.02172242
 35.900000     -0.02056406
 36.000000     -0.01940349
 36.100000     -0.01824401
 36.200000     -0.01708875
 36.300000     -0.01594009
 36.400000     -0.01479975
 36.500000     -0.01366721
 36.600000     -0.01254433
 36.700000     -0.01143453
 36.800000     -0.01033856
 36.900000     -0.00925540
 37.000000     -0.00818641
 37.100000     -0.00713331
 37.200000     -0.00609842
 37.300000     -0.00507940
 37.400000     -0.00408332
 37.500000     -0.00311659
 37.600000     -0.00218433
 37.700000     -0.00129160
 37.800000     -0.00044417
 37.900000      0.00035238
 38.000000      0.00100694
 38.100000      0.00156975
 38.200000      0.00205955
 38.300000      0.00247440
 38.400000      0.00281319
 38.500000      0.00306367
 38.600000      0.00321781
 38.700000      0.00333655
 38.800000      0.00342033
 38.900000      0.00346834
 39.000000      0.00347889
 39.100000      0.00345292
 39.200000      0.00339131
 39.300000      0.00329581
 39.400000      0.00316840
 39.500000      0.00301129
 39.600000      0.00282479
 39.700000      0.00253782
 39.800000      0.00183812
 39.900000      0.00111576
