  0.000000      0.75786664
  0.100000      0.75395809
  0.200000      0.75014125
  0.300000      0.74638017
  0.400000      0.74261909
  0.500000      0.73885802
  0.600000      0.73509694
  0.700000      0.73133586
  0.800000      0.72757478
  0.900000      0.72377161
  1.000000      0.72007940
  1.100000      0.71650573
  1.200000      0.71250219
  1.300000      0.70846289
  1.400000      0.70472103
  1.500000      0.70110323
  1.600000      0.69747037
  1.700000      0.69385743
  1.800000      0.69024450
  1.900000      0.68663156
  2.000000      0.68301862
  2.100000      0.67940569
  2.200000      0.67579275
  2.300000      0.67218315
  2.400000      0.66868073
  2.500000      0.66492898
  2.600000      0.66098972
  2.700000      0.65723305
  2.800000      0.65384153
  2.900000      0.65067763
  3.000000      0.64748724
  3.100000      0.64429685
  3.200000      0.64110645
  3.300000      0.63791606
  3.400000      0.63472567
  3.500000      0.63153528
  3.600000      0.62840542
  3.700000      0.62421498
  3.800000      0.61995454
  3.900000      0.61544659
  4.000000      0.61093864
  4.100000      0.60626810
  4.200000      0.60164159
  4.300000      0.59701330
  4.400000      0.59238500
  4.500000      0.58775671
  4.600000      0.58312841
  4.700000      0.57850012
  4.800000      0.57387182
  4.900000      0.56923093
  5.000000      0.56453978
  5.100000      0.55985349
  5.200000      0.55505584
  5.300000      0.55022152
  5.400000      0.54501063
  5.500000      0.53942949
  5.600000      0.53353812
  5.700000      0.52767620
  5.800000      0.52181428
  5.900000      0.51595236
  6.000000      0.51009044
  6.100000      0.50422852
  6.200000      0.49836660
  6.300000      0.49221781
  6.400000      0.48607411
  6.500000      0.48003445
  6.600000      0.47400038
  6.700000      0.46780195
  6.800000      0.46127483
  6.900000      0.45429809
  7.000000      0.44736036
  7.100000      0.44042264
  7.200000      0.43348491
  7.300000      0.42654718
  7.400000      0.41960946
  7.500000      0.41267173
  7.600000      0.40571340
  7.700000      0.39795629
  7.800000      0.39031489
  7.900000      0.38280754
  8.000000      0.37530018
  8.100000      0.36826962
  8.200000      0.36145835
  8.300000      0.35470587
  8.400000      0.34795338
  8.500000      0.34120090
  8.600000      0.33444842
  8.700000      0.32769594
  8.800000      0.32094345
  8.900000      0.31422418
  9.000000      0.30741062
  9.100000      0.30053343
  9.200000      0.29394295
  9.300000      0.28730696
  9.400000      0.28067520
  9.500000      0.27411562
  9.600000      0.26767540
  9.700000      0.26122933
  9.800000      0.25478327
  9.900000      0.24833720
 10.000000      0.24189113
 10.100000      0.23544507
 10.200000      0.22899900
 10.300000      0.22234123
 10.400000      0.21538894
 10.500000      0.20858808
 10.600000      0.20180046
 10.700000      0.19480879
 10.800000      0.18740903
 10.900000      0.17981761
 11.000000      0.17226414
 11.100000      0.16471067
 11.200000      0.15715721
 11.300000      0.14960374
 11.400000      0.14205027
 11.500000      0.13449680
 11.600000      0.12691805
 11.700000      0.11946336
 11.800000      0.11205526
 11.900000      0.10472963
 12.000000      0.09740400
 12.100000      0.08957350
 12.200000      0.08176143
 12.300000      0.07395412
 12.400000      0.06614682
 12.500000      0.05833951
 12.600000      0.05053220
 12.700000      0.04272490
 12.800000      0.03491759
 12.900000      0.02709435
 13.000000      0.01913661
 13.100000      0.01115120
 13.200000      0.00321563
 13.300000     -0.00469047
 13.400000     -0.01259109
 13.500000     -0.02041131
 13.600000     -0.02808246
 13.700000     -0.03575190
 13.800000     -0.04342134
 13.900000     -0.05109078
 14.000000     -0.05876022
 14.100000     -0.06642966
 14.200000     -0.07409909
 14.300000     -0.08200960
 14.400000     -0.09017415
 14.500000     -0.09846791
 14.600000     -0.10677269
 14.700000     -0.11489961
 14.800000     -0.12267080
 14.900000     -0.13035201
 15.000000     -0.13802931
 15.100000     -0.14570660
 15.200000     -0.15338390
 15.300000     -0.16106120
 15.400000     -0.16873849
 15.500000     -0.17641579
 15.600000     -0.18412521
 15.700000     -0.19180807
 15.800000     -0.19962484
 15.900000     -0.20757356
 16.000000     -0.21552229
 16.100000     -0.22324233
 16.200000     -0.23121093
 16.300000     -0.23923714
 16.400000     -0.24726335
 16.500000     -0.25528956
 16.600000     -0.26331577
 16.700000     -0.27134197
 16.800000     -0.27936818
 16.900000     -0.28736146
 17.000000     -0.29524272
 17.100000     -0.30309129
 17.200000     -0.31121680
 17.300000     -0.31929977
 17.400000     -0.32716020
 17.500000     -0.33508671
 17.600000     -0.34326894
 17.700000     -0.35139633
 17.800000     -0.35952372
 17.900000     -0.36765112
 18.000000     -0.37577851
 18.100000     -0.38390591
 18.200000     -0.39203330
 18.300000     -0.40001450
 18.400000     -0.40780667
 18.500000     -0.41574925
 18.600000     -0.42376463
 18.700000     -0.43172755
 18.800000     -0.43958552
 18.900000     -0.44735864
 19.000000     -0.45508309
 19.100000     -0.46280755
 19.200000     -0.47053200
 19.300000     -0.47825646
 19.400000     -0.48598091
 19.500000     -0.49370537
 19.600000     -0.50144893
 19.700000     -0.50916540
 19.800000     -0.51689715
 19.900000     -0.52464285
 20.000000     -0.53238856
 20.100000     -0.53938794
 20.200000     -0.54628527
 20.300000     -0.55312228
 20.400000     -0.55995928
 20.500000     -0.56679628
 20.600000     -0.57363329
 20.700000     -0.58047029
 20.800000     -0.58730730
 20.900000     -0.59415020
 21.000000     -0.60106753
 21.100000     -0.60801425
 21.200000     -0.61482149
 21.300000     -0.62162666
 21.400000     -0.62777043
 21.500000     -0.63359118
 21.600000     -0.63943677
 21.700000     -0.64528197
 21.800000     -0.65112717
 21.900000     -0.65697237
 22.000000     -0.66281756
 22.100000     -0.66866276
 22.200000     -0.67450796
 22.300000     -0.68037550
 22.400000     -0.68621840
 22.500000     -0.69191570
 22.600000     -0.69754501
 22.700000     -0.70305047
 22.800000     -0.70830826
 22.900000     -0.71356387
 23.000000     -0.71884541
 23.100000     -0.72412695
 23.200000     -0.72940849
 23.300000     -0.73469003
 23.400000     -0.73997157
 23.500000     -0.74525312
 23.600000     -0.75051364
 23.700000     -0.75566482
 23.800000     -0.76075178
 23.900000     -0.76568221
 24.000000     -0.77061265
 24.100000     -0.77552851
 24.200000     -0.78044514
 24.300000     -0.78529887
 24.400000     -0.79015260
 24.500000     -0.79500634
 24.600000     -0.79986007
 24.700000     -0.80471380
 24.800000     -0.80956753
 24.900000     -0.81440188
 25.000000     -0.81887971
 25.100000     -0.82320243
 25.200000     -0.82743113
 25.300000     -0.83166977
 25.400000     -0.83545169
 25.500000     -0.83899420
 25.600000     -0.84244403
 25.700000     -0.84585821
 25.800000     -0.84927240
 25.900000     -0.85268659
 26.000000     -0.85610078
 26.100000     -0.85951496
 26.200000     -0.86292915
 26.300000     -0.86631176
 26.400000     -0.86965535
 26.500000     -0.87302026
 26.600000     -0.87644919
 26.700000     -0.87960837
 26.800000     -0.88222806
 26.900000     -0.88494573
 27.000000     -0.88767266
 27.100000     -0.89039960
 27.200000     -0.89312654
 27.300000     -0.89585347
 27.400000     -0.89858041
 27.500000     -0.90130735
 27.600000     -0.90397880
 27.700000     -0.90665031
 27.800000     -0.90936602
 27.900000     -0.91224212
 28.000000     -0.91511821
 28.100000     -0.91774863
 28.200000     -0.92029980
 28.300000     -0.92279961
 28.400000     -0.92529942
 28.500000     -0.92779924
 28.600000     -0.93029905
 28.700000     -0.93279886
 28.800000     -0.93529867
 28.900000     -0.93777952
 29.000000     -0.93992194
 29.100000     -0.94192811
 29.200000     -0.94416563
 29.300000     -0.94640053
 29.400000     -0.94817244
 29.500000     -0.94971586
 29.600000     -0.95131178
 29.700000     -0.95292964
 29.800000     -0.95454750
 29.900000     -0.95616536
 30.000000     -0.95778322
 30.100000     -0.95940108
 30.200000     -0.96101894
 30.300000     -0.96243895
 30.400000     -0.96353062
 30.500000     -0.96478929
 30.600000     -0.96614417
 30.700000     -0.96740293
 30.800000     -0.96846947
 30.900000     -0.96983032
 31.000000     -0.97134635
 31.100000     -0.97286239
 31.200000     -0.97437842
 31.300000     -0.97589445
 31.400000     -0.97741048
 31.500000     -0.97892651
 31.600000     -0.98043396
 31.700000     -0.98150790
 31.800000     -0.98262395
 31.900000     -0.98372812
 32.000000     -0.98483229
 32.100000     -0.98578897
 32.200000     -0.98660976
 32.300000     -0.98750399
 32.400000     -0.98839823
 32.500000     -0.98929246
 32.600000     -0.99018670
 32.700000     -0.99108093
 32.800000     -0.99197517
 32.900000     -0.99286829
 33.000000     -0.99400181
 33.100000     -0.99527003
 33.200000     -0.99638413
 33.300000     -0.99744684
 33.400000     -0.99792135
 33.500000     -0.99812552
 33.600000     -0.99836203
 33.700000     -0.99859092
 33.800000     -0.99881982
 33.900000     -0.99904871
 34.000000     -0.99927761
 34.100000     -0.99950650
 34.200000     -0.99973540
 34.300000     -0.99988986
 34.400000     -1.00000000
 34.500000     -0.99994381
 34.600000     -0.99974011
 34.700000     -0.99931691
 34.800000     -0.99845473
 34.900000     -0.99772956
 35.000000     -0.99703724
 35.100000     -0.99634492
 35.200000     -0.99565260
 35.300000     -0.99496028
 35.400000     -0.99426796
 35.500000     -0.99357564
 35.600000     -0.99284616
 35.700000     -0.99210646
 35.800000     -0.99128915
 35.900000     -0.99024891
 36.000000     -0.98920867
 36.100000     -0.98850934
 36.200000     -0.98748975
 36.300000     -0.98649430
 36.400000     -0.98549885
 36.500000     -0.98450340
 36.600000     -0.98350795
 36.700000     -0.98251250
 36.800000     -0.98151705
 36.900000     -0.98050591
 37.000000     -0.97946643
 37.100000     -0.97843659
 37.200000     -0.97717953
 37.300000     -0.97592284
 37.400000     -0.97439270
 37.500000     -0.97267958
 37.600000     -0.97099849
 37.700000     -0.96937885
 37.800000     -0.96775922
 37.900000     -0.96613958
 38.000000     -0.96451995
 38.100000     -0.96290032
 38.200000     -0.96128068
 38.300000     -0.95986195
 38.400000     -0.95870019
 38.500000     -0.95742535
 38.600000     -0.95609280
 38.700000     -0.95458742
 38.800000     -0.95273638
 38.900000     -0.95113740
 39.000000     -0.94961486
 39.100000     -0.94809232
 39.200000     -0.94656978
 39.300000     -0.94504724
 39.400000     -0.94352470
 39.500000     -0.94200216
 39.600000     -0.94049802
 39.700000     -0.93930629
 39.800000     -0.93809735
 39.900000     -0.93687199
