  0.000000     -0.01854298
  0.100000     -0.01855707
  0.200000     -0.01869019
  0.300000     -0.01901041
  0.400000     -0.01896966
  0.500000     -0.01892079
  0.600000     -0.01890357
  0.700000     -0.01897134
  0.800000     -0.01885821
  0.900000     -0.01890382
  1.000000     -0.01929616
  1.100000     -0.01924531
  1.200000     -0.01918331
  1.300000     -0.01902720
  1.400000     -0.01890496
  1.500000     -0.01879172
  1.600000     -0.01839219
  1.700000     -0.01838490
  1.800000     -0.01836574
  1.900000     -0.01810963
  2.000000     -0.01826483
  2.100000     -0.01825370
  2.200000     -0.01797220
  2.300000     -0.01781801
  2.400000     -0.01773797
  2.500000     -0.01629422
  2.600000     -0.01595967
  2.700000     -0.01582065
  2.800000     -0.01564919
  2.900000     -0.01540892
  3.000000     -0.01510260
  3.100000     -0.01442624
  3.200000     -0.01409725
  3.300000     -0.01375416
  3.400000     -0.01363889
  3.500000     -0.01351243
  3.600000     -0.01339488
  3.700000     -0.01334086
  3.800000     -0.01322330
  3.900000     -0.01258397
  4.000000     -0.01269109
  4.100000     -0.01273425
  4.200000     -0.01337654
  4.300000     -0.01395186
  4.400000     -0.01387100
  4.500000     -0.01387103
  4.600000     -0.01444856
  4.700000     -0.01477957
  4.800000     -0.01517558
  4.900000     -0.01600323
  5.000000     -0.01657623
  5.100000     -0.01729157
  5.200000     -0.01799528
  5.300000     -0.01872086
  5.400000     -0.01955892
  5.500000     -0.02035724
  5.600000     -0.02124166
  5.700000     -0.02232206
  5.800000     -0.02324558
  5.900000     -0.02428714
  6.000000     -0.02527576
  6.100000     -0.02635142
  6.200000     -0.02788866
  6.300000     -0.02890898
  6.400000     -0.03005681
  6.500000     -0.03137947
  6.600000     -0.03252776
  6.700000     -0.03355316
  6.800000     -0.03467506
  6.900000     -0.03565721
  7.000000     -0.03663125
  7.100000     -0.03781791
  7.200000     -0.03905010
  7.300000     -0.04008717
  7.400000     -0.04195598
  7.500000     -0.04333120
  7.600000     -0.04432344
  7.700000     -0.04530345
  7.800000     -0.04627545
  7.900000     -0.04724391
  8.000000     -0.04821807
  8.100000     -0.04920290
  8.200000     -0.05020467
  8.300000     -0.05123027
  8.400000     -0.05228998
  8.500000     -0.05339143
  8.600000     -0.05453985
  8.700000     -0.05576640
  8.800000     -0.05711335
  8.900000     -0.05844296
  9.000000     -0.05983995
  9.100000     -0.06153010
  9.200000     -0.06325111
  9.300000     -0.06486136
  9.400000     -0.06654401
  9.500000     -0.06829636
  9.600000     -0.07011595
  9.700000     -0.07199436
  9.800000     -0.07392486
  9.900000     -0.07589946
 10.000000     -0.07797630
 10.100000     -0.07999148
 10.200000     -0.08200227
 10.300000     -0.08400629
 10.400000     -0.08601172
 10.500000     -0.08790020
 10.600000     -0.08970714
 10.700000     -0.09140941
 10.800000     -0.09298200
 10.900000     -0.09440296
 11.000000     -0.09564061
 11.100000     -0.09666959
 11.200000     -0.09746211
 11.300000     -0.09799120
 11.400000     -0.09822390
 11.500000     -0.09813130
 11.600000     -0.09768303
 11.700000     -0.09684802
 11.800000     -0.09559681
 11.900000     -0.09390079
 12.000000     -0.09172667
 12.100000     -0.08904692
 12.200000     -0.08583582
 12.300000     -0.08206330
 12.400000     -0.07770339
 12.500000     -0.07273072
 12.600000     -0.06712329
 12.700000     -0.06085537
 12.800000     -0.05390592
 12.900000     -0.04625586
 13.000000     -0.03788246
 13.100000     -0.02876837
 13.200000     -0.01889425
 13.300000     -0.00823919
 13.400000      0.00321166
 13.500000      0.01546958
 13.600000      0.02854686
 13.700000      0.04245141
 13.800000      0.05719458
 13.900000      0.07278500
 14.000000      0.08922646
 14.100000      0.10652065
 14.200000      0.12466651
 14.300000      0.14365766
 14.400000      0.16348741
 14.500000      0.18414799
 14.600000      0.20561571
 14.700000      0.22787264
 14.800000      0.25089804
 14.900000      0.27466328
 15.000000      0.29913678
 15.100000      0.32427918
 15.200000      0.35004636
 15.300000      0.37638971
 15.400000      0.40325699
 15.500000      0.43059280
 15.600000      0.45833137
 15.700000      0.48640565
 15.800000      0.51474470
 15.900000      0.54326614
 16.000000      0.57188909
 16.100000      0.60052054
 16.200000      0.62906764
 16.300000      0.65742920
 16.400000      0.68550318
 16.500000      0.71317618
 16.600000      0.74033675
 16.700000      0.76686417
 16.800000      0.79263548
 16.900000      0.81751939
 17.000000      0.84138546
 17.100000      0.86410425
 17.200000      0.88553831
 17.300000      0.90554760
 17.400000      0.92399680
 17.500000      0.94074535
 17.600000      0.95566964
 17.700000      0.96863263
 17.800000      0.97951385
 17.900000      0.98819994
 18.000000      0.99457939
 18.100000      0.99854552
 18.200000      1.00000000
 18.300000      0.99883873
 18.400000      0.99499321
 18.500000      0.98842214
 18.600000      0.97910893
 18.700000      0.96702962
 18.800000      0.95217493
 18.900000      0.93453955
 19.000000      0.91414522
 19.100000      0.89103157
 19.200000      0.86525119
 19.300000      0.83687288
 19.400000      0.80598164
 19.500000      0.77267665
 19.600000      0.73707552
 19.700000      0.69930555
 19.800000      0.65950043
 19.900000      0.61781333
 20.000000      0.57440760
 20.100000      0.52945348
 20.200000      0.48313169
 20.300000      0.43562465
 20.400000      0.38712120
 20.500000      0.33780325
 20.600000      0.28787626
 20.700000      0.23753150
 20.800000      0.18695572
 20.900000      0.13634661
 21.000000      0.08589146
 21.100000      0.03577487
 21.200000     -0.01382786
 21.300000     -0.06273887
 21.400000     -0.11079386
 21.500000     -0.15783378
 21.600000     -0.20370160
 21.700000     -0.24825729
 21.800000     -0.29136940
 21.900000     -0.33292000
 22.000000     -0.37278786
 22.100000     -0.41087179
 22.200000     -0.44709214
 22.300000     -0.48135906
 22.400000     -0.51361263
 22.500000     -0.54378953
 22.600000     -0.57185157
 22.700000     -0.59775998
 22.800000     -0.62149738
 22.900000     -0.64305695
 23.000000     -0.66242557
 23.100000     -0.67962607
 23.200000     -0.69467717
 23.300000     -0.70760174
 23.400000     -0.71843297
 23.500000     -0.72721788
 23.600000     -0.73401693
 23.700000     -0.73890380
 23.800000     -0.74193756
 23.900000     -0.74317916
 24.000000     -0.74270547
 24.100000     -0.74060309
 24.200000     -0.73694896
 24.300000     -0.73183466
 24.400000     -0.72534318
 24.500000     -0.71755535
 24.600000     -0.70857388
 24.700000     -0.69848518
 24.800000     -0.68737422
 24.900000     -0.67533099
 25.000000     -0.66244058
 25.100000     -0.64879713
 25.200000     -0.63448169
 25.300000     -0.61957756
 25.400000     -0.60416738
 25.500000     -0.58832576
 25.600000     -0.57213252
 25.700000     -0.55565427
 25.800000     -0.53895200
 25.900000     -0.52209567
 26.000000     -0.50514986
 26.100000     -0.48816124
 26.200000     -0.47118313
 26.300000     -0.45426298
 26.400000     -0.43744585
 26.500000     -0.42077108
 26.600000     -0.40426970
 26.700000     -0.38797670
 26.800000     -0.37192024
 26.900000     -0.35612525
 27.000000     -0.34061480
 27.100000     -0.32540908
 27.200000     -0.31052563
 27.300000     -0.29598090
 27.400000     -0.28179088
 27.500000     -0.26796684
 27.600000     -0.25451678
 27.700000     -0.24144839
 27.800000     -0.22876822
 27.900000     -0.21647922
 28.000000     -0.20459183
 28.100000     -0.19310541
 28.200000     -0.18202418
 28.300000     -0.17135797
 28.400000     -0.16110713
 28.500000     -0.15127334
 28.600000     -0.14185297
 28.700000     -0.13284622
 28.800000     -0.12451959
 28.900000     -0.11676823
 29.000000     -0.10903856
 29.100000     -0.10171294
 29.200000     -0.09478225
 29.300000     -0.08824104
 29.400000     -0.08207696
 29.500000     -0.07628424
 29.600000     -0.07001469
 29.700000     -0.06440713
 29.800000     -0.05968065
 29.900000     -0.05528008
 30.000000     -0.05119252
 30.100000     -0.04740601
 30.200000     -0.04390828
 30.300000     -0.04068638
 30.400000     -0.03772729
 30.500000     -0.03501892
 30.600000     -0.03254809
 30.700000     -0.03030572
 30.800000     -0.02827989
 30.900000     -0.02645920
 31.000000     -0.02488364
 31.100000     -0.02367674
 31.200000     -0.02243561
 31.300000     -0.02135311
 31.400000     -0.02041811
 31.500000     -0.01962291
 31.600000     -0.01895883
 31.700000     -0.01841760
 31.800000     -0.01798948
 31.900000     -0.01748230
 32.000000     -0.01717643
 32.100000     -0.01704352
 32.200000     -0.01699976
 32.300000     -0.01703862
 32.400000     -0.01715606
 32.500000     -0.01721073
 32.600000     -0.01732845
 32.700000     -0.01762520
 32.800000     -0.01801210
 32.900000     -0.01848275
 33.000000     -0.01906986
 33.100000     -0.01925327
 33.200000     -0.01965107
 33.300000     -0.01991793
 33.400000     -0.02128361
 33.500000     -0.02227987
 33.600000     -0.02372018
 33.700000     -0.02451174
 33.800000     -0.02531439
 33.900000     -0.02587044
 34.000000     -0.02675273
 34.100000     -0.02800930
 34.200000     -0.02934570
 34.300000     -0.03101894
 34.400000     -0.03197471
 34.500000     -0.03253493
 34.600000     -0.03334741
 34.700000     -0.03424337
 34.800000     -0.03534025
 34.900000     -0.03565058
 35.000000     -0.03655413
 35.100000     -0.03767489
 35.200000     -0.03744189
 35.300000     -0.03589121
 35.400000     -0.03554931
 35.500000     -0.03502436
 35.600000     -0.03465492
 35.700000     -0.03420433
 35.800000     -0.03388538
 35.900000     -0.03372543
 36.000000     -0.03342720
 36.100000     -0.03342646
 36.200000     -0.03329021
 36.300000     -0.03301118
 36.400000     -0.03281744
 36.500000     -0.03317467
 36.600000     -0.03360254
 36.700000     -0.03331085
 36.800000     -0.03262361
 36.900000     -0.03259440
 37.000000     -0.03252027
 37.100000     -0.03270890
 37.200000     -0.03291121
 37.300000     -0.03286807
 37.400000     -0.03300359
 37.500000     -0.03320237
 37.600000     -0.03354671
 37.700000     -0.03384772
 37.800000     -0.03303867
 37.900000     -0.03335212
 38.000000     -0.03319902
 38.100000     -0.03417065
 38.200000     -0.03432657
 38.300000     -0.03471169
 38.400000     -0.03526429
 38.500000     -0.03549411
 38.600000     -0.03587920
 38.700000     -0.03599322
 38.800000     -0.03642536
 38.900000     -0.03636073
 39.000000     -0.03562182
 39.100000     -0.03461338
 39.200000     -0.03468489
 39.300000     -0.03426851
 39.400000     -0.03364031
 39.500000     -0.03334490
 39.600000     -0.03327800
 39.700000     -0.03272695
 39.800000     -0.03227941
 39.900000     -0.03184183
