  0.000000      0.00354191
  0.100000      0.00353175
  0.200000      0.00347625
  0.300000      0.00346974
  0.400000      0.00352925
  0.500000      0.00357167
  0.600000      0.00356846
  0.700000      0.00362123
  0.800000      0.00375052
  0.900000      0.00385662
  1.000000      0.00403779
  1.100000      0.00424616
  1.200000      0.00441255
  1.300000      0.00454287
  1.400000      0.00469420
  1.500000      0.00486071
  1.600000      0.00517523
  1.700000      0.00554401
  1.800000      0.00587795
  1.900000      0.00620597
  2.000000      0.00656302
  2.100000      0.00684446
  2.200000      0.00707408
  2.300000      0.00723772
  2.400000      0.00728853
  2.500000      0.00722117
  2.600000      0.00709107
  2.700000      0.00689166
  2.800000      0.00665907
  2.900000      0.00640762
  3.000000      0.00609341
  3.100000      0.00564972
  3.200000      0.00518027
  3.300000      0.00464879
  3.400000      0.00405980
  3.500000      0.00344558
  3.600000      0.00280990
  3.700000      0.00201659
  3.800000      0.00122485
  3.900000      0.00042699
  4.000000     -0.00054375
  4.100000     -0.00153519
  4.200000     -0.00238277
  4.300000     -0.00319769
  4.400000     -0.00399500
  4.500000     -0.00475864
  4.600000     -0.00549391
  4.700000     -0.00630965
  4.800000     -0.00707756
  4.900000     -0.00781353
  5.000000     -0.00852775
  5.100000     -0.00924905
  5.200000     -0.01000476
  5.300000     -0.01060200
  5.400000     -0.01105133
  5.500000     -0.01143018
  5.600000     -0.01170891
  5.700000     -0.01176267
  5.800000     -0.01158013
  5.900000     -0.01118442
  6.000000     -0.01048588
  6.100000     -0.00941390
  6.200000     -0.00793494
  6.300000     -0.00606001
  6.400000     -0.00362867
  6.500000     -0.00048398
  6.600000      0.00359615
  6.700000      0.00875469
  6.800000      0.01511243
  6.900000      0.02305520
  7.000000      0.03285068
  7.100000      0.04481050
  7.200000      0.05924866
  7.300000      0.07631282
  7.400000      0.09639464
  7.500000      0.11973621
  7.600000      0.14643115
  7.700000      0.17644254
  7.800000      0.20986096
  7.900000      0.24664291
  8.000000      0.28636865
  8.100000      0.32872675
  8.200000      0.37347218
  8.300000      0.42000862
  8.400000      0.46777927
  8.500000      0.51637029
  8.600000      0.56509972
  8.700000      0.61356165
  8.800000      0.66117652
  8.900000      0.70741053
  9.000000      0.75182819
  9.100000      0.79396023
  9.200000      0.83325449
  9.300000      0.86921645
  9.400000      0.90148986
  9.500000      0.92972467
  9.600000      0.95357860
  9.700000      0.97281271
  9.800000      0.98710364
  9.900000      0.99637409
 10.000000      1.00000000
 10.100000      0.99746605
 10.200000      0.98896052
 10.300000      0.97482178
 10.400000      0.95599774
 10.500000      0.93321171
 10.600000      0.90651639
 10.700000      0.87546405
 10.800000      0.83974535
 10.900000      0.79940517
 11.000000      0.75453129
 11.100000      0.70543019
 11.200000      0.65303959
 11.300000      0.59811524
 11.400000      0.54122267
 11.500000      0.48288365
 11.600000      0.42357591
 11.700000      0.36345323
 11.800000      0.30287680
 11.900000      0.24230865
 12.000000      0.18231014
 12.100000      0.12348049
 12.200000      0.06609421
 12.300000      0.01067007
 12.400000     -0.04260234
 12.500000     -0.09352957
 12.600000     -0.14186875
 12.700000     -0.18729855
 12.800000     -0.22958407
 12.900000     -0.26842898
 13.000000     -0.30390439
 13.100000     -0.33706929
 13.200000     -0.36736416
 13.300000     -0.39472107
 13.400000     -0.41909964
 13.500000     -0.44057875
 13.600000     -0.45917285
 13.700000     -0.47516225
 13.800000     -0.48841367
 13.900000     -0.49900746
 14.000000     -0.50720530
 14.100000     -0.51307064
 14.200000     -0.51680893
 14.300000     -0.51870936
 14.400000     -0.51888195
 14.500000     -0.51763448
 14.600000     -0.51485463
 14.700000     -0.51092567
 14.800000     -0.50596069
 14.900000     -0.50023334
 15.000000     -0.49373519
 15.100000     -0.48652286
 15.200000     -0.47865018
 15.300000     -0.47041651
 15.400000     -0.46176667
 15.500000     -0.45284251
 15.600000     -0.44375177
 15.700000     -0.43471268
 15.800000     -0.42579384
 15.900000     -0.41693572
 16.000000     -0.40826124
 16.100000     -0.39978673
 16.200000     -0.39139979
 16.300000     -0.38329407
 16.400000     -0.37557032
 16.500000     -0.36846586
 16.600000     -0.36187155
 16.700000     -0.35581003
 16.800000     -0.35013821
 16.900000     -0.34488892
 17.000000     -0.33993154
 17.100000     -0.33514666
 17.200000     -0.33060576
 17.300000     -0.32626422
 17.400000     -0.32214433
 17.500000     -0.31811835
 17.600000     -0.31405261
 17.700000     -0.30996374
 17.800000     -0.30592431
 17.900000     -0.30175962
 18.000000     -0.29761682
 18.100000     -0.29354973
 18.200000     -0.28955322
 18.300000     -0.28560865
 18.400000     -0.28168204
 18.500000     -0.27776552
 18.600000     -0.27393745
 18.700000     -0.27012453
 18.800000     -0.26623202
 18.900000     -0.26228513
 19.000000     -0.25815724
 19.100000     -0.25391419
 19.200000     -0.24967072
 19.300000     -0.24536166
 19.400000     -0.24098337
 19.500000     -0.23663489
 19.600000     -0.23224598
 19.700000     -0.22790620
 19.800000     -0.22360828
 19.900000     -0.21926243
 20.000000     -0.21487054
 20.100000     -0.21048213
 20.200000     -0.20605469
 20.300000     -0.20162742
 20.400000     -0.19726150
 20.500000     -0.19298115
 20.600000     -0.18886161
 20.700000     -0.18476460
 20.800000     -0.18072344
 20.900000     -0.17676795
 21.000000     -0.17286756
 21.100000     -0.16919966
 21.200000     -0.16562633
 21.300000     -0.16216539
 21.400000     -0.15869383
 21.500000     -0.15524311
 21.600000     -0.15189143
 21.700000     -0.14851743
 21.800000     -0.14513734
 21.900000     -0.14172764
 22.000000     -0.13835802
 22.100000     -0.13496501
 22.200000     -0.13157294
 22.300000     -0.12807718
 22.400000     -0.12465257
 22.500000     -0.12122515
 22.600000     -0.11765953
 22.700000     -0.11401663
 22.800000     -0.11030845
 22.900000     -0.10665107
 23.000000     -0.10300656
 23.100000     -0.09943030
 23.200000     -0.09584610
 23.300000     -0.09225449
 23.400000     -0.08882939
 23.500000     -0.08548922
 23.600000     -0.08233057
 23.700000     -0.07926132
 23.800000     -0.07626281
 23.900000     -0.07341856
 24.000000     -0.07067844
 24.100000     -0.06803576
 24.200000     -0.06546374
 24.300000     -0.06300563
 24.400000     -0.06065938
 24.500000     -0.05845128
 24.600000     -0.05643891
 24.700000     -0.05460749
 24.800000     -0.05287352
 24.900000     -0.05125558
 25.000000     -0.04981111
 25.100000     -0.04851383
 25.200000     -0.04735642
 25.300000     -0.04630091
 25.400000     -0.04536652
 25.500000     -0.04454833
 25.600000     -0.04378290
 25.700000     -0.04300540
 25.800000     -0.04232258
 25.900000     -0.04168760
 26.000000     -0.04105563
 26.100000     -0.04038394
 26.200000     -0.03968406
 26.300000     -0.03897720
 26.400000     -0.03828733
 26.500000     -0.03757875
 26.600000     -0.03679646
 26.700000     -0.03600072
 26.800000     -0.03515071
 26.900000     -0.03422509
 27.000000     -0.03312242
 27.100000     -0.03188179
 27.200000     -0.03055501
 27.300000     -0.02901614
 27.400000     -0.02735766
 27.500000     -0.02564365
 27.600000     -0.02379164
 27.700000     -0.02186292
 27.800000     -0.01975846
 27.900000     -0.01760389
 28.000000     -0.01545118
 28.100000     -0.01326114
 28.200000     -0.01102294
 28.300000     -0.00885984
 28.400000     -0.00672393
 28.500000     -0.00462135
 28.600000     -0.00257531
 28.700000     -0.00055954
 28.800000      0.00129448
 28.900000      0.00299391
 29.000000      0.00449865
 29.100000      0.00584665
 29.200000      0.00716887
 29.300000      0.00834011
 29.400000      0.00930218
 29.500000      0.01019745
 29.600000      0.01098484
 29.700000      0.01167090
 29.800000      0.01222383
 29.900000      0.01282345
 30.000000      0.01343415
 30.100000      0.01408545
 30.200000      0.01473059
 30.300000      0.01540741
 30.400000      0.01610389
 30.500000      0.01668775
 30.600000      0.01717797
 30.700000      0.01763626
 30.800000      0.01802704
 30.900000      0.01847018
 31.000000      0.01882948
 31.100000      0.01919799
 31.200000      0.01958170
 31.300000      0.02015336
 31.400000      0.02049856
 31.500000      0.02083481
 31.600000      0.02114038
 31.700000      0.02143096
 31.800000      0.02165090
 31.900000      0.02177220
 32.000000      0.02197530
 32.100000      0.02221530
 32.200000      0.02245786
 32.300000      0.02267354
 32.400000      0.02291304
 32.500000      0.02316718
 32.600000      0.02333903
 32.700000      0.02362393
 32.800000      0.02394080
 32.900000      0.02427801
 33.000000      0.02472970
 33.100000      0.02521310
 33.200000      0.02568408
 33.300000      0.02620250
 33.400000      0.02682021
 33.500000      0.02741533
 33.600000      0.02803187
 33.700000      0.02854567
 33.800000      0.02900660
 33.900000      0.02950150
 34.000000      0.03009025
 34.100000      0.03073333
 34.200000      0.03130064
 34.300000      0.03183608
 34.400000      0.03238187
 34.500000      0.03287712
 34.600000      0.03333862
 34.700000      0.03372199
 34.800000      0.03411780
 34.900000      0.03453411
 35.000000      0.03498248
 35.100000      0.03534251
 35.200000      0.03579891
 35.300000      0.03633870
 35.400000      0.03693733
 35.500000      0.03768729
 35.600000      0.03846175
 35.700000      0.03909905
 35.800000      0.03968211
 35.900000      0.04031729
 36.000000      0.04094422
 36.100000      0.04147844
 36.200000      0.04193567
 36.300000      0.04233301
 36.400000      0.04278865
 36.500000      0.04322374
 36.600000      0.04358693
 36.700000      0.04376914
 36.800000      0.04387814
 36.900000      0.04391031
 37.000000      0.04390818
 37.100000      0.04388154
 37.200000      0.04383973
 37.300000      0.04376372
 37.400000      0.04366195
 37.500000      0.04351324
 37.600000      0.04331025
 37.700000      0.04303025
 37.800000      0.04268993
 37.900000      0.04242850
 38.000000      0.04216335
 38.100000      0.04186732
 38.200000      0.04158235
 38.300000      0.04126276
 38.400000      0.04092075
 38.500000      0.04058116
 38.600000      0.04030730
 38.700000      0.04006619
 38.800000      0.03986581
 38.900000      0.03969761
 39.000000      0.03959875
 39.100000      0.03956433
 39.200000      0.03954804
 39.300000      0.03946889
 39.400000      0.03938839
 39.500000      0.03934537
 39.600000      0.03926738
 39.700000      0.03918489
 39.800000      0.03908242
 39.900000      0.03899115
