  0.000000     -0.01920694
  0.100000     -0.01895975
  0.200000     -0.01764492
  0.300000     -0.01574562
  0.400000     -0.01419871
  0.500000     -0.01334291
  0.600000     -0.01214877
  0.700000     -0.01098185
  0.800000     -0.00953351
  0.900000     -0.00784936
  1.000000     -0.00683266
  1.100000     -0.00601736
  1.200000     -0.00523569
  1.300000     -0.00414377
  1.400000     -0.00174211
  1.500000      0.00197296
  1.600000      0.00615485
  1.700000      0.01069816
  1.800000      0.01552139
  1.900000      0.02017653
  2.000000      0.02451746
  2.100000      0.02912178
  2.200000      0.03367504
  2.300000      0.03760123
  2.400000      0.04131610
  2.500000      0.04456418
  2.600000      0.04753385
  2.700000      0.05023936
  2.800000      0.05347753
  2.900000      0.05714364
  3.000000      0.06040247
  3.100000      0.06244405
  3.200000      0.06363102
  3.300000      0.06450328
  3.400000      0.06469841
  3.500000      0.06449056
  3.600000      0.06435329
  3.700000      0.06350870
  3.800000      0.06076895
  3.900000      0.05642005
  4.000000      0.05220194
  4.100000      0.04834395
  4.200000      0.04444477
  4.300000      0.04040224
  4.400000      0.03653234
  4.500000      0.03271988
  4.600000      0.02982036
  4.700000      0.02627572
  4.800000      0.02221868
  4.900000      0.01870376
  5.000000      0.01550267
  5.100000      0.01171503
  5.200000      0.00809901
  5.300000      0.00460542
  5.400000      0.00139814
  5.500000     -0.00128331
  5.600000     -0.00449929
  5.700000     -0.00778003
  5.800000     -0.00990905
  5.900000     -0.01241023
  6.000000     -0.01573438
  6.100000     -0.01967747
  6.200000     -0.02273563
  6.300000     -0.02493326
  6.400000     -0.02699390
  6.500000     -0.02875425
  6.600000     -0.02926556
  6.700000     -0.02786139
  6.800000     -0.02527817
  6.900000     -0.02363298
  7.000000     -0.02253742
  7.100000     -0.02095452
  7.200000     -0.01864637
  7.300000     -0.01674413
  7.400000     -0.01483592
  7.500000     -0.01226683
  7.600000     -0.00876028
  7.700000     -0.00505522
  7.800000     -0.00164076
  7.900000      0.00199277
  8.000000      0.00574452
  8.100000      0.00987309
  8.200000      0.01429211
  8.300000      0.01859380
  8.400000      0.02179589
  8.500000      0.02353399
  8.600000      0.02533339
  8.700000      0.02812929
  8.800000      0.03174853
  8.900000      0.03434035
  9.000000      0.03524232
  9.100000      0.03664095
  9.200000      0.03878798
  9.300000      0.04189575
  9.400000      0.04558256
  9.500000      0.04948267
  9.600000      0.05317482
  9.700000      0.05623653
  9.800000      0.05859254
  9.900000      0.06024835
 10.000000      0.06129758
 10.100000      0.06351234
 10.200000      0.06731407
 10.300000      0.07132958
 10.400000      0.07480454
 10.500000      0.07822268
 10.600000      0.08124748
 10.700000      0.08398391
 10.800000      0.08659167
 10.900000      0.08825534
 11.000000      0.08874289
 11.100000      0.08835012
 11.200000      0.08786401
 11.300000      0.08672479
 11.400000      0.08384779
 11.500000      0.08090126
 11.600000      0.07775964
 11.700000      0.07430904
 11.800000      0.07025197
 11.900000      0.06507038
 12.000000      0.05841803
 12.100000      0.05155314
 12.200000      0.04433017
 12.300000      0.03670627
 12.400000      0.02845116
 12.500000      0.01993690
 12.600000      0.00955538
 12.700000     -0.00184470
 12.800000     -0.01305282
 12.900000     -0.02456966
 13.000000     -0.03709491
 13.100000     -0.05113946
 13.200000     -0.06640537
 13.300000     -0.08115966
 13.400000     -0.09498116
 13.500000     -0.10838182
 13.600000     -0.12170173
 13.700000     -0.13438750
 13.800000     -0.14731965
 13.900000     -0.16152646
 14.000000     -0.17678786
 14.100000     -0.19212120
 14.200000     -0.20665548
 14.300000     -0.22140699
 14.400000     -0.23515387
 14.500000     -0.24883087
 14.600000     -0.26380174
 14.700000     -0.28038764
 14.800000     -0.29664522
 14.900000     -0.31013289
 15.000000     -0.32143847
 15.100000     -0.33252129
 15.200000     -0.34073722
 15.300000     -0.34591517
 15.400000     -0.34862419
 15.500000     -0.34933652
 15.600000     -0.34838164
 15.700000     -0.34403433
 15.800000     -0.33618746
 15.900000     -0.32516395
 16.000000     -0.30985382
 16.100000     -0.29097572
 16.200000     -0.26972787
 16.300000     -0.24777278
 16.400000     -0.22338536
 16.500000     -0.19718729
 16.600000     -0.16885699
 16.700000     -0.13776801
 16.800000     -0.10463806
 16.900000     -0.06859015
 17.000000     -0.02661928
 17.100000      0.02036133
 17.200000      0.07015256
 17.300000      0.12140919
 17.400000      0.17446781
 17.500000      0.23019032
 17.600000      0.28972830
 17.700000      0.35516780
 17.800000      0.42496213
 17.900000      0.49662826
 18.000000      0.56784093
 18.100000      0.63681537
 18.200000      0.70209612
 18.300000      0.75991392
 18.400000      0.80918096
 18.500000      0.85023481
 18.600000      0.88581492
 18.700000      0.91677563
 18.800000      0.94200324
 18.900000      0.96275628
 19.000000      0.97915503
 19.100000      0.99091767
 19.200000      0.99857150
 19.300000      1.00000000
 19.400000      0.99432676
 19.500000      0.98140314
 19.600000      0.96139472
 19.700000      0.93532964
 19.800000      0.90357031
 19.900000      0.86471712
 20.000000      0.81564385
 20.100000      0.75694574
 20.200000      0.69256331
 20.300000      0.62505111
 20.400000      0.55414729
 20.500000      0.48141217
 20.600000      0.40662726
 20.700000      0.33050296
 20.800000      0.25573253
 20.900000      0.18152000
 21.000000      0.10867646
 21.100000      0.03754599
 21.200000     -0.02935500
 21.300000     -0.09170342
 21.400000     -0.15114912
 21.500000     -0.20685356
 21.600000     -0.25890161
 21.700000     -0.30784028
 21.800000     -0.35308967
 21.900000     -0.39388255
 22.000000     -0.42821107
 22.100000     -0.45526720
 22.200000     -0.47670267
 22.300000     -0.49415770
 22.400000     -0.50707360
 22.500000     -0.51411533
 22.600000     -0.51528668
 22.700000     -0.51341527
 22.800000     -0.50986420
 22.900000     -0.50292207
 23.000000     -0.49416291
 23.100000     -0.48516092
 23.200000     -0.47350261
 23.300000     -0.45901537
 23.400000     -0.44190910
 23.500000     -0.42212821
 23.600000     -0.39940930
 23.700000     -0.37591009
 23.800000     -0.35408383
 23.900000     -0.33497145
 24.000000     -0.31530067
 24.100000     -0.29229549
 24.200000     -0.26787288
 24.300000     -0.24309312
 24.400000     -0.21930697
 24.500000     -0.19895346
 24.600000     -0.17981872
 24.700000     -0.16042292
 24.800000     -0.14341082
 24.900000     -0.12698630
 25.000000     -0.11219651
 25.100000     -0.09957382
 25.200000     -0.08924026
 25.300000     -0.08019236
 25.400000     -0.07247497
 25.500000     -0.06641586
 25.600000     -0.06151923
 25.700000     -0.05763795
 25.800000     -0.05568014
 25.900000     -0.05494123
 26.000000     -0.05562056
 26.100000     -0.05676683
 26.200000     -0.05807200
 26.300000     -0.06019765
 26.400000     -0.06316889
 26.500000     -0.06612444
 26.600000     -0.06935177
 26.700000     -0.07342530
 26.800000     -0.07856653
 26.900000     -0.08413887
 27.000000     -0.09049180
 27.100000     -0.09782563
 27.200000     -0.10566689
 27.300000     -0.11278199
 27.400000     -0.12024337
 27.500000     -0.12845600
 27.600000     -0.13654851
 27.700000     -0.14434590
 27.800000     -0.15118759
 27.900000     -0.15735561
 28.000000     -0.16293832
 28.100000     -0.16816158
 28.200000     -0.17358972
 28.300000     -0.17853221
 28.400000     -0.18228757
 28.500000     -0.18628651
 28.600000     -0.18996721
 28.700000     -0.19261484
 28.800000     -0.19513640
 28.900000     -0.19769592
 29.000000     -0.19958987
 29.100000     -0.20073373
 29.200000     -0.20066502
 29.300000     -0.19926193
 29.400000     -0.19770987
 29.500000     -0.19676418
 29.600000     -0.19596570
 29.700000     -0.19428869
 29.800000     -0.19183472
 29.900000     -0.18944593
 30.000000     -0.18762160
 30.100000     -0.18662686
 30.200000     -0.18608069
 30.300000     -0.18681617
 30.400000     -0.18852255
 30.500000     -0.19096879
 30.600000     -0.19373990
 30.700000     -0.19696043
 30.800000     -0.20072385
 30.900000     -0.20603666
 31.000000     -0.21189412
 31.100000     -0.21740155
 31.200000     -0.22200506
 31.300000     -0.22538391
 31.400000     -0.22847397
 31.500000     -0.23040197
 31.600000     -0.23152633
 31.700000     -0.23232937
 31.800000     -0.23275757
 31.900000     -0.23204611
 32.000000     -0.23025116
 32.100000     -0.22774359
 32.200000     -0.22430233
 32.300000     -0.22021390
 32.400000     -0.21543346
 32.500000     -0.21029265
 32.600000     -0.20453200
 32.700000     -0.19758946
 32.800000     -0.18894182
 32.900000     -0.17987071
 33.000000     -0.17138366
 33.100000     -0.16330618
 33.200000     -0.15603179
 33.300000     -0.14978243
 33.400000     -0.14379161
 33.500000     -0.13661780
 33.600000     -0.12978615
 33.700000     -0.12223853
 33.800000     -0.11403137
 33.900000     -0.10648555
 34.000000     -0.09987538
 34.100000     -0.09425181
 34.200000     -0.08860021
 34.300000     -0.08234221
 34.400000     -0.07702703
 34.500000     -0.07264313
 34.600000     -0.06904047
 34.700000     -0.06642106
 34.800000     -0.06509104
 34.900000     -0.06421939
 35.000000     -0.06375558
 35.100000     -0.06244906
 35.200000     -0.06147643
 35.300000     -0.06059092
 35.400000     -0.06090219
 35.500000     -0.06092251
 35.600000     -0.06063385
 35.700000     -0.06029506
 35.800000     -0.06038733
 35.900000     -0.06065728
 36.000000     -0.06096071
 36.100000     -0.06146924
 36.200000     -0.06184387
 36.300000     -0.06163914
 36.400000     -0.06109520
 36.500000     -0.06092617
 36.600000     -0.06091439
 36.700000     -0.05954124
 36.800000     -0.05732588
 36.900000     -0.05555715
 37.000000     -0.05346699
 37.100000     -0.05046723
 37.200000     -0.04618511
 37.300000     -0.04144978
 37.400000     -0.03757934
 37.500000     -0.03553956
 37.600000     -0.03376172
 37.700000     -0.03133419
 37.800000     -0.02977866
 37.900000     -0.02929378
 38.000000     -0.02939215
 38.100000     -0.03039499
 38.200000     -0.03162912
 38.300000     -0.03277610
 38.400000     -0.03358605
 38.500000     -0.03264560
 38.600000     -0.02931413
 38.700000     -0.02623438
 38.800000     -0.02395188
 38.900000     -0.02152504
 39.000000     -0.01920282
 39.100000     -0.01776580
 39.200000     -0.01740884
 39.300000     -0.01820236
 39.400000     -0.01892915
 39.500000     -0.01875990
 39.600000     -0.01811118
 39.700000     -0.01814209
 39.800000     -0.01907529
 39.900000     -0.01992087
