  0.000000     -0.00751731
  0.100000     -0.00753389
  0.200000     -0.00821033
  0.300000     -0.00870423
  0.400000     -0.00872793
  0.500000     -0.00874051
  0.600000     -0.00915519
  0.700000     -0.00940898
  0.800000     -0.00957507
  0.900000     -0.01016372
  1.000000     -0.01034068
  1.100000     -0.01052724
  1.200000     -0.01087123
  1.300000     -0.01139253
  1.400000     -0.01167558
  1.500000     -0.01204982
  1.600000     -0.01269582
  1.700000     -0.01374370
  1.800000     -0.01464825
  1.900000     -0.01566426
  2.000000     -0.01654776
  2.100000     -0.01721486
  2.200000     -0.01791944
  2.300000     -0.01860814
  2.400000     -0.01932312
  2.500000     -0.02011090
  2.600000     -0.02117573
  2.700000     -0.02191578
  2.800000     -0.02262907
  2.900000     -0.02319140
  3.000000     -0.02404410
  3.100000     -0.02497563
  3.200000     -0.02584498
  3.300000     -0.02660982
  3.400000     -0.02735118
  3.500000     -0.02823766
  3.600000     -0.02948247
  3.700000     -0.03010953
  3.800000     -0.03097183
  3.900000     -0.03160581
  4.000000     -0.03258316
  4.100000     -0.03348047
  4.200000     -0.03462197
  4.300000     -0.03540186
  4.400000     -0.03668507
  4.500000     -0.03770845
  4.600000     -0.03814282
  4.700000     -0.03942481
  4.800000     -0.03997101
  4.900000     -0.04052387
  5.000000     -0.04105230
  5.100000     -0.04104461
  5.200000     -0.04109396
  5.300000     -0.04104030
  5.400000     -0.04075330
  5.500000     -0.04021828
  5.600000     -0.04003355
  5.700000     -0.03972051
  5.800000     -0.03935793
  5.900000     -0.03936213
  6.000000     -0.03944047
  6.100000     -0.03918380
  6.200000     -0.03883726
  6.300000     -0.03830761
  6.400000     -0.03800302
  6.500000     -0.03769383
  6.600000     -0.03697279
  6.700000     -0.03675024
  6.800000     -0.03674197
  6.900000     -0.03659898
  7.000000     -0.03638017
  7.100000     -0.03629655
  7.200000     -0.03675698
  7.300000     -0.03664014
  7.400000     -0.03694657
  7.500000     -0.03790992
  7.600000     -0.03860651
  7.700000     -0.03906287
  7.800000     -0.03965234
  7.900000     -0.04046338
  8.000000     -0.04135265
  8.100000     -0.04224644
  8.200000     -0.04324851
  8.300000     -0.04436712
  8.400000     -0.04560473
  8.500000     -0.04696369
  8.600000     -0.04844132
  8.700000     -0.05003892
  8.800000     -0.05161826
  8.900000     -0.05371472
  9.000000     -0.05617747
  9.100000     -0.05895652
  9.200000     -0.06136517
  9.300000     -0.06372252
  9.400000     -0.06635770
  9.500000     -0.06929363
  9.600000     -0.07197074
  9.700000     -0.07473190
  9.800000     -0.07756388
  9.900000     -0.08080985
 10.000000     -0.08387750
 10.100000     -0.08687521
 10.200000     -0.08996853
 10.300000     -0.09284107
 10.400000     -0.09582945
 10.500000     -0.09878579
 10.600000     -0.10183514
 10.700000     -0.10463066
 10.800000     -0.10731450
 10.900000     -0.10986540
 11.000000     -0.11226708
 11.100000     -0.11446217
 11.200000     -0.11643631
 11.300000     -0.11815831
 11.400000     -0.11975477
 11.500000     -0.12103683
 11.600000     -0.12183126
 11.700000     -0.12224051
 11.800000     -0.12223300
 11.900000     -0.12176742
 12.000000     -0.12080737
 12.100000     -0.11931417
 12.200000     -0.11725144
 12.300000     -0.11458210
 12.400000     -0.11127117
 12.500000     -0.10728314
 12.600000     -0.10258633
 12.700000     -0.09715215
 12.800000     -0.09094897
 12.900000     -0.08395100
 13.000000     -0.07613762
 13.100000     -0.06748248
 13.200000     -0.05796290
 13.300000     -0.04756213
 13.400000     -0.03625835
 13.500000     -0.02404166
 13.600000     -0.01090690
 13.700000      0.00316212
 13.800000      0.01817370
 13.900000      0.03412480
 14.000000      0.05101983
 14.100000      0.06885767
 14.200000      0.08763174
 14.300000      0.10733445
 14.400000      0.12795594
 14.500000      0.14947428
 14.600000      0.17187013
 14.700000      0.19512196
 14.800000      0.21919649
 14.900000      0.24405990
 15.000000      0.26967664
 15.100000      0.29600391
 15.200000      0.32299096
 15.300000      0.35058492
 15.400000      0.37872607
 15.500000      0.40734969
 15.600000      0.43638873
 15.700000      0.46576443
 15.800000      0.49539613
 15.900000      0.52519595
 16.000000      0.55507578
 16.100000      0.58493363
 16.200000      0.61467022
 16.300000      0.64417716
 16.400000      0.67334159
 16.500000      0.70205049
 16.600000      0.73018466
 16.700000      0.75761978
 16.800000      0.78423037
 16.900000      0.80989296
 17.000000      0.83447020
 17.100000      0.85783942
 17.200000      0.87986941
 17.300000      0.90042646
 17.400000      0.91938496
 17.500000      0.93662483
 17.600000      0.95202344
 17.700000      0.96547142
 17.800000      0.97686355
 17.900000      0.98609967
 18.000000      0.99308672
 18.100000      0.99775072
 18.200000      1.00000000
 18.300000      0.99975076
 18.400000      0.99693434
 18.500000      0.99155011
 18.600000      0.98359730
 18.700000      0.97306536
 18.800000      0.95995207
 18.900000      0.94427964
 19.000000      0.92608217
 19.100000      0.90540499
 19.200000      0.88231088
 19.300000      0.85688656
 19.400000      0.82922666
 19.500000      0.79942731
 19.600000      0.76760358
 19.700000      0.73388394
 19.800000      0.69840818
 19.900000      0.66131826
 20.000000      0.62276929
 20.100000      0.58291643
 20.200000      0.54192441
 20.300000      0.49995554
 20.400000      0.45718349
 20.500000      0.41377580
 20.600000      0.36990430
 20.700000      0.32573604
 20.800000      0.28144043
 20.900000      0.23718096
 21.000000      0.19311964
 21.100000      0.14940959
 21.200000      0.10619893
 21.300000      0.06362931
 21.400000      0.02183581
 21.500000     -0.01905152
 21.600000     -0.05891781
 21.700000     -0.09765076
 21.800000     -0.13514739
 21.900000     -0.17132646
 22.000000     -0.20610332
 22.100000     -0.23940828
 22.200000     -0.27117934
 22.300000     -0.30136498
 22.400000     -0.32993011
 22.500000     -0.35683603
 22.600000     -0.38206552
 22.700000     -0.40560229
 22.800000     -0.42744371
 22.900000     -0.44759708
 23.000000     -0.46607401
 23.100000     -0.48289934
 23.200000     -0.49808299
 23.300000     -0.51166111
 23.400000     -0.52365220
 23.500000     -0.53410233
 23.600000     -0.54306694
 23.700000     -0.55058061
 23.800000     -0.55669664
 23.900000     -0.56146971
 24.000000     -0.56494925
 24.100000     -0.56718513
 24.200000     -0.56823217
 24.300000     -0.56814329
 24.400000     -0.56696974
 24.500000     -0.56477009
 24.600000     -0.56160093
 24.700000     -0.55751582
 24.800000     -0.55257173
 24.900000     -0.54682025
 25.000000     -0.54031152
 25.100000     -0.53309998
 25.200000     -0.52523654
 25.300000     -0.51677302
 25.400000     -0.50776392
 25.500000     -0.49825707
 25.600000     -0.48829774
 25.700000     -0.47793944
 25.800000     -0.46722911
 25.900000     -0.45620442
 26.000000     -0.44491882
 26.100000     -0.43341504
 26.200000     -0.42173796
 26.300000     -0.40993441
 26.400000     -0.39804382
 26.500000     -0.38610834
 26.600000     -0.37417043
 26.700000     -0.36226741
 26.800000     -0.35043924
 26.900000     -0.33872379
 27.000000     -0.32715910
 27.100000     -0.31577499
 27.200000     -0.30460085
 27.300000     -0.29366957
 27.400000     -0.28300464
 27.500000     -0.27263154
 27.600000     -0.26256724
 27.700000     -0.25282521
 27.800000     -0.24342229
 27.900000     -0.23436858
 28.000000     -0.22566513
 28.100000     -0.21731693
 28.200000     -0.20933139
 28.300000     -0.20170963
 28.400000     -0.19444983
 28.500000     -0.18754235
 28.600000     -0.18097579
 28.700000     -0.17473359
 28.800000     -0.16880972
 28.900000     -0.16319054
 29.000000     -0.15786175
 29.100000     -0.15280790
 29.200000     -0.14801571
 29.300000     -0.14346995
 29.400000     -0.13915110
 29.500000     -0.13463889
 29.600000     -0.13039158
 29.700000     -0.12668776
 29.800000     -0.12316520
 29.900000     -0.11981039
 30.000000     -0.11661648
 30.100000     -0.11357815
 30.200000     -0.11068767
 30.300000     -0.10793847
 30.400000     -0.10532425
 30.500000     -0.10284112
 30.600000     -0.10048180
 30.700000     -0.09824408
 30.800000     -0.09612295
 30.900000     -0.09412177
 31.000000     -0.09222836
 31.100000     -0.08981267
 31.200000     -0.08799201
 31.300000     -0.08646444
 31.400000     -0.08736139
 31.500000     -0.08622662
 31.600000     -0.08514900
 31.700000     -0.08412454
 31.800000     -0.08314554
 31.900000     -0.08218856
 32.000000     -0.08127336
 32.100000     -0.08037658
 32.200000     -0.07949159
 32.300000     -0.07861560
 32.400000     -0.07774210
 32.500000     -0.07686962
 32.600000     -0.07599481
 32.700000     -0.07480930
 32.800000     -0.07348431
 32.900000     -0.07268363
 33.000000     -0.07177717
 33.100000     -0.07086248
 33.200000     -0.07114562
 33.300000     -0.07024423
 33.400000     -0.06939694
 33.500000     -0.06872201
 33.600000     -0.06796725
 33.700000     -0.06719317
 33.800000     -0.06644132
 33.900000     -0.06571851
 34.000000     -0.06414996
 34.100000     -0.06349878
 34.200000     -0.06289765
 34.300000     -0.06229452
 34.400000     -0.06148137
 34.500000     -0.06145015
 34.600000     -0.06132290
 34.700000     -0.06112169
 34.800000     -0.06110431
 34.900000     -0.06065056
 35.000000     -0.06045205
 35.100000     -0.06040399
 35.200000     -0.06007594
 35.300000     -0.06022147
 35.400000     -0.06046795
 35.500000     -0.06078367
 35.600000     -0.06146350
 35.700000     -0.06138144
 35.800000     -0.06087178
 35.900000     -0.06086958
 36.000000     -0.06152068
 36.100000     -0.06086000
 36.200000     -0.06073555
 36.300000     -0.06124557
 36.400000     -0.06166931
 36.500000     -0.06180181
 36.600000     -0.06233203
 36.700000     -0.06293176
 36.800000     -0.06349720
 36.900000     -0.06403117
 37.000000     -0.06574369
 37.100000     -0.06628916
 37.200000     -0.06650173
 37.300000     -0.06668392
 37.400000     -0.06641437
 37.500000     -0.06606803
 37.600000     -0.06587472
 37.700000     -0.06593523
 37.800000     -0.06578997
 37.900000     -0.06565557
 38.000000     -0.06549327
 38.100000     -0.06515784
 38.200000     -0.06509939
 38.300000     -0.06338722
 38.400000     -0.06266503
 38.500000     -0.06226984
 38.600000     -0.06173300
 38.700000     -0.06122343
 38.800000     -0.06047087
 38.900000     -0.05967236
 39.000000     -0.05889253
 39.100000     -0.05809063
 39.200000     -0.05732052
 39.300000     -0.05652882
 39.400000     -0.05583200
 39.500000     -0.05523768
 39.600000     -0.05454154
 39.700000     -0.05348003
 39.800000     -0.05228759
 39.900000     -0.05073847
