  0.000000      0.00066035
  0.100000     -0.00048402
  0.200000     -0.00049336
  0.300000     -0.00029777
  0.400000     -0.00126922
  0.500000     -0.00266261
  0.600000     -0.00317458
  0.700000     -0.00354247
  0.800000     -0.00426930
  0.900000     -0.00469386
  1.000000     -0.00337111
  1.100000     -0.00384926
  1.200000     -0.00451175
  1.300000     -0.00545075
  1.400000     -0.00618562
  1.500000     -0.00688801
  1.600000     -0.00791491
  1.700000     -0.00889000
  1.800000     -0.00979898
  1.900000     -0.01186374
  2.000000     -0.01283359
  2.100000     -0.01421571
  2.200000     -0.01567252
  2.300000     -0.01653017
  2.400000     -0.01680671
  2.500000     -0.01893849
  2.600000     -0.01953436
  2.700000     -0.02042835
  2.800000     -0.02182879
  2.900000     -0.02251595
  3.000000     -0.02277381
  3.100000     -0.02373268
  3.200000     -0.02453353
  3.300000     -0.02445379
  3.400000     -0.02510542
  3.500000     -0.02507635
  3.600000     -0.02471190
  3.700000     -0.02512420
  3.800000     -0.02558954
  3.900000     -0.02641230
  4.000000     -0.02700007
  4.100000     -0.02755229
  4.200000     -0.02840932
  4.300000     -0.02909312
  4.400000     -0.03053264
  4.500000     -0.03107889
  4.600000     -0.03112096
  4.700000     -0.03137175
  4.800000     -0.03091966
  4.900000     -0.03127692
  5.000000     -0.03219673
  5.100000     -0.03236215
  5.200000     -0.03276583
  5.300000     -0.03410591
  5.400000     -0.03546211
  5.500000     -0.03543090
  5.600000     -0.03586603
  5.700000     -0.03774706
  5.800000     -0.03910441
  5.900000     -0.03942662
  6.000000     -0.03947033
  6.100000     -0.04034181
  6.200000     -0.04125326
  6.300000     -0.04131071
  6.400000     -0.04143857
  6.500000     -0.04154164
  6.600000     -0.04187639
  6.700000     -0.04207737
  6.800000     -0.04201100
  6.900000     -0.04209106
  7.000000     -0.04186080
  7.100000     -0.04237395
  7.200000     -0.04229946
  7.300000     -0.04241999
  7.400000     -0.04234272
  7.500000     -0.04259974
  7.600000     -0.04278919
  7.700000     -0.04296872
  7.800000     -0.04312778
  7.900000     -0.04336916
  8.000000     -0.04398893
  8.100000     -0.04490989
  8.200000     -0.04583589
  8.300000     -0.04656716
  8.400000     -0.04682345
  8.500000     -0.04780884
  8.600000     -0.04845336
  8.700000     -0.04920031
  8.800000     -0.04971420
  8.900000     -0.05031915
  9.000000     -0.05128403
  9.100000     -0.05311742
  9.200000     -0.05466587
  9.300000     -0.05589270
  9.400000     -0.05780246
  9.500000     -0.05919096
  9.600000     -0.06090172
  9.700000     -0.06319378
  9.800000     -0.06511125
  9.900000     -0.06721080
 10.000000     -0.06920626
 10.100000     -0.07106570
 10.200000     -0.07269160
 10.300000     -0.07420640
 10.400000     -0.07632057
 10.500000     -0.07889138
 10.600000     -0.08058992
 10.700000     -0.08249946
 10.800000     -0.08396059
 10.900000     -0.08530934
 11.000000     -0.08654938
 11.100000     -0.08766738
 11.200000     -0.08849785
 11.300000     -0.08943371
 11.400000     -0.09015419
 11.500000     -0.09060322
 11.600000     -0.09082563
 11.700000     -0.09079663
 11.800000     -0.09049357
 11.900000     -0.08989178
 12.000000     -0.08896634
 12.100000     -0.08736348
 12.200000     -0.08585702
 12.300000     -0.08387062
 12.400000     -0.08135990
 12.500000     -0.07838800
 12.600000     -0.07492812
 12.700000     -0.07094794
 12.800000     -0.06639866
 12.900000     -0.06129387
 13.000000     -0.05570089
 13.100000     -0.04956012
 13.200000     -0.04255429
 13.300000     -0.03486979
 13.400000     -0.02648276
 13.500000     -0.01737241
 13.600000     -0.00752008
 13.700000      0.00309365
 13.800000      0.01448974
 13.900000      0.02667999
 14.000000      0.03967118
 14.100000      0.05347255
 14.200000      0.06809447
 14.300000      0.08353698
 14.400000      0.09980086
 14.500000      0.11688496
 14.600000      0.13479078
 14.700000      0.15350375
 14.800000      0.17301180
 14.900000      0.19330346
 15.000000      0.21435968
 15.100000      0.23615891
 15.200000      0.25867543
 15.300000      0.28188007
 15.400000      0.30574233
 15.500000      0.33022485
 15.600000      0.35528754
 15.700000      0.38088304
 15.800000      0.40696208
 15.900000      0.43347069
 16.000000      0.46034889
 16.100000      0.48753145
 16.200000      0.51494936
 16.300000      0.54252715
 16.400000      0.57018350
 16.500000      0.59783736
 16.600000      0.62539874
 16.700000      0.65277217
 16.800000      0.67986180
 16.900000      0.70656921
 17.000000      0.73279011
 17.100000      0.75841753
 17.200000      0.78333823
 17.300000      0.80744673
 17.400000      0.83063543
 17.500000      0.85278655
 17.600000      0.87378878
 17.700000      0.89353588
 17.800000      0.91191660
 17.900000      0.92882333
 18.000000      0.94415513
 18.100000      0.95782466
 18.200000      0.96972479
 18.300000      0.97976792
 18.400000      0.98788930
 18.500000      0.99401625
 18.600000      0.99807812
 18.700000      1.00000000
 18.800000      0.99970827
 18.900000      0.99716286
 19.000000      0.99235335
 19.100000      0.98527587
 19.200000      0.97591944
 19.300000      0.96428243
 19.400000      0.95037383
 19.500000      0.93421276
 19.600000      0.91582760
 19.700000      0.89526892
 19.800000      0.87258452
 19.900000      0.84784073
 20.000000      0.82111726
 20.100000      0.79249525
 20.200000      0.76206438
 20.300000      0.72992992
 20.400000      0.69620783
 20.500000      0.66101650
 20.600000      0.62447667
 20.700000      0.58671797
 20.800000      0.54788184
 20.900000      0.50810365
 21.000000      0.46753272
 21.100000      0.42631256
 21.200000      0.38459051
 21.300000      0.34251620
 21.400000      0.30023419
 21.500000      0.25788828
 21.600000      0.21562113
 21.700000      0.17356767
 21.800000      0.13186244
 21.900000      0.09063271
 22.000000      0.04999745
 22.100000      0.01007218
 22.200000     -0.02903381
 22.300000     -0.06722136
 22.400000     -0.10439605
 22.500000     -0.14047320
 22.600000     -0.17537774
 22.700000     -0.20903627
 22.800000     -0.24138820
 22.900000     -0.27238099
 23.000000     -0.30196736
 23.100000     -0.33011628
 23.200000     -0.35679242
 23.300000     -0.38197457
 23.400000     -0.40564525
 23.500000     -0.42779834
 23.600000     -0.44843357
 23.700000     -0.46755505
 23.800000     -0.48516126
 23.900000     -0.50126602
 24.000000     -0.51589020
 24.100000     -0.52906284
 24.200000     -0.54080587
 24.300000     -0.55115351
 24.400000     -0.56013893
 24.500000     -0.56780020
 24.600000     -0.57416626
 24.700000     -0.57928941
 24.800000     -0.58321392
 24.900000     -0.58598257
 25.000000     -0.58764350
 25.100000     -0.58825018
 25.200000     -0.58784946
 25.300000     -0.58649599
 25.400000     -0.58423725
 25.500000     -0.58112587
 25.600000     -0.57721374
 25.700000     -0.57255765
 25.800000     -0.56721185
 25.900000     -0.56122222
 26.000000     -0.55464264
 26.100000     -0.54752540
 26.200000     -0.53991981
 26.300000     -0.53187419
 26.400000     -0.52343433
 26.500000     -0.51464930
 26.600000     -0.50556619
 26.700000     -0.49622359
 26.800000     -0.48666326
 26.900000     -0.47692517
 27.000000     -0.46704730
 27.100000     -0.45706295
 27.200000     -0.44700460
 27.300000     -0.43690750
 27.400000     -0.42679965
 27.500000     -0.41670807
 27.600000     -0.40665704
 27.700000     -0.39667090
 27.800000     -0.38677247
 27.900000     -0.37698155
 28.000000     -0.36731823
 28.100000     -0.35779745
 28.200000     -0.34843447
 28.300000     -0.33924558
 28.400000     -0.33023841
 28.500000     -0.32142438
 28.600000     -0.31281143
 28.700000     -0.30440350
 28.800000     -0.29621241
 28.900000     -0.28824273
 29.000000     -0.28049371
 29.100000     -0.27296643
 29.200000     -0.26565909
 29.300000     -0.25857341
 29.400000     -0.25170540
 29.500000     -0.24505368
 29.600000     -0.23861822
 29.700000     -0.23239327
 29.800000     -0.22637561
 29.900000     -0.22056077
 30.000000     -0.21494334
 30.100000     -0.20951836
 30.200000     -0.20427618
 30.300000     -0.19921238
 30.400000     -0.19432048
 30.500000     -0.18959459
 30.600000     -0.18502358
 30.700000     -0.18060181
 30.800000     -0.17632496
 30.900000     -0.17218521
 31.000000     -0.16817678
 31.100000     -0.16429520
 31.200000     -0.16053159
 31.300000     -0.15688156
 31.400000     -0.15334049
 31.500000     -0.14990031
 31.600000     -0.14655574
 31.700000     -0.14330377
 31.800000     -0.14013924
 31.900000     -0.13705533
 32.000000     -0.13404733
 32.100000     -0.13111199
 32.200000     -0.12824409
 32.300000     -0.12543692
 32.400000     -0.12268610
 32.500000     -0.11998611
 32.600000     -0.11733286
 32.700000     -0.11472125
 32.800000     -0.11214789
 32.900000     -0.10960731
 33.000000     -0.10709847
 33.100000     -0.10461552
 33.200000     -0.10215293
 33.300000     -0.09970515
 33.400000     -0.09727457
 33.500000     -0.09484420
 33.600000     -0.09242054
 33.700000     -0.09003106
 33.800000     -0.08766683
 33.900000     -0.08530221
 34.000000     -0.08291620
 34.100000     -0.08066652
 34.200000     -0.07862110
 34.300000     -0.07617604
 34.400000     -0.07372603
 34.500000     -0.07127102
 34.600000     -0.06882884
 34.700000     -0.06639168
 34.800000     -0.06395041
 34.900000     -0.06151453
 35.000000     -0.05907953
 35.100000     -0.05666461
 35.200000     -0.05422206
 35.300000     -0.05177598
 35.400000     -0.04929549
 35.500000     -0.04682398
 35.600000     -0.04432493
 35.700000     -0.04184661
 35.800000     -0.03939512
 35.900000     -0.03696718
 36.000000     -0.03459009
 36.100000     -0.03223711
 36.200000     -0.02992682
 36.300000     -0.02768811
 36.400000     -0.02547538
 36.500000     -0.02328862
 36.600000     -0.02139496
 36.700000     -0.01936466
 36.800000     -0.01732754
 36.900000     -0.01528404
 37.000000     -0.01331003
 37.100000     -0.01136489
 37.200000     -0.00943898
 37.300000     -0.00751537
 37.400000     -0.00576148
 37.500000     -0.00403838
 37.600000     -0.00233274
 37.700000     -0.00063112
 37.800000      0.00100027
 37.900000      0.00265543
 38.000000      0.00437447
 38.100000      0.00605589
 38.200000      0.00775015
 38.300000      0.00943750
 38.400000      0.01099338
 38.500000      0.01250070
 38.600000      0.01396593
 38.700000      0.01541062
 38.800000      0.01686766
 38.900000      0.01829461
 39.000000      0.01970669
 39.100000      0.02101341
 39.200000      0.02231602
 39.300000      0.02361054
 39.400000      0.02480709
 39.500000      0.02600327
 39.600000      0.02724813
 39.700000      0.02846136
 39.800000      0.02946689
 39.900000      0.03046967
