  0.000000     -0.03711545
  0.100000     -0.04555041
  0.200000     -0.05426609
  0.300000     -0.06306173
  0.400000     -0.07202648
  0.500000     -0.08143802
  0.600000     -0.09113355
  0.700000     -0.10104137
  0.800000     -0.11146489
  0.900000     -0.12301118
  1.000000     -0.13431314
  1.100000     -0.14637742
  1.200000     -0.15759862
  1.300000     -0.16730328
  1.400000     -0.17793702
  1.500000     -0.19059938
  1.600000     -0.20463002
  1.700000     -0.21941512
  1.800000     -0.23784905
  1.900000     -0.25810482
  2.000000     -0.27849216
  2.100000     -0.29793873
  2.200000     -0.31732428
  2.300000     -0.34101248
  2.400000     -0.37204639
  2.500000     -0.40750706
  2.600000     -0.44661006
  2.700000     -0.48826377
  2.800000     -0.53126191
  2.900000     -0.57286058
  3.000000     -0.61278016
  3.100000     -0.64866574
  3.200000     -0.67921673
  3.300000     -0.70198075
  3.400000     -0.71428211
  3.500000     -0.71776312
  3.600000     -0.71901509
  3.700000     -0.72083748
  3.800000     -0.72446294
  3.900000     -0.72867171
  4.000000     -0.72830069
  4.100000     -0.72184814
  4.200000     -0.71228156
  4.300000     -0.70304530
  4.400000     -0.69517969
  4.500000     -0.68888170
  4.600000     -0.68113055
  4.700000     -0.67046811
  4.800000     -0.66103898
  4.900000     -0.65484038
  5.000000     -0.64622462
  5.100000     -0.63158935
  5.200000     -0.61239259
  5.300000     -0.59284731
  5.400000     -0.58127351
  5.500000     -0.58028990
  5.600000     -0.58504163
  5.700000     -0.58615434
  5.800000     -0.57883734
  5.900000     -0.56470179
  6.000000     -0.55082520
  6.100000     -0.54262606
  6.200000     -0.53990614
  6.300000     -0.53593415
  6.400000     -0.52354211
  6.500000     -0.50240437
  6.600000     -0.47275005
  6.700000     -0.43638390
  6.800000     -0.39690897
  6.900000     -0.35933450
  7.000000     -0.32453290
  7.100000     -0.29187792
  7.200000     -0.25609707
  7.300000     -0.21419837
  7.400000     -0.16670496
  7.500000     -0.11810046
  7.600000     -0.07556514
  7.700000     -0.03846756
  7.800000     -0.00576978
  7.900000      0.02225497
  8.000000      0.05072638
  8.100000      0.08470044
  8.200000      0.12475912
  8.300000      0.16950593
  8.400000      0.21466225
  8.500000      0.25470423
  8.600000      0.28866174
  8.700000      0.31989661
  8.800000      0.35170244
  8.900000      0.38627330
  9.000000      0.42492071
  9.100000      0.46455829
  9.200000      0.49874823
  9.300000      0.52361735
  9.400000      0.54158471
  9.500000      0.55940264
  9.600000      0.58326773
  9.700000      0.61303813
  9.800000      0.64426573
  9.900000      0.67273704
 10.000000      0.69620967
 10.100000      0.71626626
 10.200000      0.73392067
 10.300000      0.75205183
 10.400000      0.77108245
 10.500000      0.79148075
 10.600000      0.81677035
 10.700000      0.84509414
 10.800000      0.87264445
 10.900000      0.89646994
 11.000000      0.91472167
 11.100000      0.93018458
 11.200000      0.94766952
 11.300000      0.96511939
 11.400000      0.98250517
 11.500000      0.99732439
 11.600000      1.00000000
 11.700000      0.98989729
 11.800000      0.97235638
 11.900000      0.95247315
 12.000000      0.93707053
 12.100000      0.92622284
 12.200000      0.91465243
 12.300000      0.89790034
 12.400000      0.87301301
 12.500000      0.84169663
 12.600000      0.81399510
 12.700000      0.79662416
 12.800000      0.79087424
 12.900000      0.79330353
 13.000000      0.78307100
 13.100000      0.73788855
 13.200000      0.68652316
 13.300000      0.64331950
 13.400000      0.61781711
 13.500000      0.60935857
 13.600000      0.61110169
 13.700000      0.61604135
 13.800000      0.61391201
 13.900000      0.60141912
 14.000000      0.57510684
 14.100000      0.54184870
 14.200000      0.50720826
 14.300000      0.47500293
 14.400000      0.45169915
 14.500000      0.42975064
 14.600000      0.39535970
 14.700000      0.35031063
 14.800000      0.30419995
 14.900000      0.27069525
 15.000000      0.25503967
 15.100000      0.24077122
 15.200000      0.21668050
 15.300000      0.18277239
 15.400000      0.14536792
 15.500000      0.10940967
 15.600000      0.07799473
 15.700000      0.04761340
 15.800000      0.01516097
 15.900000     -0.02173811
 16.000000     -0.06560672
 16.100000     -0.11727163
 16.200000     -0.16677820
 16.300000     -0.20505558
 16.400000     -0.22907482
 16.500000     -0.23665400
 16.600000     -0.22503592
 16.700000     -0.19657586
 16.800000     -0.17254967
 16.900000     -0.16694386
 17.000000     -0.18212857
 17.100000     -0.20487315
 17.200000     -0.22883018
 17.300000     -0.24747999
 17.400000     -0.25967579
 17.500000     -0.26928291
 17.600000     -0.29035379
 17.700000     -0.32284235
 17.800000     -0.35645387
 17.900000     -0.37972315
 18.000000     -0.39405763
 18.100000     -0.40707724
 18.200000     -0.41662380
 18.300000     -0.41686181
 18.400000     -0.41082081
 18.500000     -0.40630467
 18.600000     -0.40681503
 18.700000     -0.41295228
 18.800000     -0.42388321
 18.900000     -0.44348594
 19.000000     -0.48155668
 19.100000     -0.53799903
 19.200000     -0.60741640
 19.300000     -0.68100844
 19.400000     -0.74364320
 19.500000     -0.79040676
 19.600000     -0.81833314
 19.700000     -0.83549991
 19.800000     -0.85035266
 19.900000     -0.86583559
 20.000000     -0.87420962
 20.100000     -0.86911914
 20.200000     -0.85897388
 20.300000     -0.85076290
 20.400000     -0.83870628
 20.500000     -0.82145011
 20.600000     -0.80129896
 20.700000     -0.78104673
 20.800000     -0.76383171
 20.900000     -0.75267821
 21.000000     -0.75241108
 21.100000     -0.76175277
 21.200000     -0.77352905
 21.300000     -0.78072311
 21.400000     -0.77956988
 21.500000     -0.76813486
 21.600000     -0.74940897
 21.700000     -0.73250658
 21.800000     -0.71151366
 21.900000     -0.68689318
 22.000000     -0.65754426
 22.100000     -0.61267903
 22.200000     -0.55327899
 22.300000     -0.48334577
 22.400000     -0.41748989
 22.500000     -0.36385076
 22.600000     -0.32114486
 22.700000     -0.28705283
 22.800000     -0.25502431
 22.900000     -0.22624036
 23.000000     -0.21228771
 23.100000     -0.21152863
 23.200000     -0.21151908
 23.300000     -0.20401600
 23.400000     -0.18828801
 23.500000     -0.15757996
 23.600000     -0.12010322
 23.700000     -0.08172068
 23.800000     -0.05025182
 23.900000     -0.03141452
 24.000000     -0.01800156
 24.100000     -0.00682155
 24.200000     -0.00061647
 24.300000      0.00080528
 24.400000     -0.00523293
 24.500000     -0.01956371
 24.600000     -0.03577187
 24.700000     -0.05055967
 24.800000     -0.05574508
 24.900000     -0.04735902
 25.000000     -0.02799796
 25.100000     -0.00392160
 25.200000      0.02024644
 25.300000      0.04667454
 25.400000      0.07015933
 25.500000      0.09144584
 25.600000      0.11431090
 25.700000      0.13533680
 25.800000      0.15100029
 25.900000      0.16005650
 26.000000      0.16943274
 26.100000      0.18611375
 26.200000      0.20675464
 26.300000      0.22471759
 26.400000      0.23475390
 26.500000      0.23554627
 26.600000      0.23287386
 26.700000      0.23297186
 26.800000      0.23864159
 26.900000      0.25062645
 27.000000      0.26409268
 27.100000      0.27119803
 27.200000      0.26929448
 27.300000      0.26394611
 27.400000      0.26248290
 27.500000      0.26664986
 27.600000      0.27284254
 27.700000      0.27802963
 27.800000      0.27875274
 27.900000      0.27432422
 28.000000      0.26793696
 28.100000      0.26011020
 28.200000      0.25465643
 28.300000      0.25145113
 28.400000      0.24638122
 28.500000      0.23792729
 28.600000      0.22644734
 28.700000      0.21606050
 28.800000      0.20910393
 28.900000      0.20467891
 29.000000      0.20300056
 29.100000      0.20162356
 29.200000      0.20104097
 29.300000      0.20407384
 29.400000      0.20631038
 29.500000      0.20374396
 29.600000      0.19572882
 29.700000      0.18530319
 29.800000      0.17409621
 29.900000      0.16128593
 30.000000      0.14846115
 30.100000      0.13133458
 30.200000      0.11216593
 30.300000      0.09555025
 30.400000      0.08276440
 30.500000      0.07473265
 30.600000      0.07309562
 30.700000      0.07367732
 30.800000      0.07345833
 30.900000      0.07117378
 31.000000      0.06810042
 31.100000      0.06646296
 31.200000      0.06489006
 31.300000      0.06154869
 31.400000      0.05664735
 31.500000      0.05098274
 31.600000      0.04558769
 31.700000      0.04364891
 31.800000      0.04037644
 31.900000      0.03658220
 32.000000      0.03251231
 32.100000      0.02720187
 32.200000      0.01982099
 32.300000      0.00811403
 32.400000     -0.00644971
 32.500000     -0.02323751
 32.600000     -0.04088758
 32.700000     -0.05371737
 32.800000     -0.05813379
 32.900000     -0.05522155
 33.000000     -0.04652224
 33.100000     -0.03572438
 33.200000     -0.04562470
 33.300000     -0.06449522
 33.400000     -0.05138626
 33.500000     -0.03723180
 33.600000     -0.02332324
 33.700000     -0.01114485
 33.800000     -0.00423974
 33.900000      0.00017740
 34.000000      0.00028313
 34.100000     -0.00372558
 34.200000     -0.00991447
 34.300000     -0.01326930
 34.400000     -0.01295941
 34.500000     -0.00989358
 34.600000     -0.01271488
 34.700000     -0.02645686
 34.800000     -0.04690719
 34.900000     -0.06883434
 35.000000     -0.08933941
 35.100000     -0.10719606
 35.200000     -0.12215318
 35.300000     -0.13529538
 35.400000     -0.14877765
 35.500000     -0.16251020
 35.600000     -0.17049116
 35.700000     -0.17809965
 35.800000     -0.19366466
 35.900000     -0.20928768
 36.000000     -0.22392969
 36.100000     -0.23693350
 36.200000     -0.24778447
 36.300000     -0.25718033
 36.400000     -0.26671812
 36.500000     -0.27449750
 36.600000     -0.27781493
 36.700000     -0.27763067
 36.800000     -0.27554988
 36.900000     -0.27284893
 37.000000     -0.27239128
 37.100000     -0.27330787
 37.200000     -0.27174455
 37.300000     -0.26648513
 37.400000     -0.25818883
 37.500000     -0.24806683
 37.600000     -0.23746001
 37.700000     -0.22806536
 37.800000     -0.21910561
 37.900000     -0.20748388
 38.000000     -0.20466033
 38.100000     -0.20330401
 38.200000     -0.20134912
 38.300000     -0.19935509
 38.400000     -0.19746818
 38.500000     -0.19564355
 38.600000     -0.19383411
 38.700000     -0.19195057
 38.800000     -0.19010756
 38.900000     -0.18835486
 39.000000     -0.18689959
 39.100000     -0.18586419
 39.200000     -0.18520959
 39.300000     -0.18488821
 39.400000     -0.18510099
 39.500000     -0.18586364
 39.600000     -0.18718370
 39.700000     -0.18906177
 39.800000     -0.19119112
 39.900000     -0.19364517
