  0.000000     -0.03656015
  0.100000     -0.03736997
  0.200000     -0.03848332
  0.300000     -0.03930529
  0.400000     -0.03986730
  0.500000     -0.04025602
  0.600000     -0.04047572
  0.700000     -0.04042802
  0.800000     -0.04026700
  0.900000     -0.03996258
  1.000000     -0.03979422
  1.100000     -0.03976662
  1.200000     -0.03962861
  1.300000     -0.03958657
  1.400000     -0.03967023
  1.500000     -0.03982628
  1.600000     -0.03974093
  1.700000     -0.03958618
  1.800000     -0.03962174
  1.900000     -0.04045103
  2.000000     -0.04232066
  2.100000     -0.04350411
  2.200000     -0.04396430
  2.300000     -0.04445461
  2.400000     -0.04502539
  2.500000     -0.04629533
  2.600000     -0.04786407
  2.700000     -0.04969384
  2.800000     -0.05191195
  2.900000     -0.05458353
  3.000000     -0.05776967
  3.100000     -0.06115100
  3.200000     -0.06518319
  3.300000     -0.07010705
  3.400000     -0.07552724
  3.500000     -0.08124637
  3.600000     -0.08694202
  3.700000     -0.09236303
  3.800000     -0.09780039
  3.900000     -0.10232510
  4.000000     -0.10610502
  4.100000     -0.11006684
  4.200000     -0.11347710
  4.300000     -0.11630103
  4.400000     -0.11810326
  4.500000     -0.11898416
  4.600000     -0.11914590
  4.700000     -0.11834392
  4.800000     -0.11685334
  4.900000     -0.11420002
  5.000000     -0.11143909
  5.100000     -0.10797790
  5.200000     -0.10324676
  5.300000     -0.09698486
  5.400000     -0.08869563
  5.500000     -0.07830467
  5.600000     -0.06589018
  5.700000     -0.05078652
  5.800000     -0.03220766
  5.900000     -0.01015195
  6.000000      0.01604699
  6.100000      0.04719224
  6.200000      0.08387258
  6.300000      0.12656183
  6.400000      0.17682925
  6.500000      0.23499627
  6.600000      0.30077662
  6.700000      0.37296645
  6.800000      0.44978439
  6.900000      0.53028261
  7.000000      0.61257885
  7.100000      0.69355638
  7.200000      0.76921043
  7.300000      0.83733895
  7.400000      0.89574951
  7.500000      0.94219609
  7.600000      0.97441651
  7.700000      0.99321509
  7.800000      1.00000000
  7.900000      0.99472347
  8.000000      0.97658487
  8.100000      0.94549524
  8.200000      0.90010766
  8.300000      0.84069956
  8.400000      0.77012108
  8.500000      0.68992023
  8.600000      0.60199440
  8.700000      0.50859437
  8.800000      0.41162071
  8.900000      0.31579707
  9.000000      0.22443149
  9.100000      0.13951913
  9.200000      0.06139591
  9.300000     -0.00938595
  9.400000     -0.07139599
  9.500000     -0.12520929
  9.600000     -0.17342225
  9.700000     -0.21595888
  9.800000     -0.25280851
  9.900000     -0.28313001
 10.000000     -0.30583617
 10.100000     -0.32007116
 10.200000     -0.32661498
 10.300000     -0.32847423
 10.400000     -0.32813009
 10.500000     -0.32654198
 10.600000     -0.32341864
 10.700000     -0.31887077
 10.800000     -0.31493499
 10.900000     -0.31270703
 11.000000     -0.31305053
 11.100000     -0.31436763
 11.200000     -0.31419923
 11.300000     -0.31139718
 11.400000     -0.30580000
 11.500000     -0.29825846
 11.600000     -0.28937471
 11.700000     -0.27977712
 11.800000     -0.27066487
 11.900000     -0.26309093
 12.000000     -0.25630867
 12.100000     -0.24887258
 12.200000     -0.24120283
 12.300000     -0.23267926
 12.400000     -0.22375496
 12.500000     -0.21604883
 12.600000     -0.20956862
 12.700000     -0.20383951
 12.800000     -0.19911786
 12.900000     -0.19456033
 13.000000     -0.18985280
 13.100000     -0.18412769
 13.200000     -0.17777075
 13.300000     -0.17074510
 13.400000     -0.16295166
 13.500000     -0.15505436
 13.600000     -0.14751966
 13.700000     -0.14021123
 13.800000     -0.13178849
 13.900000     -0.12212125
 14.000000     -0.11202276
 14.100000     -0.10366249
 14.200000     -0.09738283
 14.300000     -0.09240723
 14.400000     -0.08871840
 14.500000     -0.08482042
 14.600000     -0.07926376
 14.700000     -0.07218500
 14.800000     -0.06511831
 14.900000     -0.05935968
 15.000000     -0.05438180
 15.100000     -0.05020674
 15.200000     -0.04779533
 15.300000     -0.04743844
 15.400000     -0.04812800
 15.500000     -0.04847687
 15.600000     -0.04891363
 15.700000     -0.04828841
 15.800000     -0.04536015
 15.900000     -0.04044264
 16.000000     -0.03449643
 16.100000     -0.02824509
 16.200000     -0.02433784
 16.300000     -0.02292922
 16.400000     -0.02443037
 16.500000     -0.02741582
 16.600000     -0.03090532
 16.700000     -0.03371498
 16.800000     -0.03607797
 16.900000     -0.03753655
 17.000000     -0.03869558
 17.100000     -0.03931264
 17.200000     -0.03914227
 17.300000     -0.03869648
 17.400000     -0.03786158
 17.500000     -0.03670606
 17.600000     -0.03539884
 17.700000     -0.03463043
 17.800000     -0.03530518
 17.900000     -0.03688125
 18.000000     -0.03769687
 18.100000     -0.03780182
 18.200000     -0.03713564
 18.300000     -0.03676179
 18.400000     -0.03696291
 18.500000     -0.03844079
 18.600000     -0.04091696
 18.700000     -0.04339236
 18.800000     -0.04599424
 18.900000     -0.04800548
 19.000000     -0.04931650
 19.100000     -0.04904745
 19.200000     -0.04771155
 19.300000     -0.04521215
 19.400000     -0.04230797
 19.500000     -0.03972740
 19.600000     -0.03799983
 19.700000     -0.03787021
 19.800000     -0.03865943
 19.900000     -0.04018233
 20.000000     -0.04209303
 20.100000     -0.04420830
 20.200000     -0.04599415
 20.300000     -0.04683186
 20.400000     -0.04662735
 20.500000     -0.04575795
 20.600000     -0.04424873
 20.700000     -0.04257858
 20.800000     -0.04087837
 20.900000     -0.03980159
 21.000000     -0.03990348
 21.100000     -0.04078381
 21.200000     -0.04218172
 21.300000     -0.04396019
 21.400000     -0.04576751
 21.500000     -0.04766244
 21.600000     -0.04928254
 21.700000     -0.05093407
 21.800000     -0.05235195
 21.900000     -0.05376720
 22.000000     -0.05427770
 22.100000     -0.05371351
 22.200000     -0.05212194
 22.300000     -0.04909741
 22.400000     -0.04432291
 22.500000     -0.03872672
 22.600000     -0.03222435
 22.700000     -0.02566308
 22.800000     -0.01901888
 22.900000     -0.01282104
 23.000000     -0.00806218
 23.100000     -0.00462682
 23.200000     -0.00321387
 23.300000     -0.00356430
 23.400000     -0.00544859
 23.500000     -0.00818729
 23.600000     -0.01113163
 23.700000     -0.01402172
 23.800000     -0.01741785
 23.900000     -0.02036277
 24.000000     -0.02315857
 24.100000     -0.02479149
 24.200000     -0.02465987
 24.300000     -0.02276105
 24.400000     -0.01950278
 24.500000     -0.01437913
 24.600000     -0.00805632
 24.700000     -0.00133243
 24.800000      0.00446717
 24.900000      0.00795780
 25.000000      0.00936776
 25.100000      0.00904884
 25.200000      0.00730746
 25.300000      0.00437068
 25.400000      0.00079029
 25.500000     -0.00259651
 25.600000     -0.00493250
 25.700000     -0.00646178
 25.800000     -0.00722550
 25.900000     -0.00727276
 26.000000     -0.00733796
 26.100000     -0.00700230
 26.200000     -0.00622249
 26.300000     -0.00562539
 26.400000     -0.00522851
 26.500000     -0.00590993
 26.600000     -0.00707372
 26.700000     -0.00811517
 26.800000     -0.00840532
 26.900000     -0.00746463
 27.000000     -0.00504957
 27.100000     -0.00158009
 27.200000      0.00222824
 27.300000      0.00611248
 27.400000      0.00978672
 27.500000      0.01280799
 27.600000      0.01568124
 27.700000      0.01695107
 27.800000      0.01752095
 27.900000      0.01741065
 28.000000      0.01681279
 28.100000      0.01539160
 28.200000      0.01410785
 28.300000      0.01294064
 28.400000      0.01286963
 28.500000      0.01403991
 28.600000      0.01664577
 28.700000      0.02023505
 28.800000      0.02459139
 28.900000      0.02962639
 29.000000      0.03552503
 29.100000      0.04224442
 29.200000      0.04953597
 29.300000      0.05669226
 29.400000      0.06355279
 29.500000      0.07001698
 29.600000      0.07501247
 29.700000      0.07843748
 29.800000      0.07981888
 29.900000      0.08060573
 30.000000      0.08023187
 30.100000      0.07833453
 30.200000      0.07522229
 30.300000      0.07105733
 30.400000      0.06593774
 30.500000      0.05999970
 30.600000      0.05370042
 30.700000      0.04659412
 30.800000      0.03859235
 30.900000      0.03072356
 31.000000      0.02350623
 31.100000      0.01732098
 31.200000      0.01262128
 31.300000      0.00934647
 31.400000      0.00701513
 31.500000      0.00558596
 31.600000      0.00498030
 31.700000      0.00489923
 31.800000      0.00466531
 31.900000      0.00418613
 32.000000      0.00376250
 32.100000      0.00278878
 32.200000      0.00180103
 32.300000      0.00074274
 32.400000      0.00003442
 32.500000     -0.00021017
 32.600000      0.00039965
 32.700000      0.00165889
 32.800000      0.00305241
 32.900000      0.00411410
 33.000000      0.00515650
 33.100000      0.00581973
 33.200000      0.00587276
 33.300000      0.00559228
 33.400000      0.00507016
 33.500000      0.00490895
 33.600000      0.00464588
 33.700000      0.00423052
 33.800000      0.00374468
 33.900000      0.00368190
 34.000000      0.00412111
 34.100000      0.00482067
 34.200000      0.00542797
 34.300000      0.00627408
 34.400000      0.00767879
 34.500000      0.00946769
 34.600000      0.01149818
 34.700000      0.01358465
 34.800000      0.01615111
 34.900000      0.01905481
 35.000000      0.02229372
 35.100000      0.02514207
 35.200000      0.02842563
 35.300000      0.03190335
 35.400000      0.03587457
 35.500000      0.03984524
 35.600000      0.04376809
 35.700000      0.04746388
 35.800000      0.05125934
 35.900000      0.05521027
 36.000000      0.05867582
 36.100000      0.06202486
 36.200000      0.06529157
 36.300000      0.06832486
 36.400000      0.07128984
 36.500000      0.07418407
 36.600000      0.07672244
 36.700000      0.07904804
 36.800000      0.08099659
 36.900000      0.08291402
 37.000000      0.08443941
 37.100000      0.08517530
 37.200000      0.08473133
 37.300000      0.08314276
 37.400000      0.08041194
 37.500000      0.07716133
 37.600000      0.07350939
 37.700000      0.06904631
 37.800000      0.06365066
 37.900000      0.05880193
 38.000000      0.05493591
 38.100000      0.05258832
 38.200000      0.05133533
 38.300000      0.05066910
 38.400000      0.05025581
 38.500000      0.05005019
 38.600000      0.05019393
 38.700000      0.05076598
 38.800000      0.05154209
 38.900000      0.05216714
 39.000000      0.05251925
 39.100000      0.05252448
 39.200000      0.05213849
 39.300000      0.05147394
 39.400000      0.05048361
 39.500000      0.04952304
 39.600000      0.04855157
 39.700000      0.04754828
 39.800000      0.04637230
 39.900000      0.04503997
