  0.000000     -0.02878025
  0.100000     -0.02852934
  0.200000     -0.02830201
  0.300000     -0.02806620
  0.400000     -0.02773350
  0.500000     -0.02756361
  0.600000     -0.02753150
  0.700000     -0.02755342
  0.800000     -0.02762489
  0.900000     -0.02769531
  1.000000     -0.02794741
  1.100000     -0.02873491
  1.200000     -0.02948473
  1.300000     -0.03064476
  1.400000     -0.03175213
  1.500000     -0.03243667
  1.600000     -0.03270390
  1.700000     -0.03222264
  1.800000     -0.03174559
  1.900000     -0.03175398
  2.000000     -0.03167359
  2.100000     -0.03144500
  2.200000     -0.03136760
  2.300000     -0.03077173
  2.400000     -0.02926139
  2.500000     -0.02799527
  2.600000     -0.02702988
  2.700000     -0.02612443
  2.800000     -0.02483785
  2.900000     -0.02263430
  3.000000     -0.02046639
  3.100000     -0.01931304
  3.200000     -0.01841719
  3.300000     -0.01822725
  3.400000     -0.01912015
  3.500000     -0.01963118
  3.600000     -0.01900454
  3.700000     -0.01821457
  3.800000     -0.01807233
  3.900000     -0.01785933
  4.000000     -0.01758181
  4.100000     -0.01817318
  4.200000     -0.01900346
  4.300000     -0.01970069
  4.400000     -0.02059634
  4.500000     -0.02045144
  4.600000     -0.02015684
  4.700000     -0.02011639
  4.800000     -0.02094289
  4.900000     -0.02324180
  5.000000     -0.02667345
  5.100000     -0.03043753
  5.200000     -0.03360467
  5.300000     -0.03604932
  5.400000     -0.03775327
  5.500000     -0.03982697
  5.600000     -0.04093220
  5.700000     -0.04051581
  5.800000     -0.03933670
  5.900000     -0.03906209
  6.000000     -0.03878114
  6.100000     -0.03725697
  6.200000     -0.03602892
  6.300000     -0.03542063
  6.400000     -0.03362747
  6.500000     -0.02923614
  6.600000     -0.02416265
  6.700000     -0.01998627
  6.800000     -0.01603489
  6.900000     -0.01212246
  7.000000     -0.01020409
  7.100000     -0.00998004
  7.200000     -0.01027308
  7.300000     -0.00954879
  7.400000     -0.00947144
  7.500000     -0.00938414
  7.600000     -0.00834309
  7.700000     -0.00817895
  7.800000     -0.00805743
  7.900000     -0.00753767
  8.000000     -0.00683019
  8.100000     -0.00625488
  8.200000     -0.00564347
  8.300000     -0.00412279
  8.400000     -0.00265775
  8.500000     -0.00287149
  8.600000     -0.00323542
  8.700000     -0.00369525
  8.800000     -0.00336632
  8.900000     -0.00350072
  9.000000     -0.00431065
  9.100000     -0.00476311
  9.200000     -0.00478966
  9.300000     -0.00555276
  9.400000     -0.00734333
  9.500000     -0.00956672
  9.600000     -0.01157417
  9.700000     -0.01520774
  9.800000     -0.01860088
  9.900000     -0.02139052
 10.000000     -0.02395887
 10.100000     -0.02806661
 10.200000     -0.03094740
 10.300000     -0.03349855
 10.400000     -0.03724894
 10.500000     -0.03748315
 10.600000     -0.03480216
 10.700000     -0.03412199
 10.800000     -0.03512534
 10.900000     -0.03836455
 11.000000     -0.04081751
 11.100000     -0.03777395
 11.200000     -0.03073278
 11.300000     -0.02762607
 11.400000     -0.02559332
 11.500000     -0.02257886
 11.600000     -0.02006682
 11.700000     -0.01251191
 11.800000      0.00001725
 11.900000      0.01352437
 12.000000      0.02800631
 12.100000      0.04888247
 12.200000      0.07487703
 12.300000      0.10565080
 12.400000      0.14006477
 12.500000      0.17943341
 12.600000      0.22488163
 12.700000      0.27914621
 12.800000      0.34374101
 12.900000      0.41345311
 13.000000      0.48341802
 13.100000      0.55449311
 13.200000      0.62324837
 13.300000      0.68752081
 13.400000      0.74429629
 13.500000      0.79318294
 13.600000      0.83825144
 13.700000      0.87723368
 13.800000      0.90640471
 13.900000      0.93160252
 14.000000      0.95579953
 14.100000      0.97585035
 14.200000      0.99004568
 14.300000      0.99925253
 14.400000      1.00000000
 14.500000      0.98994092
 14.600000      0.97433857
 14.700000      0.94847931
 14.800000      0.91087809
 14.900000      0.86658983
 15.000000      0.81638465
 15.100000      0.76087084
 15.200000      0.69913242
 15.300000      0.63089887
 15.400000      0.55722242
 15.500000      0.48065905
 15.600000      0.40536149
 15.700000      0.33189956
 15.800000      0.26119505
 15.900000      0.19317174
 16.000000      0.12629007
 16.100000      0.06018601
 16.200000     -0.00249573
 16.300000     -0.06095331
 16.400000     -0.11441335
 16.500000     -0.16339681
 16.600000     -0.20643414
 16.700000     -0.24351475
 16.800000     -0.27450934
 16.900000     -0.29905298
 17.000000     -0.31642121
 17.100000     -0.32628268
 17.200000     -0.32825445
 17.300000     -0.32514853
 17.400000     -0.31919776
 17.500000     -0.30943410
 17.600000     -0.29819435
 17.700000     -0.28541610
 17.800000     -0.27148636
 17.900000     -0.25889784
 18.000000     -0.24900727
 18.100000     -0.24061436
 18.200000     -0.23289455
 18.300000     -0.22286175
 18.400000     -0.21392990
 18.500000     -0.20783436
 18.600000     -0.20154032
 18.700000     -0.19646699
 18.800000     -0.18876844
 18.900000     -0.17982714
 19.000000     -0.17038944
 19.100000     -0.16017939
 19.200000     -0.14942720
 19.300000     -0.13864114
 19.400000     -0.12806230
 19.500000     -0.11780426
 19.600000     -0.11102534
 19.700000     -0.11111132
 19.800000     -0.10635038
 19.900000     -0.10124027
 20.000000     -0.09664873
 20.100000     -0.09274778
 20.200000     -0.08930067
 20.300000     -0.08525660
 20.400000     -0.08230539
 20.500000     -0.08111007
 20.600000     -0.08043515
 20.700000     -0.07932683
 20.800000     -0.07676648
 20.900000     -0.07317967
 21.000000     -0.06900837
 21.100000     -0.06608584
 21.200000     -0.06282663
 21.300000     -0.06028426
 21.400000     -0.06041400
 21.500000     -0.06291923
 21.600000     -0.06467793
 21.700000     -0.06562007
 21.800000     -0.06875910
 21.900000     -0.07318403
 22.000000     -0.07664143
 22.100000     -0.07743943
 22.200000     -0.07539757
 22.300000     -0.07117202
 22.400000     -0.06567173
 22.500000     -0.05919864
 22.600000     -0.05178854
 22.700000     -0.04530704
 22.800000     -0.04064811
 22.900000     -0.03691376
 23.000000     -0.03314908
 23.100000     -0.02913469
 23.200000     -0.02434805
 23.300000     -0.01932157
 23.400000     -0.01436529
 23.500000     -0.00871739
 23.600000     -0.00203526
 23.700000      0.00420198
 23.800000      0.00998778
 23.900000      0.01532004
 24.000000      0.02011574
 24.100000      0.02446179
 24.200000      0.02813543
 24.300000      0.03185506
 24.400000      0.03489910
 24.500000      0.03686702
 24.600000      0.03795119
 24.700000      0.03888702
 24.800000      0.03896042
 24.900000      0.03744134
 25.000000      0.03476285
 25.100000      0.02988366
 25.200000      0.02442115
 25.300000      0.01895625
 25.400000      0.01524422
 25.500000      0.01262449
 25.600000      0.00924165
 25.700000      0.00742981
 25.800000      0.00627857
 25.900000      0.00350198
 26.000000      0.00078828
 26.100000      0.00034631
 26.200000     -0.00098981
 26.300000     -0.00325735
 26.400000     -0.00569345
 26.500000     -0.00840804
 26.600000     -0.01140048
 26.700000     -0.01434990
 26.800000     -0.01738033
 26.900000     -0.02043229
 27.000000     -0.02441427
 27.100000     -0.02849968
 27.200000     -0.03108275
 27.300000     -0.03290545
 27.400000     -0.03294644
 27.500000     -0.03258481
 27.600000     -0.03234680
 27.700000     -0.03147776
 27.800000     -0.03052543
 27.900000     -0.02849557
 28.000000     -0.02506883
 28.100000     -0.02121510
 28.200000     -0.01674368
 28.300000     -0.00994787
 28.400000     -0.00178749
 28.500000      0.00469679
 28.600000      0.00905308
 28.700000      0.01278384
 28.800000      0.01484467
 28.900000      0.01600244
 29.000000      0.01634150
 29.100000      0.01727027
 29.200000      0.01781422
 29.300000      0.01850478
 29.400000      0.02045068
 29.500000      0.02262124
 29.600000      0.02318184
 29.700000      0.02451585
 29.800000      0.02738171
 29.900000      0.02851917
 30.000000      0.02994656
 30.100000      0.03283322
 30.200000      0.03568200
 30.300000      0.03794456
 30.400000      0.04051969
 30.500000      0.04291344
 30.600000      0.04369552
 30.700000      0.04368899
 30.800000      0.04507189
 30.900000      0.04535306
 31.000000      0.04406835
 31.100000      0.04462342
 31.200000      0.04617514
 31.300000      0.04703083
 31.400000      0.04904646
 31.500000      0.05262370
 31.600000      0.05739036
 31.700000      0.06174862
 31.800000      0.06624938
 31.900000      0.07066517
 32.000000      0.07389212
 32.100000      0.07645034
 32.200000      0.07717898
 32.300000      0.07615571
 32.400000      0.07448770
 32.500000      0.07162367
 32.600000      0.06733412
 32.700000      0.06340600
 32.800000      0.06049798
 32.900000      0.05708808
 33.000000      0.05384783
 33.100000      0.05064661
 33.200000      0.04707795
 33.300000      0.04298312
 33.400000      0.03991044
 33.500000      0.03715516
 33.600000      0.03361698
 33.700000      0.03056917
 33.800000      0.02814042
 33.900000      0.02461389
 34.000000      0.02073493
 34.100000      0.01797798
 34.200000      0.01466671
 34.300000      0.01094942
 34.400000      0.00803379
 34.500000      0.00506924
 34.600000      0.00121344
 34.700000     -0.00163656
 34.800000     -0.00378538
 34.900000     -0.00770767
 35.000000     -0.01200228
 35.100000     -0.01454902
 35.200000     -0.01709871
 35.300000     -0.02201790
 35.400000     -0.02649482
 35.500000     -0.02907462
 35.600000     -0.03212471
 35.700000     -0.03589318
 35.800000     -0.03888094
 35.900000     -0.04194369
 36.000000     -0.04551990
 36.100000     -0.04848207
 36.200000     -0.05064736
 36.300000     -0.05240656
 36.400000     -0.05328830
 36.500000     -0.05320643
 36.600000     -0.05342989
 36.700000     -0.05359048
 36.800000     -0.05256216
 36.900000     -0.05022100
 37.000000     -0.04657630
 37.100000     -0.04116039
 37.200000     -0.03424568
 37.300000     -0.02658514
 37.400000     -0.01879505
 37.500000     -0.01133547
 37.600000     -0.00398509
 37.700000      0.00348057
 37.800000      0.01148188
 37.900000      0.01940118
 38.000000      0.02603639
 38.100000      0.03121463
 38.200000      0.03485169
 38.300000      0.03782272
 38.400000      0.04043970
 38.500000      0.04256381
 38.600000      0.04440101
 38.700000      0.04567375
 38.800000      0.04641981
 38.900000      0.04668545
 39.000000      0.04655036
 39.100000      0.04604341
 39.200000      0.04509959
 39.300000      0.04426337
 39.400000      0.04341229
 39.500000      0.04267386
 39.600000      0.04191482
 39.700000      0.04131592
 39.800000      0.04048361
 39.900000      0.03945289
