  0.000000      0.02377095
  0.100000      0.02402819
  0.200000      0.02408134
  0.300000      0.02414835
  0.400000      0.02416477
  0.500000      0.02412356
  0.600000      0.02392125
  0.700000      0.02422138
  0.800000      0.02504386
  0.900000      0.02630786
  1.000000      0.02775021
  1.100000      0.02887164
  1.200000      0.02977367
  1.300000      0.03048236
  1.400000      0.03080587
  1.500000      0.03111564
  1.600000      0.03142988
  1.700000      0.03177792
  1.800000      0.03118045
  1.900000      0.03075952
  2.000000      0.03032236
  2.100000      0.02995483
  2.200000      0.02990693
  2.300000      0.02950705
  2.400000      0.02826192
  2.500000      0.02803467
  2.600000      0.02741421
  2.700000      0.02697838
  2.800000      0.02699901
  2.900000      0.02667978
  3.000000      0.02615950
  3.100000      0.02674283
  3.200000      0.02782014
  3.300000      0.03012338
  3.400000      0.03355749
  3.500000      0.03766034
  3.600000      0.04124120
  3.700000      0.04634194
  3.800000      0.05214223
  3.900000      0.05720806
  4.000000      0.06249252
  4.100000      0.06886015
  4.200000      0.07621855
  4.300000      0.08188856
  4.400000      0.08652377
  4.500000      0.08923639
  4.600000      0.09369350
  4.700000      0.09793006
  4.800000      0.10126446
  4.900000      0.10244452
  5.000000      0.09904496
  5.100000      0.09327318
  5.200000      0.08672634
  5.300000      0.07867132
  5.400000      0.07078746
  5.500000      0.05957384
  5.600000      0.04404785
  5.700000      0.02751466
  5.800000      0.01018750
  5.900000     -0.00799032
  6.000000     -0.03099967
  6.100000     -0.05881101
  6.200000     -0.08916276
  6.300000     -0.12109230
  6.400000     -0.15775839
  6.500000     -0.19847769
  6.600000     -0.24420236
  6.700000     -0.29112696
  6.800000     -0.33720206
  6.900000     -0.38306532
  7.000000     -0.42757792
  7.100000     -0.46932233
  7.200000     -0.50428172
  7.300000     -0.53242270
  7.400000     -0.55218733
  7.500000     -0.56015567
  7.600000     -0.54868344
  7.700000     -0.51922988
  7.800000     -0.46774641
  7.900000     -0.39183134
  8.000000     -0.29080644
  8.100000     -0.17088870
  8.200000     -0.04012572
  8.300000      0.09637859
  8.400000      0.23666763
  8.500000      0.37562191
  8.600000      0.51014502
  8.700000      0.63489596
  8.800000      0.74743327
  8.900000      0.84316798
  9.000000      0.91829848
  9.100000      0.97081967
  9.200000      0.99864214
  9.300000      1.00000000
  9.400000      0.97455556
  9.500000      0.92247978
  9.600000      0.84794172
  9.700000      0.75263377
  9.800000      0.64328651
  9.900000      0.51667746
 10.000000      0.37791495
 10.100000      0.23357620
 10.200000      0.09235162
 10.300000     -0.04421833
 10.400000     -0.16178373
 10.500000     -0.26291854
 10.600000     -0.34754831
 10.700000     -0.41611862
 10.800000     -0.46767051
 10.900000     -0.49819582
 11.000000     -0.51127306
 11.100000     -0.50939242
 11.200000     -0.49433483
 11.300000     -0.46894340
 11.400000     -0.43464718
 11.500000     -0.39364966
 11.600000     -0.34744290
 11.700000     -0.29946337
 11.800000     -0.25059075
 11.900000     -0.20510608
 12.000000     -0.16312698
 12.100000     -0.12524425
 12.200000     -0.09145689
 12.300000     -0.06335268
 12.400000     -0.04054038
 12.500000     -0.02146659
 12.600000     -0.00779106
 12.700000      0.00433825
 12.800000      0.01637953
 12.900000      0.02881472
 13.000000      0.04420724
 13.100000      0.05667089
 13.200000      0.06717651
 13.300000      0.07130923
 13.400000      0.07049145
 13.500000      0.06637995
 13.600000      0.06321387
 13.700000      0.05966644
 13.800000      0.05631698
 13.900000      0.05257751
 14.000000      0.04834772
 14.100000      0.04403525
 14.200000      0.04064962
 14.300000      0.03985366
 14.400000      0.04066723
 14.500000      0.04011397
 14.600000      0.03820871
 14.700000      0.03523150
 14.800000      0.03170550
 14.900000      0.02789760
 15.000000      0.02337850
 15.100000      0.01825664
 15.200000      0.01135120
 15.300000      0.00236311
 15.400000     -0.00576117
 15.500000     -0.01898369
 15.600000     -0.03209533
 15.700000     -0.04118709
 15.800000     -0.04731932
 15.900000     -0.04986750
 16.000000     -0.05279573
 16.100000     -0.05244326
 16.200000     -0.05053577
 16.300000     -0.04671843
 16.400000     -0.04167635
 16.500000     -0.03639770
 16.600000     -0.03215755
 16.700000     -0.02896211
 16.800000     -0.02636936
 16.900000     -0.02414102
 17.000000     -0.02192139
 17.100000     -0.01809468
 17.200000     -0.01379145
 17.300000     -0.00980332
 17.400000     -0.00587634
 17.500000     -0.00237675
 17.600000      0.00043862
 17.700000      0.00417317
 17.800000      0.00739103
 17.900000      0.01052272
 18.000000      0.01393044
 18.100000      0.01776399
 18.200000      0.02092205
 18.300000      0.02238320
 18.400000      0.02261103
 18.500000      0.02240352
 18.600000      0.02199496
 18.700000      0.02091487
 18.800000      0.01889757
 18.900000      0.01534932
 19.000000      0.01053722
 19.100000      0.00585302
 19.200000      0.00115621
 19.300000     -0.00303142
 19.400000     -0.00722421
 19.500000     -0.01098695
 19.600000     -0.01494374
 19.700000     -0.01795138
 19.800000     -0.02027709
 19.900000     -0.02330189
 20.000000     -0.02678191
 20.100000     -0.03012716
 20.200000     -0.03282416
 20.300000     -0.03421126
 20.400000     -0.03261528
 20.500000     -0.02847475
 20.600000     -0.02172203
 20.700000     -0.01337422
 20.800000     -0.00772358
 20.900000     -0.00146166
 21.000000      0.00456216
 21.100000      0.01120118
 21.200000      0.01618387
 21.300000      0.01851748
 21.400000      0.01935125
 21.500000      0.01913968
 21.600000      0.01788059
 21.700000      0.01675660
 21.800000      0.01649846
 21.900000      0.01615207
 22.000000      0.01530482
 22.100000      0.01276695
 22.200000      0.01056083
 22.300000      0.00856322
 22.400000      0.00592247
 22.500000      0.00219811
 22.600000     -0.00210112
 22.700000     -0.00143610
 22.800000     -0.00468077
 22.900000     -0.00559104
 23.000000     -0.00778516
 23.100000     -0.00844215
 23.200000     -0.00684129
 23.300000     -0.00581479
 23.400000     -0.00530645
 23.500000     -0.00697881
 23.600000     -0.01057377
 23.700000     -0.01555617
 23.800000     -0.02026189
 23.900000     -0.02524742
 24.000000     -0.02942226
 24.100000     -0.03002694
 24.200000     -0.02830455
 24.300000     -0.02585585
 24.400000     -0.02270331
 24.500000     -0.01983547
 24.600000     -0.01715587
 24.700000     -0.01563600
 24.800000     -0.01402281
 24.900000     -0.01212296
 25.000000     -0.01030492
 25.100000     -0.00847863
 25.200000     -0.00625243
 25.300000     -0.00367718
 25.400000     -0.00179584
 25.500000      0.00038616
 25.600000      0.00165182
 25.700000      0.00192131
 25.800000      0.00226404
 25.900000      0.00076105
 26.000000     -0.00078019
 26.100000     -0.00241425
 26.200000     -0.00437044
 26.300000     -0.00564083
 26.400000     -0.00650583
 26.500000     -0.00662193
 26.600000     -0.00676889
 26.700000     -0.00738227
 26.800000     -0.00910201
 26.900000     -0.01217417
 27.000000     -0.01590902
 27.100000     -0.01909061
 27.200000     -0.02098381
 27.300000     -0.02153249
 27.400000     -0.02267886
 27.500000     -0.02269372
 27.600000     -0.02148498
 27.700000     -0.01949128
 27.800000     -0.01678105
 27.900000     -0.01292385
 28.000000     -0.00808001
 28.100000     -0.00319986
 28.200000      0.00244764
 28.300000      0.00755435
 28.400000      0.01203704
 28.500000      0.01602598
 28.600000      0.01961253
 28.700000      0.02254549
 28.800000      0.02394203
 28.900000      0.02429555
 29.000000      0.02391025
 29.100000      0.02379035
 29.200000      0.02286152
 29.300000      0.02147913
 29.400000      0.01947369
 29.500000      0.01877376
 29.600000      0.01803244
 29.700000      0.01533367
 29.800000      0.01231986
 29.900000      0.00861674
 30.000000      0.00438672
 30.100000      0.00115159
 30.200000     -0.00141574
 30.300000     -0.00375923
 30.400000     -0.00561171
 30.500000     -0.00646571
 30.600000     -0.00646253
 30.700000     -0.00645311
 30.800000     -0.00622576
 30.900000     -0.00599672
 31.000000     -0.00653691
 31.100000     -0.00719248
 31.200000     -0.00778422
 31.300000     -0.00752529
 31.400000     -0.00660904
 31.500000     -0.00546932
 31.600000     -0.00352814
 31.700000     -0.00083712
 31.800000      0.00103677
 31.900000      0.00291521
 32.000000      0.00488789
 32.100000      0.00702883
 32.200000      0.00865735
 32.300000      0.00931604
 32.400000      0.00921724
 32.500000      0.00877940
 32.600000      0.00887638
 32.700000      0.00961311
 32.800000      0.01057368
 32.900000      0.01161116
 33.000000      0.01194127
 33.100000      0.01140941
 33.200000      0.01037355
 33.300000      0.01014273
 33.400000      0.00936120
 33.500000      0.00744127
 33.600000      0.00513838
 33.700000      0.00211747
 33.800000     -0.00182351
 33.900000     -0.00664511
 34.000000     -0.01082981
 34.100000     -0.01433807
 34.200000     -0.01642639
 34.300000     -0.01707230
 34.400000     -0.01531413
 34.500000     -0.01203355
 34.600000     -0.00856587
 34.700000     -0.00456741
 34.800000     -0.00041424
 34.900000      0.00393618
 35.000000      0.00855694
 35.100000      0.01288041
 35.200000      0.01660698
 35.300000      0.01961507
 35.400000      0.02194472
 35.500000      0.02334930
 35.600000      0.02410318
 35.700000      0.02408148
 35.800000      0.02337515
 35.900000      0.02204041
 36.000000      0.02026168
 36.100000      0.01832827
 36.200000      0.01620753
 36.300000      0.01416193
 36.400000      0.01181796
 36.500000      0.00896837
 36.600000      0.00620209
 36.700000      0.00341139
 36.800000      0.00031371
 36.900000     -0.00178057
 37.000000     -0.00316020
 37.100000     -0.00433525
 37.200000     -0.00463343
 37.300000     -0.00448022
 37.400000     -0.00388445
 37.500000     -0.00290247
 37.600000     -0.00204691
 37.700000     -0.00152733
 37.800000     -0.00162682
 37.900000     -0.00238039
 38.000000     -0.00342827
 38.100000     -0.00467332
 38.200000     -0.00634451
 38.300000     -0.00813094
 38.400000     -0.00979679
 38.500000     -0.01114937
 38.600000     -0.01205900
 38.700000     -0.01254691
 38.800000     -0.01261016
 38.900000     -0.01218628
 39.000000     -0.01137804
 39.100000     -0.01046736
 39.200000     -0.00950078
 39.300000     -0.00839969
 39.400000     -0.00724747
 39.500000     -0.00619019
 39.600000     -0.00530388
 39.700000     -0.00455763
 39.800000     -0.00394142
 39.900000     -0.00339613
