  0.000000      0.00401442
  0.100000      0.00423340
  0.200000      0.00447240
  0.300000      0.00466473
  0.400000      0.00475293
  0.500000      0.00475678
  0.600000      0.00474127
  0.700000      0.00467660
  0.800000      0.00456988
  0.900000      0.00448779
  1.000000      0.00440090
  1.100000      0.00428444
  1.200000      0.00417719
  1.300000      0.00408387
  1.400000      0.00392466
  1.500000      0.00370047
  1.600000      0.00342775
  1.700000      0.00302698
  1.800000      0.00255360
  1.900000      0.00210836
  2.000000      0.00170340
  2.100000      0.00133063
  2.200000      0.00098656
  2.300000      0.00059367
  2.400000      0.00019364
  2.500000     -0.00011230
  2.600000     -0.00031758
  2.700000     -0.00053775
  2.800000     -0.00082976
  2.900000     -0.00114162
  3.000000     -0.00155331
  3.100000     -0.00204768
  3.200000     -0.00242465
  3.300000     -0.00275586
  3.400000     -0.00319691
  3.500000     -0.00363884
  3.600000     -0.00403199
  3.700000     -0.00446754
  3.800000     -0.00483157
  3.900000     -0.00508603
  4.000000     -0.00536052
  4.100000     -0.00565466
  4.200000     -0.00583462
  4.300000     -0.00594693
  4.400000     -0.00600772
  4.500000     -0.00598623
  4.600000     -0.00595129
  4.700000     -0.00598370
  4.800000     -0.00606707
  4.900000     -0.00615544
  5.000000     -0.00620450
  5.100000     -0.00621819
  5.200000     -0.00610255
  5.300000     -0.00598000
  5.400000     -0.00585432
  5.500000     -0.00554332
  5.600000     -0.00513053
  5.700000     -0.00472242
  5.800000     -0.00427278
  5.900000     -0.00380834
  6.000000     -0.00339221
  6.100000     -0.00298051
  6.200000     -0.00247458
  6.300000     -0.00194571
  6.400000     -0.00145093
  6.500000     -0.00089676
  6.600000     -0.00044283
  6.700000     -0.00018198
  6.800000      0.00013503
  6.900000      0.00049050
  7.000000      0.00067675
  7.100000      0.00079476
  7.200000      0.00097687
  7.300000      0.00109265
  7.400000      0.00116283
  7.500000      0.00145832
  7.600000      0.00182631
  7.700000      0.00225911
  7.800000      0.00278975
  7.900000      0.00308115
  8.000000      0.00318371
  8.100000      0.00321373
  8.200000      0.00319148
  8.300000      0.00306901
  8.400000      0.00285638
  8.500000      0.00245457
  8.600000      0.00197198
  8.700000      0.00150314
  8.800000      0.00108538
  8.900000      0.00072748
  9.000000      0.00055003
  9.100000      0.00091975
  9.200000      0.00148125
  9.300000      0.00233017
  9.400000      0.00313899
  9.500000      0.00405948
  9.600000      0.00504357
  9.700000      0.00590168
  9.800000      0.00689267
  9.900000      0.00801585
 10.000000      0.00902357
 10.100000      0.00978261
 10.200000      0.01029213
 10.300000      0.01058424
 10.400000      0.01099961
 10.500000      0.01162197
 10.600000      0.01222864
 10.700000      0.01272979
 10.800000      0.01320275
 10.900000      0.01373776
 11.000000      0.01430066
 11.100000      0.01489866
 11.200000      0.01531461
 11.300000      0.01534792
 11.400000      0.01518964
 11.500000      0.01506456
 11.600000      0.01512152
 11.700000      0.01543031
 11.800000      0.01594402
 11.900000      0.01642301
 12.000000      0.01674541
 12.100000      0.01699776
 12.200000      0.01706994
 12.300000      0.01698313
 12.400000      0.01698450
 12.500000      0.01672562
 12.600000      0.01585107
 12.700000      0.01448553
 12.800000      0.01241877
 12.900000      0.01007757
 13.000000      0.00791133
 13.100000      0.00596552
 13.200000      0.00435793
 13.300000      0.00322154
 13.400000      0.00255808
 13.500000      0.00250896
 13.600000      0.00290015
 13.700000      0.00421226
 13.800000      0.00659049
 13.900000      0.00939649
 14.000000      0.01221745
 14.100000      0.01531125
 14.200000      0.01830250
 14.300000      0.02103848
 14.400000      0.02400803
 14.500000      0.02639905
 14.600000      0.02840129
 14.700000      0.03019265
 14.800000      0.03189902
 14.900000      0.03339468
 15.000000      0.03485908
 15.100000      0.03664625
 15.200000      0.03837047
 15.300000      0.04015764
 15.400000      0.04197883
 15.500000      0.04373616
 15.600000      0.04557420
 15.700000      0.04793451
 15.800000      0.05053615
 15.900000      0.05322639
 16.000000      0.05596140
 16.100000      0.05840616
 16.200000      0.06060601
 16.300000      0.06280701
 16.400000      0.06567901
 16.500000      0.06896843
 16.600000      0.07206121
 16.700000      0.07530200
 16.800000      0.07864161
 16.900000      0.08164414
 17.000000      0.08431813
 17.100000      0.08697890
 17.200000      0.08940857
 17.300000      0.09159130
 17.400000      0.09353994
 17.500000      0.09519735
 17.600000      0.09652866
 17.700000      0.09759505
 17.800000      0.09855026
 17.900000      0.09945686
 18.000000      0.10046714
 18.100000      0.10148924
 18.200000      0.10245561
 18.300000      0.10346230
 18.400000      0.10477869
 18.500000      0.10623632
 18.600000      0.10750925
 18.700000      0.10839414
 18.800000      0.10912127
 18.900000      0.10963255
 19.000000      0.11021840
 19.100000      0.11104023
 19.200000      0.11190486
 19.300000      0.11275244
 19.400000      0.11410825
 19.500000      0.11555568
 19.600000      0.11689972
 19.700000      0.11830320
 19.800000      0.11995303
 19.900000      0.12206850
 20.000000      0.12486485
 20.100000      0.12842942
 20.200000      0.13226565
 20.300000      0.13699834
 20.400000      0.14234563
 20.500000      0.14867443
 20.600000      0.15647418
 20.700000      0.16599251
 20.800000      0.17693704
 20.900000      0.18912100
 21.000000      0.20254994
 21.100000      0.21693584
 21.200000      0.23252742
 21.300000      0.24954403
 21.400000      0.26765623
 21.500000      0.28686955
 21.600000      0.30738798
 21.700000      0.32881574
 21.800000      0.35130369
 21.900000      0.37502283
 22.000000      0.39992312
 22.100000      0.42548098
 22.200000      0.45196820
 22.300000      0.47951967
 22.400000      0.50778487
 22.500000      0.53656297
 22.600000      0.56572741
 22.700000      0.59546657
 22.800000      0.62553372
 22.900000      0.65555440
 23.000000      0.68564620
 23.100000      0.71557474
 23.200000      0.74504671
 23.300000      0.77384658
 23.400000      0.80180279
 23.500000      0.82891656
 23.600000      0.85494162
 23.700000      0.87980260
 23.800000      0.90316337
 23.900000      0.92477194
 24.000000      0.94411436
 24.100000      0.96091679
 24.200000      0.97493398
 24.300000      0.98612222
 24.400000      0.99416140
 24.500000      0.99890723
 24.600000      1.00000000
 24.700000      0.99712739
 24.800000      0.98994418
 24.900000      0.97862583
 25.000000      0.96369967
 25.100000      0.94535348
 25.200000      0.92374987
 25.300000      0.89935095
 25.400000      0.87284017
 25.500000      0.84494380
 25.600000      0.81583484
 25.700000      0.78623947
 25.800000      0.75706529
 25.900000      0.72877720
 26.000000      0.70182527
 26.100000      0.67645068
 26.200000      0.65275041
 26.300000      0.63126020
 26.400000      0.61189656
 26.500000      0.59455284
 26.600000      0.57919613
 26.700000      0.56666838
 26.800000      0.55610080
 26.900000      0.54807796
 27.000000      0.54187347
 27.100000      0.53700354
 27.200000      0.53379066
 27.300000      0.53173919
 27.400000      0.53012823
 27.500000      0.52848137
 27.600000      0.52691767
 27.700000      0.52538286
 27.800000      0.52372006
 27.900000      0.52169267
 28.000000      0.51898319
 28.100000      0.51540697
 28.200000      0.51097140
 28.300000      0.50564780
 28.400000      0.49952206
 28.500000      0.49270291
 28.600000      0.48491397
 28.700000      0.47607732
 28.800000      0.46635762
 28.900000      0.45606425
 29.000000      0.44584934
 29.100000      0.43549481
 29.200000      0.42471087
 29.300000      0.41387319
 29.400000      0.40311001
 29.500000      0.39241005
 29.600000      0.38195172
 29.700000      0.37199845
 29.800000      0.36247383
 29.900000      0.35345199
 30.000000      0.34498921
 30.100000      0.33700967
 30.200000      0.32950863
 30.300000      0.32246489
 30.400000      0.31565616
 30.500000      0.30900286
 30.600000      0.30260525
 30.700000      0.29627196
 30.800000      0.28974914
 30.900000      0.28325684
 31.000000      0.27651005
 31.100000      0.26937762
 31.200000      0.26182153
 31.300000      0.25368273
 31.400000      0.24478049
 31.500000      0.23509843
 31.600000      0.22479502
 31.700000      0.21391126
 31.800000      0.20207356
 31.900000      0.18940958
 32.000000      0.17604511
 32.100000      0.16220093
 32.200000      0.14770267
 32.300000      0.13257137
 32.400000      0.11692267
 32.500000      0.10088083
 32.600000      0.08429631
 32.700000      0.06720091
 32.800000      0.04987301
 32.900000      0.03259208
 33.000000      0.01497777
 33.100000     -0.00297173
 33.200000     -0.02132441
 33.300000     -0.03963100
 33.400000     -0.05756350
 33.500000     -0.07511939
 33.600000     -0.09199374
 33.700000     -0.10835774
 33.800000     -0.12437807
 33.900000     -0.13995513
 34.000000     -0.15514739
 34.100000     -0.16970293
 34.200000     -0.18376020
 34.300000     -0.19750794
 34.400000     -0.21102786
 34.500000     -0.22405228
 34.600000     -0.23652176
 34.700000     -0.24867979
 34.800000     -0.26039016
 34.900000     -0.27202339
 35.000000     -0.28255498
 35.100000     -0.29156817
 35.200000     -0.30052024
 35.300000     -0.30960027
 35.400000     -0.31872841
 35.500000     -0.32784606
 35.600000     -0.33696101
 35.700000     -0.34617669
 35.800000     -0.35540500
 35.900000     -0.36456509
 36.000000     -0.37373602
 36.100000     -0.38294281
 36.200000     -0.39214156
 36.300000     -0.40142254
 36.400000     -0.41084797
 36.500000     -0.42042899
 36.600000     -0.43008444
 36.700000     -0.43972741
 36.800000     -0.44936641
 36.900000     -0.45897530
 37.000000     -0.46855632
 37.100000     -0.47806467
 37.200000     -0.48735456
 37.300000     -0.49636928
 37.400000     -0.50483157
 37.500000     -0.51305000
 37.600000     -0.52104470
 37.700000     -0.52888500
 37.800000     -0.53666382
 37.900000     -0.54441026
 38.000000     -0.55210947
 38.100000     -0.55920062
 38.200000     -0.56618061
 38.300000     -0.57263666
 38.400000     -0.57862516
 38.500000     -0.58458758
 38.600000     -0.59054864
 38.700000     -0.59663334
 38.800000     -0.60276677
 38.900000     -0.60887445
 39.000000     -0.61506608
 39.100000     -0.62078738
 39.200000     -0.62637803
 39.300000     -0.63210171
 39.400000     -0.63798228
 39.500000     -0.64377141
 39.600000     -0.64964496
 39.700000     -0.65572083
 39.800000     -0.66181854
 39.900000     -0.66789273
