  0.000000      0.02351839
  0.100000      0.02424520
  0.200000      0.02487660
  0.300000      0.02548075
  0.400000      0.02639435
  0.500000      0.02731209
  0.600000      0.02806256
  0.700000      0.02862134
  0.800000      0.02875572
  0.900000      0.02882485
  1.000000      0.02895544
  1.100000      0.02917237
  1.200000      0.02954391
  1.300000      0.03006006
  1.400000      0.03064479
  1.500000      0.03108865
  1.600000      0.03177998
  1.700000      0.03274544
  1.800000      0.03405091
  1.900000      0.03489585
  2.000000      0.03502968
  2.100000      0.03480107
  2.200000      0.03471805
  2.300000      0.03520639
  2.400000      0.03608439
  2.500000      0.03687649
  2.600000      0.03780171
  2.700000      0.03877663
  2.800000      0.03996080
  2.900000      0.04100044
  3.000000      0.04146620
  3.100000      0.04172923
  3.200000      0.04194777
  3.300000      0.04159124
  3.400000      0.04107884
  3.500000      0.04098669
  3.600000      0.04122988
  3.700000      0.04112662
  3.800000      0.04059936
  3.900000      0.04013204
  4.000000      0.03964928
  4.100000      0.03878606
  4.200000      0.03803470
  4.300000      0.03740617
  4.400000      0.03611890
  4.500000      0.03471692
  4.600000      0.03360530
  4.700000      0.03296788
  4.800000      0.03272902
  4.900000      0.03248095
  5.000000      0.03226532
  5.100000      0.03226929
  5.200000      0.03274678
  5.300000      0.03333307
  5.400000      0.03337404
  5.500000      0.03279968
  5.600000      0.03165110
  5.700000      0.02982249
  5.800000      0.02774508
  5.900000      0.02529852
  6.000000      0.02263095
  6.100000      0.01944595
  6.200000      0.01494579
  6.300000      0.00942500
  6.400000      0.00398007
  6.500000     -0.00115080
  6.600000     -0.00628288
  6.700000     -0.01135761
  6.800000     -0.01619760
  6.900000     -0.01953692
  7.000000     -0.02005246
  7.100000     -0.01775676
  7.200000     -0.01365803
  7.300000     -0.00930573
  7.400000     -0.00619016
  7.500000     -0.00475315
  7.600000     -0.00364778
  7.700000     -0.00128807
  7.800000      0.00212697
  7.900000      0.00645239
  8.000000      0.01119769
  8.100000      0.01545693
  8.200000      0.01931224
  8.300000      0.02388649
  8.400000      0.02794085
  8.500000      0.03008496
  8.600000      0.03077634
  8.700000      0.03111172
  8.800000      0.03195452
  8.900000      0.03317220
  9.000000      0.03431928
  9.100000      0.03529900
  9.200000      0.03573033
  9.300000      0.03613266
  9.400000      0.03707575
  9.500000      0.03917006
  9.600000      0.04222185
  9.700000      0.04536375
  9.800000      0.04721389
  9.900000      0.04779141
 10.000000      0.04822205
 10.100000      0.04932539
 10.200000      0.05079038
 10.300000      0.05204590
 10.400000      0.05176550
 10.500000      0.04971205
 10.600000      0.04669529
 10.700000      0.04356650
 10.800000      0.04129454
 10.900000      0.04013403
 11.000000      0.03998635
 11.100000      0.04018457
 11.200000      0.04088725
 11.300000      0.04225270
 11.400000      0.04405864
 11.500000      0.04578670
 11.600000      0.04683605
 11.700000      0.04715609
 11.800000      0.04632335
 11.900000      0.04452360
 12.000000      0.04187969
 12.100000      0.03904819
 12.200000      0.03634303
 12.300000      0.03414120
 12.400000      0.03308195
 12.500000      0.03304704
 12.600000      0.03412841
 12.700000      0.03542701
 12.800000      0.03747014
 12.900000      0.04066090
 13.000000      0.04446657
 13.100000      0.04862868
 13.200000      0.05217256
 13.300000      0.05481872
 13.400000      0.05652665
 13.500000      0.05740892
 13.600000      0.05792287
 13.700000      0.05801485
 13.800000      0.05833001
 13.900000      0.05847731
 14.000000      0.05847364
 14.100000      0.05847176
 14.200000      0.05868682
 14.300000      0.05948750
 14.400000      0.06061775
 14.500000      0.06190409
 14.600000      0.06426175
 14.700000      0.06810909
 14.800000      0.07283733
 14.900000      0.07880698
 15.000000      0.08625897
 15.100000      0.09449074
 15.200000      0.10223926
 15.300000      0.10907516
 15.400000      0.11490717
 15.500000      0.11970459
 15.600000      0.12270680
 15.700000      0.12320412
 15.800000      0.12178917
 15.900000      0.11930024
 16.000000      0.11637959
 16.100000      0.11291308
 16.200000      0.10848335
 16.300000      0.10488677
 16.400000      0.10352026
 16.500000      0.10390923
 16.600000      0.10655959
 16.700000      0.11098745
 16.800000      0.11621683
 16.900000      0.12215894
 17.000000      0.12912577
 17.100000      0.13646133
 17.200000      0.14418047
 17.300000      0.15209878
 17.400000      0.15890979
 17.500000      0.16386239
 17.600000      0.16713639
 17.700000      0.16983486
 17.800000      0.17377822
 17.900000      0.17863235
 18.000000      0.18421012
 18.100000      0.19136182
 18.200000      0.19951034
 18.300000      0.20848618
 18.400000      0.21931572
 18.500000      0.23165790
 18.600000      0.24394269
 18.700000      0.25682331
 18.800000      0.26958472
 18.900000      0.28235396
 19.000000      0.29583710
 19.100000      0.30979246
 19.200000      0.32479519
 19.300000      0.34223412
 19.400000      0.36216261
 19.500000      0.38379891
 19.600000      0.40731259
 19.700000      0.43267081
 19.800000      0.45769915
 19.900000      0.48225666
 20.000000      0.50624482
 20.100000      0.53026001
 20.200000      0.55368980
 20.300000      0.57606879
 20.400000      0.59816842
 20.500000      0.61953451
 20.600000      0.64042592
 20.700000      0.66027608
 20.800000      0.67892212
 20.900000      0.69574894
 21.000000      0.71189011
 21.100000      0.72868232
 21.200000      0.74675431
 21.300000      0.76499279
 21.400000      0.78239987
 21.500000      0.79766266
 21.600000      0.81075996
 21.700000      0.82112845
 21.800000      0.82860879
 21.900000      0.83483937
 22.000000      0.84136232
 22.100000      0.84883534
 22.200000      0.85738673
 22.300000      0.86660538
 22.400000      0.87689320
 22.500000      0.88828866
 22.600000      0.89988600
 22.700000      0.91111572
 22.800000      0.92175385
 22.900000      0.93031652
 23.000000      0.93542148
 23.100000      0.93709581
 23.200000      0.93474737
 23.300000      0.92866163
 23.400000      0.91932397
 23.500000      0.90805650
 23.600000      0.89556063
 23.700000      0.88223550
 23.800000      0.86863818
 23.900000      0.85524331
 24.000000      0.84306957
 24.100000      0.83227887
 24.200000      0.82315446
 24.300000      0.81459502
 24.400000      0.80681070
 24.500000      0.79821103
 24.600000      0.78813672
 24.700000      0.77582898
 24.800000      0.76180589
 24.900000      0.74525825
 25.000000      0.72577118
 25.100000      0.70426772
 25.200000      0.68092689
 25.300000      0.65556592
 25.400000      0.62975181
 25.500000      0.60333754
 25.600000      0.57616861
 25.700000      0.54796418
 25.800000      0.51870733
 25.900000      0.48711405
 26.000000      0.45359488
 26.100000      0.41866498
 26.200000      0.38431590
 26.300000      0.35062267
 26.400000      0.31749079
 26.500000      0.28594800
 26.600000      0.25637704
 26.700000      0.22897866
 26.800000      0.20365590
 26.900000      0.18019076
 27.000000      0.15839873
 27.100000      0.13770270
 27.200000      0.11753002
 27.300000      0.09811546
 27.400000      0.08008593
 27.500000      0.06246161
 27.600000      0.04450811
 27.700000      0.02486051
 27.800000      0.00257847
 27.900000     -0.02210732
 28.000000     -0.04733588
 28.100000     -0.07196785
 28.200000     -0.09423568
 28.300000     -0.11408371
 28.400000     -0.13282776
 28.500000     -0.15084108
 28.600000     -0.16897125
 28.700000     -0.18764206
 28.800000     -0.20689282
 28.900000     -0.22726695
 29.000000     -0.24852567
 29.100000     -0.27046182
 29.200000     -0.29234436
 29.300000     -0.31444582
 29.400000     -0.33564486
 29.500000     -0.35545241
 29.600000     -0.37389085
 29.700000     -0.39125173
 29.800000     -0.40791459
 29.900000     -0.42442920
 30.000000     -0.44099866
 30.100000     -0.45741820
 30.200000     -0.47314152
 30.300000     -0.48871056
 30.400000     -0.50397516
 30.500000     -0.51857173
 30.600000     -0.53303133
 30.700000     -0.54797382
 30.800000     -0.56307844
 30.900000     -0.57862806
 31.000000     -0.59387206
 31.100000     -0.60862753
 31.200000     -0.62274887
 31.300000     -0.63617257
 31.400000     -0.64906088
 31.500000     -0.66063904
 31.600000     -0.67097604
 31.700000     -0.68029251
 31.800000     -0.68991374
 31.900000     -0.69921946
 32.000000     -0.70775627
 32.100000     -0.71579205
 32.200000     -0.72361325
 32.300000     -0.73205461
 32.400000     -0.74039668
 32.500000     -0.74859940
 32.600000     -0.75634313
 32.700000     -0.76384162
 32.800000     -0.77067675
 32.900000     -0.77687096
 33.000000     -0.78218403
 33.100000     -0.78707310
 33.200000     -0.79093574
 33.300000     -0.79334388
 33.400000     -0.79520217
 33.500000     -0.79690582
 33.600000     -0.79976033
 33.700000     -0.80313576
 33.800000     -0.80746884
 33.900000     -0.81262800
 34.000000     -0.81785404
 34.100000     -0.82261641
 34.200000     -0.82714007
 34.300000     -0.83152931
 34.400000     -0.83498842
 34.500000     -0.83836682
 34.600000     -0.84197465
 34.700000     -0.84551888
 34.800000     -0.84841261
 34.900000     -0.85064049
 35.000000     -0.85186454
 35.100000     -0.85155414
 35.200000     -0.85046167
 35.300000     -0.84776381
 35.400000     -0.84367956
 35.500000     -0.83966794
 35.600000     -0.83617721
 35.700000     -0.83343290
 35.800000     -0.83142224
 35.900000     -0.83028107
 36.000000     -0.83023947
 36.100000     -0.83188639
 36.200000     -0.83508739
 36.300000     -0.84293534
 36.400000     -0.85319453
 36.500000     -0.86556408
 36.600000     -0.87972634
 36.700000     -0.89476295
 36.800000     -0.91007408
 36.900000     -0.92503073
 37.000000     -0.93958449
 37.100000     -0.95346418
 37.200000     -0.96610389
 37.300000     -0.97766070
 37.400000     -0.98860750
 37.500000     -0.99340598
 37.600000     -0.99716932
 37.700000     -0.99917226
 37.800000     -1.00000000
 37.900000     -0.99930875
 38.000000     -0.99660488
 38.100000     -0.99209103
 38.200000     -0.98604287
 38.300000     -0.97825810
 38.400000     -0.96873337
 38.500000     -0.95831848
 38.600000     -0.94773533
 38.700000     -0.93772912
 38.800000     -0.92896536
 38.900000     -0.92054507
 39.000000     -0.91242758
 39.100000     -0.90518948
 39.200000     -0.89862409
 39.300000     -0.89282926
 39.400000     -0.88823161
 39.500000     -0.88432132
 39.600000     -0.88103384
 39.700000     -0.87798642
 39.800000     -0.87495006
 39.900000     -0.87182645
