  0.000000     -0.01051163
  0.100000     -0.01016301
  0.200000     -0.00980609
  0.300000     -0.00937372
  0.400000     -0.00886545
  0.500000     -0.00851011
  0.600000     -0.00816106
  0.700000     -0.00771060
  0.800000     -0.00732792
  0.900000     -0.00685409
  1.000000     -0.00625405
  1.100000     -0.00574991
  1.200000     -0.00520494
  1.300000     -0.00463669
  1.400000     -0.00406185
  1.500000     -0.00346848
  1.600000     -0.00286502
  1.700000     -0.00225242
  1.800000     -0.00158336
  1.900000     -0.00094578
  2.000000     -0.00032393
  2.100000      0.00034724
  2.200000      0.00102251
  2.300000      0.00169424
  2.400000      0.00237396
  2.500000      0.00295817
  2.600000      0.00362900
  2.700000      0.00432640
  2.800000      0.00500520
  2.900000      0.00554013
  3.000000      0.00625086
  3.100000      0.00706304
  3.200000      0.00769933
  3.300000      0.00831390
  3.400000      0.00891978
  3.500000      0.00948634
  3.600000      0.01008303
  3.700000      0.01067840
  3.800000      0.01118531
  3.900000      0.01182373
  4.000000      0.01252818
  4.100000      0.01295771
  4.200000      0.01335357
  4.300000      0.01391586
  4.400000      0.01428728
  4.500000      0.01457624
  4.600000      0.01482091
  4.700000      0.01509327
  4.800000      0.01530244
  4.900000      0.01542763
  5.000000      0.01531621
  5.100000      0.01534175
  5.200000      0.01574945
  5.300000      0.01573604
  5.400000      0.01561402
  5.500000      0.01543271
  5.600000      0.01528071
  5.700000      0.01518914
  5.800000      0.01486367
  5.900000      0.01445112
  6.000000      0.01396605
  6.100000      0.01341156
  6.200000      0.01245775
  6.300000      0.01171549
  6.400000      0.01098572
  6.500000      0.01016230
  6.600000      0.00926608
  6.700000      0.00815660
  6.800000      0.00705854
  6.900000      0.00585042
  7.000000      0.00466348
  7.100000      0.00340459
  7.200000      0.00209414
  7.300000      0.00070655
  7.400000     -0.00077203
  7.500000     -0.00232759
  7.600000     -0.00396056
  7.700000     -0.00567067
  7.800000     -0.00742290
  7.900000     -0.00922757
  8.000000     -0.01114048
  8.100000     -0.01314569
  8.200000     -0.01522381
  8.300000     -0.01737111
  8.400000     -0.01959251
  8.500000     -0.02188228
  8.600000     -0.02423780
  8.700000     -0.02680757
  8.800000     -0.02927355
  8.900000     -0.03179158
  9.000000     -0.03435682
  9.100000     -0.03696402
  9.200000     -0.03960854
  9.300000     -0.04228400
  9.400000     -0.04498361
  9.500000     -0.04769937
  9.600000     -0.05042446
  9.700000     -0.05314931
  9.800000     -0.05586411
  9.900000     -0.05855861
 10.000000     -0.06122267
 10.100000     -0.06384338
 10.200000     -0.06640776
 10.300000     -0.06890294
 10.400000     -0.07131563
 10.500000     -0.07356728
 10.600000     -0.07577002
 10.700000     -0.07784334
 10.800000     -0.07976997
 10.900000     -0.08153090
 11.000000     -0.08310761
 11.100000     -0.08448273
 11.200000     -0.08563430
 11.300000     -0.08654163
 11.400000     -0.08718455
 11.500000     -0.08754193
 11.600000     -0.08758976
 11.700000     -0.08730476
 11.800000     -0.08666494
 11.900000     -0.08564604
 12.000000     -0.08422279
 12.100000     -0.08236985
 12.200000     -0.08006342
 12.300000     -0.07727778
 12.400000     -0.07398815
 12.500000     -0.07017026
 12.600000     -0.06579846
 12.700000     -0.06084794
 12.800000     -0.05529576
 12.900000     -0.04911978
 13.000000     -0.04229734
 13.100000     -0.03480630
 13.200000     -0.02662635
 13.300000     -0.01774160
 13.400000     -0.00813206
 13.500000      0.00221814
 13.600000      0.01332412
 13.700000      0.02519972
 13.800000      0.03785641
 13.900000      0.05129924
 14.000000      0.06553236
 14.100000      0.08056308
 14.200000      0.09639438
 14.300000      0.11302647
 14.400000      0.13045578
 14.500000      0.14867538
 14.600000      0.16767968
 14.700000      0.18745605
 14.800000      0.20798949
 14.900000      0.22925914
 15.000000      0.25124494
 15.100000      0.27392233
 15.200000      0.29726065
 15.300000      0.32122618
 15.400000      0.34578139
 15.500000      0.37088204
 15.600000      0.39648085
 15.700000      0.42252610
 15.800000      0.44895980
 15.900000      0.47572135
 16.000000      0.50274322
 16.100000      0.52995403
 16.200000      0.55727666
 16.300000      0.58463091
 16.400000      0.61193112
 16.500000      0.63908894
 16.600000      0.66600930
 16.700000      0.69259774
 16.800000      0.71875344
 16.900000      0.74437527
 17.000000      0.76935777
 17.100000      0.79359673
 17.200000      0.81698538
 17.300000      0.83941787
 17.400000      0.86079181
 17.500000      0.88100393
 17.600000      0.89994447
 17.700000      0.91751707
 17.800000      0.93362923
 17.900000      0.94818574
 18.000000      0.96110018
 18.100000      0.97229101
 18.200000      0.98168225
 18.300000      0.98921009
 18.400000      0.99481497
 18.500000      0.99843207
 18.600000      1.00000000
 18.700000      0.99946079
 18.800000      0.99677723
 18.900000      0.99195211
 19.000000      0.98498836
 19.100000      0.97588277
 19.200000      0.96464030
 19.300000      0.95128130
 19.400000      0.93582028
 19.500000      0.91829495
 19.600000      0.89874937
 19.700000      0.87723919
 19.800000      0.85383417
 19.900000      0.82860804
 20.000000      0.80163807
 20.100000      0.77301436
 20.200000      0.74283444
 20.300000      0.71120183
 20.400000      0.67822528
 20.500000      0.64401655
 20.600000      0.60868821
 20.700000      0.57236438
 20.800000      0.53516837
 20.900000      0.49722291
 21.000000      0.45865502
 21.100000      0.41958847
 21.200000      0.38014769
 21.300000      0.34045782
 21.400000      0.30064168
 21.500000      0.26082004
 21.600000      0.22111003
 21.700000      0.18162691
 21.800000      0.14248076
 21.900000      0.10377779
 22.000000      0.06561926
 22.100000      0.02810462
 22.200000     -0.00867510
 22.300000     -0.04463599
 22.400000     -0.07969404
 22.500000     -0.11377782
 22.600000     -0.14681818
 22.700000     -0.17875269
 22.800000     -0.20952786
 22.900000     -0.23909532
 23.000000     -0.26740904
 23.100000     -0.29443200
 23.200000     -0.32013287
 23.300000     -0.34448857
 23.400000     -0.36747888
 23.500000     -0.38908987
 23.600000     -0.40931339
 23.700000     -0.42814114
 23.800000     -0.44557156
 23.900000     -0.46162182
 24.000000     -0.47630766
 24.100000     -0.48964154
 24.200000     -0.50163992
 24.300000     -0.51232647
 24.400000     -0.52173394
 24.500000     -0.52989276
 24.600000     -0.53683228
 24.700000     -0.54259098
 24.800000     -0.54720862
 24.900000     -0.55072799
 25.000000     -0.55318920
 25.100000     -0.55463534
 25.200000     -0.55511243
 25.300000     -0.55466665
 25.400000     -0.55334487
 25.500000     -0.55119558
 25.600000     -0.54826593
 25.700000     -0.54460443
 25.800000     -0.54025844
 25.900000     -0.53527454
 26.000000     -0.52970017
 26.100000     -0.52358350
 26.200000     -0.51622644
 26.300000     -0.50895358
 26.400000     -0.50146011
 26.500000     -0.49360695
 26.600000     -0.48543769
 26.700000     -0.47699609
 26.800000     -0.46832273
 26.900000     -0.45945845
 27.000000     -0.45044316
 27.100000     -0.44131346
 27.200000     -0.43210714
 27.300000     -0.42286002
 27.400000     -0.41360753
 27.500000     -0.40438004
 27.600000     -0.39520810
 27.700000     -0.38612354
 27.800000     -0.37715445
 27.900000     -0.36832879
 28.000000     -0.35967024
 28.100000     -0.35120381
 28.200000     -0.34295232
 28.300000     -0.33493647
 28.400000     -0.32717543
 28.500000     -0.31968784
 28.600000     -0.31249175
 28.700000     -0.30560453
 28.800000     -0.29904320
 28.900000     -0.29281922
 29.000000     -0.28693672
 29.100000     -0.28140558
 29.200000     -0.27623333
 29.300000     -0.27142656
 29.400000     -0.26698968
 29.500000     -0.26292966
 29.600000     -0.25926678
 29.700000     -0.25598883
 29.800000     -0.25308862
 29.900000     -0.25056494
 30.000000     -0.24841772
 30.100000     -0.24664172
 30.200000     -0.24523542
 30.300000     -0.24422650
 30.400000     -0.24357355
 30.500000     -0.24326506
 30.600000     -0.24329415
 30.700000     -0.24356919
 30.800000     -0.24412791
 30.900000     -0.24510105
 31.000000     -0.24632420
 31.100000     -0.24749131
 31.200000     -0.24916547
 31.300000     -0.25121139
 31.400000     -0.25185318
 31.500000     -0.25435520
 31.600000     -0.25699257
 31.700000     -0.25911149
 31.800000     -0.26185510
 31.900000     -0.26509370
 32.000000     -0.26847929
 32.100000     -0.27176325
 32.200000     -0.27540161
 32.300000     -0.27917023
 32.400000     -0.28303396
 32.500000     -0.28690943
 32.600000     -0.29092923
 32.700000     -0.29315865
 32.800000     -0.29644216
 32.900000     -0.29991419
 33.000000     -0.30414404
 33.100000     -0.30828599
 33.200000     -0.31185469
 33.300000     -0.31516763
 33.400000     -0.31917221
 33.500000     -0.32250768
 33.600000     -0.32456597
 33.700000     -0.32788248
 33.800000     -0.32889855
 33.900000     -0.33186426
 34.000000     -0.33372495
 34.100000     -0.33716545
 34.200000     -0.34065959
 34.300000     -0.34117233
 34.400000     -0.33869789
 34.500000     -0.33791688
 34.600000     -0.33425583
 34.700000     -0.33022228
 34.800000     -0.33106084
 34.900000     -0.33246984
 35.000000     -0.33157504
 35.100000     -0.33132130
 35.200000     -0.33381038
 35.300000     -0.33610619
 35.400000     -0.33569972
 35.500000     -0.33362276
 35.600000     -0.33282691
 35.700000     -0.32890133
 35.800000     -0.32732631
 35.900000     -0.32903604
 36.000000     -0.32954427
 36.100000     -0.32845463
 36.200000     -0.32495780
 36.300000     -0.31865901
 36.400000     -0.31630612
 36.500000     -0.31481362
 36.600000     -0.31118746
 36.700000     -0.30929509
 36.800000     -0.30708595
 36.900000     -0.30559507
 37.000000     -0.30517388
 37.100000     -0.30270071
 37.200000     -0.29871565
 37.300000     -0.29646560
 37.400000     -0.29299406
 37.500000     -0.28957135
 37.600000     -0.28684511
 37.700000     -0.28328802
 37.800000     -0.28131972
 37.900000     -0.28048002
 38.000000     -0.28016366
 38.100000     -0.27911902
 38.200000     -0.27647693
 38.300000     -0.27595937
 38.400000     -0.27120608
 38.500000     -0.27039993
 38.600000     -0.26573655
 38.700000     -0.26304606
 38.800000     -0.26264475
 38.900000     -0.25801394
 39.000000     -0.25551195
 39.100000     -0.25275776
 39.200000     -0.24986336
 39.300000     -0.24828062
 39.400000     -0.24793468
 39.500000     -0.24845861
 39.600000     -0.24762492
 39.700000     -0.24723971
 39.800000     -0.24724038
 39.900000     -0.24424126
