  0.000000      0.00679950
  0.100000      0.00760963
  0.200000      0.00768938
  0.300000      0.00705798
  0.400000      0.00699939
  0.500000      0.00781303
  0.600000      0.00929928
  0.700000      0.01068847
  0.800000      0.01189155
  0.900000      0.01257592
  1.000000      0.01318439
  1.100000      0.01387493
  1.200000      0.01475083
  1.300000      0.01529446
  1.400000      0.01606356
  1.500000      0.01664303
  1.600000      0.01667978
  1.700000      0.01619779
  1.800000      0.01523056
  1.900000      0.01440118
  2.000000      0.01430480
  2.100000      0.01439034
  2.200000      0.01349766
  2.300000      0.01183561
  2.400000      0.01058101
  2.500000      0.00964549
  2.600000      0.00791029
  2.700000      0.00512882
  2.800000      0.00194432
  2.900000     -0.00077739
  3.000000     -0.00121370
  3.100000     -0.00001967
  3.200000      0.00132292
  3.300000      0.00189877
  3.400000      0.00238840
  3.500000      0.00379362
  3.600000      0.00562090
  3.700000      0.00634960
  3.800000      0.00639559
  3.900000      0.00751722
  4.000000      0.00915996
  4.100000      0.00938439
  4.200000      0.00868848
  4.300000      0.00876776
  4.400000      0.00970236
  4.500000      0.01025885
  4.600000      0.00975750
  4.700000      0.00883960
  4.800000      0.00840763
  4.900000      0.00883351
  5.000000      0.00981911
  5.100000      0.01033568
  5.200000      0.00864838
  5.300000      0.00736376
  5.400000      0.00723171
  5.500000      0.00822889
  5.600000      0.00936049
  5.700000      0.01061540
  5.800000      0.01167629
  5.900000      0.01304930
  6.000000      0.01456764
  6.100000      0.01544027
  6.200000      0.01553438
  6.300000      0.01498098
  6.400000      0.01521313
  6.500000      0.01563067
  6.600000      0.01586580
  6.700000      0.01678621
  6.800000      0.01717683
  6.900000      0.01681951
  7.000000      0.01614774
  7.100000      0.01483023
  7.200000      0.01386360
  7.300000      0.01280883
  7.400000      0.01128847
  7.500000      0.00958414
  7.600000      0.00815711
  7.700000      0.00540712
  7.800000      0.00201625
  7.900000     -0.00098156
  8.000000     -0.00390957
  8.100000     -0.00632647
  8.200000     -0.00679383
  8.300000     -0.00641087
  8.400000     -0.00898389
  8.500000     -0.01093796
  8.600000     -0.01153900
  8.700000     -0.01263509
  8.800000     -0.01302010
  8.900000     -0.01215509
  9.000000     -0.01157035
  9.100000     -0.01252220
  9.200000     -0.01326300
  9.300000     -0.01560694
  9.400000     -0.01669358
  9.500000     -0.01711602
  9.600000     -0.01746616
  9.700000     -0.01784819
  9.800000     -0.01670807
  9.900000     -0.01612282
 10.000000     -0.01584196
 10.100000     -0.01649821
 10.200000     -0.01613665
 10.300000     -0.01413215
 10.400000     -0.01343299
 10.500000     -0.01391750
 10.600000     -0.01588626
 10.700000     -0.01690024
 10.800000     -0.01624769
 10.900000     -0.01562743
 11.000000     -0.01565066
 11.100000     -0.01639997
 11.200000     -0.01722770
 11.300000     -0.01734242
 11.400000     -0.01699304
 11.500000     -0.01602997
 11.600000     -0.01481677
 11.700000     -0.01552224
 11.800000     -0.01622832
 11.900000     -0.01724179
 12.000000     -0.01848778
 12.100000     -0.01851618
 12.200000     -0.01790406
 12.300000     -0.01710712
 12.400000     -0.01766930
 12.500000     -0.01778519
 12.600000     -0.01720692
 12.700000     -0.01560251
 12.800000     -0.01478094
 12.900000     -0.01637363
 13.000000     -0.01779392
 13.100000     -0.02023652
 13.200000     -0.02083258
 13.300000     -0.01790021
 13.400000     -0.01384286
 13.500000     -0.00985812
 13.600000     -0.00347723
 13.700000      0.00395826
 13.800000      0.01227713
 13.900000      0.01950203
 14.000000      0.02973458
 14.100000      0.04389538
 14.200000      0.06191239
 14.300000      0.08408760
 14.400000      0.10771598
 14.500000      0.13572250
 14.600000      0.16556166
 14.700000      0.20271782
 14.800000      0.24437149
 14.900000      0.28906883
 15.000000      0.33727023
 15.100000      0.38718049
 15.200000      0.43720074
 15.300000      0.48879857
 15.400000      0.54098762
 15.500000      0.59044204
 15.600000      0.63830556
 15.700000      0.68285747
 15.800000      0.72716743
 15.900000      0.76772039
 16.000000      0.80432245
 16.100000      0.83792135
 16.200000      0.86746341
 16.300000      0.89373390
 16.400000      0.91786307
 16.500000      0.93744408
 16.600000      0.95425488
 16.700000      0.96966251
 16.800000      0.98172075
 16.900000      0.99087956
 17.000000      0.99746444
 17.100000      1.00000000
 17.200000      0.99436314
 17.300000      0.98424370
 17.400000      0.96774542
 17.500000      0.94286764
 17.600000      0.91363957
 17.700000      0.87686017
 17.800000      0.83080180
 17.900000      0.77606589
 18.000000      0.71224560
 18.100000      0.64036253
 18.200000      0.56129884
 18.300000      0.47678927
 18.400000      0.38890901
 18.500000      0.30162365
 18.600000      0.21740186
 18.700000      0.13633308
 18.800000      0.05898134
 18.900000     -0.01270095
 19.000000     -0.08177852
 19.100000     -0.14532271
 19.200000     -0.20449016
 19.300000     -0.26009531
 19.400000     -0.31062505
 19.500000     -0.35550795
 19.600000     -0.39647380
 19.700000     -0.43254332
 19.800000     -0.46502551
 19.900000     -0.49481704
 20.000000     -0.52068910
 20.100000     -0.54095213
 20.200000     -0.55706748
 20.300000     -0.57056810
 20.400000     -0.58061612
 20.500000     -0.58843450
 20.600000     -0.59452977
 20.700000     -0.59696006
 20.800000     -0.59544004
 20.900000     -0.59188242
 21.000000     -0.58872880
 21.100000     -0.58467686
 21.200000     -0.57993275
 21.300000     -0.57449242
 21.400000     -0.56469656
 21.500000     -0.55364935
 21.600000     -0.54232063
 21.700000     -0.53118785
 21.800000     -0.51968863
 21.900000     -0.50912883
 22.000000     -0.49718717
 22.100000     -0.48283535
 22.200000     -0.46578057
 22.300000     -0.44822527
 22.400000     -0.43189054
 22.500000     -0.41619727
 22.600000     -0.39991449
 22.700000     -0.38345469
 22.800000     -0.36739057
 22.900000     -0.35063499
 23.000000     -0.33667752
 23.100000     -0.32441438
 23.200000     -0.31230783
 23.300000     -0.29930621
 23.400000     -0.28734501
 23.500000     -0.27644554
 23.600000     -0.26667976
 23.700000     -0.25942025
 23.800000     -0.24997705
 23.900000     -0.23987558
 24.000000     -0.22991319
 24.100000     -0.22087992
 24.200000     -0.21202460
 24.300000     -0.20394206
 24.400000     -0.19760994
 24.500000     -0.19139675
 24.600000     -0.18384248
 24.700000     -0.17678784
 24.800000     -0.17040928
 24.900000     -0.16462990
 25.000000     -0.16086811
 25.100000     -0.15793805
 25.200000     -0.15436594
 25.300000     -0.14932456
 25.400000     -0.14553392
 25.500000     -0.14223055
 25.600000     -0.13986246
 25.700000     -0.13572908
 25.800000     -0.13034486
 25.900000     -0.12628837
 26.000000     -0.12372093
 26.100000     -0.12142958
 26.200000     -0.11910064
 26.300000     -0.11638946
 26.400000     -0.11354701
 26.500000     -0.11021706
 26.600000     -0.11000112
 26.700000     -0.11059943
 26.800000     -0.10765962
 26.900000     -0.10376637
 27.000000     -0.10027102
 27.100000     -0.09861310
 27.200000     -0.09719991
 27.300000     -0.09669246
 27.400000     -0.09578406
 27.500000     -0.09532633
 27.600000     -0.09415179
 27.700000     -0.09406303
 27.800000     -0.09314683
 27.900000     -0.09089072
 28.000000     -0.09017413
 28.100000     -0.09084955
 28.200000     -0.09127836
 28.300000     -0.09004399
 28.400000     -0.08947205
 28.500000     -0.08913824
 28.600000     -0.08899292
 28.700000     -0.08805628
 28.800000     -0.08775666
 28.900000     -0.08650429
 29.000000     -0.08333196
 29.100000     -0.08077599
 29.200000     -0.07840102
 29.300000     -0.07504114
 29.400000     -0.07194689
 29.500000     -0.06979840
 29.600000     -0.06749909
 29.700000     -0.06480854
 29.800000     -0.06255093
 29.900000     -0.06070044
 30.000000     -0.05846533
 30.100000     -0.05719800
 30.200000     -0.05593956
 30.300000     -0.05419772
 30.400000     -0.05175417
 30.500000     -0.04906947
 30.600000     -0.04653749
 30.700000     -0.04288318
 30.800000     -0.03983015
 30.900000     -0.03759301
 31.000000     -0.03592681
 31.100000     -0.03457208
 31.200000     -0.03330431
 31.300000     -0.03163621
 31.400000     -0.02955180
 31.500000     -0.02771471
 31.600000     -0.02625177
 31.700000     -0.02498588
 31.800000     -0.02379202
 31.900000     -0.02249986
 32.000000     -0.02206250
 32.100000     -0.02280441
 32.200000     -0.02350455
 32.300000     -0.02405460
 32.400000     -0.02274902
 32.500000     -0.02205699
 32.600000     -0.02231938
 32.700000     -0.02329655
 32.800000     -0.02405986
 32.900000     -0.02315585
 33.000000     -0.02140000
 33.100000     -0.01989462
 33.200000     -0.02018220
 33.300000     -0.02106591
 33.400000     -0.02098401
 33.500000     -0.01989495
 33.600000     -0.02007953
 33.700000     -0.02157835
 33.800000     -0.02177119
 33.900000     -0.01986600
 34.000000     -0.01795939
 34.100000     -0.01750832
 34.200000     -0.01655647
 34.300000     -0.01401179
 34.400000     -0.01277442
 34.500000     -0.01104689
 34.600000     -0.00925372
 34.700000     -0.00765142
 34.800000     -0.00699198
 34.900000     -0.00589353
 35.000000     -0.00345210
 35.100000     -0.00126445
 35.200000     -0.00129472
 35.300000     -0.00136431
 35.400000     -0.00082123
 35.500000      0.00109115
 35.600000      0.00271895
 35.700000      0.00398833
 35.800000      0.00596777
 35.900000      0.00723880
 36.000000      0.00863497
 36.100000      0.01133384
 36.200000      0.01403802
 36.300000      0.01649279
 36.400000      0.02077532
 36.500000      0.02520006
 36.600000      0.02812753
 36.700000      0.02916354
 36.800000      0.02901357
 36.900000      0.02834305
 37.000000      0.02718551
 37.100000      0.02546681
 37.200000      0.02389250
 37.300000      0.02291000
 37.400000      0.02194708
 37.500000      0.02156529
 37.600000      0.02132108
 37.700000      0.02194432
 37.800000      0.02313596
 37.900000      0.02513258
 38.000000      0.02739695
 38.100000      0.03071539
 38.200000      0.03460002
 38.300000      0.03835353
 38.400000      0.04162715
 38.500000      0.04503248
 38.600000      0.04745835
 38.700000      0.04977046
 38.800000      0.05103752
 38.900000      0.05223275
 39.000000      0.05313824
 39.100000      0.05422760
 39.200000      0.05472320
 39.300000      0.05508850
 39.400000      0.05539243
 39.500000      0.05574411
 39.600000      0.05541512
 39.700000      0.05462664
 39.800000      0.05337220
 39.900000      0.05232124
