  0.000000      0.23255626
  0.100000      0.23075015
  0.200000      0.22905069
  0.300000      0.22763476
  0.400000      0.22617919
  0.500000      0.22534529
  0.600000      0.22516281
  0.700000      0.22509901
  0.800000      0.22434930
  0.900000      0.22304656
  1.000000      0.22261524
  1.100000      0.22278414
  1.200000      0.22271223
  1.300000      0.22210036
  1.400000      0.22221121
  1.500000      0.22192464
  1.600000      0.22033939
  1.700000      0.21809556
  1.800000      0.21490675
  1.900000      0.20987446
  2.000000      0.20303776
  2.100000      0.19645726
  2.200000      0.19062326
  2.300000      0.18566425
  2.400000      0.18187430
  2.500000      0.17951760
  2.600000      0.17777271
  2.700000      0.17693241
  2.800000      0.17746806
  2.900000      0.17849699
  3.000000      0.17837202
  3.100000      0.17723068
  3.200000      0.17632177
  3.300000      0.17581036
  3.400000      0.17426536
  3.500000      0.17485089
  3.600000      0.17778698
  3.700000      0.18105041
  3.800000      0.18497840
  3.900000      0.18645929
  4.000000      0.18757016
  4.100000      0.19131843
  4.200000      0.19519017
  4.300000      0.19355660
  4.400000      0.20277646
  4.500000      0.20486586
  4.600000      0.21050862
  4.700000      0.21134420
  4.800000      0.21394792
  4.900000      0.21715612
  5.000000      0.21899703
  5.100000      0.21355630
  5.200000      0.21958734
  5.300000      0.22889968
  5.400000      0.23601093
  5.500000      0.23710882
  5.600000      0.23951563
  5.700000      0.23991487
  5.800000      0.24322929
  5.900000      0.24401617
  6.000000      0.24854546
  6.100000      0.24472658
  6.200000      0.23282035
  6.300000      0.23251586
  6.400000      0.23302211
  6.500000      0.22905590
  6.600000      0.22835219
  6.700000      0.22317320
  6.800000      0.21675128
  6.900000      0.20162772
  7.000000      0.18437184
  7.100000      0.17149664
  7.200000      0.16638667
  7.300000      0.15604203
  7.400000      0.13326517
  7.500000      0.12151122
  7.600000      0.11472342
  7.700000      0.09229044
  7.800000      0.07764398
  7.900000      0.07126474
  8.000000      0.05613994
  8.100000      0.05313144
  8.200000      0.07107598
  8.300000      0.09363985
  8.400000      0.10412326
  8.500000      0.13945363
  8.600000      0.16187768
  8.700000      0.18563839
  8.800000      0.20549636
  8.900000      0.22870642
  9.000000      0.25738745
  9.100000      0.28556174
  9.200000      0.32491109
  9.300000      0.37387881
  9.400000      0.42388601
  9.500000      0.46954961
  9.600000      0.51720656
  9.700000      0.57935176
  9.800000      0.63277572
  9.900000      0.72494174
 10.000000      0.76571047
 10.100000      0.80205697
 10.200000      0.83418812
 10.300000      0.87343490
 10.400000      0.90212969
 10.500000      0.93841655
 10.600000      0.96383675
 10.700000      0.98142316
 10.800000      0.99404263
 10.900000      0.99842534
 11.000000      1.00000000
 11.100000      0.99035053
 11.200000      0.96310052
 11.300000      0.92456418
 11.400000      0.89648905
 11.500000      0.86555011
 11.600000      0.83024175
 11.700000      0.78960556
 11.800000      0.71775511
 11.900000      0.64897109
 12.000000      0.56785644
 12.100000      0.48629018
 12.200000      0.40579630
 12.300000      0.34283132
 12.400000      0.31433917
 12.500000      0.24165440
 12.600000      0.17062729
 12.700000      0.09680311
 12.800000      0.01592580
 12.900000     -0.02906310
 13.000000     -0.07850173
 13.100000     -0.11565478
 13.200000     -0.14184926
 13.300000     -0.16247448
 13.400000     -0.18146729
 13.500000     -0.19605238
 13.600000     -0.20934461
 13.700000     -0.22108410
 13.800000     -0.23162410
 13.900000     -0.24243503
 14.000000     -0.24660208
 14.100000     -0.22830114
 14.200000     -0.22121967
 14.300000     -0.21010819
 14.400000     -0.19312799
 14.500000     -0.17362863
 14.600000     -0.15813512
 14.700000     -0.14645833
 14.800000     -0.14094525
 14.900000     -0.13858972
 15.000000     -0.13422933
 15.100000     -0.12509929
 15.200000     -0.11747383
 15.300000     -0.11473955
 15.400000     -0.11117622
 15.500000     -0.10201988
 15.600000     -0.09419404
 15.700000     -0.09257830
 15.800000     -0.09097142
 15.900000     -0.08598812
 16.000000     -0.07985088
 16.100000     -0.07294746
 16.200000     -0.06722856
 16.300000     -0.06170017
 16.400000     -0.05592836
 16.500000     -0.05190106
 16.600000     -0.04932797
 16.700000     -0.04774475
 16.800000     -0.04659498
 16.900000     -0.04864076
 17.000000     -0.05244434
 17.100000     -0.05560557
 17.200000     -0.05510277
 17.300000     -0.05504550
 17.400000     -0.05872116
 17.500000     -0.06393247
 17.600000     -0.06976439
 17.700000     -0.07500038
 17.800000     -0.07561777
 17.900000     -0.07215687
 18.000000     -0.06899488
 18.100000     -0.06773284
 18.200000     -0.06847674
 18.300000     -0.06844461
 18.400000     -0.06462624
 18.500000     -0.05763796
 18.600000     -0.05506802
 18.700000     -0.03922892
 18.800000     -0.02788267
 18.900000     -0.01877861
 19.000000     -0.01299666
 19.100000     -0.00993418
 19.200000     -0.01126916
 19.300000     -0.01753932
 19.400000     -0.02700707
 19.500000     -0.03722799
 19.600000     -0.04559777
 19.700000     -0.05099149
 19.800000     -0.05224981
 19.900000     -0.04872724
 20.000000     -0.04288792
 20.100000     -0.03381471
 20.200000     -0.02236488
 20.300000     -0.01199186
 20.400000     -0.00374689
 20.500000      0.00358462
 20.600000      0.00966996
 20.700000      0.01398206
 20.800000      0.01542328
 20.900000      0.01752005
 21.000000      0.02142726
 21.100000      0.02587884
 21.200000      0.03102306
 21.300000      0.03678945
 21.400000      0.04030513
 21.500000      0.04236552
 21.600000      0.04355125
 21.700000      0.04428494
 21.800000      0.04655197
 21.900000      0.05072944
 22.000000      0.05410989
 22.100000      0.05522513
 22.200000      0.05497963
 22.300000      0.05486022
 22.400000      0.05426197
 22.500000      0.05292699
 22.600000      0.04940801
 22.700000      0.04417301
 22.800000      0.03621082
 22.900000      0.02777402
 23.000000      0.02003111
 23.100000      0.01305564
 23.200000      0.00530646
 23.300000     -0.00286817
 23.400000     -0.01210286
 23.500000     -0.02111429
 23.600000     -0.02917087
 23.700000     -0.03563605
 23.800000     -0.03944569
 23.900000     -0.04173973
 24.000000     -0.04337854
 24.100000     -0.04481784
 24.200000     -0.04566384
 24.300000     -0.04526425
 24.400000     -0.04468420
 24.500000     -0.04276052
 24.600000     -0.03758124
 24.700000     -0.03003290
 24.800000     -0.02106117
 24.900000     -0.01159636
 25.000000     -0.00232976
 25.100000      0.00624576
 25.200000      0.01340803
 25.300000      0.01833852
 25.400000      0.02094054
 25.500000      0.02100051
 25.600000      0.01956498
 25.700000      0.01741549
 25.800000      0.01501288
 25.900000      0.01352646
 26.000000      0.01408580
 26.100000      0.01689614
 26.200000      0.02071613
 26.300000      0.02426873
 26.400000      0.02709565
 26.500000      0.02920180
 26.600000      0.03146190
 26.700000      0.03391754
 26.800000      0.03620793
 26.900000      0.03924573
 27.000000      0.04299672
 27.100000      0.04755408
 27.200000      0.05185351
 27.300000      0.05414501
 27.400000      0.05547589
 27.500000      0.05664884
 27.600000      0.05778858
 27.700000      0.05814474
 27.800000      0.05763422
 27.900000      0.05563356
 28.000000      0.05139638
 28.100000      0.04534252
 28.200000      0.03836673
 28.300000      0.03125111
 28.400000      0.02353872
 28.500000      0.01763341
 28.600000      0.01516907
 28.700000      0.01652541
 28.800000      0.02006741
 28.900000      0.02487613
 29.000000      0.02979677
 29.100000      0.03393390
 29.200000      0.03647363
 29.300000      0.03769539
 29.400000      0.03731324
 29.500000      0.03517314
 29.600000      0.03431911
 29.700000      0.03413750
 29.800000      0.03495470
 29.900000      0.03635379
 30.000000      0.03828617
 30.100000      0.04067428
 30.200000      0.04340031
 30.300000      0.04528396
 30.400000      0.04591963
 30.500000      0.04584871
 30.600000      0.04551075
 30.700000      0.04510672
 30.800000      0.04453323
 30.900000      0.04479251
 31.000000      0.04640095
 31.100000      0.04897872
 31.200000      0.05296150
 31.300000      0.05731126
 31.400000      0.06149262
 31.500000      0.06554316
 31.600000      0.06824984
 31.700000      0.06822677
 31.800000      0.06659741
 31.900000      0.06437321
 32.000000      0.06109048
 32.100000      0.05780487
 32.200000      0.05562058
 32.300000      0.05468594
 32.400000      0.05487476
 32.500000      0.05569226
 32.600000      0.05656186
 32.700000      0.05749040
 32.800000      0.05937155
 32.900000      0.06087002
 33.000000      0.06137977
 33.100000      0.06078412
 33.200000      0.05953922
 33.300000      0.05755378
 33.400000      0.05501949
 33.500000      0.05261973
 33.600000      0.05013061
 33.700000      0.04726624
 33.800000      0.04530164
 33.900000      0.04529878
 34.000000      0.04593901
 34.100000      0.04645096
 34.200000      0.04831027
 34.300000      0.05102148
 34.400000      0.05294309
 34.500000      0.05342084
 34.600000      0.05358251
 34.700000      0.05346999
 34.800000      0.05244122
 34.900000      0.05065394
 35.000000      0.04916651
 35.100000      0.04826007
 35.200000      0.04681821
 35.300000      0.04514194
 35.400000      0.04298224
 35.500000      0.03988605
 35.600000      0.03646568
 35.700000      0.03318330
 35.800000      0.03087227
 35.900000      0.02996965
 36.000000      0.02994052
 36.100000      0.03050571
 36.200000      0.03255448
 36.300000      0.03652441
 36.400000      0.04060314
 36.500000      0.04417510
 36.600000      0.04797848
 36.700000      0.05209337
 36.800000      0.05549614
 36.900000      0.05791764
 37.000000      0.05910232
 37.100000      0.06003409
 37.200000      0.06111212
 37.300000      0.06180260
 37.400000      0.06178252
 37.500000      0.06209286
 37.600000      0.06303539
 37.700000      0.06363811
 37.800000      0.06353096
 37.900000      0.06307493
 38.000000      0.06123539
 38.100000      0.05952323
 38.200000      0.05834727
 38.300000      0.05788144
 38.400000      0.05848218
 38.500000      0.05992867
 38.600000      0.06161259
 38.700000      0.06382263
 38.800000      0.06656862
 38.900000      0.06872139
 39.000000      0.07047781
 39.100000      0.07325678
 39.200000      0.07620013
 39.300000      0.07806588
 39.400000      0.07879469
 39.500000      0.07824488
 39.600000      0.07657853
 39.700000      0.07442536
 39.800000      0.07180246
 39.900000      0.06903249
