  0.000000      0.00365396
  0.100000      0.00422646
  0.200000      0.00537178
  0.300000      0.00682249
  0.400000      0.00812914
  0.500000      0.01116122
  0.600000      0.01033960
  0.700000      0.01182518
  0.800000      0.01430435
  0.900000      0.01367789
  1.000000      0.01461013
  1.100000      0.01338462
  1.200000      0.01324858
  1.300000      0.01286580
  1.400000      0.01229242
  1.500000      0.01298752
  1.600000      0.01233510
  1.700000      0.01301080
  1.800000      0.01477152
  1.900000      0.01495649
  2.000000      0.01584563
  2.100000      0.01657249
  2.200000      0.01987828
  2.300000      0.02222605
  2.400000      0.02532012
  2.500000      0.02906215
  2.600000      0.02897825
  2.700000      0.02973860
  2.800000      0.03048095
  2.900000      0.03195718
  3.000000      0.03427526
  3.100000      0.03631891
  3.200000      0.03840166
  3.300000      0.03956677
  3.400000      0.04047206
  3.500000      0.04229661
  3.600000      0.04363635
  3.700000      0.04670951
  3.800000      0.04919886
  3.900000      0.05205100
  4.000000      0.05560012
  4.100000      0.05733122
  4.200000      0.05906277
  4.300000      0.06167503
  4.400000      0.06492220
  4.500000      0.06857345
  4.600000      0.07261818
  4.700000      0.07631775
  4.800000      0.08030043
  4.900000      0.08144639
  5.000000      0.08481861
  5.100000      0.08688467
  5.200000      0.08992525
  5.300000      0.09368430
  5.400000      0.09785190
  5.500000      0.10108793
  5.600000      0.10532333
  5.700000      0.10882244
  5.800000      0.11302195
  5.900000      0.11559756
  6.000000      0.11796941
  6.100000      0.11955765
  6.200000      0.12161592
  6.300000      0.12426722
  6.400000      0.12717556
  6.500000      0.13009405
  6.600000      0.13286281
  6.700000      0.13475426
  6.800000      0.13577953
  6.900000      0.13558730
  7.000000      0.13611634
  7.100000      0.13602318
  7.200000      0.13445378
  7.300000      0.13232032
  7.400000      0.12790302
  7.500000      0.12226185
  7.600000      0.11759922
  7.700000      0.11284533
  7.800000      0.10918699
  7.900000      0.10491050
  8.000000      0.09867183
  8.100000      0.09186516
  8.200000      0.08509891
  8.300000      0.07777782
  8.400000      0.07069279
  8.500000      0.06393879
  8.600000      0.06037151
  8.700000      0.05493025
  8.800000      0.04916132
  8.900000      0.04477880
  9.000000      0.04166466
  9.100000      0.03887740
  9.200000      0.03686222
  9.300000      0.03673803
  9.400000      0.03705381
  9.500000      0.03689705
  9.600000      0.03696711
  9.700000      0.03686149
  9.800000      0.03591307
  9.900000      0.03597901
 10.000000      0.03668953
 10.100000      0.03764928
 10.200000      0.03933100
 10.300000      0.04292624
 10.400000      0.04976597
 10.500000      0.05848735
 10.600000      0.07079855
 10.700000      0.08611674
 10.800000      0.10529362
 10.900000      0.12617014
 11.000000      0.15328129
 11.100000      0.18508914
 11.200000      0.21879936
 11.300000      0.25857523
 11.400000      0.29929266
 11.500000      0.34607546
 11.600000      0.39835476
 11.700000      0.45392404
 11.800000      0.51463640
 11.900000      0.57517639
 12.000000      0.63647333
 12.100000      0.69445225
 12.200000      0.75119587
 12.300000      0.80005240
 12.400000      0.84723024
 12.500000      0.89135369
 12.600000      0.92852468
 12.700000      0.95825781
 12.800000      0.98092890
 12.900000      0.99427384
 13.000000      1.00000000
 13.100000      0.99533193
 13.200000      0.98233834
 13.300000      0.96128394
 13.400000      0.93273065
 13.500000      0.89798531
 13.600000      0.85124405
 13.700000      0.79966337
 13.800000      0.74268583
 13.900000      0.68074298
 14.000000      0.61722530
 14.100000      0.55184546
 14.200000      0.48424905
 14.300000      0.41260472
 14.400000      0.34405348
 14.500000      0.27170113
 14.600000      0.20567319
 14.700000      0.14069890
 14.800000      0.08304481
 14.900000      0.03087475
 15.000000     -0.01918038
 15.100000     -0.06717364
 15.200000     -0.11204565
 15.300000     -0.15751595
 15.400000     -0.19952383
 15.500000     -0.23550662
 15.600000     -0.26129947
 15.700000     -0.28657908
 15.800000     -0.30895268
 15.900000     -0.32995072
 16.000000     -0.35142621
 16.100000     -0.36775710
 16.200000     -0.38187461
 16.300000     -0.39175060
 16.400000     -0.39816690
 16.500000     -0.40359149
 16.600000     -0.40437202
 16.700000     -0.40541964
 16.800000     -0.40141987
 16.900000     -0.39568391
 17.000000     -0.39237773
 17.100000     -0.38846006
 17.200000     -0.38088644
 17.300000     -0.36833277
 17.400000     -0.35015090
 17.500000     -0.32893964
 17.600000     -0.31369411
 17.700000     -0.29844401
 17.800000     -0.28289882
 17.900000     -0.26870512
 18.000000     -0.25652027
 18.100000     -0.24487372
 18.200000     -0.23243757
 18.300000     -0.21965139
 18.400000     -0.20905690
 18.500000     -0.19924235
 18.600000     -0.19085921
 18.700000     -0.18048957
 18.800000     -0.17061253
 18.900000     -0.15777761
 19.000000     -0.14365195
 19.100000     -0.13071126
 19.200000     -0.12404445
 19.300000     -0.12025748
 19.400000     -0.11669468
 19.500000     -0.11489011
 19.600000     -0.11111508
 19.700000     -0.10776781
 19.800000     -0.10592424
 19.900000     -0.10530714
 20.000000     -0.10463159
 20.100000     -0.10554386
 20.200000     -0.10491035
 20.300000     -0.10494087
 20.400000     -0.10742024
 20.500000     -0.10792115
 20.600000     -0.10955446
 20.700000     -0.11290425
 20.800000     -0.11724083
 20.900000     -0.12171720
 21.000000     -0.12582312
 21.100000     -0.12895824
 21.200000     -0.13083524
 21.300000     -0.13479761
 21.400000     -0.13878586
 21.500000     -0.14372252
 21.600000     -0.14781722
 21.700000     -0.15137010
 21.800000     -0.15534199
 21.900000     -0.15966461
 22.000000     -0.16325438
 22.100000     -0.16517249
 22.200000     -0.16458541
 22.300000     -0.16285361
 22.400000     -0.16183823
 22.500000     -0.16233598
 22.600000     -0.16405328
 22.700000     -0.16565050
 22.800000     -0.16716693
 22.900000     -0.16885766
 23.000000     -0.17082696
 23.100000     -0.17334594
 23.200000     -0.17642698
 23.300000     -0.17949557
 23.400000     -0.18182039
 23.500000     -0.18314155
 23.600000     -0.18444742
 23.700000     -0.18669684
 23.800000     -0.18906461
 23.900000     -0.19250105
 24.000000     -0.19621771
 24.100000     -0.19979793
 24.200000     -0.20198514
 24.300000     -0.20268387
 24.400000     -0.20282222
 24.500000     -0.20236204
 24.600000     -0.20085422
 24.700000     -0.19806122
 24.800000     -0.19453748
 24.900000     -0.19010587
 25.000000     -0.18604693
 25.100000     -0.18194664
 25.200000     -0.17949134
 25.300000     -0.17707624
 25.400000     -0.17406972
 25.500000     -0.17156030
 25.600000     -0.16985194
 25.700000     -0.16965213
 25.800000     -0.17146715
 25.900000     -0.17413333
 26.000000     -0.17690795
 26.100000     -0.18029189
 26.200000     -0.18361797
 26.300000     -0.18690364
 26.400000     -0.18959445
 26.500000     -0.19183246
 26.600000     -0.19429884
 26.700000     -0.19677696
 26.800000     -0.19948500
 26.900000     -0.20180454
 27.000000     -0.20285045
 27.100000     -0.20379888
 27.200000     -0.20431849
 27.300000     -0.20380816
 27.400000     -0.20271680
 27.500000     -0.20088203
 27.600000     -0.19887702
 27.700000     -0.19637541
 27.800000     -0.19379027
 27.900000     -0.19033723
 28.000000     -0.18477121
 28.100000     -0.17836503
 28.200000     -0.17192022
 28.300000     -0.16541076
 28.400000     -0.15838908
 28.500000     -0.15209273
 28.600000     -0.14562951
 28.700000     -0.13948713
 28.800000     -0.13415505
 28.900000     -0.13055094
 29.000000     -0.12781724
 29.100000     -0.12686919
 29.200000     -0.12653982
 29.300000     -0.12638787
 29.400000     -0.12644623
 29.500000     -0.12612130
 29.600000     -0.12536102
 29.700000     -0.12446019
 29.800000     -0.12324285
 29.900000     -0.12195981
 30.000000     -0.12058087
 30.100000     -0.11922954
 30.200000     -0.11784847
 30.300000     -0.11716027
 30.400000     -0.11705215
 30.500000     -0.11706506
 30.600000     -0.11642713
 30.700000     -0.11557590
 30.800000     -0.11442166
 30.900000     -0.11282781
 31.000000     -0.11009886
 31.100000     -0.10653127
 31.200000     -0.10241616
 31.300000     -0.09768281
 31.400000     -0.09290411
 31.500000     -0.08860948
 31.600000     -0.08448670
 31.700000     -0.08121407
 31.800000     -0.07791270
 31.900000     -0.07449870
 32.000000     -0.07136408
 32.100000     -0.06864975
 32.200000     -0.06653323
 32.300000     -0.06430377
 32.400000     -0.06206091
 32.500000     -0.06043160
 32.600000     -0.05931786
 32.700000     -0.05820593
 32.800000     -0.05748827
 32.900000     -0.05691192
 33.000000     -0.05602448
 33.100000     -0.05452499
 33.200000     -0.05267267
 33.300000     -0.05067774
 33.400000     -0.04929311
 33.500000     -0.04778546
 33.600000     -0.04528274
 33.700000     -0.04206311
 33.800000     -0.03742054
 33.900000     -0.03218731
 34.000000     -0.02664545
 34.100000     -0.02151757
 34.200000     -0.01712964
 34.300000     -0.01354382
 34.400000     -0.01055487
 34.500000     -0.00802159
 34.600000     -0.00586080
 34.700000     -0.00419072
 34.800000     -0.00332876
 34.900000     -0.00302844
 35.000000     -0.00314270
 35.100000     -0.00356479
 35.200000     -0.00415808
 35.300000     -0.00462561
 35.400000     -0.00575062
 35.500000     -0.00729090
 35.600000     -0.00915885
 35.700000     -0.01129489
 35.800000     -0.01278975
 35.900000     -0.01288895
 36.000000     -0.01259334
 36.100000     -0.01247585
 36.200000     -0.01276813
 36.300000     -0.01387726
 36.400000     -0.01426075
 36.500000     -0.01443307
 36.600000     -0.01404313
 36.700000     -0.01272377
 36.800000     -0.01069273
 36.900000     -0.00817420
 37.000000     -0.00582798
 37.100000     -0.00417470
 37.200000     -0.00315021
 37.300000     -0.00207895
 37.400000     -0.00031432
 37.500000      0.00240048
 37.600000      0.00520686
 37.700000      0.00825817
 37.800000      0.01113398
 37.900000      0.01402414
 38.000000      0.01729763
 38.100000      0.02093574
 38.200000      0.02447724
 38.300000      0.02774181
 38.400000      0.03054425
 38.500000      0.03256826
 38.600000      0.03426601
 38.700000      0.03563211
 38.800000      0.03696965
 38.900000      0.03765916
 39.000000      0.03799347
 39.100000      0.03757132
 39.200000      0.03674937
 39.300000      0.03462456
 39.400000      0.03128961
 39.500000      0.02669080
 39.600000      0.02191877
 39.700000      0.01734670
 39.800000      0.01296512
 39.900000      0.00848459
