  0.000000      0.21678963
  0.100000      0.21872657
  0.200000      0.22118401
  0.300000      0.22544430
  0.400000      0.23044420
  0.500000      0.23430979
  0.600000      0.23842911
  0.700000      0.24352682
  0.800000      0.25011835
  0.900000      0.25707893
  1.000000      0.26363336
  1.100000      0.27070426
  1.200000      0.27832054
  1.300000      0.28325406
  1.400000      0.28664984
  1.500000      0.29118454
  1.600000      0.29705936
  1.700000      0.30320694
  1.800000      0.30764214
  1.900000      0.30985365
  2.000000      0.30931450
  2.100000      0.30782356
  2.200000      0.30534951
  2.300000      0.30204201
  2.400000      0.29849144
  2.500000      0.29527636
  2.600000      0.29264407
  2.700000      0.28750794
  2.800000      0.28090518
  2.900000      0.27294360
  3.000000      0.26549583
  3.100000      0.25883548
  3.200000      0.25194771
  3.300000      0.24521999
  3.400000      0.24002949
  3.500000      0.23584264
  3.600000      0.23219766
  3.700000      0.22841508
  3.800000      0.22612163
  3.900000      0.22417213
  4.000000      0.22281568
  4.100000      0.22240879
  4.200000      0.22317307
  4.300000      0.22594432
  4.400000      0.22844878
  4.500000      0.22971335
  4.600000      0.22953732
  4.700000      0.22944245
  4.800000      0.22831663
  4.900000      0.22594297
  5.000000      0.22111891
  5.100000      0.21831683
  5.200000      0.21480106
  5.300000      0.20895694
  5.400000      0.19827253
  5.500000      0.18852849
  5.600000      0.17910202
  5.700000      0.16838621
  5.800000      0.16201825
  5.900000      0.16235536
  6.000000      0.16851832
  6.100000      0.17785764
  6.200000      0.18887393
  6.300000      0.19384897
  6.400000      0.19434843
  6.500000      0.19040712
  6.600000      0.18296242
  6.700000      0.17765398
  6.800000      0.16822030
  6.900000      0.15780663
  7.000000      0.14955351
  7.100000      0.14629394
  7.200000      0.14767631
  7.300000      0.14810114
  7.400000      0.15057293
  7.500000      0.15806498
  7.600000      0.16859831
  7.700000      0.18071449
  7.800000      0.18915463
  7.900000      0.19213655
  8.000000      0.19159892
  8.100000      0.19607613
  8.200000      0.20531858
  8.300000      0.21412011
  8.400000      0.22650791
  8.500000      0.24131990
  8.600000      0.25050419
  8.700000      0.25427079
  8.800000      0.25698324
  8.900000      0.25777157
  9.000000      0.25410303
  9.100000      0.24519273
  9.200000      0.22898830
  9.300000      0.21280105
  9.400000      0.20092073
  9.500000      0.18996478
  9.600000      0.18484809
  9.700000      0.19207360
  9.800000      0.20720120
  9.900000      0.22060807
 10.000000      0.23479740
 10.100000      0.25750066
 10.200000      0.28071628
 10.300000      0.29896946
 10.400000      0.31412049
 10.500000      0.32540295
 10.600000      0.33589916
 10.700000      0.34890640
 10.800000      0.36331660
 10.900000      0.38133492
 11.000000      0.40552825
 11.100000      0.42873114
 11.200000      0.44155057
 11.300000      0.45465921
 11.400000      0.47228543
 11.500000      0.48669759
 11.600000      0.49719240
 11.700000      0.50197977
 11.800000      0.50548949
 11.900000      0.50846183
 12.000000      0.51160858
 12.100000      0.51493109
 12.200000      0.52093973
 12.300000      0.53750264
 12.400000      0.55597901
 12.500000      0.56597776
 12.600000      0.57058245
 12.700000      0.57526714
 12.800000      0.57469639
 12.900000      0.56572621
 13.000000      0.55824232
 13.100000      0.55417818
 13.200000      0.54775345
 13.300000      0.53813488
 13.400000      0.52974372
 13.500000      0.51684159
 13.600000      0.50280209
 13.700000      0.48842904
 13.800000      0.47522248
 13.900000      0.46691832
 14.000000      0.45653931
 14.100000      0.43949936
 14.200000      0.42414798
 14.300000      0.41575094
 14.400000      0.40300401
 14.500000      0.38568538
 14.600000      0.37323937
 14.700000      0.36268589
 14.800000      0.35067953
 14.900000      0.34243398
 15.000000      0.33997686
 15.100000      0.34018357
 15.200000      0.34013809
 15.300000      0.33793813
 15.400000      0.32865397
 15.500000      0.31441779
 15.600000      0.29684184
 15.700000      0.27727822
 15.800000      0.25734211
 15.900000      0.23545717
 16.000000      0.21039461
 16.100000      0.18382327
 16.200000      0.15782004
 16.300000      0.13539520
 16.400000      0.11857114
 16.500000      0.10501311
 16.600000      0.08869723
 16.700000      0.06785114
 16.800000      0.05674996
 16.900000      0.05067142
 17.000000      0.04375354
 17.100000      0.03442424
 17.200000      0.02022209
 17.300000      0.00164114
 17.400000     -0.01847794
 17.500000     -0.03884948
 17.600000     -0.06145693
 17.700000     -0.08548138
 17.800000     -0.10994550
 17.900000     -0.14181902
 18.000000     -0.17297727
 18.100000     -0.19917183
 18.200000     -0.22258221
 18.300000     -0.24799986
 18.400000     -0.27332399
 18.500000     -0.29418637
 18.600000     -0.32192491
 18.700000     -0.35540991
 18.800000     -0.38824472
 18.900000     -0.41783800
 19.000000     -0.43970079
 19.100000     -0.44898828
 19.200000     -0.44960065
 19.300000     -0.44559996
 19.400000     -0.43765268
 19.500000     -0.42837749
 19.600000     -0.42155295
 19.700000     -0.41516562
 19.800000     -0.41911698
 19.900000     -0.43131656
 20.000000     -0.44456849
 20.100000     -0.46251343
 20.200000     -0.48438414
 20.300000     -0.50306992
 20.400000     -0.51512659
 20.500000     -0.52530284
 20.600000     -0.53723737
 20.700000     -0.54728543
 20.800000     -0.55620553
 20.900000     -0.56230416
 21.000000     -0.56212373
 21.100000     -0.55712350
 21.200000     -0.55554574
 21.300000     -0.56097465
 21.400000     -0.56538803
 21.500000     -0.57427139
 21.600000     -0.58814304
 21.700000     -0.60165130
 21.800000     -0.61338237
 21.900000     -0.61462597
 22.000000     -0.61574527
 22.100000     -0.61947360
 22.200000     -0.62309069
 22.300000     -0.62495582
 22.400000     -0.62487196
 22.500000     -0.62757997
 22.600000     -0.62715841
 22.700000     -0.62582853
 22.800000     -0.62638135
 22.900000     -0.62956449
 23.000000     -0.63709107
 23.100000     -0.64173215
 23.200000     -0.64251040
 23.300000     -0.64376055
 23.400000     -0.64713856
 23.500000     -0.65123210
 23.600000     -0.65540896
 23.700000     -0.65970917
 23.800000     -0.66393721
 23.900000     -0.66843714
 24.000000     -0.67212959
 24.100000     -0.67488973
 24.200000     -0.67725356
 24.300000     -0.67928411
 24.400000     -0.68060746
 24.500000     -0.68234227
 24.600000     -0.68536012
 24.700000     -0.68755340
 24.800000     -0.68854632
 24.900000     -0.68971194
 25.000000     -0.68990606
 25.100000     -0.68876072
 25.200000     -0.68756670
 25.300000     -0.68939406
 25.400000     -0.69123629
 25.500000     -0.69411769
 25.600000     -0.69761836
 25.700000     -0.70035477
 25.800000     -0.70038307
 25.900000     -0.69980614
 26.000000     -0.70143839
 26.100000     -0.70398844
 26.200000     -0.70609892
 26.300000     -0.70661298
 26.400000     -0.70676585
 26.500000     -0.70565956
 26.600000     -0.70522753
 26.700000     -0.70592792
 26.800000     -0.70734205
 26.900000     -0.70717812
 27.000000     -0.70492328
 27.100000     -0.70257496
 27.200000     -0.69943587
 27.300000     -0.69632130
 27.400000     -0.69409278
 27.500000     -0.69290197
 27.600000     -0.69322962
 27.700000     -0.69411677
 27.800000     -0.69439700
 27.900000     -0.69428719
 28.000000     -0.69365730
 28.100000     -0.69374398
 28.200000     -0.69404184
 28.300000     -0.69576878
 28.400000     -0.69891301
 28.500000     -0.70268009
 28.600000     -0.70562252
 28.700000     -0.70809812
 28.800000     -0.71019207
 28.900000     -0.71282485
 29.000000     -0.71596287
 29.100000     -0.71920249
 29.200000     -0.72128241
 29.300000     -0.72383968
 29.400000     -0.72666137
 29.500000     -0.73093591
 29.600000     -0.73422650
 29.700000     -0.73698400
 29.800000     -0.73956275
 29.900000     -0.74224418
 30.000000     -0.74441681
 30.100000     -0.74697744
 30.200000     -0.74985221
 30.300000     -0.75178211
 30.400000     -0.75361707
 30.500000     -0.75547501
 30.600000     -0.75723883
 30.700000     -0.75840852
 30.800000     -0.75921673
 30.900000     -0.76080777
 31.000000     -0.76342676
 31.100000     -0.76528675
 31.200000     -0.76530119
 31.300000     -0.76452176
 31.400000     -0.76416645
 31.500000     -0.76424866
 31.600000     -0.76446275
 31.700000     -0.76385796
 31.800000     -0.76221455
 31.900000     -0.76054508
 32.000000     -0.75793151
 32.100000     -0.75589697
 32.200000     -0.75424770
 32.300000     -0.75320475
 32.400000     -0.75283051
 32.500000     -0.75421456
 32.600000     -0.75694261
 32.700000     -0.75983954
 32.800000     -0.76215881
 32.900000     -0.76467820
 33.000000     -0.76747066
 33.100000     -0.77027180
 33.200000     -0.77282543
 33.300000     -0.77481708
 33.400000     -0.77631648
 33.500000     -0.77775302
 33.600000     -0.77843195
 33.700000     -0.77833721
 33.800000     -0.77829820
 33.900000     -0.77814842
 34.000000     -0.77868160
 34.100000     -0.77990641
 34.200000     -0.78126724
 34.300000     -0.78349867
 34.400000     -0.78599195
 34.500000     -0.78774139
 34.600000     -0.78985073
 34.700000     -0.79493338
 34.800000     -0.80065703
 34.900000     -0.80704769
 35.000000     -0.81316401
 35.100000     -0.81903374
 35.200000     -0.82505895
 35.300000     -0.83132717
 35.400000     -0.83961042
 35.500000     -0.84881170
 35.600000     -0.85764584
 35.700000     -0.86548382
 35.800000     -0.87397362
 35.900000     -0.88360102
 36.000000     -0.89294416
 36.100000     -0.90390118
 36.200000     -0.91457243
 36.300000     -0.92289711
 36.400000     -0.92908281
 36.500000     -0.93532912
 36.600000     -0.93992488
 36.700000     -0.94317142
 36.800000     -0.94707189
 36.900000     -0.95145503
 37.000000     -0.95327368
 37.100000     -0.95273642
 37.200000     -0.95212718
 37.300000     -0.95156763
 37.400000     -0.95240669
 37.500000     -0.95476412
 37.600000     -0.95845177
 37.700000     -0.96197968
 37.800000     -0.96380195
 37.900000     -0.96603273
 38.000000     -0.96939555
 38.100000     -0.97302648
 38.200000     -0.97772957
 38.300000     -0.98346457
 38.400000     -0.98753152
 38.500000     -0.98759339
 38.600000     -0.98685544
 38.700000     -0.98861438
 38.800000     -0.99110594
 38.900000     -0.99507860
 39.000000     -0.99859428
 39.100000     -1.00000000
 39.200000     -0.99669078
 39.300000     -0.99345487
 39.400000     -0.99077410
 39.500000     -0.98634885
 39.600000     -0.97990087
 39.700000     -0.97498807
 39.800000     -0.96870873
 39.900000     -0.95785213
