  0.000000     -0.01170759
  0.100000     -0.01162632
  0.200000     -0.01154820
  0.300000     -0.01132745
  0.400000     -0.01108716
  0.500000     -0.01086180
  0.600000     -0.01072610
  0.700000     -0.01068503
  0.800000     -0.01083325
  0.900000     -0.01122442
  1.000000     -0.01178401
  1.100000     -0.01244589
  1.200000     -0.01311118
  1.300000     -0.01369503
  1.400000     -0.01422383
  1.500000     -0.01478282
  1.600000     -0.01536927
  1.700000     -0.01606923
  1.800000     -0.01687542
  1.900000     -0.01792122
  2.000000     -0.01915310
  2.100000     -0.02042817
  2.200000     -0.02173505
  2.300000     -0.02306536
  2.400000     -0.02428719
  2.500000     -0.02531538
  2.600000     -0.02613926
  2.700000     -0.02671263
  2.800000     -0.02703337
  2.900000     -0.02725433
  3.000000     -0.02726244
  3.100000     -0.02729804
  3.200000     -0.02723926
  3.300000     -0.02724891
  3.400000     -0.02749233
  3.500000     -0.02797216
  3.600000     -0.02863046
  3.700000     -0.02929092
  3.800000     -0.02990650
  3.900000     -0.03025685
  4.000000     -0.03041238
  4.100000     -0.03051238
  4.200000     -0.03050765
  4.300000     -0.03052908
  4.400000     -0.03066440
  4.500000     -0.03068521
  4.600000     -0.03047624
  4.700000     -0.03002300
  4.800000     -0.02932787
  4.900000     -0.02838098
  5.000000     -0.02731407
  5.100000     -0.02630997
  5.200000     -0.02533436
  5.300000     -0.02432349
  5.400000     -0.02326667
  5.500000     -0.02220505
  5.600000     -0.02118690
  5.700000     -0.02014310
  5.800000     -0.01928534
  5.900000     -0.01850595
  6.000000     -0.01793423
  6.100000     -0.01744075
  6.200000     -0.01698932
  6.300000     -0.01646596
  6.400000     -0.01576362
  6.500000     -0.01500378
  6.600000     -0.01404027
  6.700000     -0.01296091
  6.800000     -0.01168946
  6.900000     -0.01025605
  7.000000     -0.00870717
  7.100000     -0.00716460
  7.200000     -0.00563400
  7.300000     -0.00416128
  7.400000     -0.00264667
  7.500000     -0.00093091
  7.600000      0.00078455
  7.700000      0.00265083
  7.800000      0.00474986
  7.900000      0.00677219
  8.000000      0.00867277
  8.100000      0.01051744
  8.200000      0.01235849
  8.300000      0.01417864
  8.400000      0.01594598
  8.500000      0.01741936
  8.600000      0.01866130
  8.700000      0.01954367
  8.800000      0.02031807
  8.900000      0.02078751
  9.000000      0.02111074
  9.100000      0.02130757
  9.200000      0.02151195
  9.300000      0.02186008
  9.400000      0.02228745
  9.500000      0.02286139
  9.600000      0.02347971
  9.700000      0.02417931
  9.800000      0.02500834
  9.900000      0.02569074
 10.000000      0.02630155
 10.100000      0.02666628
 10.200000      0.02693422
 10.300000      0.02711075
 10.400000      0.02721554
 10.500000      0.02713632
 10.600000      0.02677384
 10.700000      0.02607820
 10.800000      0.02517954
 10.900000      0.02419336
 11.000000      0.02324635
 11.100000      0.02218021
 11.200000      0.02122519
 11.300000      0.02021232
 11.400000      0.01919346
 11.500000      0.01800895
 11.600000      0.01674548
 11.700000      0.01552896
 11.800000      0.01431445
 11.900000      0.01376811
 12.000000      0.01400680
 12.100000      0.01457084
 12.200000      0.01464854
 12.300000      0.01382157
 12.400000      0.01235904
 12.500000      0.01119938
 12.600000      0.01031697
 12.700000      0.00961008
 12.800000      0.00936564
 12.900000      0.00932025
 13.000000      0.00883837
 13.100000      0.00748213
 13.200000      0.00623173
 13.300000      0.00451891
 13.400000      0.00360474
 13.500000      0.00342659
 13.600000      0.00238123
 13.700000      0.00077931
 13.800000     -0.00182386
 13.900000     -0.00362260
 14.000000     -0.00420827
 14.100000     -0.00508654
 14.200000     -0.00579932
 14.300000     -0.00664131
 14.400000     -0.00668710
 14.500000     -0.00652466
 14.600000     -0.00557750
 14.700000     -0.00482828
 14.800000     -0.00396874
 14.900000     -0.00260266
 15.000000     -0.00081432
 15.100000      0.00197959
 15.200000      0.00521344
 15.300000      0.00878960
 15.400000      0.01231109
 15.500000      0.01586143
 15.600000      0.02074638
 15.700000      0.02626419
 15.800000      0.03213049
 15.900000      0.03805184
 16.000000      0.04457710
 16.100000      0.05029343
 16.200000      0.05545152
 16.300000      0.06037969
 16.400000      0.06469759
 16.500000      0.06969220
 16.600000      0.07509871
 16.700000      0.07978055
 16.800000      0.08451832
 16.900000      0.08899466
 17.000000      0.09545727
 17.100000      0.10331194
 17.200000      0.11246904
 17.300000      0.12272199
 17.400000      0.13444647
 17.500000      0.14701776
 17.600000      0.16243020
 17.700000      0.17992432
 17.800000      0.19940888
 17.900000      0.22029245
 18.000000      0.24222120
 18.100000      0.26419856
 18.200000      0.28722776
 18.300000      0.31174550
 18.400000      0.33922368
 18.500000      0.36959966
 18.600000      0.40388812
 18.700000      0.44178237
 18.800000      0.48181327
 18.900000      0.52201646
 19.000000      0.56134233
 19.100000      0.60102506
 19.200000      0.64105613
 19.300000      0.68255849
 19.400000      0.72377091
 19.500000      0.76369599
 19.600000      0.80359736
 19.700000      0.84485911
 19.800000      0.88395450
 19.900000      0.91907259
 20.000000      0.94847199
 20.100000      0.97153999
 20.200000      0.98741149
 20.300000      0.99639928
 20.400000      1.00000000
 20.500000      0.99834997
 20.600000      0.99138981
 20.700000      0.98085389
 20.800000      0.96743552
 20.900000      0.95125767
 21.000000      0.93367851
 21.100000      0.91140150
 21.200000      0.88309641
 21.300000      0.84879408
 21.400000      0.81155457
 21.500000      0.77189597
 21.600000      0.73139926
 21.700000      0.68764850
 21.800000      0.63873641
 21.900000      0.58474291
 22.000000      0.52673507
 22.100000      0.46623598
 22.200000      0.40477951
 22.300000      0.34287103
 22.400000      0.28041341
 22.500000      0.21649691
 22.600000      0.15171357
 22.700000      0.08731566
 22.800000      0.02430784
 22.900000     -0.03628444
 23.000000     -0.09498042
 23.100000     -0.15255539
 23.200000     -0.20727365
 23.300000     -0.25767695
 23.400000     -0.30746586
 23.500000     -0.35357592
 23.600000     -0.39711596
 23.700000     -0.43847347
 23.800000     -0.47492250
 23.900000     -0.50777367
 24.000000     -0.53865279
 24.100000     -0.56833641
 24.200000     -0.59565592
 24.300000     -0.61933917
 24.400000     -0.63714699
 24.500000     -0.65015518
 24.600000     -0.65989961
 24.700000     -0.66556530
 24.800000     -0.66762898
 24.900000     -0.67049124
 25.000000     -0.67549269
 25.100000     -0.68245508
 25.200000     -0.69113123
 25.300000     -0.69604248
 25.400000     -0.69275845
 25.500000     -0.68827026
 25.600000     -0.68329952
 25.700000     -0.67289824
 25.800000     -0.65737437
 25.900000     -0.64370733
 26.000000     -0.62935911
 26.100000     -0.61477695
 26.200000     -0.60190546
 26.300000     -0.58940034
 26.400000     -0.57445866
 26.500000     -0.55760100
 26.600000     -0.54294401
 26.700000     -0.52788401
 26.800000     -0.51397368
 26.900000     -0.49850815
 27.000000     -0.48171637
 27.100000     -0.46430497
 27.200000     -0.44734509
 27.300000     -0.43135549
 27.400000     -0.41518255
 27.500000     -0.40237589
 27.600000     -0.39080590
 27.700000     -0.37947275
 27.800000     -0.36826483
 27.900000     -0.35756915
 28.000000     -0.34552785
 28.100000     -0.33254548
 28.200000     -0.32178937
 28.300000     -0.31412733
 28.400000     -0.30804221
 28.500000     -0.30332566
 28.600000     -0.29950044
 28.700000     -0.29578668
 28.800000     -0.29280274
 28.900000     -0.28928010
 29.000000     -0.28649898
 29.100000     -0.28278560
 29.200000     -0.28064815
 29.300000     -0.27908761
 29.400000     -0.27809256
 29.500000     -0.27729931
 29.600000     -0.27681211
 29.700000     -0.27673003
 29.800000     -0.27682242
 29.900000     -0.27724877
 30.000000     -0.27800143
 30.100000     -0.27888884
 30.200000     -0.28026024
 30.300000     -0.28229996
 30.400000     -0.28487433
 30.500000     -0.28770339
 30.600000     -0.29078380
 30.700000     -0.29380094
 30.800000     -0.29692161
 30.900000     -0.29973161
 31.000000     -0.30240315
 31.100000     -0.30478810
 31.200000     -0.30682736
 31.300000     -0.30841480
 31.400000     -0.30951674
 31.500000     -0.31015554
 31.600000     -0.31069818
 31.700000     -0.31116341
 31.800000     -0.31122767
 31.900000     -0.31047658
 32.000000     -0.30866214
 32.100000     -0.30545024
 32.200000     -0.30092443
 32.300000     -0.29528057
 32.400000     -0.28868041
 32.500000     -0.28129738
 32.600000     -0.27358050
 32.700000     -0.26542029
 32.800000     -0.25681667
 32.900000     -0.24790423
 33.000000     -0.23834518
 33.100000     -0.22826618
 33.200000     -0.21788699
 33.300000     -0.20736062
 33.400000     -0.19693678
 33.500000     -0.18655648
 33.600000     -0.17637693
 33.700000     -0.16656380
 33.800000     -0.15732669
 33.900000     -0.14864783
 34.000000     -0.14070704
 34.100000     -0.13341729
 34.200000     -0.12666214
 34.300000     -0.12049445
 34.400000     -0.11487162
 34.500000     -0.10986328
 34.600000     -0.10531743
 34.700000     -0.10127934
 34.800000     -0.09771090
 34.900000     -0.09445638
 35.000000     -0.09167169
 35.100000     -0.08943480
 35.200000     -0.08776091
 35.300000     -0.08680888
 35.400000     -0.08651928
 35.500000     -0.08676915
 35.600000     -0.08758752
 35.700000     -0.08892922
 35.800000     -0.09076284
 35.900000     -0.09287428
 36.000000     -0.09529375
 36.100000     -0.09770187
 36.200000     -0.10007301
 36.300000     -0.10243932
 36.400000     -0.10466223
 36.500000     -0.10665739
 36.600000     -0.10830712
 36.700000     -0.10954174
 36.800000     -0.11033969
 36.900000     -0.11059343
 37.000000     -0.11035562
 37.100000     -0.10988402
 37.200000     -0.10898184
 37.300000     -0.10783977
 37.400000     -0.10640551
 37.500000     -0.10481267
 37.600000     -0.10313173
 37.700000     -0.10170723
 37.800000     -0.10046346
 37.900000     -0.09941040
 38.000000     -0.09849334
 38.100000     -0.09744519
 38.200000     -0.09620272
 38.300000     -0.09486082
 38.400000     -0.09331122
 38.500000     -0.09163173
 38.600000     -0.09012648
 38.700000     -0.08857205
 38.800000     -0.08677199
 38.900000     -0.08483180
 39.000000     -0.08264675
 39.100000     -0.08019566
 39.200000     -0.07759798
 39.300000     -0.07485375
 39.400000     -0.07193517
 39.500000     -0.06889257
 39.600000     -0.06585567
 39.700000     -0.06285918
 39.800000     -0.05978196
 39.900000     -0.05659955
