  0.000000     -0.01883736
  0.100000     -0.02083237
  0.200000     -0.02258912
  0.300000     -0.02382936
  0.400000     -0.02478983
  0.500000     -0.02590893
  0.600000     -0.02693355
  0.700000     -0.02746107
  0.800000     -0.02763793
  0.900000     -0.02754379
  1.000000     -0.02763950
  1.100000     -0.02743231
  1.200000     -0.02651238
  1.300000     -0.02548582
  1.400000     -0.02455831
  1.500000     -0.02376737
  1.600000     -0.02325644
  1.700000     -0.02249370
  1.800000     -0.02180416
  1.900000     -0.02149027
  2.000000     -0.02133512
  2.100000     -0.02125260
  2.200000     -0.02109910
  2.300000     -0.02106110
  2.400000     -0.02107855
  2.500000     -0.02121249
  2.600000     -0.02160516
  2.700000     -0.02201289
  2.800000     -0.02184180
  2.900000     -0.02180901
  3.000000     -0.02190247
  3.100000     -0.02231298
  3.200000     -0.02240059
  3.300000     -0.02170393
  3.400000     -0.02123406
  3.500000     -0.02078687
  3.600000     -0.01990196
  3.700000     -0.01850883
  3.800000     -0.01716347
  3.900000     -0.01572422
  4.000000     -0.01449038
  4.100000     -0.01326530
  4.200000     -0.01203349
  4.300000     -0.01114206
  4.400000     -0.01033352
  4.500000     -0.00988814
  4.600000     -0.01011125
  4.700000     -0.01031885
  4.800000     -0.01033065
  4.900000     -0.01043064
  5.000000     -0.01052737
  5.100000     -0.01058990
  5.200000     -0.01031077
  5.300000     -0.00970249
  5.400000     -0.00879070
  5.500000     -0.00821621
  5.600000     -0.00806940
  5.700000     -0.00744234
  5.800000     -0.00741700
  5.900000     -0.00792543
  6.000000     -0.00874103
  6.100000     -0.00919923
  6.200000     -0.00874974
  6.300000     -0.00835669
  6.400000     -0.00802061
  6.500000     -0.00694464
  6.600000     -0.00564009
  6.700000     -0.00466657
  6.800000     -0.00411110
  6.900000     -0.00394841
  7.000000     -0.00401719
  7.100000     -0.00407317
  7.200000     -0.00372232
  7.300000     -0.00271662
  7.400000     -0.00157797
  7.500000     -0.00054806
  7.600000     -0.00013546
  7.700000     -0.00053949
  7.800000     -0.00133708
  7.900000     -0.00237820
  8.000000     -0.00325443
  8.100000     -0.00485473
  8.200000     -0.00738196
  8.300000     -0.00965590
  8.400000     -0.01148248
  8.500000     -0.01214187
  8.600000     -0.01323856
  8.700000     -0.01561474
  8.800000     -0.01776789
  8.900000     -0.02017400
  9.000000     -0.02304660
  9.100000     -0.02633860
  9.200000     -0.02990460
  9.300000     -0.03295996
  9.400000     -0.03543896
  9.500000     -0.03825330
  9.600000     -0.04145836
  9.700000     -0.04424029
  9.800000     -0.04697742
  9.900000     -0.05048568
 10.000000     -0.05417219
 10.100000     -0.05789012
 10.200000     -0.06164797
 10.300000     -0.06573727
 10.400000     -0.06996227
 10.500000     -0.07412567
 10.600000     -0.07808590
 10.700000     -0.08226450
 10.800000     -0.08639551
 10.900000     -0.09035891
 11.000000     -0.09538840
 11.100000     -0.10057687
 11.200000     -0.10607048
 11.300000     -0.11177725
 11.400000     -0.11771449
 11.500000     -0.12354513
 11.600000     -0.13049099
 11.700000     -0.13767045
 11.800000     -0.14536884
 11.900000     -0.15357306
 12.000000     -0.16126610
 12.100000     -0.16885539
 12.200000     -0.17731094
 12.300000     -0.18631132
 12.400000     -0.19567378
 12.500000     -0.20616665
 12.600000     -0.21740233
 12.700000     -0.22962364
 12.800000     -0.24293173
 12.900000     -0.25709604
 13.000000     -0.27232905
 13.100000     -0.28827384
 13.200000     -0.30348318
 13.300000     -0.31980425
 13.400000     -0.33732804
 13.500000     -0.35571429
 13.600000     -0.37404005
 13.700000     -0.39241196
 13.800000     -0.41139811
 13.900000     -0.43024042
 14.000000     -0.44847834
 14.100000     -0.46596241
 14.200000     -0.48419954
 14.300000     -0.50429645
 14.400000     -0.52529872
 14.500000     -0.54696095
 14.600000     -0.56936184
 14.700000     -0.59260470
 14.800000     -0.61647165
 14.900000     -0.63895584
 15.000000     -0.66115904
 15.100000     -0.68370607
 15.200000     -0.70529543
 15.300000     -0.72503141
 15.400000     -0.74332517
 15.500000     -0.76034748
 15.600000     -0.77587071
 15.700000     -0.79047801
 15.800000     -0.80191192
 15.900000     -0.81161442
 16.000000     -0.81908529
 16.100000     -0.82446589
 16.200000     -0.82513903
 16.300000     -0.82312615
 16.400000     -0.81727252
 16.500000     -0.80805918
 16.600000     -0.79249614
 16.700000     -0.76987275
 16.800000     -0.74056693
 16.900000     -0.70347554
 17.000000     -0.65720597
 17.100000     -0.60157703
 17.200000     -0.53683490
 17.300000     -0.46447891
 17.400000     -0.38852005
 17.500000     -0.31013183
 17.600000     -0.22777293
 17.700000     -0.14277985
 17.800000     -0.05703849
 17.900000      0.03089842
 18.000000      0.12116726
 18.100000      0.21289070
 18.200000      0.30292734
 18.300000      0.39076783
 18.400000      0.47719264
 18.500000      0.56319463
 18.600000      0.64698084
 18.700000      0.72247764
 18.800000      0.78628211
 18.900000      0.84078231
 19.000000      0.88562097
 19.100000      0.92139094
 19.200000      0.95049781
 19.300000      0.97359111
 19.400000      0.98957950
 19.500000      0.99810218
 19.600000      1.00000000
 19.700000      0.99651209
 19.800000      0.98871567
 19.900000      0.97955499
 20.000000      0.96956764
 20.100000      0.95655646
 20.200000      0.93777163
 20.300000      0.91439824
 20.400000      0.88855664
 20.500000      0.86122421
 20.600000      0.83321170
 20.700000      0.80474018
 20.800000      0.77508967
 20.900000      0.74356818
 21.000000      0.71138542
 21.100000      0.67912420
 21.200000      0.64728316
 21.300000      0.61723343
 21.400000      0.58762867
 21.500000      0.55677902
 21.600000      0.52498364
 21.700000      0.49196146
 21.800000      0.45712675
 21.900000      0.42105387
 22.000000      0.38484017
 22.100000      0.34938999
 22.200000      0.31491975
 22.300000      0.28225090
 22.400000      0.25058985
 22.500000      0.22088633
 22.600000      0.19213627
 22.700000      0.16481037
 22.800000      0.13894731
 22.900000      0.11412470
 23.000000      0.09063577
 23.100000      0.06924556
 23.200000      0.05094492
 23.300000      0.03457675
 23.400000      0.02076301
 23.500000      0.00908943
 23.600000     -0.00025319
 23.700000     -0.00677180
 23.800000     -0.01033494
 23.900000     -0.01219770
 24.000000     -0.01238043
 24.100000     -0.01150907
 24.200000     -0.01006689
 24.300000     -0.00914619
 24.400000     -0.00892908
 24.500000     -0.01004552
 24.600000     -0.01062371
 24.700000     -0.01012479
 24.800000     -0.00846891
 24.900000     -0.00626195
 25.000000     -0.00345502
 25.100000     -0.00064410
 25.200000      0.00215052
 25.300000      0.00553058
 25.400000      0.00795921
 25.500000      0.01149968
 25.600000      0.01591651
 25.700000      0.02034150
 25.800000      0.02495251
 25.900000      0.02845283
 26.000000      0.03157698
 26.100000      0.03433742
 26.200000      0.03594539
 26.300000      0.03615067
 26.400000      0.03559116
 26.500000      0.03564834
 26.600000      0.03742370
 26.700000      0.03901124
 26.800000      0.04008646
 26.900000      0.04061203
 27.000000      0.04091625
 27.100000      0.04060025
 27.200000      0.04049741
 27.300000      0.04148459
 27.400000      0.04280437
 27.500000      0.04384214
 27.600000      0.04477749
 27.700000      0.04579515
 27.800000      0.04687988
 27.900000      0.04790812
 28.000000      0.04792734
 28.100000      0.04832283
 28.200000      0.04831338
 28.300000      0.04807264
 28.400000      0.04753419
 28.500000      0.04751822
 28.600000      0.04791111
 28.700000      0.04805636
 28.800000      0.04765632
 28.900000      0.04775278
 29.000000      0.04804775
 29.100000      0.04755078
 29.200000      0.04615303
 29.300000      0.04477499
 29.400000      0.04261798
 29.500000      0.04012406
 29.600000      0.03820640
 29.700000      0.03675182
 29.800000      0.03610910
 29.900000      0.03578640
 30.000000      0.03620871
 30.100000      0.03740258
 30.200000      0.03903861
 30.300000      0.04079554
 30.400000      0.04263430
 30.500000      0.04492228
 30.600000      0.04755462
 30.700000      0.05017471
 30.800000      0.05211757
 30.900000      0.05319686
 31.000000      0.05362267
 31.100000      0.05326275
 31.200000      0.05177134
 31.300000      0.05003271
 31.400000      0.04873582
 31.500000      0.04757615
 31.600000      0.04631720
 31.700000      0.04542633
 31.800000      0.04507305
 31.900000      0.04496526
 32.000000      0.04458618
 32.100000      0.04329096
 32.200000      0.04176573
 32.300000      0.04036380
 32.400000      0.03953140
 32.500000      0.03909271
 32.600000      0.03887711
 32.700000      0.03891312
 32.800000      0.03911220
 32.900000      0.03926127
 33.000000      0.03928421
 33.100000      0.03875349
 33.200000      0.03817982
 33.300000      0.03740427
 33.400000      0.03580538
 33.500000      0.03421066
 33.600000      0.03328980
 33.700000      0.03282562
 33.800000      0.03278712
 33.900000      0.03260797
 34.000000      0.03166984
 34.100000      0.02974323
 34.200000      0.02716467
 34.300000      0.02530112
 34.400000      0.02352982
 34.500000      0.02213709
 34.600000      0.02160982
 34.700000      0.02152502
 34.800000      0.02198989
 34.900000      0.02279899
 35.000000      0.02363551
 35.100000      0.02479646
 35.200000      0.02545139
 35.300000      0.02546141
 35.400000      0.02506793
 35.500000      0.02439362
 35.600000      0.02339284
 35.700000      0.02217390
 35.800000      0.01996804
 35.900000      0.01776457
 36.000000      0.01578751
 36.100000      0.01398354
 36.200000      0.01198676
 36.300000      0.01032736
 36.400000      0.00920320
 36.500000      0.00885509
 36.600000      0.00867320
 36.700000      0.00858276
 36.800000      0.00848415
 36.900000      0.00900127
 37.000000      0.00994131
 37.100000      0.01070255
 37.200000      0.01131840
 37.300000      0.01221163
 37.400000      0.01285750
 37.500000      0.01282043
 37.600000      0.01214796
 37.700000      0.01116290
 37.800000      0.00967564
 37.900000      0.00727258
 38.000000      0.00463657
 38.100000      0.00186115
 38.200000     -0.00077292
 38.300000     -0.00234464
 38.400000     -0.00325527
 38.500000     -0.00344676
 38.600000     -0.00325355
 38.700000     -0.00318405
 38.800000     -0.00299993
 38.900000     -0.00242320
 39.000000     -0.00188144
 39.100000     -0.00170244
 39.200000     -0.00170554
 39.300000     -0.00202829
 39.400000     -0.00237311
 39.500000     -0.00246849
 39.600000     -0.00268121
 39.700000     -0.00328080
 39.800000     -0.00363023
 39.900000     -0.00420855
