  0.000000      0.04671012
  0.100000      0.04630112
  0.200000      0.04581480
  0.300000      0.04560187
  0.400000      0.04609365
  0.500000      0.04560358
  0.600000      0.04397844
  0.700000      0.04252438
  0.800000      0.04164176
  0.900000      0.04070768
  1.000000      0.03894227
  1.100000      0.03755093
  1.200000      0.03651687
  1.300000      0.03482832
  1.400000      0.03206598
  1.500000      0.02945368
  1.600000      0.02694449
  1.700000      0.02473586
  1.800000      0.02262215
  1.900000      0.02024811
  2.000000      0.01768940
  2.100000      0.01525414
  2.200000      0.01343974
  2.300000      0.01012531
  2.400000      0.00696724
  2.500000      0.00435422
  2.600000      0.00254482
  2.700000      0.00082082
  2.800000      0.00004871
  2.900000     -0.00142057
  3.000000     -0.00213979
  3.100000     -0.00289211
  3.200000     -0.00334102
  3.300000     -0.00372383
  3.400000     -0.00466650
  3.500000     -0.00543955
  3.600000     -0.00565145
  3.700000     -0.00605741
  3.800000     -0.00640232
  3.900000     -0.00630314
  4.000000     -0.00626667
  4.100000     -0.00563979
  4.200000     -0.00435677
  4.300000     -0.00350340
  4.400000     -0.00357119
  4.500000     -0.00480189
  4.600000     -0.00426737
  4.700000     -0.00263550
  4.800000     -0.00134818
  4.900000     -0.00027831
  5.000000     -0.00009941
  5.100000     -0.00046709
  5.200000     -0.00189732
  5.300000     -0.00173754
  5.400000     -0.00059455
  5.500000     -0.00005772
  5.600000      0.00028785
  5.700000      0.00170364
  5.800000      0.00361229
  5.900000      0.00294097
  6.000000      0.00340944
  6.100000      0.00474926
  6.200000      0.00564749
  6.300000      0.00633404
  6.400000      0.00796418
  6.500000      0.00821545
  6.600000      0.00784465
  6.700000      0.00823043
  6.800000      0.00841661
  6.900000      0.01025149
  7.000000      0.01186272
  7.100000      0.01185395
  7.200000      0.01157703
  7.300000      0.01131221
  7.400000      0.01069163
  7.500000      0.01082781
  7.600000      0.01190406
  7.700000      0.01283190
  7.800000      0.01275750
  7.900000      0.01214600
  8.000000      0.01236835
  8.100000      0.01295710
  8.200000      0.01424714
  8.300000      0.01560608
  8.400000      0.01711214
  8.500000      0.01740357
  8.600000      0.01850586
  8.700000      0.01959034
  8.800000      0.01972526
  8.900000      0.02179389
  9.000000      0.02321348
  9.100000      0.02281947
  9.200000      0.02487688
  9.300000      0.02503126
  9.400000      0.02483668
  9.500000      0.02501402
  9.600000      0.02624750
  9.700000      0.02689243
  9.800000      0.02816646
  9.900000      0.02822377
 10.000000      0.02763268
 10.100000      0.02883454
 10.200000      0.02887955
 10.300000      0.02789808
 10.400000      0.02656507
 10.500000      0.02481895
 10.600000      0.02575008
 10.700000      0.02267811
 10.800000      0.02233707
 10.900000      0.01968538
 11.000000      0.01643371
 11.100000      0.01552949
 11.200000      0.01591129
 11.300000      0.01453663
 11.400000      0.01393615
 11.500000      0.01386158
 11.600000      0.01329161
 11.700000      0.01283924
 11.800000      0.01279882
 11.900000      0.01099296
 12.000000      0.01052429
 12.100000      0.00797343
 12.200000      0.00493569
 12.300000      0.00328768
 12.400000      0.00032156
 12.500000     -0.00292604
 12.600000     -0.00660774
 12.700000     -0.01152284
 12.800000     -0.01625993
 12.900000     -0.02149557
 13.000000     -0.02530551
 13.100000     -0.02987774
 13.200000     -0.03485037
 13.300000     -0.03842017
 13.400000     -0.04309498
 13.500000     -0.04698163
 13.600000     -0.05094937
 13.700000     -0.05591933
 13.800000     -0.06132676
 13.900000     -0.06528483
 14.000000     -0.06966936
 14.100000     -0.07529751
 14.200000     -0.08125175
 14.300000     -0.08599870
 14.400000     -0.09004466
 14.500000     -0.09202339
 14.600000     -0.09465983
 14.700000     -0.09642036
 14.800000     -0.09800457
 14.900000     -0.09860005
 15.000000     -0.09728499
 15.100000     -0.09423313
 15.200000     -0.08880108
 15.300000     -0.08195286
 15.400000     -0.07150886
 15.500000     -0.06075288
 15.600000     -0.05066653
 15.700000     -0.03736996
 15.800000     -0.02215558
 15.900000     -0.00431839
 16.000000      0.01663242
 16.100000      0.03879713
 16.200000      0.06501743
 16.300000      0.09327333
 16.400000      0.12499637
 16.500000      0.15864213
 16.600000      0.19706256
 16.700000      0.23518138
 16.800000      0.27762121
 16.900000      0.32173080
 17.000000      0.36849172
 17.100000      0.41537929
 17.200000      0.46401005
 17.300000      0.51128434
 17.400000      0.55842958
 17.500000      0.60450706
 17.600000      0.64748361
 17.700000      0.68938839
 17.800000      0.73116792
 17.900000      0.76880756
 18.000000      0.80453214
 18.100000      0.83787748
 18.200000      0.86768600
 18.300000      0.89384759
 18.400000      0.91655553
 18.500000      0.93531317
 18.600000      0.95260469
 18.700000      0.96867712
 18.800000      0.98088046
 18.900000      0.98911708
 19.000000      0.99640012
 19.100000      0.99989938
 19.200000      1.00000000
 19.300000      0.99626750
 19.400000      0.98958243
 19.500000      0.97773001
 19.600000      0.96312348
 19.700000      0.94465401
 19.800000      0.92316670
 19.900000      0.90019327
 20.000000      0.87356143
 20.100000      0.84243867
 20.200000      0.80763699
 20.300000      0.77020283
 20.400000      0.73019927
 20.500000      0.68693639
 20.600000      0.63993511
 20.700000      0.58988970
 20.800000      0.53885685
 20.900000      0.48514982
 21.000000      0.43198766
 21.100000      0.37807277
 21.200000      0.32388847
 21.300000      0.26924355
 21.400000      0.21509043
 21.500000      0.16350511
 21.600000      0.11338651
 21.700000      0.06581655
 21.800000      0.01938985
 21.900000     -0.02226730
 22.000000     -0.06354358
 22.100000     -0.10235154
 22.200000     -0.13815126
 22.300000     -0.17244419
 22.400000     -0.20229978
 22.500000     -0.22885169
 22.600000     -0.25412184
 22.700000     -0.27783441
 22.800000     -0.30117617
 22.900000     -0.32148028
 23.000000     -0.34103300
 23.100000     -0.35722627
 23.200000     -0.37318170
 23.300000     -0.38663667
 23.400000     -0.39718491
 23.500000     -0.40617625
 23.600000     -0.41316316
 23.700000     -0.41996817
 23.800000     -0.42532479
 23.900000     -0.42918642
 24.000000     -0.43285441
 24.100000     -0.43539901
 24.200000     -0.43628394
 24.300000     -0.43519157
 24.400000     -0.43575476
 24.500000     -0.43576069
 24.600000     -0.43568809
 24.700000     -0.43452389
 24.800000     -0.43284238
 24.900000     -0.43076395
 25.000000     -0.42934152
 25.100000     -0.42764768
 25.200000     -0.42283673
 25.300000     -0.41684014
 25.400000     -0.41352617
 25.500000     -0.41061596
 25.600000     -0.40576305
 25.700000     -0.39973244
 25.800000     -0.39383746
 25.900000     -0.38822821
 26.000000     -0.38205130
 26.100000     -0.37371930
 26.200000     -0.36505435
 26.300000     -0.35867809
 26.400000     -0.35091440
 26.500000     -0.34243731
 26.600000     -0.33481789
 26.700000     -0.32837454
 26.800000     -0.32346832
 26.900000     -0.31832722
 27.000000     -0.31222487
 27.100000     -0.30656263
 27.200000     -0.30166823
 27.300000     -0.29678215
 27.400000     -0.29107344
 27.500000     -0.28493907
 27.600000     -0.27927728
 27.700000     -0.27435225
 27.800000     -0.26956779
 27.900000     -0.26406750
 28.000000     -0.25783329
 28.100000     -0.25078598
 28.200000     -0.24461406
 28.300000     -0.23884847
 28.400000     -0.23258571
 28.500000     -0.22898700
 28.600000     -0.22371144
 28.700000     -0.21729771
 28.800000     -0.21276915
 28.900000     -0.20910273
 29.000000     -0.20514555
 29.100000     -0.20046788
 29.200000     -0.19538194
 29.300000     -0.19123289
 29.400000     -0.18749332
 29.500000     -0.18316649
 29.600000     -0.17891552
 29.700000     -0.17719469
 29.800000     -0.17495992
 29.900000     -0.17150004
 30.000000     -0.16824604
 30.100000     -0.16563093
 30.200000     -0.16082118
 30.300000     -0.15963582
 30.400000     -0.15725855
 30.500000     -0.15608155
 30.600000     -0.15331886
 30.700000     -0.14999769
 30.800000     -0.14939601
 30.900000     -0.14747127
 31.000000     -0.14688107
 31.100000     -0.14678631
 31.200000     -0.14521392
 31.300000     -0.14509603
 31.400000     -0.14538456
 31.500000     -0.14440121
 31.600000     -0.14324030
 31.700000     -0.14347244
 31.800000     -0.14370866
 31.900000     -0.14298575
 32.000000     -0.14277912
 32.100000     -0.14132992
 32.200000     -0.14102369
 32.300000     -0.14159113
 32.400000     -0.14249122
 32.500000     -0.14278311
 32.600000     -0.14286913
 32.700000     -0.14242387
 32.800000     -0.14066302
 32.900000     -0.13861198
 33.000000     -0.13831165
 33.100000     -0.13774071
 33.200000     -0.13638443
 33.300000     -0.13376753
 33.400000     -0.13143136
 33.500000     -0.13069335
 33.600000     -0.12853363
 33.700000     -0.12780381
 33.800000     -0.12787570
 33.900000     -0.12835790
 34.000000     -0.12791495
 34.100000     -0.12751529
 34.200000     -0.12768978
 34.300000     -0.12649884
 34.400000     -0.12666113
 34.500000     -0.12699775
 34.600000     -0.12665440
 34.700000     -0.12644795
 34.800000     -0.12648144
 34.900000     -0.12530895
 35.000000     -0.12434566
 35.100000     -0.12400315
 35.200000     -0.12431821
 35.300000     -0.12594693
 35.400000     -0.12609592
 35.500000     -0.12606346
 35.600000     -0.12640007
 35.700000     -0.12619655
 35.800000     -0.12499318
 35.900000     -0.12360089
 36.000000     -0.12326989
 36.100000     -0.12303833
 36.200000     -0.12272587
 36.300000     -0.12182734
 36.400000     -0.12007424
 36.500000     -0.11813516
 36.600000     -0.11650211
 36.700000     -0.11602344
 36.800000     -0.11527193
 36.900000     -0.11393418
 37.000000     -0.11229767
 37.100000     -0.11197663
 37.200000     -0.11240707
 37.300000     -0.11273844
 37.400000     -0.11256061
 37.500000     -0.11161657
 37.600000     -0.11073478
 37.700000     -0.11073064
 37.800000     -0.11048559
 37.900000     -0.11089967
 38.000000     -0.11295371
 38.100000     -0.11631221
 38.200000     -0.11733460
 38.300000     -0.11707121
 38.400000     -0.11820783
 38.500000     -0.11949020
 38.600000     -0.12212608
 38.700000     -0.12475850
 38.800000     -0.12630522
 38.900000     -0.12748271
 39.000000     -0.12954421
 39.100000     -0.13327687
 39.200000     -0.13690315
 39.300000     -0.13977463
 39.400000     -0.14248604
 39.500000     -0.14464962
 39.600000     -0.14690884
 39.700000     -0.14953166
 39.800000     -0.15336175
 39.900000     -0.15753330
