  0.000000      0.00745421
  0.100000      0.00772175
  0.200000      0.01011034
  0.300000      0.01171558
  0.400000      0.01126630
  0.500000      0.01027772
  0.600000      0.01056612
  0.700000      0.01065074
  0.800000      0.01111466
  0.900000      0.01377686
  1.000000      0.01488597
  1.100000      0.01281074
  1.200000      0.00872203
  1.300000      0.00466035
  1.400000      0.00467271
  1.500000      0.00733611
  1.600000      0.00706478
  1.700000      0.00479790
  1.800000      0.00359790
  1.900000      0.00314717
  2.000000      0.00452616
  2.100000      0.00735687
  2.200000      0.00791564
  2.300000      0.00903152
  2.400000      0.00976274
  2.500000      0.00943780
  2.600000      0.01067241
  2.700000      0.01448301
  2.800000      0.01635520
  2.900000      0.01458632
  3.000000      0.01198165
  3.100000      0.00779381
  3.200000      0.00600412
  3.300000      0.00530860
  3.400000      0.00282037
  3.500000      0.00061970
  3.600000     -0.00056905
  3.700000      0.00070989
  3.800000      0.00369579
  3.900000      0.00531736
  4.000000      0.00254047
  4.100000     -0.00066748
  4.200000     -0.00407466
  4.300000     -0.00696536
  4.400000     -0.00686491
  4.500000     -0.00621540
  4.600000     -0.00811116
  4.700000     -0.00893384
  4.800000     -0.00974821
  4.900000     -0.00961679
  5.000000     -0.01080017
  5.100000     -0.01472698
  5.200000     -0.01545660
  5.300000     -0.01273310
  5.400000     -0.01337288
  5.500000     -0.01568852
  5.600000     -0.01517258
  5.700000     -0.01405103
  5.800000     -0.01430540
  5.900000     -0.01202777
  6.000000     -0.01089569
  6.100000     -0.00940362
  6.200000     -0.00549454
  6.300000      0.00084464
  6.400000      0.00487184
  6.500000      0.01038862
  6.600000      0.01487721
  6.700000      0.01623131
  6.800000      0.01593087
  6.900000      0.01682575
  7.000000      0.01527060
  7.100000      0.01388909
  7.200000      0.01232217
  7.300000      0.01349438
  7.400000      0.01073983
  7.500000      0.00819972
  7.600000      0.00622216
  7.700000      0.00524093
  7.800000      0.00520217
  7.900000      0.00662884
  8.000000      0.00626179
  8.100000      0.00469198
  8.200000      0.00284913
  8.300000      0.00392739
  8.400000      0.00365339
  8.500000      0.00132103
  8.600000      0.00010573
  8.700000      0.00185257
  8.800000      0.00325625
  8.900000      0.00574026
  9.000000      0.00434901
  9.100000      0.00394431
  9.200000      0.00280769
  9.300000      0.00055528
  9.400000      0.00283477
  9.500000      0.00130523
  9.600000      0.00304921
  9.700000      0.00116905
  9.800000      0.00241333
  9.900000      0.00689062
 10.000000      0.00785181
 10.100000      0.01000844
 10.200000      0.01089140
 10.300000      0.01313134
 10.400000      0.01490115
 10.500000      0.01783514
 10.600000      0.01892690
 10.700000      0.01485083
 10.800000      0.01753420
 10.900000      0.01648752
 11.000000      0.01619801
 11.100000      0.02276335
 11.200000      0.02595860
 11.300000      0.02465664
 11.400000      0.02637054
 11.500000      0.02914837
 11.600000      0.02729998
 11.700000      0.03054047
 11.800000      0.03039847
 11.900000      0.03267960
 12.000000      0.03609834
 12.100000      0.03596279
 12.200000      0.03574200
 12.300000      0.03461437
 12.400000      0.03746040
 12.500000      0.03983966
 12.600000      0.04226097
 12.700000      0.04142672
 12.800000      0.03874947
 12.900000      0.03966194
 13.000000      0.03706667
 13.100000      0.03456470
 13.200000      0.03318124
 13.300000      0.02550043
 13.400000      0.02668409
 13.500000      0.02384016
 13.600000      0.02202257
 13.700000      0.02359023
 13.800000      0.01814913
 13.900000      0.02385652
 14.000000      0.02161466
 14.100000      0.02725150
 14.200000      0.02594451
 14.300000      0.03123660
 14.400000      0.02992707
 14.500000      0.02922561
 14.600000      0.02550157
 14.700000      0.02285265
 14.800000      0.02617858
 14.900000      0.01628376
 15.000000      0.01304365
 15.100000      0.00614430
 15.200000     -0.00063084
 15.300000     -0.00241205
 15.400000     -0.00280552
 15.500000     -0.00617238
 15.600000     -0.00876821
 15.700000     -0.00827180
 15.800000     -0.00409913
 15.900000     -0.00960150
 16.000000     -0.00929493
 16.100000     -0.00821680
 16.200000     -0.00767302
 16.300000     -0.00489964
 16.400000     -0.00693034
 16.500000     -0.01243561
 16.600000     -0.01615154
 16.700000     -0.01183613
 16.800000     -0.01060173
 16.900000     -0.00593400
 17.000000     -0.00158992
 17.100000     -0.00102343
 17.200000      0.00007041
 17.300000     -0.00374721
 17.400000      0.00866857
 17.500000      0.02197390
 17.600000      0.03657083
 17.700000      0.05307581
 17.800000      0.07359095
 17.900000      0.10925699
 18.000000      0.14043759
 18.100000      0.17421580
 18.200000      0.21004690
 18.300000      0.24942990
 18.400000      0.29602111
 18.500000      0.34211741
 18.600000      0.39953613
 18.700000      0.45711477
 18.800000      0.50321685
 18.900000      0.55434377
 19.000000      0.61355336
 19.100000      0.66603709
 19.200000      0.71610247
 19.300000      0.76301497
 19.400000      0.81032683
 19.500000      0.85084500
 19.600000      0.88275748
 19.700000      0.91310034
 19.800000      0.93220692
 19.900000      0.96679476
 20.000000      0.98118418
 20.100000      0.99465264
 20.200000      0.99868063
 20.300000      1.00000000
 20.400000      0.99064775
 20.500000      0.97871105
 20.600000      0.95574024
 20.700000      0.93296010
 20.800000      0.90399705
 20.900000      0.87668116
 21.000000      0.84086073
 21.100000      0.80979470
 21.200000      0.76987490
 21.300000      0.72106547
 21.400000      0.67495484
 21.500000      0.62329547
 21.600000      0.56859257
 21.700000      0.51386967
 21.800000      0.46353840
 21.900000      0.41215426
 22.000000      0.36821667
 22.100000      0.31682817
 22.200000      0.27000565
 22.300000      0.22243686
 22.400000      0.17333622
 22.500000      0.12952169
 22.600000      0.09557539
 22.700000      0.06083687
 22.800000      0.02526779
 22.900000      0.00277473
 23.000000     -0.02598695
 23.100000     -0.04782455
 23.200000     -0.06861448
 23.300000     -0.09250984
 23.400000     -0.11071744
 23.500000     -0.12961711
 23.600000     -0.14707526
 23.700000     -0.15919695
 23.800000     -0.17268598
 23.900000     -0.18805652
 24.000000     -0.19893048
 24.100000     -0.21148345
 24.200000     -0.22165480
 24.300000     -0.22693459
 24.400000     -0.23892168
 24.500000     -0.24262699
 24.600000     -0.25269170
 24.700000     -0.25566602
 24.800000     -0.27141051
 24.900000     -0.27452493
 25.000000     -0.28767776
 25.100000     -0.30059595
 25.200000     -0.31076302
 25.300000     -0.32637292
 25.400000     -0.33632427
 25.500000     -0.34257602
 25.600000     -0.35254371
 25.700000     -0.35589616
 25.800000     -0.36122812
 25.900000     -0.36653981
 26.000000     -0.37625004
 26.100000     -0.38350372
 26.200000     -0.39195594
 26.300000     -0.40011695
 26.400000     -0.40272351
 26.500000     -0.40503337
 26.600000     -0.40448752
 26.700000     -0.40182121
 26.800000     -0.39855847
 26.900000     -0.39399186
 27.000000     -0.39096150
 27.100000     -0.38904678
 27.200000     -0.38236479
 27.300000     -0.38151027
 27.400000     -0.38170762
 27.500000     -0.38544035
 27.600000     -0.38641643
 27.700000     -0.38246624
 27.800000     -0.38345139
 27.900000     -0.38429075
 28.000000     -0.38012877
 28.100000     -0.37801921
 28.200000     -0.36903394
 28.300000     -0.36676482
 28.400000     -0.36246966
 28.500000     -0.36031129
 28.600000     -0.35927000
 28.700000     -0.35694394
 28.800000     -0.35708007
 28.900000     -0.35622637
 29.000000     -0.35478796
 29.100000     -0.35545019
 29.200000     -0.35455728
 29.300000     -0.35370092
 29.400000     -0.35503823
 29.500000     -0.35435169
 29.600000     -0.35589986
 29.700000     -0.35577168
 29.800000     -0.35299105
 29.900000     -0.35186401
 30.000000     -0.35213780
 30.100000     -0.34868574
 30.200000     -0.34632871
 30.300000     -0.34173308
 30.400000     -0.33622016
 30.500000     -0.32874965
 30.600000     -0.32231999
 30.700000     -0.31530667
 30.800000     -0.30498537
 30.900000     -0.29731375
 31.000000     -0.29045617
 31.100000     -0.28605825
 31.200000     -0.27977024
 31.300000     -0.27492929
 31.400000     -0.26711611
 31.500000     -0.26210564
 31.600000     -0.25496527
 31.700000     -0.25146667
 31.800000     -0.24491293
 31.900000     -0.24047058
 32.000000     -0.23658451
 32.100000     -0.23571338
 32.200000     -0.23730862
 32.300000     -0.23645344
 32.400000     -0.23688442
 32.500000     -0.23525149
 32.600000     -0.23391964
 32.700000     -0.23149465
 32.800000     -0.22964795
 32.900000     -0.22792603
 33.000000     -0.22667765
 33.100000     -0.22365427
 33.200000     -0.22092265
 33.300000     -0.21649721
 33.400000     -0.21441764
 33.500000     -0.20852341
 33.600000     -0.20995427
 33.700000     -0.20622736
 33.800000     -0.20207116
 33.900000     -0.19613031
 34.000000     -0.19312251
 34.100000     -0.19153880
 34.200000     -0.19128524
 34.300000     -0.19241264
 34.400000     -0.19564963
 34.500000     -0.19616880
 34.600000     -0.19672732
 34.700000     -0.19901437
 34.800000     -0.19884878
 34.900000     -0.19683088
 35.000000     -0.19305947
 35.100000     -0.18996339
 35.200000     -0.18988560
 35.300000     -0.18811629
 35.400000     -0.18517837
 35.500000     -0.18171715
 35.600000     -0.18056843
 35.700000     -0.18007093
 35.800000     -0.17713058
 35.900000     -0.17388741
 36.000000     -0.17172851
 36.100000     -0.16751385
 36.200000     -0.16376734
 36.300000     -0.15996476
 36.400000     -0.15538436
 36.500000     -0.15170560
 36.600000     -0.14961787
 36.700000     -0.14717249
 36.800000     -0.14564815
 36.900000     -0.14285125
 37.000000     -0.13847293
 37.100000     -0.13734064
 37.200000     -0.13493253
 37.300000     -0.13392331
 37.400000     -0.13397680
 37.500000     -0.13319797
 37.600000     -0.13373090
 37.700000     -0.13395599
 37.800000     -0.13359349
 37.900000     -0.13110586
 38.000000     -0.12858111
 38.100000     -0.12923808
 38.200000     -0.12695419
 38.300000     -0.12440682
 38.400000     -0.12407236
 38.500000     -0.12357533
 38.600000     -0.12149785
 38.700000     -0.11972839
 38.800000     -0.11713951
 38.900000     -0.11644177
 39.000000     -0.11703761
 39.100000     -0.11853911
 39.200000     -0.11733477
 39.300000     -0.11559763
 39.400000     -0.11447334
 39.500000     -0.11462429
 39.600000     -0.11455740
 39.700000     -0.11397655
 39.800000     -0.11300123
 39.900000     -0.11310064
