  0.000000     -0.01226379
  0.100000     -0.01265903
  0.200000     -0.01304313
  0.300000     -0.01342043
  0.400000     -0.01376725
  0.500000     -0.01410180
  0.600000     -0.01442507
  0.700000     -0.01472428
  0.800000     -0.01498669
  0.900000     -0.01520916
  1.000000     -0.01538408
  1.100000     -0.01553404
  1.200000     -0.01572512
  1.300000     -0.01586260
  1.400000     -0.01588788
  1.500000     -0.01578929
  1.600000     -0.01561195
  1.700000     -0.01538499
  1.800000     -0.01509586
  1.900000     -0.01476892
  2.000000     -0.01439790
  2.100000     -0.01399497
  2.200000     -0.01357620
  2.300000     -0.01318614
  2.400000     -0.01281316
  2.500000     -0.01245152
  2.600000     -0.01207292
  2.700000     -0.01173573
  2.800000     -0.01146439
  2.900000     -0.01121336
  3.000000     -0.01097487
  3.100000     -0.01074800
  3.200000     -0.01050959
  3.300000     -0.01032045
  3.400000     -0.01021948
  3.500000     -0.01019059
  3.600000     -0.01021599
  3.700000     -0.01031685
  3.800000     -0.01050828
  3.900000     -0.01082491
  4.000000     -0.01120154
  4.100000     -0.01157404
  4.200000     -0.01192695
  4.300000     -0.01227038
  4.400000     -0.01258834
  4.500000     -0.01291796
  4.600000     -0.01325671
  4.700000     -0.01351701
  4.800000     -0.01375352
  4.900000     -0.01385654
  5.000000     -0.01391694
  5.100000     -0.01395623
  5.200000     -0.01397542
  5.300000     -0.01389827
  5.400000     -0.01376417
  5.500000     -0.01355515
  5.600000     -0.01330185
  5.700000     -0.01304867
  5.800000     -0.01283165
  5.900000     -0.01264841
  6.000000     -0.01248961
  6.100000     -0.01239712
  6.200000     -0.01237117
  6.300000     -0.01240859
  6.400000     -0.01249970
  6.500000     -0.01261799
  6.600000     -0.01277563
  6.700000     -0.01293089
  6.800000     -0.01306710
  6.900000     -0.01321228
  7.000000     -0.01339046
  7.100000     -0.01362725
  7.200000     -0.01386971
  7.300000     -0.01410428
  7.400000     -0.01437871
  7.500000     -0.01464183
  7.600000     -0.01487526
  7.700000     -0.01509939
  7.800000     -0.01538400
  7.900000     -0.01569218
  8.000000     -0.01597860
  8.100000     -0.01617303
  8.200000     -0.01628514
  8.300000     -0.01632313
  8.400000     -0.01630184
  8.500000     -0.01625961
  8.600000     -0.01617740
  8.700000     -0.01606738
  8.800000     -0.01593469
  8.900000     -0.01573559
  9.000000     -0.01544552
  9.100000     -0.01508807
  9.200000     -0.01468676
  9.300000     -0.01424165
  9.400000     -0.01366173
  9.500000     -0.01288561
  9.600000     -0.01204569
  9.700000     -0.01117228
  9.800000     -0.01022546
  9.900000     -0.00921298
 10.000000     -0.00809675
 10.100000     -0.00682591
 10.200000     -0.00551806
 10.300000     -0.00411005
 10.400000     -0.00255217
 10.500000     -0.00079744
 10.600000      0.00118599
 10.700000      0.00346008
 10.800000      0.00594366
 10.900000      0.00868722
 11.000000      0.01181857
 11.100000      0.01534018
 11.200000      0.01938205
 11.300000      0.02402672
 11.400000      0.02923489
 11.500000      0.03497913
 11.600000      0.04144630
 11.700000      0.04874860
 11.800000      0.05691124
 11.900000      0.06609160
 12.000000      0.07638393
 12.100000      0.08779345
 12.200000      0.10053076
 12.300000      0.11466377
 12.400000      0.13021931
 12.500000      0.14722623
 12.600000      0.16582422
 12.700000      0.18607668
 12.800000      0.20807905
 12.900000      0.23175534
 13.000000      0.25709474
 13.100000      0.28418122
 13.200000      0.31289541
 13.300000      0.34314051
 13.400000      0.37486918
 13.500000      0.40788076
 13.600000      0.44210347
 13.700000      0.47738739
 13.800000      0.51340619
 13.900000      0.54980985
 14.000000      0.58635899
 14.100000      0.62284678
 14.200000      0.65908525
 14.300000      0.69477069
 14.400000      0.72958714
 14.500000      0.76318077
 14.600000      0.79523408
 14.700000      0.82542708
 14.800000      0.85352143
 14.900000      0.87940888
 15.000000      0.90296837
 15.100000      0.92426754
 15.200000      0.94315628
 15.300000      0.95946587
 15.400000      0.97318915
 15.500000      0.98432558
 15.600000      0.99252371
 15.700000      0.99773235
 15.800000      1.00000000
 15.900000      0.99910199
 16.000000      0.99507958
 16.100000      0.98826453
 16.200000      0.97843530
 16.300000      0.96578339
 16.400000      0.95052492
 16.500000      0.93257383
 16.600000      0.91180209
 16.700000      0.88840342
 16.800000      0.86239312
 16.900000      0.83385560
 17.000000      0.80309734
 17.100000      0.77029971
 17.200000      0.73567062
 17.300000      0.69937916
 17.400000      0.66155568
 17.500000      0.62228747
 17.600000      0.58174293
 17.700000      0.54003277
 17.800000      0.49735903
 17.900000      0.45405025
 18.000000      0.41032292
 18.100000      0.36636133
 18.200000      0.32242703
 18.300000      0.27864572
 18.400000      0.23507016
 18.500000      0.19186817
 18.600000      0.14908933
 18.700000      0.10679248
 18.800000      0.06514915
 18.900000      0.02443490
 19.000000     -0.01522716
 19.100000     -0.05395401
 19.200000     -0.09171142
 19.300000     -0.12843531
 19.400000     -0.16404034
 19.500000     -0.19853847
 19.600000     -0.23174603
 19.700000     -0.26365327
 19.800000     -0.29432427
 19.900000     -0.32366989
 20.000000     -0.35160627
 20.100000     -0.37828951
 20.200000     -0.40361911
 20.300000     -0.42748304
 20.400000     -0.44994254
 20.500000     -0.47104328
 20.600000     -0.49078561
 20.700000     -0.50929757
 20.800000     -0.52662603
 20.900000     -0.54277853
 21.000000     -0.55770294
 21.100000     -0.57141478
 21.200000     -0.58400535
 21.300000     -0.59555964
 21.400000     -0.60597628
 21.500000     -0.61523826
 21.600000     -0.62341085
 21.700000     -0.63040930
 21.800000     -0.63628051
 21.900000     -0.64110795
 22.000000     -0.64494962
 22.100000     -0.64778168
 22.200000     -0.64976757
 22.300000     -0.65104805
 22.400000     -0.65150705
 22.500000     -0.65121547
 22.600000     -0.65023263
 22.700000     -0.64854273
 22.800000     -0.64604533
 22.900000     -0.64288978
 23.000000     -0.63909408
 23.100000     -0.63471431
 23.200000     -0.62974947
 23.300000     -0.62427159
 23.400000     -0.61838614
 23.500000     -0.61196802
 23.600000     -0.60510756
 23.700000     -0.59787298
 23.800000     -0.59036740
 23.900000     -0.58264111
 24.000000     -0.57474310
 24.100000     -0.56675471
 24.200000     -0.55870199
 24.300000     -0.55055041
 24.400000     -0.54238443
 24.500000     -0.53423564
 24.600000     -0.52611910
 24.700000     -0.51794844
 24.800000     -0.50973622
 24.900000     -0.50138988
 25.000000     -0.49298368
 25.100000     -0.48463231
 25.200000     -0.47630349
 25.300000     -0.46802001
 25.400000     -0.45982139
 25.500000     -0.45173003
 25.600000     -0.44369466
 25.700000     -0.43579759
 25.800000     -0.42800332
 25.900000     -0.42033791
 26.000000     -0.41286702
 26.100000     -0.40557803
 26.200000     -0.39847908
 26.300000     -0.39154442
 26.400000     -0.38479314
 26.500000     -0.37828115
 26.600000     -0.37211381
 26.700000     -0.36620034
 26.800000     -0.36049289
 26.900000     -0.35489466
 27.000000     -0.34942872
 27.100000     -0.34415790
 27.200000     -0.33901422
 27.300000     -0.33399708
 27.400000     -0.32909071
 27.500000     -0.32435829
 27.600000     -0.31981370
 27.700000     -0.31541482
 27.800000     -0.31114902
 27.900000     -0.30697588
 28.000000     -0.30302188
 28.100000     -0.29923250
 28.200000     -0.29565495
 28.300000     -0.29223294
 28.400000     -0.28898874
 28.500000     -0.28590818
 28.600000     -0.28297816
 28.700000     -0.28020345
 28.800000     -0.27754807
 28.900000     -0.27502155
 29.000000     -0.27261014
 29.100000     -0.27032936
 29.200000     -0.26804667
 29.300000     -0.26571740
 29.400000     -0.26344316
 29.500000     -0.26121033
 29.600000     -0.25891558
 29.700000     -0.25654996
 29.800000     -0.25412953
 29.900000     -0.25160252
 30.000000     -0.24897935
 30.100000     -0.24638072
 30.200000     -0.24376179
 30.300000     -0.24104104
 30.400000     -0.23813855
 30.500000     -0.23506277
 30.600000     -0.23186657
 30.700000     -0.22858477
 30.800000     -0.22522550
 30.900000     -0.22177156
 31.000000     -0.21820408
 31.100000     -0.21451218
 31.200000     -0.21068135
 31.300000     -0.20668898
 31.400000     -0.20255557
 31.500000     -0.19835860
 31.600000     -0.19402623
 31.700000     -0.18949519
 31.800000     -0.18480947
 31.900000     -0.17994347
 32.000000     -0.17494645
 32.100000     -0.16983388
 32.200000     -0.16458299
 32.300000     -0.15921073
 32.400000     -0.15371774
 32.500000     -0.14817105
 32.600000     -0.14243646
 32.700000     -0.13654749
 32.800000     -0.13058347
 32.900000     -0.12455186
 33.000000     -0.11837303
 33.100000     -0.11205449
 33.200000     -0.10565901
 33.300000     -0.09920996
 33.400000     -0.09265366
 33.500000     -0.08597234
 33.600000     -0.07916022
 33.700000     -0.07222387
 33.800000     -0.06518317
 33.900000     -0.05799300
 34.000000     -0.05067147
 34.100000     -0.04321249
 34.200000     -0.03567085
 34.300000     -0.02805943
 34.400000     -0.02044524
 34.500000     -0.01289990
 34.600000     -0.00534576
 34.700000      0.00222870
 34.800000      0.00981822
 34.900000      0.01738524
 35.000000      0.02488739
 35.100000      0.03233092
 35.200000      0.03967067
 35.300000      0.04685083
 35.400000      0.05386746
 35.500000      0.06078396
 35.600000      0.06753568
 35.700000      0.07408973
 35.800000      0.08054033
 35.900000      0.08687844
 36.000000      0.09294747
 36.100000      0.09872301
 36.200000      0.10428320
 36.300000      0.10966630
 36.400000      0.11479053
 36.500000      0.11967424
 36.600000      0.12436041
 36.700000      0.12883570
 36.800000      0.13302893
 36.900000      0.13697385
 37.000000      0.14077544
 37.100000      0.14442705
 37.200000      0.14783467
 37.300000      0.15095579
 37.400000      0.15377580
 37.500000      0.15636345
 37.600000      0.15873064
 37.700000      0.16082493
 37.800000      0.16263700
 37.900000      0.16416463
 38.000000      0.16546568
 38.100000      0.16657610
 38.200000      0.16755486
 38.300000      0.16835556
 38.400000      0.16893560
 38.500000      0.16929565
 38.600000      0.16945395
 38.700000      0.16944836
 38.800000      0.16930047
 38.900000      0.16906856
 39.000000      0.16873782
 39.100000      0.16827148
 39.200000      0.16767906
 39.300000      0.16700928
 39.400000      0.16626720
 39.500000      0.16548229
 39.600000      0.16465262
 39.700000      0.16374433
 39.800000      0.16279188
 39.900000      0.16182459
