  0.000000     -0.05693060
  0.100000     -0.05699209
  0.200000     -0.05705490
  0.300000     -0.05712242
  0.400000     -0.05711048
  0.500000     -0.05708341
  0.600000     -0.05708663
  0.700000     -0.05711173
  0.800000     -0.05712821
  0.900000     -0.05722643
  1.000000     -0.05728785
  1.100000     -0.05733310
  1.200000     -0.05685912
  1.300000     -0.05671280
  1.400000     -0.05671252
  1.500000     -0.05675195
  1.600000     -0.05681579
  1.700000     -0.05755718
  1.800000     -0.05746028
  1.900000     -0.05744166
  2.000000     -0.05744668
  2.100000     -0.05749567
  2.200000     -0.05756380
  2.300000     -0.05770855
  2.400000     -0.05783428
  2.500000     -0.05792391
  2.600000     -0.05802572
  2.700000     -0.05810486
  2.800000     -0.05751910
  2.900000     -0.05748353
  3.000000     -0.05755144
  3.100000     -0.05770431
  3.200000     -0.05786070
  3.300000     -0.05802006
  3.400000     -0.05818204
  3.500000     -0.05834641
  3.600000     -0.05851276
  3.700000     -0.05868166
  3.800000     -0.05885281
  3.900000     -0.05904179
  4.000000     -0.05929011
  4.100000     -0.05949109
  4.200000     -0.06039131
  4.300000     -0.06059761
  4.400000     -0.06137084
  4.500000     -0.06164863
  4.600000     -0.06189551
  4.700000     -0.06215404
  4.800000     -0.06242878
  4.900000     -0.06272269
  5.000000     -0.06303761
  5.100000     -0.06337785
  5.200000     -0.06375157
  5.300000     -0.06417024
  5.400000     -0.06482908
  5.500000     -0.06528786
  5.600000     -0.06580334
  5.700000     -0.06635961
  5.800000     -0.06693422
  5.900000     -0.06754630
  6.000000     -0.06820172
  6.100000     -0.06890196
  6.200000     -0.06964871
  6.300000     -0.07044359
  6.400000     -0.07132595
  6.500000     -0.07230964
  6.600000     -0.07330845
  6.700000     -0.07436409
  6.800000     -0.07548797
  6.900000     -0.07667787
  7.000000     -0.07882220
  7.100000     -0.08076932
  7.200000     -0.08220423
  7.300000     -0.08366960
  7.400000     -0.08659963
  7.500000     -0.08817210
  7.600000     -0.08979839
  7.700000     -0.09148528
  7.800000     -0.09322146
  7.900000     -0.09500603
  8.000000     -0.09681968
  8.100000     -0.09867895
  8.200000     -0.10209376
  8.300000     -0.10401952
  8.400000     -0.10598430
  8.500000     -0.10798626
  8.600000     -0.11002570
  8.700000     -0.11210086
  8.800000     -0.11402467
  8.900000     -0.11622209
  9.000000     -0.11845697
  9.100000     -0.12072065
  9.200000     -0.12300905
  9.300000     -0.12532087
  9.400000     -0.12765485
  9.500000     -0.13000483
  9.600000     -0.13236263
  9.700000     -0.13472441
  9.800000     -0.13708901
  9.900000     -0.13945567
 10.000000     -0.14181159
 10.100000     -0.14414394
 10.200000     -0.14644290
 10.300000     -0.14869691
 10.400000     -0.15089814
 10.500000     -0.15303296
 10.600000     -0.15508767
 10.700000     -0.15704704
 10.800000     -0.15889273
 10.900000     -0.16060739
 11.000000     -0.16217586
 11.100000     -0.16357892
 11.200000     -0.16480063
 11.300000     -0.16582827
 11.400000     -0.16663913
 11.500000     -0.16720265
 11.600000     -0.16749858
 11.700000     -0.16750441
 11.800000     -0.16719313
 11.900000     -0.16653924
 12.000000     -0.16551713
 12.100000     -0.16410076
 12.200000     -0.16225788
 12.300000     -0.15996234
 12.400000     -0.15718694
 12.500000     -0.15390444
 12.600000     -0.15008274
 12.700000     -0.14569558
 12.800000     -0.14071774
 12.900000     -0.13511717
 13.000000     -0.12886433
 13.100000     -0.12193645
 13.200000     -0.11430423
 13.300000     -0.10593735
 13.400000     -0.09681311
 13.500000     -0.08690605
 13.600000     -0.07619551
 13.700000     -0.06465733
 13.800000     -0.05226980
 13.900000     -0.03902184
 14.000000     -0.02488646
 14.100000     -0.00986109
 14.200000      0.00605926
 14.300000      0.02288444
 14.400000      0.04061418
 14.500000      0.05924657
 14.600000      0.07877601
 14.700000      0.09919072
 14.800000      0.12046533
 14.900000      0.14258614
 15.000000      0.16552474
 15.100000      0.18925334
 15.200000      0.21372969
 15.300000      0.23891378
 15.400000      0.26475901
 15.500000      0.29121067
 15.600000      0.31822090
 15.700000      0.34573038
 15.800000      0.37367341
 15.900000      0.40198474
 16.000000      0.43059070
 16.100000      0.45942117
 16.200000      0.48839688
 16.300000      0.51743857
 16.400000      0.54646326
 16.500000      0.57538676
 16.600000      0.60411996
 16.700000      0.63257116
 16.800000      0.66065294
 16.900000      0.68824633
 17.000000      0.71526454
 17.100000      0.74162243
 17.200000      0.76722652
 17.300000      0.79198687
 17.400000      0.81580065
 17.500000      0.83858075
 17.600000      0.86022507
 17.700000      0.88061942
 17.800000      0.89966970
 17.900000      0.91730413
 18.000000      0.93341904
 18.100000      0.94795820
 18.200000      0.96085199
 18.300000      0.97202320
 18.400000      0.98142728
 18.500000      0.98899641
 18.600000      0.99465490
 18.700000      0.99833527
 18.800000      1.00000000
 18.900000      0.99962043
 19.000000      0.99715097
 19.100000      0.99256174
 19.200000      0.98584197
 19.300000      0.97694499
 19.400000      0.96590833
 19.500000      0.95275137
 19.600000      0.93751005
 19.700000      0.92021806
 19.800000      0.90093242
 19.900000      0.87973563
 20.000000      0.85675671
 20.100000      0.83213461
 20.200000      0.80601108
 20.300000      0.77850479
 20.400000      0.74972965
 20.500000      0.71982629
 20.600000      0.68890765
 20.700000      0.65703478
 20.800000      0.62421011
 20.900000      0.59035967
 21.000000      0.55538358
 21.100000      0.51915770
 21.200000      0.48159269
 21.300000      0.44263858
 21.400000      0.40232521
 21.500000      0.36078587
 21.600000      0.31820819
 21.700000      0.27380444
 21.800000      0.22990263
 21.900000      0.18565679
 22.000000      0.14092905
 22.100000      0.09667750
 22.200000      0.05282444
 22.300000      0.00941636
 22.400000     -0.03340928
 22.500000     -0.07553815
 22.600000     -0.11685400
 22.700000     -0.15724941
 22.800000     -0.19663515
 22.900000     -0.23492631
 23.000000     -0.27205821
 23.100000     -0.30798448
 23.200000     -0.34265878
 23.300000     -0.37602131
 23.400000     -0.40792237
 23.500000     -0.43839524
 23.600000     -0.46714205
 23.700000     -0.49451812
 23.800000     -0.52024290
 23.900000     -0.54427315
 24.000000     -0.56684639
 24.100000     -0.58748779
 24.200000     -0.60632184
 24.300000     -0.62236523
 24.400000     -0.63779126
 24.500000     -0.65090407
 24.600000     -0.66230678
 24.700000     -0.67286985
 24.800000     -0.68108443
 24.900000     -0.68745732
 25.000000     -0.69219226
 25.100000     -0.69562253
 25.200000     -0.69753317
 25.300000     -0.69733044
 25.400000     -0.69657548
 25.500000     -0.69530555
 25.600000     -0.69191651
 25.700000     -0.68704200
 25.800000     -0.68132574
 25.900000     -0.67433993
 26.000000     -0.66655372
 26.100000     -0.65782216
 26.200000     -0.64820318
 26.300000     -0.63776216
 26.400000     -0.62651922
 26.500000     -0.61455700
 26.600000     -0.60194323
 26.700000     -0.58873601
 26.800000     -0.57499107
 26.900000     -0.56075611
 27.000000     -0.54608354
 27.100000     -0.52964467
 27.200000     -0.51307528
 27.300000     -0.49743523
 27.400000     -0.48162979
 27.500000     -0.46563970
 27.600000     -0.44948111
 27.700000     -0.43319022
 27.800000     -0.41693141
 27.900000     -0.40067323
 28.000000     -0.38445156
 28.100000     -0.36831621
 28.200000     -0.35230413
 28.300000     -0.33374821
 28.400000     -0.31796387
 28.500000     -0.30250781
 28.600000     -0.28630386
 28.700000     -0.27138661
 28.800000     -0.25678231
 28.900000     -0.24251690
 29.000000     -0.22945902
 29.100000     -0.21588855
 29.200000     -0.20271399
 29.300000     -0.18996987
 29.400000     -0.17715708
 29.500000     -0.16463898
 29.600000     -0.15316881
 29.700000     -0.14214218
 29.800000     -0.13157478
 29.900000     -0.12147059
 30.000000     -0.11181537
 30.100000     -0.10260637
 30.200000     -0.09368686
 30.300000     -0.08534056
 30.400000     -0.07666107
 30.500000     -0.06923431
 30.600000     -0.06222187
 30.700000     -0.05560872
 30.800000     -0.04942965
 30.900000     -0.04325267
 31.000000     -0.03760421
 31.100000     -0.03263055
 31.200000     -0.02798576
 31.300000     -0.02366425
 31.400000     -0.01956727
 31.500000     -0.01589563
 31.600000     -0.01258115
 31.700000     -0.00952729
 31.800000     -0.00672068
 31.900000     -0.00148949
 32.000000      0.00278915
 32.100000      0.00477217
 32.200000      0.00654624
 32.300000      0.00813282
 32.400000      0.00954425
 32.500000      0.01032226
 32.600000      0.01117328
 32.700000      0.01203745
 32.800000      0.01274040
 32.900000      0.01332799
 33.000000      0.01430957
 33.100000      0.01503811
 33.200000      0.01530305
 33.300000      0.01546182
 33.400000      0.01554911
 33.500000      0.01551688
 33.600000      0.01541404
 33.700000      0.01525816
 33.800000      0.01509283
 33.900000      0.01553371
 34.000000      0.01648010
 34.100000      0.01634128
 34.200000      0.01716393
 34.300000      0.01723255
 34.400000      0.01884132
 34.500000      0.01898743
 34.600000      0.01876981
 34.700000      0.02025554
 34.800000      0.02090566
 34.900000      0.02195720
 35.000000      0.02415349
 35.100000      0.02333429
 35.200000      0.02259218
 35.300000      0.02267557
 35.400000      0.02238635
 35.500000      0.02176866
 35.600000      0.02106472
 35.700000      0.01961648
 35.800000      0.01949388
 35.900000      0.01882606
 36.000000      0.01875846
 36.100000      0.01854155
 36.200000      0.01783357
 36.300000      0.01669291
 36.400000      0.01669931
 36.500000      0.01608232
 36.600000      0.01491410
 36.700000      0.01378948
 36.800000      0.01462022
 36.900000      0.01328080
 37.000000      0.01216110
 37.100000      0.01242323
 37.200000      0.01185809
 37.300000      0.01077384
 37.400000      0.00933234
 37.500000      0.00808093
 37.600000      0.00741730
 37.700000      0.00688262
 37.800000      0.00607035
 37.900000      0.00623534
 38.000000      0.00565546
 38.100000      0.00492365
 38.200000      0.00436283
 38.300000      0.00409166
 38.400000      0.00328404
 38.500000      0.00214400
 38.600000      0.00137979
 38.700000      0.00036073
 38.800000     -0.00043990
 38.900000     -0.00015171
 39.000000     -0.00119084
 39.100000     -0.00219021
 39.200000     -0.00198206
 39.300000     -0.00102370
 39.400000     -0.00178178
 39.500000     -0.00169928
 39.600000     -0.00245491
 39.700000     -0.00317525
 39.800000     -0.00383595
 39.900000     -0.00445833
