  0.000000      0.03203839
  0.100000      0.03354246
  0.200000      0.03545472
  0.300000      0.03782616
  0.400000      0.04048800
  0.500000      0.04328052
  0.600000      0.04608096
  0.700000      0.04876657
  0.800000      0.05109830
  0.900000      0.05289500
  1.000000      0.05395975
  1.100000      0.05430513
  1.200000      0.05396578
  1.300000      0.05304136
  1.400000      0.05180247
  1.500000      0.05018908
  1.600000      0.04632049
  1.700000      0.04191945
  1.800000      0.03708993
  1.900000      0.03200930
  2.000000      0.02691314
  2.100000      0.02195646
  2.200000      0.01728168
  2.300000      0.01300046
  2.400000      0.00911717
  2.500000      0.00559647
  2.600000      0.00230907
  2.700000     -0.00074466
  2.800000     -0.00366048
  2.900000     -0.00654643
  3.000000     -0.00961599
  3.100000     -0.01314428
  3.200000     -0.01722397
  3.300000     -0.02178322
  3.400000     -0.02658863
  3.500000     -0.03148336
  3.600000     -0.03610722
  3.700000     -0.04017941
  3.800000     -0.04356591
  3.900000     -0.04632651
  4.000000     -0.04843697
  4.100000     -0.04991337
  4.200000     -0.05075559
  4.300000     -0.05122360
  4.400000     -0.05130883
  4.500000     -0.05116385
  4.600000     -0.05082850
  4.700000     -0.05034989
  4.800000     -0.04984863
  4.900000     -0.04917679
  5.000000     -0.04843273
  5.100000     -0.04758249
  5.200000     -0.04671159
  5.300000     -0.04586927
  5.400000     -0.04481144
  5.500000     -0.04346261
  5.600000     -0.04199373
  5.700000     -0.04047129
  5.800000     -0.03891679
  5.900000     -0.03750370
  6.000000     -0.03624131
  6.100000     -0.03519805
  6.200000     -0.03444842
  6.300000     -0.03428077
  6.400000     -0.03498869
  6.500000     -0.03659515
  6.600000     -0.03892259
  6.700000     -0.04148048
  6.800000     -0.04398737
  6.900000     -0.04621940
  7.000000     -0.04836772
  7.100000     -0.05038757
  7.200000     -0.05225787
  7.300000     -0.05408680
  7.400000     -0.05589138
  7.500000     -0.05781226
  7.600000     -0.05991566
  7.700000     -0.06229019
  7.800000     -0.06486848
  7.900000     -0.06769086
  8.000000     -0.07074354
  8.100000     -0.07404519
  8.200000     -0.07754719
  8.300000     -0.08105609
  8.400000     -0.08463428
  8.500000     -0.08814909
  8.600000     -0.09160490
  8.700000     -0.09499602
  8.800000     -0.09854057
  8.900000     -0.10227567
  9.000000     -0.10638773
  9.100000     -0.11094448
  9.200000     -0.11632590
  9.300000     -0.12244115
  9.400000     -0.12923801
  9.500000     -0.13712339
  9.600000     -0.14599424
  9.700000     -0.15597037
  9.800000     -0.16663533
  9.900000     -0.17760550
 10.000000     -0.18853472
 10.100000     -0.19924432
 10.200000     -0.20990911
 10.300000     -0.22023056
 10.400000     -0.23018934
 10.500000     -0.23976546
 10.600000     -0.24869063
 10.700000     -0.25699440
 10.800000     -0.26493000
 10.900000     -0.27174800
 11.000000     -0.27753814
 11.100000     -0.28257952
 11.200000     -0.28729123
 11.300000     -0.29193496
 11.400000     -0.29688603
 11.500000     -0.30253172
 11.600000     -0.30887697
 11.700000     -0.31560142
 11.800000     -0.32284510
 11.900000     -0.33056278
 12.000000     -0.33837826
 12.100000     -0.34626995
 12.200000     -0.35409366
 12.300000     -0.36184128
 12.400000     -0.36932718
 12.500000     -0.37650439
 12.600000     -0.38310138
 12.700000     -0.38923221
 12.800000     -0.39495080
 12.900000     -0.40047450
 13.000000     -0.40594691
 13.100000     -0.41154578
 13.200000     -0.41756355
 13.300000     -0.42439450
 13.400000     -0.43221149
 13.500000     -0.44098140
 13.600000     -0.45078128
 13.700000     -0.46128144
 13.800000     -0.47212377
 13.900000     -0.48293386
 14.000000     -0.49330434
 14.100000     -0.50304948
 14.200000     -0.51212442
 14.300000     -0.52100056
 14.400000     -0.52971385
 14.500000     -0.53849414
 14.600000     -0.54739977
 14.700000     -0.55638902
 14.800000     -0.56548335
 14.900000     -0.57418743
 15.000000     -0.58259224
 15.100000     -0.59128880
 15.200000     -0.60065999
 15.300000     -0.61114375
 15.400000     -0.62277970
 15.500000     -0.63552933
 15.600000     -0.64868745
 15.700000     -0.66196140
 15.800000     -0.67451419
 15.900000     -0.68681067
 16.000000     -0.69834786
 16.100000     -0.70835575
 16.200000     -0.71727308
 16.300000     -0.72370734
 16.400000     -0.72839784
 16.500000     -0.73063316
 16.600000     -0.73082083
 16.700000     -0.72843699
 16.800000     -0.72376507
 16.900000     -0.71700069
 17.000000     -0.70854954
 17.100000     -0.69843328
 17.200000     -0.68580177
 17.300000     -0.67087566
 17.400000     -0.65320635
 17.500000     -0.63221532
 17.600000     -0.60748328
 17.700000     -0.57881794
 17.800000     -0.54630991
 17.900000     -0.51101504
 18.000000     -0.47316987
 18.100000     -0.43375285
 18.200000     -0.39282687
 18.300000     -0.35064924
 18.400000     -0.30756071
 18.500000     -0.26367404
 18.600000     -0.21924681
 18.700000     -0.17422851
 18.800000     -0.12833497
 18.900000     -0.08143186
 19.000000     -0.03361939
 19.100000      0.01452151
 19.200000      0.06349558
 19.300000      0.11272641
 19.400000      0.16226983
 19.500000      0.21218605
 19.600000      0.26218602
 19.700000      0.31230001
 19.800000      0.36267486
 19.900000      0.41287670
 20.000000      0.46225833
 20.100000      0.50989882
 20.200000      0.55568728
 20.300000      0.59958304
 20.400000      0.64188377
 20.500000      0.68215033
 20.600000      0.71946740
 20.700000      0.75346220
 20.800000      0.78436657
 20.900000      0.81279208
 21.000000      0.83867320
 21.100000      0.86220876
 21.200000      0.88373613
 21.300000      0.90380904
 21.400000      0.92250946
 21.500000      0.93973984
 21.600000      0.95508032
 21.700000      0.96818219
 21.800000      0.97903411
 21.900000      0.98722315
 22.000000      0.99328686
 22.100000      0.99735416
 22.200000      0.99933919
 22.300000      1.00000000
 22.400000      0.99921808
 22.500000      0.99736305
 22.600000      0.99445010
 22.700000      0.99044070
 22.800000      0.98591986
 22.900000      0.98068055
 23.000000      0.97472225
 23.100000      0.96719445
 23.200000      0.95750113
 23.300000      0.94589508
 23.400000      0.93247556
 23.500000      0.91788271
 23.600000      0.90211869
 23.700000      0.88529993
 23.800000      0.86783881
 23.900000      0.85012289
 24.000000      0.83212514
 24.100000      0.81410423
 24.200000      0.79600395
 24.300000      0.77756126
 24.400000      0.75829644
 24.500000      0.73816910
 24.600000      0.71717880
 24.700000      0.69604944
 24.800000      0.67472094
 24.900000      0.65365801
 25.000000      0.63235256
 25.100000      0.61063354
 25.200000      0.58808231
 25.300000      0.56468850
 25.400000      0.54061574
 25.500000      0.51566253
 25.600000      0.48983902
 25.700000      0.46308379
 25.800000      0.43452179
 25.900000      0.40504475
 26.000000      0.37490521
 26.100000      0.34462521
 26.200000      0.31377951
 26.300000      0.28287431
 26.400000      0.25208601
 26.500000      0.22222693
 26.600000      0.19345265
 26.700000      0.16620945
 26.800000      0.14026704
 26.900000      0.11612296
 27.000000      0.09365949
 27.100000      0.07327446
 27.200000      0.05487600
 27.300000      0.03839239
 27.400000      0.02313385
 27.500000      0.00841084
 27.600000     -0.00543733
 27.700000     -0.01889988
 27.800000     -0.03167542
 27.900000     -0.04359826
 28.000000     -0.05478746
 28.100000     -0.06483845
 28.200000     -0.07390641
 28.300000     -0.08194396
 28.400000     -0.08921415
 28.500000     -0.09548958
 28.600000     -0.10083202
 28.700000     -0.10519695
 28.800000     -0.10906377
 28.900000     -0.11318501
 29.000000     -0.11609029
 29.100000     -0.11844052
 29.200000     -0.11901237
 29.300000     -0.11824735
 29.400000     -0.11619412
 29.500000     -0.11282541
 29.600000     -0.10841577
 29.700000     -0.10331145
 29.800000     -0.09824980
 29.900000     -0.09341232
 30.000000     -0.08892636
 30.100000     -0.08506069
 30.200000     -0.08195836
 30.300000     -0.07999231
 30.400000     -0.07916186
 30.500000     -0.07930409
 30.600000     -0.08018779
 30.700000     -0.08185039
 30.800000     -0.08427938
 30.900000     -0.08749502
 31.000000     -0.09157651
 31.100000     -0.09635395
 31.200000     -0.10135385
 31.300000     -0.10584518
 31.400000     -0.10947334
 31.500000     -0.11219139
 31.600000     -0.11408912
 31.700000     -0.11512381
 31.800000     -0.11545148
 31.900000     -0.11522034
 32.000000     -0.11429458
 32.100000     -0.11269775
 32.200000     -0.11027639
 32.300000     -0.10722334
 32.400000     -0.10379914
 32.500000     -0.10024360
 32.600000     -0.09606280
 32.700000     -0.09173567
 32.800000     -0.08754903
 32.900000     -0.08329927
 33.000000     -0.07893129
 33.100000     -0.07438605
 33.200000     -0.06959361
 33.300000     -0.06457412
 33.400000     -0.05969297
 33.500000     -0.05532866
 33.600000     -0.05173017
 33.700000     -0.04917461
 33.800000     -0.04766194
 33.900000     -0.04702772
 34.000000     -0.04707221
 34.100000     -0.04752667
 34.200000     -0.04810399
 34.300000     -0.04884705
 34.400000     -0.04969453
 34.500000     -0.05073104
 34.600000     -0.05207545
 34.700000     -0.05370297
 34.800000     -0.05579529
 34.900000     -0.05817482
 35.000000     -0.06072586
 35.100000     -0.06314897
 35.200000     -0.06546566
 35.300000     -0.06751690
 35.400000     -0.06922069
 35.500000     -0.07092656
 35.600000     -0.07254588
 35.700000     -0.07411301
 35.800000     -0.07561978
 35.900000     -0.07717242
 36.000000     -0.07881609
 36.100000     -0.08053730
 36.200000     -0.08198926
 36.300000     -0.08249279
 36.400000     -0.08260925
 36.500000     -0.08223399
 36.600000     -0.08126323
 36.700000     -0.07986955
 36.800000     -0.07793110
 36.900000     -0.07649344
 37.000000     -0.07535910
 37.100000     -0.07320777
 37.200000     -0.07003763
 37.300000     -0.06617390
 37.400000     -0.06233862
 37.500000     -0.05866993
 37.600000     -0.05529314
 37.700000     -0.05243922
 37.800000     -0.05021639
 37.900000     -0.04857239
 38.000000     -0.04744539
 38.100000     -0.04668325
 38.200000     -0.04612882
 38.300000     -0.04560685
 38.400000     -0.04496635
 38.500000     -0.04415324
 38.600000     -0.04310375
 38.700000     -0.04222323
 38.800000     -0.04135907
 38.900000     -0.04063561
 39.000000     -0.04000893
 39.100000     -0.03973775
 39.200000     -0.03975017
 39.300000     -0.03993924
 39.400000     -0.04037495
 39.500000     -0.04093556
 39.600000     -0.04173607
 39.700000     -0.04261052
 39.800000     -0.04360213
 39.900000     -0.04468716
