  0.000000     -0.01994101
  0.100000     -0.01977106
  0.200000     -0.01977449
  0.300000     -0.01990881
  0.400000     -0.01992742
  0.500000     -0.01965635
  0.600000     -0.01960374
  0.700000     -0.01958178
  0.800000     -0.01953613
  0.900000     -0.01960622
  1.000000     -0.01956052
  1.100000     -0.01957434
  1.200000     -0.01959680
  1.300000     -0.01963761
  1.400000     -0.01967416
  1.500000     -0.01970875
  1.600000     -0.01941156
  1.700000     -0.01945116
  1.800000     -0.01958882
  1.900000     -0.01948986
  2.000000     -0.01947198
  2.100000     -0.01943104
  2.200000     -0.01940517
  2.300000     -0.01946376
  2.400000     -0.01942405
  2.500000     -0.01936840
  2.600000     -0.01943331
  2.700000     -0.01960315
  2.800000     -0.01984961
  2.900000     -0.01997543
  3.000000     -0.02006146
  3.100000     -0.02034325
  3.200000     -0.02042897
  3.300000     -0.02041087
  3.400000     -0.02039582
  3.500000     -0.02045326
  3.600000     -0.02055565
  3.700000     -0.02081933
  3.800000     -0.02102974
  3.900000     -0.02122168
  4.000000     -0.02141195
  4.100000     -0.02167431
  4.200000     -0.02170550
  4.300000     -0.02187003
  4.400000     -0.02204302
  4.500000     -0.02221044
  4.600000     -0.02239012
  4.700000     -0.02254847
  4.800000     -0.02306912
  4.900000     -0.02344954
  5.000000     -0.02417270
  5.100000     -0.02444669
  5.200000     -0.02465973
  5.300000     -0.02487206
  5.400000     -0.02515803
  5.500000     -0.02545754
  5.600000     -0.02576173
  5.700000     -0.02609228
  5.800000     -0.02651309
  5.900000     -0.02685474
  6.000000     -0.02710025
  6.100000     -0.02735983
  6.200000     -0.02778013
  6.300000     -0.02829445
  6.400000     -0.02878220
  6.500000     -0.02930730
  6.600000     -0.02987202
  6.700000     -0.03046928
  6.800000     -0.03112067
  6.900000     -0.03181374
  7.000000     -0.03250033
  7.100000     -0.03331870
  7.200000     -0.03413442
  7.300000     -0.03503959
  7.400000     -0.03598238
  7.500000     -0.03710290
  7.600000     -0.03830642
  7.700000     -0.03960252
  7.800000     -0.04094051
  7.900000     -0.04233419
  8.000000     -0.04380702
  8.100000     -0.04535849
  8.200000     -0.04703677
  8.300000     -0.04879193
  8.400000     -0.05087469
  8.500000     -0.05280451
  8.600000     -0.05475285
  8.700000     -0.05677012
  8.800000     -0.05885387
  8.900000     -0.06106478
  9.000000     -0.06325318
  9.100000     -0.06549960
  9.200000     -0.06775721
  9.300000     -0.07003238
  9.400000     -0.07232347
  9.500000     -0.07462031
  9.600000     -0.07673534
  9.700000     -0.07893733
  9.800000     -0.08118676
  9.900000     -0.08339452
 10.000000     -0.08554560
 10.100000     -0.08762640
 10.200000     -0.08962368
 10.300000     -0.09156978
 10.400000     -0.09335687
 10.500000     -0.09501617
 10.600000     -0.09653345
 10.700000     -0.09789297
 10.800000     -0.09907732
 10.900000     -0.10006885
 11.000000     -0.10104514
 11.100000     -0.10171410
 11.200000     -0.10205910
 11.300000     -0.10213668
 11.400000     -0.10192480
 11.500000     -0.10140154
 11.600000     -0.10054600
 11.700000     -0.09933450
 11.800000     -0.09774434
 11.900000     -0.09575199
 12.000000     -0.09333508
 12.100000     -0.09046853
 12.200000     -0.08712742
 12.300000     -0.08328782
 12.400000     -0.07892333
 12.500000     -0.07400942
 12.600000     -0.06852180
 12.700000     -0.06243705
 12.800000     -0.05572986
 12.900000     -0.04837623
 13.000000     -0.04035432
 13.100000     -0.03164240
 13.200000     -0.02221761
 13.300000     -0.01205761
 13.400000     -0.00114127
 13.500000      0.01054836
 13.600000      0.02302555
 13.700000      0.03630185
 13.800000      0.05039080
 13.900000      0.06530169
 14.000000      0.08104249
 14.100000      0.09761807
 14.200000      0.11502716
 14.300000      0.13327160
 14.400000      0.15234644
 14.500000      0.17224521
 14.600000      0.19295173
 14.700000      0.21445257
 14.800000      0.23672779
 14.900000      0.25975138
 15.000000      0.28349650
 15.100000      0.30793238
 15.200000      0.33301855
 15.300000      0.35871284
 15.400000      0.38496611
 15.500000      0.41172662
 15.600000      0.43893562
 15.700000      0.46652872
 15.800000      0.49443777
 15.900000      0.52258770
 16.000000      0.55089962
 16.100000      0.57928831
 16.200000      0.60766270
 16.300000      0.63592893
 16.400000      0.66398608
 16.500000      0.69173043
 16.600000      0.71905149
 16.700000      0.74583637
 16.800000      0.77196705
 16.900000      0.79732089
 17.000000      0.82177515
 17.100000      0.84520485
 17.200000      0.86747849
 17.300000      0.88846915
 17.400000      0.90804746
 17.500000      0.92608024
 17.600000      0.94243552
 17.700000      0.95699128
 17.800000      0.96962565
 17.900000      0.98022030
 18.000000      0.98865898
 18.100000      0.99483809
 18.200000      0.99865513
 18.300000      1.00000000
 18.400000      0.99876825
 18.500000      0.99490953
 18.600000      0.98838443
 18.700000      0.97916652
 18.800000      0.96723125
 18.900000      0.95256728
 19.000000      0.93517949
 19.100000      0.91508976
 19.200000      0.89233721
 19.300000      0.86697518
 19.400000      0.83907380
 19.500000      0.80871851
 19.600000      0.77601539
 19.700000      0.74107696
 19.800000      0.70403852
 19.900000      0.66504112
 20.000000      0.62424224
 20.100000      0.58180458
 20.200000      0.53790478
 20.300000      0.49272593
 20.400000      0.44645510
 20.500000      0.39928769
 20.600000      0.35142193
 20.700000      0.30305954
 20.800000      0.25439567
 20.900000      0.20562984
 21.000000      0.15695672
 21.100000      0.10856818
 21.200000      0.06065013
 21.300000      0.01338134
 21.400000     -0.03306813
 21.500000     -0.07853016
 21.600000     -0.12285197
 21.700000     -0.16588633
 21.800000     -0.20749629
 21.900000     -0.24755774
 22.000000     -0.28596351
 22.100000     -0.32261047
 22.200000     -0.35741071
 22.300000     -0.39029536
 22.400000     -0.42119332
 22.500000     -0.45005316
 22.600000     -0.47684321
 22.700000     -0.50153715
 22.800000     -0.52411800
 22.900000     -0.54458261
 23.000000     -0.56294536
 23.100000     -0.57922279
 23.200000     -0.59343962
 23.300000     -0.60562752
 23.400000     -0.61581957
 23.500000     -0.62406650
 23.600000     -0.63043624
 23.700000     -0.63499469
 23.800000     -0.63780318
 23.900000     -0.63893691
 24.000000     -0.63846590
 24.100000     -0.63646933
 24.200000     -0.63302955
 24.300000     -0.62822691
 24.400000     -0.62214270
 24.500000     -0.61486125
 24.600000     -0.60647231
 24.700000     -0.59706082
 24.800000     -0.58671228
 24.900000     -0.57551111
 25.000000     -0.56353927
 25.100000     -0.55087635
 25.200000     -0.53760312
 25.300000     -0.52379819
 25.400000     -0.50953331
 25.500000     -0.49488152
 25.600000     -0.47991311
 25.700000     -0.46469515
 25.800000     -0.44928819
 25.900000     -0.43375280
 26.000000     -0.41814727
 26.100000     -0.40252709
 26.200000     -0.38693979
 26.300000     -0.37143422
 26.400000     -0.35605600
 26.500000     -0.34084838
 26.600000     -0.32584703
 26.700000     -0.31109132
 26.800000     -0.29661307
 26.900000     -0.28244197
 27.000000     -0.26860904
 27.100000     -0.25513729
 27.200000     -0.24204730
 27.300000     -0.22936113
 27.400000     -0.21709619
 27.500000     -0.20527045
 27.600000     -0.19389521
 27.700000     -0.18298247
 27.800000     -0.17253739
 27.900000     -0.16255096
 28.000000     -0.15304136
 28.100000     -0.14400865
 28.200000     -0.13545214
 28.300000     -0.12737128
 28.400000     -0.11977041
 28.500000     -0.11263881
 28.600000     -0.10596115
 28.700000     -0.09973035
 28.800000     -0.09393402
 28.900000     -0.08856183
 29.000000     -0.08360112
 29.100000     -0.07904009
 29.200000     -0.07486295
 29.300000     -0.07105540
 29.400000     -0.06760155
 29.500000     -0.06448652
 29.600000     -0.06169396
 29.700000     -0.05920876
 29.800000     -0.05701303
 29.900000     -0.05509171
 30.000000     -0.05343052
 30.100000     -0.05201240
 30.200000     -0.05082216
 30.300000     -0.04984301
 30.400000     -0.04906088
 30.500000     -0.04845965
 30.600000     -0.04802391
 30.700000     -0.04773522
 30.800000     -0.04758632
 30.900000     -0.04756656
 31.000000     -0.04766372
 31.100000     -0.04786569
 31.200000     -0.04816099
 31.300000     -0.04853944
 31.400000     -0.04872865
 31.500000     -0.04922671
 31.600000     -0.04982199
 31.700000     -0.05047101
 31.800000     -0.05116797
 31.900000     -0.05190600
 32.000000     -0.05268145
 32.100000     -0.05349237
 32.200000     -0.05432087
 32.300000     -0.05517414
 32.400000     -0.05604948
 32.500000     -0.05694333
 32.600000     -0.05785096
 32.700000     -0.05876879
 32.800000     -0.05969428
 32.900000     -0.06062316
 33.000000     -0.06155057
 33.100000     -0.06247500
 33.200000     -0.06339223
 33.300000     -0.06428858
 33.400000     -0.06516692
 33.500000     -0.06602421
 33.600000     -0.06686011
 33.700000     -0.06766648
 33.800000     -0.06841447
 33.900000     -0.06911887
 34.000000     -0.06978455
 34.100000     -0.07039320
 34.200000     -0.07094357
 34.300000     -0.07142361
 34.400000     -0.07183245
 34.500000     -0.07217273
 34.600000     -0.07240518
 34.700000     -0.07252622
 34.800000     -0.07257347
 34.900000     -0.07255804
 35.000000     -0.07246363
 35.100000     -0.07229077
 35.200000     -0.07203894
 35.300000     -0.07169934
 35.400000     -0.07099257
 35.500000     -0.07050146
 35.600000     -0.06993675
 35.700000     -0.06928809
 35.800000     -0.06857071
 35.900000     -0.06779686
 36.000000     -0.06696576
 36.100000     -0.06606739
 36.200000     -0.06510625
 36.300000     -0.06407808
 36.400000     -0.06299348
 36.500000     -0.06186353
 36.600000     -0.06067512
 36.700000     -0.05924854
 36.800000     -0.05791621
 36.900000     -0.05656620
 37.000000     -0.05531486
 37.100000     -0.05429146
 37.200000     -0.05352456
 37.300000     -0.05236557
 37.400000     -0.05109787
 37.500000     -0.04928934
 37.600000     -0.04798363
 37.700000     -0.04608828
 37.800000     -0.04437360
 37.900000     -0.04241696
 38.000000     -0.04075637
 38.100000     -0.03907522
 38.200000     -0.03732643
 38.300000     -0.03574656
 38.400000     -0.03474366
 38.500000     -0.03334985
 38.600000     -0.03178379
 38.700000     -0.03016435
 38.800000     -0.02860819
 38.900000     -0.02822478
 39.000000     -0.02672218
 39.100000     -0.02561540
 39.200000     -0.02423290
 39.300000     -0.02283768
 39.400000     -0.02129674
 39.500000     -0.01971789
 39.600000     -0.01825561
 39.700000     -0.01723832
 39.800000     -0.01647883
 39.900000     -0.01526845
