  0.000000      0.00910093
  0.100000      0.01191820
  0.200000      0.00877771
  0.300000      0.00496651
  0.400000      0.00531681
  0.500000      0.00426856
  0.600000     -0.00020348
  0.700000     -0.00234246
  0.800000     -0.00150833
  0.900000     -0.00467436
  1.000000     -0.00449484
  1.100000     -0.00230465
  1.200000     -0.00429094
  1.300000     -0.01074179
  1.400000     -0.01480188
  1.500000     -0.01502404
  1.600000     -0.01433903
  1.700000     -0.01811609
  1.800000     -0.01917426
  1.900000     -0.02056725
  2.000000     -0.02266629
  2.100000     -0.02833207
  2.200000     -0.02928306
  2.300000     -0.02528438
  2.400000     -0.02755561
  2.500000     -0.03108280
  2.600000     -0.03196198
  2.700000     -0.03328824
  2.800000     -0.03516071
  2.900000     -0.04121313
  3.000000     -0.04439077
  3.100000     -0.04790209
  3.200000     -0.05125229
  3.300000     -0.05195104
  3.400000     -0.05627214
  3.500000     -0.05776151
  3.600000     -0.06182003
  3.700000     -0.06915072
  3.800000     -0.07169856
  3.900000     -0.07134984
  4.000000     -0.07252675
  4.100000     -0.07521731
  4.200000     -0.07133598
  4.300000     -0.07097102
  4.400000     -0.07073262
  4.500000     -0.07090467
  4.600000     -0.06901045
  4.700000     -0.06539303
  4.800000     -0.06510413
  4.900000     -0.06252537
  5.000000     -0.06077972
  5.100000     -0.05842576
  5.200000     -0.05847409
  5.300000     -0.05864511
  5.400000     -0.05767743
  5.500000     -0.05774850
  5.600000     -0.05575788
  5.700000     -0.05524823
  5.800000     -0.05353050
  5.900000     -0.05031954
  6.000000     -0.04876463
  6.100000     -0.04744892
  6.200000     -0.04077004
  6.300000     -0.03959139
  6.400000     -0.03424369
  6.500000     -0.02870927
  6.600000     -0.01785936
  6.700000     -0.00695165
  6.800000      0.00368099
  6.900000      0.01795027
  7.000000      0.03070276
  7.100000      0.04815941
  7.200000      0.06323908
  7.300000      0.08576379
  7.400000      0.10663917
  7.500000      0.13392602
  7.600000      0.16251185
  7.700000      0.19487255
  7.800000      0.22727196
  7.900000      0.26205168
  8.000000      0.29974692
  8.100000      0.33495316
  8.200000      0.37616195
  8.300000      0.42039060
  8.400000      0.46413050
  8.500000      0.50730072
  8.600000      0.55090189
  8.700000      0.59689393
  8.800000      0.64402239
  8.900000      0.68790600
  9.000000      0.72581491
  9.100000      0.76675309
  9.200000      0.80527013
  9.300000      0.84196789
  9.400000      0.87553640
  9.500000      0.90682799
  9.600000      0.93626220
  9.700000      0.96275237
  9.800000      0.97601894
  9.900000      0.99265592
 10.000000      0.99711283
 10.100000      0.99690294
 10.200000      1.00000000
 10.300000      0.99448605
 10.400000      0.98528623
 10.500000      0.96895624
 10.600000      0.94918379
 10.700000      0.92484546
 10.800000      0.89723885
 10.900000      0.86883948
 11.000000      0.83383474
 11.100000      0.79837499
 11.200000      0.76488108
 11.300000      0.72567391
 11.400000      0.68689415
 11.500000      0.64131162
 11.600000      0.59473499
 11.700000      0.54419299
 11.800000      0.48802299
 11.900000      0.42721418
 12.000000      0.36430547
 12.100000      0.30572059
 12.200000      0.24878005
 12.300000      0.19209609
 12.400000      0.13698129
 12.500000      0.08194763
 12.600000      0.02787022
 12.700000     -0.01717699
 12.800000     -0.06189483
 12.900000     -0.10998325
 13.000000     -0.15593708
 13.100000     -0.19881889
 13.200000     -0.24389207
 13.300000     -0.28275220
 13.400000     -0.31714733
 13.500000     -0.34763460
 13.600000     -0.37322905
 13.700000     -0.39893534
 13.800000     -0.42071764
 13.900000     -0.43597140
 14.000000     -0.45041428
 14.100000     -0.46195092
 14.200000     -0.46638887
 14.300000     -0.47210112
 14.400000     -0.47962675
 14.500000     -0.48386548
 14.600000     -0.48644013
 14.700000     -0.48931662
 14.800000     -0.48763740
 14.900000     -0.48781113
 15.000000     -0.48886810
 15.100000     -0.48982555
 15.200000     -0.49341602
 15.300000     -0.49360464
 15.400000     -0.48986373
 15.500000     -0.48363719
 15.600000     -0.47531112
 15.700000     -0.47179930
 15.800000     -0.46847070
 15.900000     -0.46436154
 16.000000     -0.45928939
 16.100000     -0.45356594
 16.200000     -0.44988564
 16.300000     -0.44354717
 16.400000     -0.43874608
 16.500000     -0.43867769
 16.600000     -0.43499373
 16.700000     -0.42539334
 16.800000     -0.41987953
 16.900000     -0.41358912
 17.000000     -0.40763416
 17.100000     -0.39882200
 17.200000     -0.38936864
 17.300000     -0.38040894
 17.400000     -0.37003680
 17.500000     -0.35734223
 17.600000     -0.34465136
 17.700000     -0.33482560
 17.800000     -0.32788722
 17.900000     -0.32230398
 18.000000     -0.31641230
 18.100000     -0.31454091
 18.200000     -0.31060375
 18.300000     -0.30917198
 18.400000     -0.30324406
 18.500000     -0.29912405
 18.600000     -0.29365310
 18.700000     -0.28636016
 18.800000     -0.27861027
 18.900000     -0.26695583
 19.000000     -0.25857406
 19.100000     -0.25056471
 19.200000     -0.24084415
 19.300000     -0.23288210
 19.400000     -0.22922644
 19.500000     -0.21929821
 19.600000     -0.20982225
 19.700000     -0.20337385
 19.800000     -0.19910711
 19.900000     -0.19499767
 20.000000     -0.19201780
 20.100000     -0.18779993
 20.200000     -0.18416386
 20.300000     -0.17993034
 20.400000     -0.17272042
 20.500000     -0.17446271
 20.600000     -0.17428925
 20.700000     -0.16768932
 20.800000     -0.16344286
 20.900000     -0.15888117
 21.000000     -0.15313406
 21.100000     -0.15277214
 21.200000     -0.15471949
 21.300000     -0.15262994
 21.400000     -0.15066733
 21.500000     -0.15086004
 21.600000     -0.15186879
 21.700000     -0.15299248
 21.800000     -0.15343217
 21.900000     -0.15011759
 22.000000     -0.14555553
 22.100000     -0.14492505
 22.200000     -0.14251806
 22.300000     -0.14161872
 22.400000     -0.13760390
 22.500000     -0.13406938
 22.600000     -0.13407338
 22.700000     -0.12849272
 22.800000     -0.12721124
 22.900000     -0.12570639
 23.000000     -0.12246406
 23.100000     -0.11657997
 23.200000     -0.10854042
 23.300000     -0.10028256
 23.400000     -0.09445311
 23.500000     -0.08957317
 23.600000     -0.08697468
 23.700000     -0.08501257
 23.800000     -0.08184969
 23.900000     -0.08177741
 24.000000     -0.08133513
 24.100000     -0.07743066
 24.200000     -0.07680377
 24.300000     -0.07810847
 24.400000     -0.07694059
 24.500000     -0.07309527
 24.600000     -0.06987046
 24.700000     -0.06558445
 24.800000     -0.06483866
 24.900000     -0.06515196
 25.000000     -0.06365581
 25.100000     -0.06299392
 25.200000     -0.06519070
 25.300000     -0.06512030
 25.400000     -0.06473902
 25.500000     -0.06527324
 25.600000     -0.06354535
 25.700000     -0.06389779
 25.800000     -0.06087826
 25.900000     -0.05469485
 26.000000     -0.05505675
 26.100000     -0.04919784
 26.200000     -0.04635568
 26.300000     -0.04354696
 26.400000     -0.03782814
 26.500000     -0.03779433
 26.600000     -0.03493237
 26.700000     -0.03357418
 26.800000     -0.03077918
 26.900000     -0.02905255
 27.000000     -0.02758600
 27.100000     -0.02420219
 27.200000     -0.02264716
 27.300000     -0.01707296
 27.400000     -0.01544108
 27.500000     -0.01350004
 27.600000     -0.00965770
 27.700000     -0.00795916
 27.800000     -0.00819897
 27.900000     -0.00626272
 28.000000     -0.00157441
 28.100000     -0.00361330
 28.200000     -0.00171050
 28.300000     -0.00087253
 28.400000     -0.00345293
 28.500000      0.00112483
 28.600000      0.00819460
 28.700000      0.00722155
 28.800000      0.01164290
 28.900000      0.01444132
 29.000000      0.00953129
 29.100000      0.00962802
 29.200000      0.01053809
 29.300000      0.00691779
 29.400000      0.00923406
 29.500000      0.00736685
 29.600000      0.00422963
 29.700000      0.00645382
 29.800000      0.00352818
 29.900000     -0.00153096
 30.000000      0.00709993
 30.100000      0.01388472
 30.200000      0.01478099
 30.300000      0.01368678
 30.400000      0.01523857
 30.500000      0.01958117
 30.600000      0.02186030
 30.700000      0.02210553
 30.800000      0.02180597
 30.900000      0.02431998
 31.000000      0.02784465
 31.100000      0.02891751
 31.200000      0.03221584
 31.300000      0.03567229
 31.400000      0.03601485
 31.500000      0.04047202
 31.600000      0.04424879
 31.700000      0.04288052
 31.800000      0.04427752
 31.900000      0.04624075
 32.000000      0.04655708
 32.100000      0.04755512
 32.200000      0.04800687
 32.300000      0.04683818
 32.400000      0.04826954
 32.500000      0.04643409
 32.600000      0.04581049
 32.700000      0.04748426
 32.800000      0.04499080
 32.900000      0.04593623
 33.000000      0.04844807
 33.100000      0.04632475
 33.200000      0.04599522
 33.300000      0.04734234
 33.400000      0.04313563
 33.500000      0.04271966
 33.600000      0.03957560
 33.700000      0.04024143
 33.800000      0.03518322
 33.900000      0.03006366
 34.000000      0.02888211
 34.100000      0.02770368
 34.200000      0.02583347
 34.300000      0.02508551
 34.400000      0.02725468
 34.500000      0.02457124
 34.600000      0.02588339
 34.700000      0.02914981
 34.800000      0.02897294
 34.900000      0.02717042
 35.000000      0.02957787
 35.100000      0.02699351
 35.200000      0.02622545
 35.300000      0.02704923
 35.400000      0.02429102
 35.500000      0.02365005
 35.600000      0.02379827
 35.700000      0.02366653
 35.800000      0.02126217
 35.900000      0.01941951
 36.000000      0.01780089
 36.100000      0.01861707
 36.200000      0.01919693
 36.300000      0.01760808
 36.400000      0.01500135
 36.500000      0.01330001
 36.600000      0.01181888
 36.700000      0.01165689
 36.800000      0.01080486
 36.900000      0.00877778
 37.000000      0.00799944
 37.100000      0.00893713
 37.200000      0.00847095
 37.300000      0.00867236
 37.400000      0.00954079
 37.500000      0.01032902
 37.600000      0.01192787
 37.700000      0.01467515
 37.800000      0.01615060
 37.900000      0.01580280
 38.000000      0.01766550
 38.100000      0.02054539
 38.200000      0.02331430
 38.300000      0.02599184
 38.400000      0.02763582
 38.500000      0.02910622
 38.600000      0.03026288
 38.700000      0.03143729
 38.800000      0.03250033
 38.900000      0.03364380
 39.000000      0.03543340
 39.100000      0.03627635
 39.200000      0.03822432
 39.300000      0.03910568
 39.400000      0.04083144
 39.500000      0.04181958
 39.600000      0.04287193
 39.700000      0.04388514
 39.800000      0.04400475
 39.900000      0.04515529
