  0.000000     -0.01557346
  0.100000     -0.01548308
  0.200000     -0.01533363
  0.300000     -0.01516671
  0.400000     -0.01495739
  0.500000     -0.01472751
  0.600000     -0.01444725
  0.700000     -0.01413485
  0.800000     -0.01379884
  0.900000     -0.01343125
  1.000000     -0.01305818
  1.100000     -0.01268400
  1.200000     -0.01234407
  1.300000     -0.01206269
  1.400000     -0.01183997
  1.500000     -0.01174142
  1.600000     -0.01171456
  1.700000     -0.01177870
  1.800000     -0.01199727
  1.900000     -0.01233426
  2.000000     -0.01282430
  2.100000     -0.01339885
  2.200000     -0.01414097
  2.300000     -0.01498408
  2.400000     -0.01597559
  2.500000     -0.01712084
  2.600000     -0.01835514
  2.700000     -0.01971596
  2.800000     -0.02116373
  2.900000     -0.02270751
  3.000000     -0.02432233
  3.100000     -0.02599714
  3.200000     -0.02773777
  3.300000     -0.02958261
  3.400000     -0.03152513
  3.500000     -0.03348513
  3.600000     -0.03542348
  3.700000     -0.03739101
  3.800000     -0.03932314
  3.900000     -0.04115617
  4.000000     -0.04284764
  4.100000     -0.04432763
  4.200000     -0.04558012
  4.300000     -0.04664055
  4.400000     -0.04763241
  4.500000     -0.04857630
  4.600000     -0.04945650
  4.700000     -0.05030866
  4.800000     -0.05104195
  4.900000     -0.05169951
  5.000000     -0.05226824
  5.100000     -0.05281202
  5.200000     -0.05335004
  5.300000     -0.05395288
  5.400000     -0.05478540
  5.500000     -0.05575096
  5.600000     -0.05689502
  5.700000     -0.05822448
  5.800000     -0.05971442
  5.900000     -0.06134843
  6.000000     -0.06308604
  6.100000     -0.06495813
  6.200000     -0.06685253
  6.300000     -0.06877869
  6.400000     -0.07070213
  6.500000     -0.07267837
  6.600000     -0.07471492
  6.700000     -0.07678447
  6.800000     -0.07888393
  6.900000     -0.08097304
  7.000000     -0.08313041
  7.100000     -0.08532377
  7.200000     -0.08756223
  7.300000     -0.08987051
  7.400000     -0.09212970
  7.500000     -0.09435813
  7.600000     -0.09655124
  7.700000     -0.09865679
  7.800000     -0.10069578
  7.900000     -0.10262213
  8.000000     -0.10432104
  8.100000     -0.10598502
  8.200000     -0.10760647
  8.300000     -0.10921060
  8.400000     -0.11072295
  8.500000     -0.11211294
  8.600000     -0.11332015
  8.700000     -0.11424244
  8.800000     -0.11493046
  8.900000     -0.11534912
  9.000000     -0.11549164
  9.100000     -0.11541788
  9.200000     -0.11521457
  9.300000     -0.11502698
  9.400000     -0.11484159
  9.500000     -0.11489441
  9.600000     -0.11498334
  9.700000     -0.11516636
  9.800000     -0.11528790
  9.900000     -0.11540317
 10.000000     -0.11548976
 10.100000     -0.11549938
 10.200000     -0.11533835
 10.300000     -0.11503684
 10.400000     -0.11455766
 10.500000     -0.11391356
 10.600000     -0.11313883
 10.700000     -0.11235776
 10.800000     -0.11178629
 10.900000     -0.11128086
 11.000000     -0.11091863
 11.100000     -0.11062355
 11.200000     -0.11037005
 11.300000     -0.11017992
 11.400000     -0.10990627
 11.500000     -0.10969564
 11.600000     -0.10946926
 11.700000     -0.10919163
 11.800000     -0.10882761
 11.900000     -0.10859236
 12.000000     -0.10844923
 12.100000     -0.10825243
 12.200000     -0.10798794
 12.300000     -0.10756891
 12.400000     -0.10715712
 12.500000     -0.10697415
 12.600000     -0.10711691
 12.700000     -0.10736229
 12.800000     -0.10727193
 12.900000     -0.10724243
 13.000000     -0.10749434
 13.100000     -0.10713357
 13.200000     -0.10539323
 13.300000     -0.10321967
 13.400000     -0.10145228
 13.500000     -0.10016774
 13.600000     -0.09859298
 13.700000     -0.09654149
 13.800000     -0.09418744
 13.900000     -0.09202513
 14.000000     -0.09021546
 14.100000     -0.08813467
 14.200000     -0.08554739
 14.300000     -0.08259254
 14.400000     -0.07942329
 14.500000     -0.07625410
 14.600000     -0.07327119
 14.700000     -0.07043657
 14.800000     -0.06774400
 14.900000     -0.06529134
 15.000000     -0.06280239
 15.100000     -0.06045875
 15.200000     -0.05842627
 15.300000     -0.05652008
 15.400000     -0.05465641
 15.500000     -0.05292595
 15.600000     -0.05120892
 15.700000     -0.04891273
 15.800000     -0.04574713
 15.900000     -0.04203672
 16.000000     -0.03803336
 16.100000     -0.03332391
 16.200000     -0.02840007
 16.300000     -0.02459743
 16.400000     -0.02245957
 16.500000     -0.02028703
 16.600000     -0.01678646
 16.700000     -0.01211516
 16.800000     -0.00634434
 16.900000     -0.00002913
 17.000000      0.00658993
 17.100000      0.01248743
 17.200000      0.01756006
 17.300000      0.02346695
 17.400000      0.03045726
 17.500000      0.03879166
 17.600000      0.04820778
 17.700000      0.05936928
 17.800000      0.07249348
 17.900000      0.08728594
 18.000000      0.10365692
 18.100000      0.12195300
 18.200000      0.14225093
 18.300000      0.16443318
 18.400000      0.18795930
 18.500000      0.21235823
 18.600000      0.23779186
 18.700000      0.26456684
 18.800000      0.29334461
 18.900000      0.32471367
 19.000000      0.35776772
 19.100000      0.39090199
 19.200000      0.42171088
 19.300000      0.45107856
 19.400000      0.47943007
 19.500000      0.50625402
 19.600000      0.53237782
 19.700000      0.55926942
 19.800000      0.58639312
 19.900000      0.61199772
 20.000000      0.63740704
 20.100000      0.66381113
 20.200000      0.68797123
 20.300000      0.71151256
 20.400000      0.73898744
 20.500000      0.76907756
 20.600000      0.80106148
 20.700000      0.82972538
 20.800000      0.85303289
 20.900000      0.87215812
 21.000000      0.89061174
 21.100000      0.91238760
 21.200000      0.93401738
 21.300000      0.95106881
 21.400000      0.96305007
 21.500000      0.97539314
 21.600000      0.98851149
 21.700000      0.99739161
 21.800000      1.00000000
 21.900000      0.99837072
 22.000000      0.99398776
 22.100000      0.98556362
 22.200000      0.97120364
 22.300000      0.95388299
 22.400000      0.93408358
 22.500000      0.90949157
 22.600000      0.87915489
 22.700000      0.84447043
 22.800000      0.80971959
 22.900000      0.77269174
 23.000000      0.72697721
 23.100000      0.67024157
 23.200000      0.61012315
 23.300000      0.55489500
 23.400000      0.50249804
 23.500000      0.44845440
 23.600000      0.39095140
 23.700000      0.33017700
 23.800000      0.26704983
 23.900000      0.20415769
 24.000000      0.14776516
 24.100000      0.10085317
 24.200000      0.05466690
 24.300000      0.00130061
 24.400000     -0.05478875
 24.500000     -0.10972573
 24.600000     -0.15474759
 24.700000     -0.18167846
 24.800000     -0.19896423
 24.900000     -0.22112672
 25.000000     -0.25284050
 25.100000     -0.28401944
 25.200000     -0.30705524
 25.300000     -0.32875079
 25.400000     -0.35157612
 25.500000     -0.37162510
 25.600000     -0.38575679
 25.700000     -0.39487427
 25.800000     -0.40178834
 25.900000     -0.40688350
 26.000000     -0.41092720
 26.100000     -0.41444907
 26.200000     -0.41851178
 26.300000     -0.42460107
 26.400000     -0.43266743
 26.500000     -0.44049383
 26.600000     -0.44742007
 26.700000     -0.45298417
 26.800000     -0.45659984
 26.900000     -0.45771214
 27.000000     -0.45722894
 27.100000     -0.45663795
 27.200000     -0.45541225
 27.300000     -0.45302880
 27.400000     -0.44975979
 27.500000     -0.44600519
 27.600000     -0.44174394
 27.700000     -0.43694443
 27.800000     -0.43177377
 27.900000     -0.42655090
 28.000000     -0.42139927
 28.100000     -0.41616744
 28.200000     -0.41112438
 28.300000     -0.40615421
 28.400000     -0.40111602
 28.500000     -0.39581560
 28.600000     -0.38994204
 28.700000     -0.38338469
 28.800000     -0.37632468
 28.900000     -0.36884730
 29.000000     -0.36149590
 29.100000     -0.35458253
 29.200000     -0.34824776
 29.300000     -0.34254833
 29.400000     -0.33746000
 29.500000     -0.33288889
 29.600000     -0.32868797
 29.700000     -0.32463484
 29.800000     -0.32068340
 29.900000     -0.31652473
 30.000000     -0.31225757
 30.100000     -0.30772575
 30.200000     -0.30294957
 30.300000     -0.29770678
 30.400000     -0.29203159
 30.500000     -0.28589403
 30.600000     -0.27950932
 30.700000     -0.27287293
 30.800000     -0.26621420
 30.900000     -0.25939555
 31.000000     -0.25295103
 31.100000     -0.24719478
 31.200000     -0.24192650
 31.300000     -0.23727224
 31.400000     -0.23303711
 31.500000     -0.22907372
 31.600000     -0.22520402
 31.700000     -0.22140805
 31.800000     -0.21759841
 31.900000     -0.21381085
 32.000000     -0.21025064
 32.100000     -0.20679239
 32.200000     -0.20356015
 32.300000     -0.20045627
 32.400000     -0.19753259
 32.500000     -0.19462034
 32.600000     -0.19192209
 32.700000     -0.18944283
 32.800000     -0.18738320
 32.900000     -0.18562270
 33.000000     -0.18421617
 33.100000     -0.18313826
 33.200000     -0.18228483
 33.300000     -0.18203418
 33.400000     -0.18220451
 33.500000     -0.18276570
 33.600000     -0.18363343
 33.700000     -0.18472358
 33.800000     -0.18588570
 33.900000     -0.18713430
 34.000000     -0.18846387
 34.100000     -0.18980671
 34.200000     -0.19116861
 34.300000     -0.19245644
 34.400000     -0.19369683
 34.500000     -0.19495305
 34.600000     -0.19625937
 34.700000     -0.19754598
 34.800000     -0.19889377
 34.900000     -0.20028341
 35.000000     -0.20172962
 35.100000     -0.20325199
 35.200000     -0.20478695
 35.300000     -0.20631182
 35.400000     -0.20776496
 35.500000     -0.20891338
 35.600000     -0.20985117
 35.700000     -0.21067791
 35.800000     -0.21136071
 35.900000     -0.21199994
 36.000000     -0.21274410
 36.100000     -0.21372513
 36.200000     -0.21488038
 36.300000     -0.21617220
 36.400000     -0.21741458
 36.500000     -0.21851480
 36.600000     -0.21936387
 36.700000     -0.21966812
 36.800000     -0.21948663
 36.900000     -0.21898985
 37.000000     -0.21817321
 37.100000     -0.21706212
 37.200000     -0.21585417
 37.300000     -0.21486123
 37.400000     -0.21439684
 37.500000     -0.21379167
 37.600000     -0.21313379
 37.700000     -0.21235558
 37.800000     -0.21150096
 37.900000     -0.21061099
 38.000000     -0.20961039
 38.100000     -0.20871587
 38.200000     -0.20769017
 38.300000     -0.20675949
 38.400000     -0.20576570
 38.500000     -0.20485555
 38.600000     -0.20398257
 38.700000     -0.20323026
 38.800000     -0.20259595
 38.900000     -0.20225943
 39.000000     -0.20214615
 39.100000     -0.20223474
 39.200000     -0.20244134
 39.300000     -0.20270601
 39.400000     -0.20299720
 39.500000     -0.20320079
 39.600000     -0.20333175
 39.700000     -0.20337829
 39.800000     -0.20333993
 39.900000     -0.20325979
