  0.000000     -0.02823399
  0.100000     -0.02752793
  0.200000     -0.02683017
  0.300000     -0.02623574
  0.400000     -0.02568394
  0.500000     -0.02471826
  0.600000     -0.02400884
  0.700000     -0.02342821
  0.800000     -0.02248785
  0.900000     -0.02167257
  1.000000     -0.02141287
  1.100000     -0.02137926
  1.200000     -0.02160779
  1.300000     -0.02208554
  1.400000     -0.02280291
  1.500000     -0.02353047
  1.600000     -0.02443108
  1.700000     -0.02546708
  1.800000     -0.02599929
  1.900000     -0.02634265
  2.000000     -0.02664557
  2.100000     -0.02713453
  2.200000     -0.02782525
  2.300000     -0.02825911
  2.400000     -0.02845319
  2.500000     -0.02882825
  2.600000     -0.02884541
  2.700000     -0.02876497
  2.800000     -0.02920012
  2.900000     -0.02950091
  3.000000     -0.02994866
  3.100000     -0.02976438
  3.200000     -0.02925450
  3.300000     -0.02903563
  3.400000     -0.02888267
  3.500000     -0.02838140
  3.600000     -0.02747413
  3.700000     -0.02771232
  3.800000     -0.02746796
  3.900000     -0.02667701
  4.000000     -0.02726152
  4.100000     -0.02702945
  4.200000     -0.02679022
  4.300000     -0.02625892
  4.400000     -0.02600904
  4.500000     -0.02571055
  4.600000     -0.02561184
  4.700000     -0.02545154
  4.800000     -0.02499394
  4.900000     -0.02509126
  5.000000     -0.02441633
  5.100000     -0.02458959
  5.200000     -0.02516620
  5.300000     -0.02550638
  5.400000     -0.02626494
  5.500000     -0.02720256
  5.600000     -0.02898991
  5.700000     -0.03040492
  5.800000     -0.03182731
  5.900000     -0.03324142
  6.000000     -0.03490971
  6.100000     -0.03769552
  6.200000     -0.03988369
  6.300000     -0.04259438
  6.400000     -0.04562785
  6.500000     -0.04899559
  6.600000     -0.05231589
  6.700000     -0.05643951
  6.800000     -0.06119016
  6.900000     -0.06550526
  7.000000     -0.06989713
  7.100000     -0.07321034
  7.200000     -0.07688604
  7.300000     -0.08035752
  7.400000     -0.08390159
  7.500000     -0.08785328
  7.600000     -0.09109125
  7.700000     -0.09401709
  7.800000     -0.09673282
  7.900000     -0.09927466
  8.000000     -0.10142319
  8.100000     -0.10413470
  8.200000     -0.10620029
  8.300000     -0.10855681
  8.400000     -0.11067514
  8.500000     -0.11259521
  8.600000     -0.11472248
  8.700000     -0.11674600
  8.800000     -0.11860768
  8.900000     -0.12061571
  9.000000     -0.12262595
  9.100000     -0.12442885
  9.200000     -0.12574815
  9.300000     -0.12686823
  9.400000     -0.12794419
  9.500000     -0.12829320
  9.600000     -0.12832902
  9.700000     -0.12797760
  9.800000     -0.12756305
  9.900000     -0.12653012
 10.000000     -0.12515221
 10.100000     -0.12342759
 10.200000     -0.12143583
 10.300000     -0.11873080
 10.400000     -0.11583591
 10.500000     -0.11245503
 10.600000     -0.10855041
 10.700000     -0.10418497
 10.800000     -0.09998254
 10.900000     -0.09580437
 11.000000     -0.09139940
 11.100000     -0.08687300
 11.200000     -0.08189133
 11.300000     -0.07710926
 11.400000     -0.07190825
 11.500000     -0.06711142
 11.600000     -0.06164226
 11.700000     -0.05491548
 11.800000     -0.04839479
 11.900000     -0.04171367
 12.000000     -0.03454186
 12.100000     -0.02752525
 12.200000     -0.01968623
 12.300000     -0.01095231
 12.400000     -0.00147247
 12.500000      0.00890511
 12.600000      0.02025270
 12.700000      0.03309879
 12.800000      0.04721381
 12.900000      0.06276211
 13.000000      0.07965571
 13.100000      0.09814714
 13.200000      0.11930233
 13.300000      0.14298470
 13.400000      0.16779876
 13.500000      0.19551121
 13.600000      0.22506692
 13.700000      0.25605821
 13.800000      0.28930349
 13.900000      0.32417400
 14.000000      0.36044122
 14.100000      0.39822215
 14.200000      0.43672635
 14.300000      0.47635516
 14.400000      0.51699629
 14.500000      0.55751634
 14.600000      0.59730111
 14.700000      0.63696863
 14.800000      0.67585291
 14.900000      0.71345327
 15.000000      0.74952602
 15.100000      0.78428993
 15.200000      0.81692971
 15.300000      0.84660219
 15.400000      0.87432260
 15.500000      0.89963402
 15.600000      0.92166793
 15.700000      0.94114247
 15.800000      0.95800759
 15.900000      0.97154555
 16.000000      0.98200237
 16.100000      0.98983741
 16.200000      0.99545502
 16.300000      0.99885781
 16.400000      1.00000000
 16.500000      0.99990003
 16.600000      0.99920888
 16.700000      0.99731581
 16.800000      0.99553795
 16.900000      0.99310718
 17.000000      0.99137355
 17.100000      0.98989099
 17.200000      0.98899628
 17.300000      0.98861490
 17.400000      0.98908620
 17.500000      0.98921109
 17.600000      0.98853133
 17.700000      0.98720283
 17.800000      0.98428252
 17.900000      0.98020310
 18.000000      0.97371319
 18.100000      0.96480939
 18.200000      0.95301734
 18.300000      0.93715399
 18.400000      0.91682483
 18.500000      0.89247652
 18.600000      0.86431424
 18.700000      0.83070158
 18.800000      0.79258186
 18.900000      0.75026184
 19.000000      0.70315628
 19.100000      0.65266104
 19.200000      0.59896633
 19.300000      0.54168898
 19.400000      0.48254589
 19.500000      0.42101303
 19.600000      0.35794427
 19.700000      0.29489194
 19.800000      0.23131055
 19.900000      0.16809907
 20.000000      0.10600634
 20.100000      0.04515766
 20.200000     -0.01322699
 20.300000     -0.06936348
 20.400000     -0.12277140
 20.500000     -0.17268129
 20.600000     -0.21970415
 20.700000     -0.26324043
 20.800000     -0.30239101
 20.900000     -0.33775536
 21.000000     -0.36970837
 21.100000     -0.39851509
 21.200000     -0.42451024
 21.300000     -0.44832664
 21.400000     -0.46959212
 21.500000     -0.48955089
 21.600000     -0.50799836
 21.700000     -0.52488806
 21.800000     -0.54095824
 21.900000     -0.55541338
 22.000000     -0.56916955
 22.100000     -0.58234676
 22.200000     -0.59465926
 22.300000     -0.60692259
 22.400000     -0.61800867
 22.500000     -0.62791002
 22.600000     -0.63746858
 22.700000     -0.64537098
 22.800000     -0.65259602
 22.900000     -0.66043177
 23.000000     -0.66726317
 23.100000     -0.67289843
 23.200000     -0.67783854
 23.300000     -0.68222771
 23.400000     -0.68569562
 23.500000     -0.68869069
 23.600000     -0.69102142
 23.700000     -0.69297704
 23.800000     -0.69460802
 23.900000     -0.69525093
 24.000000     -0.69573735
 24.100000     -0.69556524
 24.200000     -0.69441284
 24.300000     -0.69310424
 24.400000     -0.69067330
 24.500000     -0.68679946
 24.600000     -0.68220857
 24.700000     -0.67734969
 24.800000     -0.67155625
 24.900000     -0.66471919
 25.000000     -0.65640853
 25.100000     -0.64667107
 25.200000     -0.63625338
 25.300000     -0.62439118
 25.400000     -0.61052969
 25.500000     -0.59533155
 25.600000     -0.57811949
 25.700000     -0.55958770
 25.800000     -0.54071054
 25.900000     -0.52125631
 26.000000     -0.50091336
 26.100000     -0.47986910
 26.200000     -0.45743429
 26.300000     -0.43467532
 26.400000     -0.41236349
 26.500000     -0.39022276
 26.600000     -0.36907593
 26.700000     -0.34945655
 26.800000     -0.33125544
 26.900000     -0.31463217
 27.000000     -0.29889975
 27.100000     -0.28460683
 27.200000     -0.27202886
 27.300000     -0.26018810
 27.400000     -0.25030156
 27.500000     -0.24173507
 27.600000     -0.23490726
 27.700000     -0.22986593
 27.800000     -0.22556670
 27.900000     -0.22257751
 28.000000     -0.22096340
 28.100000     -0.21982957
 28.200000     -0.22036419
 28.300000     -0.22101642
 28.400000     -0.22172208
 28.500000     -0.22355785
 28.600000     -0.22593720
 28.700000     -0.22847816
 28.800000     -0.23025493
 28.900000     -0.23253627
 29.000000     -0.23447828
 29.100000     -0.23572764
 29.200000     -0.23708192
 29.300000     -0.23856156
 29.400000     -0.23921739
 29.500000     -0.23923782
 29.600000     -0.23936761
 29.700000     -0.23865604
 29.800000     -0.23793506
 29.900000     -0.23734845
 30.000000     -0.23650613
 30.100000     -0.23612654
 30.200000     -0.23529777
 30.300000     -0.23445199
 30.400000     -0.23375638
 30.500000     -0.23225625
 30.600000     -0.23020358
 30.700000     -0.22836894
 30.800000     -0.22618245
 30.900000     -0.22353899
 31.000000     -0.22148948
 31.100000     -0.21983880
 31.200000     -0.21788447
 31.300000     -0.21631631
 31.400000     -0.21493483
 31.500000     -0.21363953
 31.600000     -0.21196102
 31.700000     -0.20952396
 31.800000     -0.20651418
 31.900000     -0.20269502
 32.000000     -0.19854343
 32.100000     -0.19418564
 32.200000     -0.18902452
 32.300000     -0.18347941
 32.400000     -0.17790149
 32.500000     -0.17146263
 32.600000     -0.16386519
 32.700000     -0.15634344
 32.800000     -0.14854108
 32.900000     -0.14047532
 33.000000     -0.13227722
 33.100000     -0.12392327
 33.200000     -0.11578337
 33.300000     -0.10741390
 33.400000     -0.09834980
 33.500000     -0.09015115
 33.600000     -0.08176555
 33.700000     -0.07325377
 33.800000     -0.06509633
 33.900000     -0.05721910
 34.000000     -0.05002748
 34.100000     -0.04289052
 34.200000     -0.03612573
 34.300000     -0.03006621
 34.400000     -0.02458767
 34.500000     -0.01969512
 34.600000     -0.01503113
 34.700000     -0.01119174
 34.800000     -0.00766043
 34.900000     -0.00407774
 35.000000     -0.00146063
 35.100000      0.00039599
 35.200000      0.00170913
 35.300000      0.00299662
 35.400000      0.00432994
 35.500000      0.00534913
 35.600000      0.00597310
 35.700000      0.00639472
 35.800000      0.00649945
 35.900000      0.00636367
 36.000000      0.00682353
 36.100000      0.00754026
 36.200000      0.00703781
 36.300000      0.00691246
 36.400000      0.00669350
 36.500000      0.00582170
 36.600000      0.00533360
 36.700000      0.00455818
 36.800000      0.00307005
 36.900000      0.00163389
 37.000000      0.00071397
 37.100000     -0.00006633
 37.200000     -0.00110031
 37.300000     -0.00202986
 37.400000     -0.00261339
 37.500000     -0.00299678
 37.600000     -0.00294861
 37.700000     -0.00299293
 37.800000     -0.00347323
 37.900000     -0.00386825
 38.000000     -0.00386543
 38.100000     -0.00384656
 38.200000     -0.00382682
 38.300000     -0.00468696
 38.400000     -0.00602488
 38.500000     -0.00772512
 38.600000     -0.00946671
 38.700000     -0.01133178
 38.800000     -0.01336678
 38.900000     -0.01555413
 39.000000     -0.01789015
 39.100000     -0.02043722
 39.200000     -0.02317737
 39.300000     -0.02599358
 39.400000     -0.02880531
 39.500000     -0.03119009
 39.600000     -0.03331869
 39.700000     -0.03542949
 39.800000     -0.03761045
 39.900000     -0.03971805
