  0.000000      0.01062956
  0.100000      0.00976708
  0.200000      0.01073061
  0.300000      0.01194996
  0.400000      0.01147200
  0.500000      0.00991731
  0.600000      0.00790812
  0.700000      0.00698754
  0.800000      0.00631608
  0.900000      0.00429565
  1.000000      0.00193075
  1.100000      0.00054168
  1.200000      0.00361637
  1.300000      0.00767982
  1.400000      0.00832500
  1.500000      0.01173164
  1.600000      0.01529251
  1.700000      0.01550361
  1.800000      0.01928168
  1.900000      0.01992127
  2.000000      0.01946003
  2.100000      0.02164597
  2.200000      0.02209449
  2.300000      0.01940009
  2.400000      0.01743745
  2.500000      0.01473688
  2.600000      0.01085427
  2.700000      0.00933567
  2.800000      0.00985406
  2.900000      0.00881352
  3.000000      0.00831746
  3.100000      0.00965217
  3.200000      0.01160216
  3.300000      0.01585903
  3.400000      0.02095959
  3.500000      0.02457845
  3.600000      0.02687243
  3.700000      0.02789473
  3.800000      0.03017243
  3.900000      0.03084820
  4.000000      0.03215574
  4.100000      0.03322459
  4.200000      0.03122804
  4.300000      0.02757059
  4.400000      0.02589334
  4.500000      0.02623114
  4.600000      0.02398702
  4.700000      0.02038813
  4.800000      0.01862008
  4.900000      0.02014790
  5.000000      0.02356560
  5.100000      0.02595145
  5.200000      0.02524935
  5.300000      0.02470043
  5.400000      0.02655692
  5.500000      0.02790191
  5.600000      0.02572556
  5.700000      0.02396600
  5.800000      0.02375634
  5.900000      0.02706843
  6.000000      0.02694690
  6.100000      0.02382072
  6.200000      0.02255695
  6.300000      0.02600502
  6.400000      0.03135713
  6.500000      0.03419524
  6.600000      0.03304634
  6.700000      0.03494282
  6.800000      0.03893593
  6.900000      0.03671537
  7.000000      0.03695998
  7.100000      0.03664046
  7.200000      0.03581016
  7.300000      0.03742911
  7.400000      0.03788569
  7.500000      0.03731992
  7.600000      0.03863627
  7.700000      0.04178807
  7.800000      0.04440401
  7.900000      0.04691987
  8.000000      0.04712611
  8.100000      0.04257923
  8.200000      0.03956213
  8.300000      0.03834115
  8.400000      0.03396744
  8.500000      0.02734607
  8.600000      0.02211551
  8.700000      0.01881651
  8.800000      0.01809786
  8.900000      0.01589634
  9.000000      0.01225441
  9.100000      0.01002932
  9.200000      0.01153420
  9.300000      0.01332142
  9.400000      0.01322952
  9.500000      0.01453584
  9.600000      0.01532693
  9.700000      0.01425270
  9.800000      0.01370358
  9.900000      0.00922129
 10.000000      0.00087302
 10.100000     -0.00325552
 10.200000     -0.00627187
 10.300000     -0.01080660
 10.400000     -0.01347933
 10.500000     -0.01474813
 10.600000     -0.01990726
 10.700000     -0.02384291
 10.800000     -0.02397989
 10.900000     -0.02899820
 11.000000     -0.03088106
 11.100000     -0.03166026
 11.200000     -0.03535640
 11.300000     -0.03966856
 11.400000     -0.04064218
 11.500000     -0.03758789
 11.600000     -0.03342935
 11.700000     -0.02823641
 11.800000     -0.02019375
 11.900000     -0.01386676
 12.000000     -0.00548802
 12.100000      0.00536813
 12.200000      0.01093845
 12.300000      0.01717482
 12.400000      0.01966062
 12.500000      0.01743475
 12.600000      0.01343875
 12.700000      0.00904416
 12.800000      0.00524816
 12.900000      0.00451105
 13.000000      0.00312261
 13.100000      0.00256126
 13.200000      0.00977028
 13.300000      0.01887609
 13.400000      0.03191473
 13.500000      0.05034027
 13.600000      0.06737521
 13.700000      0.09375779
 13.800000      0.11928042
 13.900000      0.15060270
 14.000000      0.18066740
 14.100000      0.21562503
 14.200000      0.25880160
 14.300000      0.30095608
 14.400000      0.34681344
 14.500000      0.40205600
 14.600000      0.46888130
 14.700000      0.52704527
 14.800000      0.57944720
 14.900000      0.63359139
 15.000000      0.68702721
 15.100000      0.73726481
 15.200000      0.77394260
 15.300000      0.81034473
 15.400000      0.84775482
 15.500000      0.88037097
 15.600000      0.90533878
 15.700000      0.93152931
 15.800000      0.95081808
 15.900000      0.96800783
 16.000000      0.98014086
 16.100000      0.99343499
 16.200000      0.99635905
 16.300000      1.00000000
 16.400000      0.99922251
 16.500000      0.98733802
 16.600000      0.97601606
 16.700000      0.95855930
 16.800000      0.93257835
 16.900000      0.89573190
 17.000000      0.86735474
 17.100000      0.81898836
 17.200000      0.77098986
 17.300000      0.72170243
 17.400000      0.66887515
 17.500000      0.60938591
 17.600000      0.54591308
 17.700000      0.48235459
 17.800000      0.42820055
 17.900000      0.36137695
 18.000000      0.28856445
 18.100000      0.22467552
 18.200000      0.15600908
 18.300000      0.08322854
 18.400000      0.01998122
 18.500000     -0.04357152
 18.600000     -0.10719430
 18.700000     -0.16813551
 18.800000     -0.23320441
 18.900000     -0.28983327
 19.000000     -0.34189884
 19.100000     -0.39182167
 19.200000     -0.43353172
 19.300000     -0.47037193
 19.400000     -0.51295994
 19.500000     -0.53865916
 19.600000     -0.55310739
 19.700000     -0.57740213
 19.800000     -0.59146884
 19.900000     -0.60621835
 20.000000     -0.61288189
 20.100000     -0.62539780
 20.200000     -0.63645016
 20.300000     -0.64044074
 20.400000     -0.63712548
 20.500000     -0.63715449
 20.600000     -0.63841228
 20.700000     -0.64188402
 20.800000     -0.63426401
 20.900000     -0.63763848
 21.000000     -0.63311682
 21.100000     -0.62531331
 21.200000     -0.61814977
 21.300000     -0.60965095
 21.400000     -0.60330530
 21.500000     -0.59661811
 21.600000     -0.59008534
 21.700000     -0.59150945
 21.800000     -0.58971786
 21.900000     -0.58297522
 22.000000     -0.57645728
 22.100000     -0.57511810
 22.200000     -0.57314014
 22.300000     -0.56930534
 22.400000     -0.56060360
 22.500000     -0.55030217
 22.600000     -0.53512066
 22.700000     -0.51968322
 22.800000     -0.50169662
 22.900000     -0.47905579
 23.000000     -0.46034673
 23.100000     -0.43849033
 23.200000     -0.41289870
 23.300000     -0.39243545
 23.400000     -0.37257665
 23.500000     -0.35109295
 23.600000     -0.33295818
 23.700000     -0.31695481
 23.800000     -0.30030849
 23.900000     -0.28620409
 24.000000     -0.26690059
 24.100000     -0.25153176
 24.200000     -0.23969806
 24.300000     -0.22500255
 24.400000     -0.21233254
 24.500000     -0.20213926
 24.600000     -0.19199077
 24.700000     -0.18020703
 24.800000     -0.17123905
 24.900000     -0.16653507
 25.000000     -0.16231970
 25.100000     -0.16067591
 25.200000     -0.16335673
 25.300000     -0.16586319
 25.400000     -0.16760009
 25.500000     -0.17047830
 25.600000     -0.17769324
 25.700000     -0.18620810
 25.800000     -0.19210684
 25.900000     -0.19682212
 26.000000     -0.19986294
 26.100000     -0.19974229
 26.200000     -0.19709445
 26.300000     -0.19373904
 26.400000     -0.18861451
 26.500000     -0.18326768
 26.600000     -0.17491628
 26.700000     -0.16669973
 26.800000     -0.16013295
 26.900000     -0.14954043
 27.000000     -0.14127747
 27.100000     -0.13705408
 27.200000     -0.12991715
 27.300000     -0.12263434
 27.400000     -0.11603882
 27.500000     -0.10818801
 27.600000     -0.10223447
 27.700000     -0.09760754
 27.800000     -0.09074563
 27.900000     -0.08300821
 28.000000     -0.07642860
 28.100000     -0.06924999
 28.200000     -0.06065905
 28.300000     -0.05646102
 28.400000     -0.05371896
 28.500000     -0.04973979
 28.600000     -0.04716817
 28.700000     -0.04373041
 28.800000     -0.04179090
 28.900000     -0.04223766
 29.000000     -0.04132091
 29.100000     -0.03691347
 29.200000     -0.03296576
 29.300000     -0.03458216
 29.400000     -0.03649244
 29.500000     -0.03649725
 29.600000     -0.03638910
 29.700000     -0.03547903
 29.800000     -0.03562810
 29.900000     -0.03599944
 30.000000     -0.03618929
 30.100000     -0.03665102
 30.200000     -0.03700954
 30.300000     -0.03615802
 30.400000     -0.03667698
 30.500000     -0.03829172
 30.600000     -0.04022895
 30.700000     -0.04201212
 30.800000     -0.04258124
 30.900000     -0.04531636
 31.000000     -0.04560386
 31.100000     -0.04405653
 31.200000     -0.04235201
 31.300000     -0.04216798
 31.400000     -0.03938508
 31.500000     -0.03597709
 31.600000     -0.03308736
 31.700000     -0.03178850
 31.800000     -0.02865953
 31.900000     -0.02308500
 32.000000     -0.01801949
 32.100000     -0.01427204
 32.200000     -0.01082383
 32.300000     -0.00324632
 32.400000      0.00074587
 32.500000      0.00181808
 32.600000      0.00269517
 32.700000      0.00285901
 32.800000      0.00425891
 32.900000      0.00382930
 33.000000      0.00246778
 33.100000      0.00417066
 33.200000      0.00419119
 33.300000      0.00231181
 33.400000      0.00313556
 33.500000      0.00158558
 33.600000      0.00187631
 33.700000      0.00591895
 33.800000      0.00650157
 33.900000      0.00267845
 34.000000      0.00006430
 34.100000      0.00182578
 34.200000      0.00144016
 34.300000     -0.00019337
 34.400000      0.00031440
 34.500000      0.00130604
 34.600000      0.00046702
 34.700000      0.00190404
 34.800000      0.00347465
 34.900000      0.00581849
 35.000000      0.01093641
 35.100000      0.01380188
 35.200000      0.01914849
 35.300000      0.02413524
 35.400000      0.02631391
 35.500000      0.02797193
 35.600000      0.02987915
 35.700000      0.03155515
 35.800000      0.03492705
 35.900000      0.03565010
 36.000000      0.03639254
 36.100000      0.03641514
 36.200000      0.03580706
 36.300000      0.03610967
 36.400000      0.03544445
 36.500000      0.03621175
 36.600000      0.03790294
 36.700000      0.03769312
 36.800000      0.03366212
 36.900000      0.03218371
 37.000000      0.02973573
 37.100000      0.02500836
 37.200000      0.02181406
 37.300000      0.02130082
 37.400000      0.01922380
 37.500000      0.01617194
 37.600000      0.01549237
 37.700000      0.01210583
 37.800000      0.01147365
 37.900000      0.01014887
 38.000000      0.00727487
 38.100000      0.00596139
 38.200000      0.00516333
 38.300000      0.00594519
 38.400000      0.00850871
 38.500000      0.01192345
 38.600000      0.01434425
 38.700000      0.01476731
 38.800000      0.01648732
 38.900000      0.01764304
 39.000000      0.01769755
 39.100000      0.01987337
 39.200000      0.02086820
 39.300000      0.02080925
 39.400000      0.02142001
 39.500000      0.02277976
 39.600000      0.02306210
 39.700000      0.02129283
 39.800000      0.01996352
 39.900000      0.01974986
