  0.000000      0.02276497
  0.100000      0.02119246
  0.200000      0.01934009
  0.300000      0.01737638
  0.400000      0.01543116
  0.500000      0.01317623
  0.600000      0.01108076
  0.700000      0.00886633
  0.800000      0.00687184
  0.900000      0.00465325
  1.000000      0.00180251
  1.100000     -0.00095709
  1.200000     -0.00298287
  1.300000     -0.00484188
  1.400000     -0.00691288
  1.500000     -0.00919472
  1.600000     -0.01128484
  1.700000     -0.01287148
  1.800000     -0.01414960
  1.900000     -0.01530413
  2.000000     -0.01652122
  2.100000     -0.01765920
  2.200000     -0.01868625
  2.300000     -0.01994408
  2.400000     -0.02161302
  2.500000     -0.02279771
  2.600000     -0.02393254
  2.700000     -0.02525504
  2.800000     -0.02724575
  2.900000     -0.02927260
  3.000000     -0.03144803
  3.100000     -0.03307489
  3.200000     -0.03488901
  3.300000     -0.03744228
  3.400000     -0.03942323
  3.500000     -0.04062493
  3.600000     -0.04218080
  3.700000     -0.04438143
  3.800000     -0.04704083
  3.900000     -0.04917206
  4.000000     -0.05081478
  4.100000     -0.05116302
  4.200000     -0.05204100
  4.300000     -0.05305527
  4.400000     -0.05223991
  4.500000     -0.05146617
  4.600000     -0.05059928
  4.700000     -0.04896700
  4.800000     -0.04864556
  4.900000     -0.04899467
  5.000000     -0.04820697
  5.100000     -0.04803966
  5.200000     -0.04823994
  5.300000     -0.04848510
  5.400000     -0.04855060
  5.500000     -0.04934948
  5.600000     -0.04911794
  5.700000     -0.04831344
  5.800000     -0.04960111
  5.900000     -0.04946799
  6.000000     -0.04844255
  6.100000     -0.04812601
  6.200000     -0.04899084
  6.300000     -0.05042609
  6.400000     -0.05124933
  6.500000     -0.05160238
  6.600000     -0.05197200
  6.700000     -0.05373652
  6.800000     -0.05508867
  6.900000     -0.05614457
  7.000000     -0.05831369
  7.100000     -0.06007469
  7.200000     -0.06177279
  7.300000     -0.06313969
  7.400000     -0.06432681
  7.500000     -0.06617388
  7.600000     -0.06788101
  7.700000     -0.06956705
  7.800000     -0.07130085
  7.900000     -0.07324214
  8.000000     -0.07584532
  8.100000     -0.08026758
  8.200000     -0.08416692
  8.300000     -0.08758312
  8.400000     -0.09138425
  8.500000     -0.09667317
  8.600000     -0.10206506
  8.700000     -0.10778348
  8.800000     -0.11413501
  8.900000     -0.12025435
  9.000000     -0.12829055
  9.100000     -0.13552250
  9.200000     -0.14341271
  9.300000     -0.15144046
  9.400000     -0.15954591
  9.500000     -0.16904213
  9.600000     -0.17863360
  9.700000     -0.18818759
  9.800000     -0.19832023
  9.900000     -0.20982019
 10.000000     -0.22106820
 10.100000     -0.23197188
 10.200000     -0.24266997
 10.300000     -0.25291089
 10.400000     -0.26237518
 10.500000     -0.27130557
 10.600000     -0.28031543
 10.700000     -0.28809585
 10.800000     -0.29506724
 10.900000     -0.30156680
 11.000000     -0.30644329
 11.100000     -0.31074715
 11.200000     -0.31507865
 11.300000     -0.31847714
 11.400000     -0.31929144
 11.500000     -0.31887019
 11.600000     -0.31589080
 11.700000     -0.31075506
 11.800000     -0.30313059
 11.900000     -0.29222785
 12.000000     -0.27773896
 12.100000     -0.26101676
 12.200000     -0.24084760
 12.300000     -0.21701724
 12.400000     -0.19116479
 12.500000     -0.16023295
 12.600000     -0.12361008
 12.700000     -0.08244364
 12.800000     -0.03627398
 12.900000      0.01627769
 13.000000      0.07374094
 13.100000      0.13523435
 13.200000      0.20084859
 13.300000      0.26880401
 13.400000      0.33691858
 13.500000      0.40548291
 13.600000      0.47299647
 13.700000      0.53779745
 13.800000      0.60130828
 13.900000      0.66043123
 14.000000      0.71536597
 14.100000      0.76613221
 14.200000      0.81080552
 14.300000      0.85089633
 14.400000      0.88712377
 14.500000      0.91829799
 14.600000      0.94517811
 14.700000      0.96726920
 14.800000      0.98323058
 14.900000      0.99333593
 15.000000      1.00000000
 15.100000      0.99986729
 15.200000      0.99235537
 15.300000      0.98053976
 15.400000      0.96482915
 15.500000      0.94250059
 15.600000      0.91421097
 15.700000      0.87993997
 15.800000      0.84043025
 15.900000      0.79609665
 16.000000      0.74742405
 16.100000      0.69483672
 16.200000      0.63769596
 16.300000      0.57789693
 16.400000      0.51405006
 16.500000      0.44674188
 16.600000      0.37875143
 16.700000      0.30778027
 16.800000      0.23819594
 16.900000      0.17165452
 17.000000      0.10616926
 17.100000      0.04525599
 17.200000     -0.01194728
 17.300000     -0.06569363
 17.400000     -0.11568746
 17.500000     -0.15926082
 17.600000     -0.19857742
 17.700000     -0.23502719
 17.800000     -0.26585851
 17.900000     -0.29242735
 18.000000     -0.31649350
 18.100000     -0.33580325
 18.200000     -0.35213524
 18.300000     -0.36481499
 18.400000     -0.37352630
 18.500000     -0.38063736
 18.600000     -0.38573614
 18.700000     -0.38902624
 18.800000     -0.39104439
 18.900000     -0.39206156
 19.000000     -0.38947414
 19.100000     -0.38526548
 19.200000     -0.37953257
 19.300000     -0.37156684
 19.400000     -0.36222182
 19.500000     -0.35261636
 19.600000     -0.34313108
 19.700000     -0.33244998
 19.800000     -0.32156910
 19.900000     -0.30952811
 20.000000     -0.29678777
 20.100000     -0.28493118
 20.200000     -0.27169528
 20.300000     -0.25849179
 20.400000     -0.24697199
 20.500000     -0.23530815
 20.600000     -0.22364280
 20.700000     -0.21370200
 20.800000     -0.20471673
 20.900000     -0.19530485
 21.000000     -0.18720773
 21.100000     -0.17884819
 21.200000     -0.17205210
 21.300000     -0.16656673
 21.400000     -0.15950698
 21.500000     -0.15204701
 21.600000     -0.14437163
 21.700000     -0.13644258
 21.800000     -0.12708810
 21.900000     -0.11957140
 22.000000     -0.11257662
 22.100000     -0.10477089
 22.200000     -0.09893213
 22.300000     -0.09296956
 22.400000     -0.08717170
 22.500000     -0.08145832
 22.600000     -0.07690631
 22.700000     -0.07340716
 22.800000     -0.07021684
 22.900000     -0.06813348
 23.000000     -0.06509858
 23.100000     -0.06203543
 23.200000     -0.06028479
 23.300000     -0.05865196
 23.400000     -0.05713253
 23.500000     -0.05666009
 23.600000     -0.05549188
 23.700000     -0.05344891
 23.800000     -0.05092694
 23.900000     -0.04806406
 24.000000     -0.04479146
 24.100000     -0.04252959
 24.200000     -0.03983286
 24.300000     -0.03704598
 24.400000     -0.03427553
 24.500000     -0.03156865
 24.600000     -0.02932544
 24.700000     -0.02827545
 24.800000     -0.02689424
 24.900000     -0.02543209
 25.000000     -0.02516732
 25.100000     -0.02487018
 25.200000     -0.02209206
 25.300000     -0.02111367
 25.400000     -0.01967288
 25.500000     -0.01618891
 25.600000     -0.01396633
 25.700000     -0.01266819
 25.800000     -0.01125888
 25.900000     -0.01062431
 26.000000     -0.00951435
 26.100000     -0.00841090
 26.200000     -0.00795345
 26.300000     -0.00690239
 26.400000     -0.00790463
 26.500000     -0.00960644
 26.600000     -0.00974416
 26.700000     -0.00961830
 26.800000     -0.00917516
 26.900000     -0.00924717
 27.000000     -0.00882361
 27.100000     -0.00818510
 27.200000     -0.00600600
 27.300000     -0.00412304
 27.400000     -0.00126632
 27.500000      0.00095681
 27.600000      0.00148125
 27.700000      0.00336857
 27.800000      0.00450307
 27.900000      0.00548324
 28.000000      0.00605023
 28.100000      0.00576496
 28.200000      0.00565520
 28.300000      0.00358695
 28.400000      0.00152377
 28.500000     -0.00023356
 28.600000     -0.00206336
 28.700000     -0.00333667
 28.800000     -0.00468731
 28.900000     -0.00552224
 29.000000     -0.00674877
 29.100000     -0.00771162
 29.200000     -0.00857980
 29.300000     -0.01136341
 29.400000     -0.01330918
 29.500000     -0.01483917
 29.600000     -0.01642363
 29.700000     -0.01757287
 29.800000     -0.01953420
 29.900000     -0.02112368
 30.000000     -0.02161261
 30.100000     -0.02164973
 30.200000     -0.02208626
 30.300000     -0.02277957
 30.400000     -0.02275063
 30.500000     -0.02193908
 30.600000     -0.02102668
 30.700000     -0.02020155
 30.800000     -0.01894360
 30.900000     -0.01795749
 31.000000     -0.01619119
 31.100000     -0.01496621
 31.200000     -0.01410438
 31.300000     -0.01306041
 31.400000     -0.01273532
 31.500000     -0.01152487
 31.600000     -0.01055604
 31.700000     -0.01049069
 31.800000     -0.01031523
 31.900000     -0.01110755
 32.000000     -0.01253097
 32.100000     -0.01289002
 32.200000     -0.01345599
 32.300000     -0.01363910
 32.400000     -0.01368352
 32.500000     -0.01381333
 32.600000     -0.01347365
 32.700000     -0.01335211
 32.800000     -0.01258774
 32.900000     -0.01113147
 33.000000     -0.00995999
 33.100000     -0.00949102
 33.200000     -0.00961243
 33.300000     -0.00880161
 33.400000     -0.00786319
 33.500000     -0.00633660
 33.600000     -0.00557335
 33.700000     -0.00633000
 33.800000     -0.00714765
 33.900000     -0.00713267
 34.000000     -0.00662995
 34.100000     -0.00641435
 34.200000     -0.00689232
 34.300000     -0.00871476
 34.400000     -0.01003923
 34.500000     -0.01038138
 34.600000     -0.01081311
 34.700000     -0.01104581
 34.800000     -0.01152490
 34.900000     -0.01266236
 35.000000     -0.01339495
 35.100000     -0.01369532
 35.200000     -0.01467086
 35.300000     -0.01496564
 35.400000     -0.01606132
 35.500000     -0.01586210
 35.600000     -0.01533159
 35.700000     -0.01607936
 35.800000     -0.01596854
 35.900000     -0.01595383
 36.000000     -0.01577415
 36.100000     -0.01599459
 36.200000     -0.01739723
 36.300000     -0.01903304
 36.400000     -0.01974989
 36.500000     -0.02025715
 36.600000     -0.02135965
 36.700000     -0.02285830
 36.800000     -0.02369965
 36.900000     -0.02423815
 37.000000     -0.02516137
 37.100000     -0.02572040
 37.200000     -0.02590079
 37.300000     -0.02615004
 37.400000     -0.02667213
 37.500000     -0.02757609
 37.600000     -0.02798404
 37.700000     -0.02859652
 37.800000     -0.02851819
 37.900000     -0.02872383
 38.000000     -0.02911389
 38.100000     -0.02903869
 38.200000     -0.02928824
 38.300000     -0.03026445
 38.400000     -0.03130209
 38.500000     -0.03242945
 38.600000     -0.03358203
 38.700000     -0.03520698
 38.800000     -0.03718025
 38.900000     -0.03900663
 39.000000     -0.04077894
 39.100000     -0.04239795
 39.200000     -0.04446828
 39.300000     -0.04621348
 39.400000     -0.04724115
 39.500000     -0.04817458
 39.600000     -0.04908742
 39.700000     -0.05009704
 39.800000     -0.05118529
 39.900000     -0.05227294
