  0.000000      0.23324175
  0.100000      0.23304339
  0.200000      0.23241799
  0.300000      0.23145414
  0.400000      0.22998366
  0.500000      0.22802811
  0.600000      0.22582887
  0.700000      0.22382330
  0.800000      0.22266873
  0.900000      0.22154985
  1.000000      0.22048812
  1.100000      0.21966462
  1.200000      0.21904412
  1.300000      0.21855848
  1.400000      0.21788846
  1.500000      0.21727635
  1.600000      0.21647931
  1.700000      0.21527493
  1.800000      0.21396309
  1.900000      0.21318892
  2.000000      0.21272680
  2.100000      0.21309651
  2.200000      0.21316919
  2.300000      0.21246410
  2.400000      0.21254238
  2.500000      0.21245873
  2.600000      0.21263678
  2.700000      0.21299161
  2.800000      0.21421486
  2.900000      0.21660578
  3.000000      0.21900692
  3.100000      0.22260513
  3.200000      0.22724007
  3.300000      0.23041509
  3.400000      0.23345558
  3.500000      0.23551332
  3.600000      0.23749944
  3.700000      0.23999378
  3.800000      0.24308005
  3.900000      0.24676794
  4.000000      0.24944900
  4.100000      0.25190036
  4.200000      0.25437983
  4.300000      0.25827301
  4.400000      0.26087533
  4.500000      0.26350772
  4.600000      0.26482529
  4.700000      0.26826501
  4.800000      0.27214831
  4.900000      0.27291891
  5.000000      0.27772766
  5.100000      0.28689437
  5.200000      0.29484402
  5.300000      0.29827636
  5.400000      0.29851045
  5.500000      0.29606311
  5.600000      0.29214389
  5.700000      0.28357765
  5.800000      0.27852671
  5.900000      0.27542889
  6.000000      0.27134352
  6.100000      0.26515145
  6.200000      0.25696389
  6.300000      0.24258696
  6.400000      0.22669094
  6.500000      0.21443647
  6.600000      0.20184644
  6.700000      0.18725071
  6.800000      0.16670286
  6.900000      0.14395141
  7.000000      0.12338048
  7.100000      0.10551540
  7.200000      0.09182382
  7.300000      0.07710786
  7.400000      0.06566470
  7.500000      0.05774581
  7.600000      0.05001218
  7.700000      0.04102000
  7.800000      0.03405522
  7.900000      0.03082512
  8.000000      0.02336110
  8.100000      0.01570249
  8.200000      0.00468953
  8.300000     -0.00022560
  8.400000      0.00687799
  8.500000      0.05935037
  8.600000      0.07892359
  8.700000      0.10807840
  8.800000      0.14847800
  8.900000      0.20024824
  9.000000      0.26264814
  9.100000      0.33107853
  9.200000      0.40362481
  9.300000      0.48037726
  9.400000      0.56234905
  9.500000      0.64315444
  9.600000      0.75054121
  9.700000      0.84084812
  9.800000      0.91582899
  9.900000      0.95536728
 10.000000      0.98273793
 10.100000      1.00000000
 10.200000      0.99682240
 10.300000      0.97504425
 10.400000      0.94641220
 10.500000      0.88888593
 10.600000      0.81701261
 10.700000      0.73242020
 10.800000      0.63939461
 10.900000      0.53921687
 11.000000      0.43219234
 11.100000      0.32144602
 11.200000      0.21167113
 11.300000      0.10460257
 11.400000      0.00505136
 11.500000     -0.08161767
 11.600000     -0.15957934
 11.700000     -0.22613252
 11.800000     -0.28199745
 11.900000     -0.32712788
 12.000000     -0.35769762
 12.100000     -0.38253962
 12.200000     -0.40271972
 12.300000     -0.41379747
 12.400000     -0.41608672
 12.500000     -0.41352465
 12.600000     -0.41115092
 12.700000     -0.40272045
 12.800000     -0.39384104
 12.900000     -0.38346852
 13.000000     -0.37243336
 13.100000     -0.35574388
 13.200000     -0.33162845
 13.300000     -0.29973858
 13.400000     -0.27321771
 13.500000     -0.24682152
 13.600000     -0.23022332
 13.700000     -0.22440083
 13.800000     -0.22134917
 13.900000     -0.21785947
 14.000000     -0.21169454
 14.100000     -0.20364050
 14.200000     -0.19731491
 14.300000     -0.19670519
 14.400000     -0.19694599
 14.500000     -0.19594572
 14.600000     -0.19080018
 14.700000     -0.17550821
 14.800000     -0.17058161
 14.900000     -0.17111818
 15.000000     -0.17158521
 15.100000     -0.16708984
 15.200000     -0.15818404
 15.300000     -0.14810729
 15.400000     -0.12097730
 15.500000     -0.10963529
 15.600000     -0.09511930
 15.700000     -0.08339986
 15.800000     -0.07469876
 15.900000     -0.07148849
 16.000000     -0.06766949
 16.100000     -0.06096654
 16.200000     -0.05289695
 16.300000     -0.04852964
 16.400000     -0.04940774
 16.500000     -0.05388030
 16.600000     -0.06150842
 16.700000     -0.06809849
 16.800000     -0.07004402
 16.900000     -0.07082396
 17.000000     -0.07115066
 17.100000     -0.06888449
 17.200000     -0.06826881
 17.300000     -0.06435920
 17.400000     -0.06023494
 17.500000     -0.05271336
 17.600000     -0.04314425
 17.700000     -0.03344732
 17.800000     -0.02503352
 17.900000     -0.01721482
 18.000000     -0.01317884
 18.100000     -0.00859486
 18.200000     -0.00527192
 18.300000     -0.00402542
 18.400000     -0.00404830
 18.500000     -0.00674102
 18.600000     -0.01027141
 18.700000     -0.01272042
 18.800000     -0.01124563
 18.900000     -0.00648424
 19.000000     -0.00338359
 19.100000      0.00065073
 19.200000      0.00719936
 19.300000      0.01436859
 19.400000      0.01837935
 19.500000      0.01924190
 19.600000      0.01799299
 19.700000      0.01209956
 19.800000      0.00729970
 19.900000      0.00093094
 20.000000     -0.00392549
 20.100000     -0.00774474
 20.200000     -0.00910363
 20.300000     -0.01259686
 20.400000     -0.01710085
 20.500000     -0.01588571
 20.600000     -0.01818026
 20.700000     -0.01944919
 20.800000     -0.02040686
 20.900000     -0.01975267
 21.000000     -0.01890886
 21.100000     -0.01702519
 21.200000     -0.01534119
 21.300000     -0.01293211
 21.400000     -0.00706501
 21.500000      0.00013957
 21.600000      0.00675168
 21.700000      0.01234203
 21.800000      0.01701893
 21.900000      0.01752818
 22.000000      0.01661840
 22.100000      0.01321090
 22.200000      0.00785656
 22.300000      0.00366328
 22.400000     -0.00098463
 22.500000     -0.00456603
 22.600000     -0.00579581
 22.700000     -0.00620277
 22.800000     -0.00637324
 22.900000     -0.00717179
 23.000000     -0.00680531
 23.100000     -0.00704248
 23.200000     -0.00701286
 23.300000     -0.00832467
 23.400000     -0.00965030
 23.500000     -0.01356864
 23.600000     -0.01766406
 23.700000     -0.02267149
 23.800000     -0.02891056
 23.900000     -0.03470583
 24.000000     -0.03724236
 24.100000     -0.03818874
 24.200000     -0.03666039
 24.300000     -0.03395842
 24.400000     -0.03032046
 24.500000     -0.02531195
 24.600000     -0.02259208
 24.700000     -0.01758996
 24.800000     -0.01405782
 24.900000     -0.00982303
 25.000000     -0.00634943
 25.100000     -0.00417833
 25.200000     -0.00236119
 25.300000      0.00293120
 25.400000      0.00615902
 25.500000      0.00844687
 25.600000      0.01021019
 25.700000      0.00957524
 25.800000      0.00892750
 25.900000      0.00785741
 26.000000      0.00737785
 26.100000      0.00645338
 26.200000      0.00506393
 26.300000      0.00213947
 26.400000     -0.00064630
 26.500000     -0.00382002
 26.600000     -0.00891322
 26.700000     -0.01359763
 26.800000     -0.01913559
 26.900000     -0.02231801
 27.000000     -0.02317852
 27.100000     -0.02362905
 27.200000     -0.02248173
 27.300000     -0.02049480
 27.400000     -0.01939427
 27.500000     -0.01796675
 27.600000     -0.01737343
 27.700000     -0.01713865
 27.800000     -0.01696432
 27.900000     -0.01825455
 28.000000     -0.01874592
 28.100000     -0.01856064
 28.200000     -0.01968163
 28.300000     -0.01898523
 28.400000     -0.01837694
 28.500000     -0.01725065
 28.600000     -0.01597361
 28.700000     -0.01346986
 28.800000     -0.01218447
 28.900000     -0.00898738
 29.000000     -0.00548885
 29.100000     -0.00118051
 29.200000      0.00319660
 29.300000      0.00728833
 29.400000      0.01313796
 29.500000      0.01912202
 29.600000      0.02335527
 29.700000      0.01949209
 29.800000      0.02413802
 29.900000      0.02541665
 30.000000      0.02607693
 30.100000      0.02735300
 30.200000      0.02830401
 30.300000      0.02571623
 30.400000      0.02266028
 30.500000      0.01690051
 30.600000      0.00926926
 30.700000      0.00090184
 30.800000     -0.00697255
 30.900000     -0.01430651
 31.000000     -0.02164163
 31.100000     -0.02830957
 31.200000     -0.03280914
 31.300000     -0.03436977
 31.400000     -0.03424058
 31.500000     -0.03188337
 31.600000     -0.02785756
 31.700000     -0.02250249
 31.800000     -0.01688529
 31.900000     -0.01131903
 32.000000     -0.00496034
 32.100000      0.00152147
 32.200000      0.00639176
 32.300000      0.01016668
 32.400000      0.01257457
 32.500000      0.01318814
 32.600000      0.01235757
 32.700000      0.00988783
 32.800000      0.00556802
 32.900000      0.00130071
 33.000000     -0.00208170
 33.100000     -0.00685362
 33.200000     -0.01111233
 33.300000     -0.01440808
 33.400000     -0.01700771
 33.500000     -0.01817500
 33.600000     -0.01889357
 33.700000     -0.01998212
 33.800000     -0.02037230
 33.900000     -0.01953919
 34.000000     -0.01837107
 34.100000     -0.01520330
 34.200000     -0.01135796
 34.300000     -0.00751205
 34.400000     -0.00218092
 34.500000      0.00164329
 34.600000      0.00490163
 34.700000      0.00904947
 34.800000      0.01242162
 34.900000      0.01457807
 35.000000      0.01665359
 35.100000      0.01844293
 35.200000      0.01958070
 35.300000      0.01948420
 35.400000      0.01841559
 35.500000      0.01740681
 35.600000      0.01627181
 35.700000      0.01493586
 35.800000      0.01349128
 35.900000      0.01174313
 36.000000      0.01014671
 36.100000      0.00914862
 36.200000      0.00878485
 36.300000      0.00886283
 36.400000      0.00983203
 36.500000      0.01133787
 36.600000      0.01253132
 36.700000      0.01345543
 36.800000      0.01445305
 36.900000      0.01560021
 37.000000      0.01667877
 37.100000      0.01731839
 37.200000      0.01794413
 37.300000      0.01856467
 37.400000      0.01854561
 37.500000      0.01887290
 37.600000      0.01977743
 37.700000      0.02038756
 37.800000      0.02156374
 37.900000      0.02258710
 38.000000      0.02278957
 38.100000      0.02301958
 38.200000      0.02335734
 38.300000      0.02315915
 38.400000      0.02327918
 38.500000      0.02308729
 38.600000      0.02276348
 38.700000      0.02266441
 38.800000      0.02206937
 38.900000      0.02146449
 39.000000      0.02111968
 39.100000      0.01998858
 39.200000      0.01858709
 39.300000      0.01705083
 39.400000      0.01552144
 39.500000      0.01407194
 39.600000      0.01254396
 39.700000      0.01127156
 39.800000      0.01025389
 39.900000      0.00915997
