  0.000000      0.00716337
  0.100000      0.00739913
  0.200000      0.00769432
  0.300000      0.00841832
  0.400000      0.00912724
  0.500000      0.00940604
  0.600000      0.00990899
  0.700000      0.01033850
  0.800000      0.01053554
  0.900000      0.01077817
  1.000000      0.01089388
  1.100000      0.01086589
  1.200000      0.01083197
  1.300000      0.01086580
  1.400000      0.01050014
  1.500000      0.01026401
  1.600000      0.01009361
  1.700000      0.00992555
  1.800000      0.00990527
  1.900000      0.01002830
  2.000000      0.00985915
  2.100000      0.00966168
  2.200000      0.00946003
  2.300000      0.00944365
  2.400000      0.00903675
  2.500000      0.00801001
  2.600000      0.00713283
  2.700000      0.00662346
  2.800000      0.00655251
  2.900000      0.00663530
  3.000000      0.00639692
  3.100000      0.00598930
  3.200000      0.00539582
  3.300000      0.00470701
  3.400000      0.00434464
  3.500000      0.00376452
  3.600000      0.00248507
  3.700000      0.00179401
  3.800000      0.00148765
  3.900000      0.00096674
  4.000000      0.00025706
  4.100000     -0.00072512
  4.200000     -0.00116739
  4.300000     -0.00147651
  4.400000     -0.00178572
  4.500000     -0.00214880
  4.600000     -0.00266218
  4.700000     -0.00263245
  4.800000     -0.00274419
  4.900000     -0.00272580
  5.000000     -0.00251667
  5.100000     -0.00211672
  5.200000     -0.00184357
  5.300000     -0.00134551
  5.400000     -0.00054877
  5.500000     -0.00013439
  5.600000     -0.00006828
  5.700000      0.00013029
  5.800000      0.00066515
  5.900000      0.00174882
  6.000000      0.00307330
  6.100000      0.00451313
  6.200000      0.00622673
  6.300000      0.00792498
  6.400000      0.01011060
  6.500000      0.01279656
  6.600000      0.01517876
  6.700000      0.01796717
  6.800000      0.02066073
  6.900000      0.02365209
  7.000000      0.02717007
  7.100000      0.03116998
  7.200000      0.03559703
  7.300000      0.04069116
  7.400000      0.04636841
  7.500000      0.05213051
  7.600000      0.05892805
  7.700000      0.06729640
  7.800000      0.07587433
  7.900000      0.08555458
  8.000000      0.09635892
  8.100000      0.10781807
  8.200000      0.12091810
  8.300000      0.13522422
  8.400000      0.15052187
  8.500000      0.16757674
  8.600000      0.18595419
  8.700000      0.20497827
  8.800000      0.22517330
  8.900000      0.24720158
  9.000000      0.27040488
  9.100000      0.29471940
  9.200000      0.32024488
  9.300000      0.34694557
  9.400000      0.37501975
  9.500000      0.40356162
  9.600000      0.43269162
  9.700000      0.46248968
  9.800000      0.49292758
  9.900000      0.52411115
 10.000000      0.55526874
 10.100000      0.58586511
 10.200000      0.61639879
 10.300000      0.64675762
 10.400000      0.67658940
 10.500000      0.70582200
 10.600000      0.73446968
 10.700000      0.76227230
 10.800000      0.78924712
 10.900000      0.81480657
 11.000000      0.83942777
 11.100000      0.86305024
 11.200000      0.88476434
 11.300000      0.90463988
 11.400000      0.92324823
 11.500000      0.93983761
 11.600000      0.95439875
 11.700000      0.96732873
 11.800000      0.97862162
 11.900000      0.98728422
 12.000000      0.99355311
 12.100000      0.99782605
 12.200000      1.00000000
 12.300000      0.99919798
 12.400000      0.99537620
 12.500000      0.98838160
 12.600000      0.97860739
 12.700000      0.96688254
 12.800000      0.95274503
 12.900000      0.93679169
 13.000000      0.91958365
 13.100000      0.90170134
 13.200000      0.88252218
 13.300000      0.86123172
 13.400000      0.83792854
 13.500000      0.81257924
 13.600000      0.78414933
 13.700000      0.75131055
 13.800000      0.71500107
 13.900000      0.67604376
 14.000000      0.63538136
 14.100000      0.59381816
 14.200000      0.55096903
 14.300000      0.50710439
 14.400000      0.46316049
 14.500000      0.42025018
 14.600000      0.37783237
 14.700000      0.33636376
 14.800000      0.29583918
 14.900000      0.25557747
 15.000000      0.21592552
 15.100000      0.17696322
 15.200000      0.13850306
 15.300000      0.10090899
 15.400000      0.06462589
 15.500000      0.03027085
 15.600000     -0.00117265
 15.700000     -0.02991514
 15.800000     -0.05567853
 15.900000     -0.07827433
 16.000000     -0.09709399
 16.100000     -0.11310642
 16.200000     -0.12673918
 16.300000     -0.13788601
 16.400000     -0.14823145
 16.500000     -0.15574840
 16.600000     -0.16124789
 16.700000     -0.16481625
 16.800000     -0.16633936
 16.900000     -0.16578608
 17.000000     -0.16370033
 17.100000     -0.16006631
 17.200000     -0.15475095
 17.300000     -0.14711518
 17.400000     -0.13806753
 17.500000     -0.12765186
 17.600000     -0.11752153
 17.700000     -0.10765476
 17.800000     -0.09870791
 17.900000     -0.09008710
 18.000000     -0.08235062
 18.100000     -0.07608054
 18.200000     -0.07034660
 18.300000     -0.06535269
 18.400000     -0.06108195
 18.500000     -0.05737737
 18.600000     -0.05270705
 18.700000     -0.04785305
 18.800000     -0.04392121
 18.900000     -0.04178364
 19.000000     -0.04124141
 19.100000     -0.04206334
 19.200000     -0.04493608
 19.300000     -0.04828395
 19.400000     -0.05311983
 19.500000     -0.05915475
 19.600000     -0.06574348
 19.700000     -0.07368584
 19.800000     -0.08330787
 19.900000     -0.09364942
 20.000000     -0.10402113
 20.100000     -0.11568116
 20.200000     -0.12887162
 20.300000     -0.14279110
 20.400000     -0.15717567
 20.500000     -0.17275771
 20.600000     -0.18890097
 20.700000     -0.20608168
 20.800000     -0.22397202
 20.900000     -0.24250152
 21.000000     -0.26194538
 21.100000     -0.28158976
 21.200000     -0.30138712
 21.300000     -0.32121797
 21.400000     -0.34082018
 21.500000     -0.36019784
 21.600000     -0.37919862
 21.700000     -0.39782929
 21.800000     -0.41561271
 21.900000     -0.43324000
 22.000000     -0.45084150
 22.100000     -0.46821640
 22.200000     -0.48518716
 22.300000     -0.50136025
 22.400000     -0.51698666
 22.500000     -0.53194880
 22.600000     -0.54586165
 22.700000     -0.55875884
 22.800000     -0.57107548
 22.900000     -0.58218263
 23.000000     -0.59184408
 23.100000     -0.60078134
 23.200000     -0.60879813
 23.300000     -0.61614553
 23.400000     -0.62224784
 23.500000     -0.62678020
 23.600000     -0.62998105
 23.700000     -0.63320831
 23.800000     -0.63531182
 23.900000     -0.63583530
 24.000000     -0.63552177
 24.100000     -0.63436816
 24.200000     -0.63255197
 24.300000     -0.63009856
 24.400000     -0.62702718
 24.500000     -0.62360020
 24.600000     -0.61890117
 24.700000     -0.61384142
 24.800000     -0.60872460
 24.900000     -0.60296998
 25.000000     -0.59660311
 25.100000     -0.59014950
 25.200000     -0.58351197
 25.300000     -0.57677823
 25.400000     -0.56988460
 25.500000     -0.56290960
 25.600000     -0.55579358
 25.700000     -0.54827709
 25.800000     -0.54084548
 25.900000     -0.53292457
 26.000000     -0.52489549
 26.100000     -0.51693925
 26.200000     -0.50890379
 26.300000     -0.50091899
 26.400000     -0.49297278
 26.500000     -0.48540990
 26.600000     -0.47760181
 26.700000     -0.46897665
 26.800000     -0.46001422
 26.900000     -0.45083976
 27.000000     -0.44167655
 27.100000     -0.43248952
 27.200000     -0.42312401
 27.300000     -0.41343971
 27.400000     -0.40418109
 27.500000     -0.39479498
 27.600000     -0.38563441
 27.700000     -0.37607053
 27.800000     -0.36578541
 27.900000     -0.35582549
 28.000000     -0.34576915
 28.100000     -0.33620063
 28.200000     -0.32721247
 28.300000     -0.31799561
 28.400000     -0.30895291
 28.500000     -0.29971596
 28.600000     -0.29025882
 28.700000     -0.28167789
 28.800000     -0.27393892
 28.900000     -0.26566227
 29.000000     -0.25768677
 29.100000     -0.24993094
 29.200000     -0.24220288
 29.300000     -0.23401031
 29.400000     -0.22629422
 29.500000     -0.21875483
 29.600000     -0.21092350
 29.700000     -0.20358570
 29.800000     -0.19618524
 29.900000     -0.18840455
 30.000000     -0.18159988
 30.100000     -0.17449993
 30.200000     -0.16773103
 30.300000     -0.16107969
 30.400000     -0.15465398
 30.500000     -0.14789528
 30.600000     -0.14113048
 30.700000     -0.13469633
 30.800000     -0.12909471
 30.900000     -0.12369093
 31.000000     -0.11819457
 31.100000     -0.11271034
 31.200000     -0.10719237
 31.300000     -0.10107660
 31.400000     -0.09577581
 31.500000     -0.09100084
 31.600000     -0.08628955
 31.700000     -0.08175026
 31.800000     -0.07712080
 31.900000     -0.07247899
 32.000000     -0.06852124
 32.100000     -0.06436167
 32.200000     -0.06035090
 32.300000     -0.05661020
 32.400000     -0.05329990
 32.500000     -0.05056257
 32.600000     -0.04747074
 32.700000     -0.04409507
 32.800000     -0.04139402
 32.900000     -0.03813349
 33.000000     -0.03550632
 33.100000     -0.03350997
 33.200000     -0.03177217
 33.300000     -0.03039863
 33.400000     -0.02914524
 33.500000     -0.02755880
 33.600000     -0.02621943
 33.700000     -0.02530369
 33.800000     -0.02440252
 33.900000     -0.02335320
 34.000000     -0.02259533
 34.100000     -0.02194257
 34.200000     -0.02179186
 34.300000     -0.02168405
 34.400000     -0.02165939
 34.500000     -0.02149522
 34.600000     -0.02142310
 34.700000     -0.02106558
 34.800000     -0.02088887
 34.900000     -0.02093050
 35.000000     -0.02094619
 35.100000     -0.02068776
 35.200000     -0.02032411
 35.300000     -0.02010710
 35.400000     -0.02044500
 35.500000     -0.02100904
 35.600000     -0.02177432
 35.700000     -0.02197933
 35.800000     -0.02191953
 35.900000     -0.02208751
 36.000000     -0.02174647
 36.100000     -0.02110071
 36.200000     -0.02055544
 36.300000     -0.02031780
 36.400000     -0.02054193
 36.500000     -0.02090293
 36.600000     -0.02132075
 36.700000     -0.02152354
 36.800000     -0.02190107
 36.900000     -0.02200189
 37.000000     -0.02216864
 37.100000     -0.02270688
 37.200000     -0.02299124
 37.300000     -0.02285851
 37.400000     -0.02274870
 37.500000     -0.02325482
 37.600000     -0.02412222
 37.700000     -0.02525003
 37.800000     -0.02638771
 37.900000     -0.02717883
 38.000000     -0.02803404
 38.100000     -0.02857791
 38.200000     -0.02926791
 38.300000     -0.03008326
 38.400000     -0.03036631
 38.500000     -0.03043254
 38.600000     -0.03055699
 38.700000     -0.03096746
 38.800000     -0.03150663
 38.900000     -0.03174104
 39.000000     -0.03142212
 39.100000     -0.03091940
 39.200000     -0.03073548
 39.300000     -0.03086050
 39.400000     -0.03112918
 39.500000     -0.03059427
 39.600000     -0.02952127
 39.700000     -0.02906025
 39.800000     -0.02877784
 39.900000     -0.02864183
