  0.000000      0.00681213
  0.100000      0.00694110
  0.200000      0.00698050
  0.300000      0.00666046
  0.400000      0.00651720
  0.500000      0.00643075
  0.600000      0.00657079
  0.700000      0.00705565
  0.800000      0.00738545
  0.900000      0.00795495
  1.000000      0.00864948
  1.100000      0.00930999
  1.200000      0.00975671
  1.300000      0.00989472
  1.400000      0.01076177
  1.500000      0.01147675
  1.600000      0.01159437
  1.700000      0.01130344
  1.800000      0.01100794
  1.900000      0.01095022
  2.000000      0.01088609
  2.100000      0.01034739
  2.200000      0.00957662
  2.300000      0.00878254
  2.400000      0.00815072
  2.500000      0.00826195
  2.600000      0.00822214
  2.700000      0.00818261
  2.800000      0.00853025
  2.900000      0.00862382
  3.000000      0.00864930
  3.100000      0.00891130
  3.200000      0.00962686
  3.300000      0.01007266
  3.400000      0.00975095
  3.500000      0.00991388
  3.600000      0.01042512
  3.700000      0.00976986
  3.800000      0.00852312
  3.900000      0.00749985
  4.000000      0.00632349
  4.100000      0.00546623
  4.200000      0.00491429
  4.300000      0.00354264
  4.400000      0.00329191
  4.500000      0.00338590
  4.600000      0.00355689
  4.700000      0.00394321
  4.800000      0.00454755
  4.900000      0.00568397
  5.000000      0.00738960
  5.100000      0.00892693
  5.200000      0.01063519
  5.300000      0.01176762
  5.400000      0.01280039
  5.500000      0.01252376
  5.600000      0.01224878
  5.700000      0.01244409
  5.800000      0.01256519
  5.900000      0.01223684
  6.000000      0.01162639
  6.100000      0.01094605
  6.200000      0.01056277
  6.300000      0.01020149
  6.400000      0.00953909
  6.500000      0.00881587
  6.600000      0.00783122
  6.700000      0.00644951
  6.800000      0.00558628
  6.900000      0.00503815
  7.000000      0.00510379
  7.100000      0.00445315
  7.200000      0.00415200
  7.300000      0.00324410
  7.400000      0.00199999
  7.500000      0.00041069
  7.600000     -0.00097265
  7.700000     -0.00249254
  7.800000     -0.00379904
  7.900000     -0.00446678
  8.000000     -0.00517189
  8.100000     -0.00575092
  8.200000     -0.00665551
  8.300000     -0.00681998
  8.400000     -0.00636293
  8.500000     -0.00672809
  8.600000     -0.00660389
  8.700000     -0.00616041
  8.800000     -0.00545547
  8.900000     -0.00372207
  9.000000     -0.00083683
  9.100000      0.00337324
  9.200000      0.00900686
  9.300000      0.01724792
  9.400000      0.02648691
  9.500000      0.03806143
  9.600000      0.05187782
  9.700000      0.06963313
  9.800000      0.09136269
  9.900000      0.11808838
 10.000000      0.14999872
 10.100000      0.18719738
 10.200000      0.23028997
 10.300000      0.27917664
 10.400000      0.33494216
 10.500000      0.39685017
 10.600000      0.46308756
 10.700000      0.53287219
 10.800000      0.60309212
 10.900000      0.67113788
 11.000000      0.73601488
 11.100000      0.79535192
 11.200000      0.84848573
 11.300000      0.89294874
 11.400000      0.93027550
 11.500000      0.95943240
 11.600000      0.98112244
 11.700000      0.99486816
 11.800000      1.00000000
 11.900000      0.99911468
 12.000000      0.99261809
 12.100000      0.98037561
 12.200000      0.96483638
 12.300000      0.94422374
 12.400000      0.91925545
 12.500000      0.88825150
 12.600000      0.85092302
 12.700000      0.80705814
 12.800000      0.75750986
 12.900000      0.70084364
 13.000000      0.63686057
 13.100000      0.56749524
 13.200000      0.49449753
 13.300000      0.41819345
 13.400000      0.34151431
 13.500000      0.26566550
 13.600000      0.19194476
 13.700000      0.12236562
 13.800000      0.05538229
 13.900000     -0.00616004
 14.000000     -0.06193620
 14.100000     -0.11326263
 14.200000     -0.15856200
 14.300000     -0.20110210
 14.400000     -0.24169933
 14.500000     -0.28171621
 14.600000     -0.31918590
 14.700000     -0.35404345
 14.800000     -0.38582624
 14.900000     -0.41397209
 15.000000     -0.43917475
 15.100000     -0.45953733
 15.200000     -0.47704045
 15.300000     -0.49079792
 15.400000     -0.49987664
 15.500000     -0.50587700
 15.600000     -0.50853843
 15.700000     -0.50783942
 15.800000     -0.50598832
 15.900000     -0.50231399
 16.000000     -0.49740248
 16.100000     -0.49172802
 16.200000     -0.48329343
 16.300000     -0.47445512
 16.400000     -0.46596990
 16.500000     -0.45862277
 16.600000     -0.45197076
 16.700000     -0.44497540
 16.800000     -0.43747152
 16.900000     -0.43050155
 17.000000     -0.42323440
 17.100000     -0.41604465
 17.200000     -0.41015364
 17.300000     -0.40232819
 17.400000     -0.39510023
 17.500000     -0.38850433
 17.600000     -0.38060184
 17.700000     -0.37311756
 17.800000     -0.36573037
 17.900000     -0.35626376
 18.000000     -0.34613233
 18.100000     -0.33532810
 18.200000     -0.32352167
 18.300000     -0.31144073
 18.400000     -0.29958102
 18.500000     -0.28846751
 18.600000     -0.27860626
 18.700000     -0.26951799
 18.800000     -0.26276833
 18.900000     -0.25691494
 19.000000     -0.25156053
 19.100000     -0.24625566
 19.200000     -0.24100042
 19.300000     -0.23564346
 19.400000     -0.22959179
 19.500000     -0.22493007
 19.600000     -0.21930287
 19.700000     -0.21465115
 19.800000     -0.20897264
 19.900000     -0.20358334
 20.000000     -0.19870951
 20.100000     -0.19378093
 20.200000     -0.18813131
 20.300000     -0.18204546
 20.400000     -0.17598678
 20.500000     -0.16812486
 20.600000     -0.16115455
 20.700000     -0.15472645
 20.800000     -0.14889429
 20.900000     -0.14447181
 21.000000     -0.13900689
 21.100000     -0.13457030
 21.200000     -0.13042679
 21.300000     -0.12598347
 21.400000     -0.12295828
 21.500000     -0.11881521
 21.600000     -0.11424300
 21.700000     -0.10967094
 21.800000     -0.10351461
 21.900000     -0.09736444
 22.000000     -0.09179880
 22.100000     -0.08620306
 22.200000     -0.08085739
 22.300000     -0.07597049
 22.400000     -0.07134803
 22.500000     -0.06665493
 22.600000     -0.06393514
 22.700000     -0.06170914
 22.800000     -0.06073266
 22.900000     -0.06187780
 23.000000     -0.06248491
 23.100000     -0.06351404
 23.200000     -0.06310372
 23.300000     -0.06127292
 23.400000     -0.05806178
 23.500000     -0.05421646
 23.600000     -0.04974408
 23.700000     -0.04266802
 23.800000     -0.03650178
 23.900000     -0.03056411
 24.000000     -0.02555280
 24.100000     -0.02162128
 24.200000     -0.01816327
 24.300000     -0.01493754
 24.400000     -0.01275098
 24.500000     -0.01192737
 24.600000     -0.01127692
 24.700000     -0.01116741
 24.800000     -0.01181503
 24.900000     -0.01225847
 25.000000     -0.01331951
 25.100000     -0.01548451
 25.200000     -0.01759939
 25.300000     -0.01865711
 25.400000     -0.02003765
 25.500000     -0.02140249
 25.600000     -0.02253062
 25.700000     -0.02413065
 25.800000     -0.02517369
 25.900000     -0.02605822
 26.000000     -0.02630905
 26.100000     -0.02587783
 26.200000     -0.02530908
 26.300000     -0.02473902
 26.400000     -0.02480319
 26.500000     -0.02504246
 26.600000     -0.02500432
 26.700000     -0.02389896
 26.800000     -0.02206660
 26.900000     -0.01990440
 27.000000     -0.01774949
 27.100000     -0.01515081
 27.200000     -0.01327144
 27.300000     -0.01071543
 27.400000     -0.00864501
 27.500000     -0.00755058
 27.600000     -0.00600461
 27.700000     -0.00502607
 27.800000     -0.00426356
 27.900000     -0.00425975
 28.000000     -0.00407977
 28.100000     -0.00335346
 28.200000     -0.00246069
 28.300000     -0.00319760
 28.400000     -0.00455896
 28.500000     -0.00527526
 28.600000     -0.00677240
 28.700000     -0.00830707
 28.800000     -0.01041710
 28.900000     -0.01325219
 29.000000     -0.01685914
 29.100000     -0.01972641
 29.200000     -0.02106814
 29.300000     -0.02221374
 29.400000     -0.02323247
 29.500000     -0.02357201
 29.600000     -0.02313620
 29.700000     -0.02226366
 29.800000     -0.02188646
 29.900000     -0.02243274
 30.000000     -0.02275511
 30.100000     -0.02313523
 30.200000     -0.02440312
 30.300000     -0.02570841
 30.400000     -0.02629125
 30.500000     -0.02709087
 30.600000     -0.02828307
 30.700000     -0.02888706
 30.800000     -0.02858872
 30.900000     -0.02803435
 31.000000     -0.02628173
 31.100000     -0.02362971
 31.200000     -0.02098805
 31.300000     -0.01798247
 31.400000     -0.01441621
 31.500000     -0.01058674
 31.600000     -0.00676005
 31.700000     -0.00302277
 31.800000     -0.00022850
 31.900000      0.00144886
 32.000000      0.00313517
 32.100000      0.00418169
 32.200000      0.00417476
 32.300000      0.00388094
 32.400000      0.00277025
 32.500000      0.00232489
 32.600000      0.00119685
 32.700000     -0.00014231
 32.800000     -0.00098744
 32.900000     -0.00172810
 33.000000     -0.00276268
 33.100000     -0.00436195
 33.200000     -0.00650560
 33.300000     -0.00832929
 33.400000     -0.00956400
 33.500000     -0.01059355
 33.600000     -0.01059684
 33.700000     -0.00975667
 33.800000     -0.00825673
 33.900000     -0.00723681
 34.000000     -0.00660502
 34.100000     -0.00592094
 34.200000     -0.00528541
 34.300000     -0.00445261
 34.400000     -0.00419563
 34.500000     -0.00454157
 34.600000     -0.00534540
 34.700000     -0.00754895
 34.800000     -0.00983052
 34.900000     -0.01145157
 35.000000     -0.01264642
 35.100000     -0.01341714
 35.200000     -0.01361436
 35.300000     -0.01425051
 35.400000     -0.01501646
 35.500000     -0.01417833
 35.600000     -0.01291881
 35.700000     -0.01237240
 35.800000     -0.01125447
 35.900000     -0.00961136
 36.000000     -0.00852990
 36.100000     -0.00770680
 36.200000     -0.00745634
 36.300000     -0.00722276
 36.400000     -0.00604360
 36.500000     -0.00508074
 36.600000     -0.00404653
 36.700000     -0.00244379
 36.800000     -0.00088647
 36.900000      0.00028110
 37.000000      0.00053478
 37.100000      0.00036871
 37.200000     -0.00015235
 37.300000     -0.00048084
 37.400000     -0.00029537
 37.500000     -0.00035471
 37.600000     -0.00062441
 37.700000     -0.00058677
 37.800000     -0.00085463
 37.900000     -0.00124118
 38.000000     -0.00146509
 38.100000     -0.00128427
 38.200000     -0.00111630
 38.300000     -0.00144154
 38.400000     -0.00206799
 38.500000     -0.00255868
 38.600000     -0.00289819
 38.700000     -0.00357219
 38.800000     -0.00485126
 38.900000     -0.00601479
 39.000000     -0.00695291
 39.100000     -0.00855161
 39.200000     -0.01035128
 39.300000     -0.01176179
 39.400000     -0.01321514
 39.500000     -0.01441942
 39.600000     -0.01525525
 39.700000     -0.01558325
 39.800000     -0.01574527
 39.900000     -0.01660718
