  0.000000     -0.03009257
  0.100000     -0.03022984
  0.200000     -0.03008254
  0.300000     -0.02992723
  0.400000     -0.03006032
  0.500000     -0.03039646
  0.600000     -0.03037145
  0.700000     -0.03056509
  0.800000     -0.03102562
  0.900000     -0.03139842
  1.000000     -0.03157449
  1.100000     -0.03190995
  1.200000     -0.03225154
  1.300000     -0.03240768
  1.400000     -0.03247232
  1.500000     -0.03248253
  1.600000     -0.03242889
  1.700000     -0.03235246
  1.800000     -0.03248694
  1.900000     -0.03259284
  2.000000     -0.03290754
  2.100000     -0.03315755
  2.200000     -0.03326481
  2.300000     -0.03304081
  2.400000     -0.03299385
  2.500000     -0.03294078
  2.600000     -0.03281966
  2.700000     -0.03290349
  2.800000     -0.03297310
  2.900000     -0.03295627
  3.000000     -0.03284570
  3.100000     -0.03272347
  3.200000     -0.03277055
  3.300000     -0.03276978
  3.400000     -0.03281865
  3.500000     -0.03273273
  3.600000     -0.03287720
  3.700000     -0.03298385
  3.800000     -0.03296548
  3.900000     -0.03293662
  4.000000     -0.03290342
  4.100000     -0.03286783
  4.200000     -0.03285757
  4.300000     -0.03288980
  4.400000     -0.03300111
  4.500000     -0.03311754
  4.600000     -0.03318767
  4.700000     -0.03328107
  4.800000     -0.03337269
  4.900000     -0.03351577
  5.000000     -0.03368533
  5.100000     -0.03385028
  5.200000     -0.03408186
  5.300000     -0.03437636
  5.400000     -0.03470594
  5.500000     -0.03503856
  5.600000     -0.03540238
  5.700000     -0.03580304
  5.800000     -0.03624548
  5.900000     -0.03673243
  6.000000     -0.03726534
  6.100000     -0.03777615
  6.200000     -0.03840220
  6.300000     -0.03908245
  6.400000     -0.03983693
  6.500000     -0.04061043
  6.600000     -0.04143434
  6.700000     -0.04230899
  6.800000     -0.04323478
  6.900000     -0.04421218
  7.000000     -0.04524124
  7.100000     -0.04632176
  7.200000     -0.04745450
  7.300000     -0.04863893
  7.400000     -0.04987501
  7.500000     -0.05116306
  7.600000     -0.05250324
  7.700000     -0.05389501
  7.800000     -0.05533854
  7.900000     -0.05683318
  8.000000     -0.05837850
  8.100000     -0.05997415
  8.200000     -0.06161880
  8.300000     -0.06331140
  8.400000     -0.06504999
  8.500000     -0.06683302
  8.600000     -0.06865825
  8.700000     -0.07052303
  8.800000     -0.07242458
  8.900000     -0.07435854
  9.000000     -0.07632026
  9.100000     -0.07830497
  9.200000     -0.08030675
  9.300000     -0.08231889
  9.400000     -0.08433452
  9.500000     -0.08634609
  9.600000     -0.08834473
  9.700000     -0.09032138
  9.800000     -0.09226634
  9.900000     -0.09416850
 10.000000     -0.09601659
 10.100000     -0.09779905
 10.200000     -0.09950294
 10.300000     -0.10111517
 10.400000     -0.10262234
 10.500000     -0.10400998
 10.600000     -0.10526410
 10.700000     -0.10636886
 10.800000     -0.10730865
 10.900000     -0.10806717
 11.000000     -0.10862778
 11.100000     -0.10906529
 11.200000     -0.10922041
 11.300000     -0.10908526
 11.400000     -0.10868296
 11.500000     -0.10799467
 11.600000     -0.10700228
 11.700000     -0.10568723
 11.800000     -0.10402995
 11.900000     -0.10201069
 12.000000     -0.09961008
 12.100000     -0.09680773
 12.200000     -0.09358262
 12.300000     -0.08991404
 12.400000     -0.08578255
 12.500000     -0.08116768
 12.600000     -0.07604882
 12.700000     -0.07040556
 12.800000     -0.06421747
 12.900000     -0.05746377
 13.000000     -0.05012570
 13.100000     -0.04218547
 13.200000     -0.03362446
 13.300000     -0.02442600
 13.400000     -0.01457452
 13.500000     -0.00405517
 13.600000      0.00714455
 13.700000      0.01903499
 13.800000      0.03162871
 13.900000      0.04493762
 14.000000      0.05896660
 14.100000      0.07371749
 14.200000      0.08919236
 14.300000      0.10539173
 14.400000      0.12231443
 14.500000      0.13995595
 14.600000      0.15830818
 14.700000      0.17736257
 14.800000      0.19710664
 14.900000      0.21752605
 15.000000      0.23860185
 15.100000      0.26031111
 15.200000      0.28262930
 15.300000      0.30552812
 15.400000      0.32897552
 15.500000      0.35293709
 15.600000      0.37737295
 15.700000      0.40223896
 15.800000      0.42748680
 15.900000      0.45306580
 16.000000      0.47892072
 16.100000      0.50499169
 16.200000      0.53121522
 16.300000      0.55752400
 16.400000      0.58384737
 16.500000      0.61011059
 16.600000      0.63623546
 16.700000      0.66214172
 16.800000      0.68774597
 16.900000      0.71296034
 17.000000      0.73769849
 17.100000      0.76187008
 17.200000      0.78538359
 17.300000      0.80814688
 17.400000      0.83006763
 17.500000      0.85105228
 17.600000      0.87100952
 17.700000      0.88984835
 17.800000      0.90748056
 17.900000      0.92381945
 18.000000      0.93877817
 18.100000      0.95227745
 18.200000      0.96423930
 18.300000      0.97459194
 18.400000      0.98326783
 18.500000      0.99020526
 18.600000      0.99534333
 18.700000      0.99862801
 18.800000      1.00000000
 18.900000      0.99939413
 19.000000      0.99678667
 19.100000      0.99217350
 19.200000      0.98554190
 19.300000      0.97688172
 19.400000      0.96619110
 19.500000      0.95347490
 19.600000      0.93874595
 19.700000      0.92203000
 19.800000      0.90335442
 19.900000      0.88275686
 20.000000      0.86028756
 20.100000      0.83600389
 20.200000      0.80996783
 20.300000      0.78225094
 20.400000      0.75293378
 20.500000      0.72210323
 20.600000      0.68984901
 20.700000      0.65626881
 20.800000      0.62146653
 20.900000      0.58554711
 21.000000      0.54862280
 21.100000      0.51081126
 21.200000      0.47223170
 21.300000      0.43300263
 21.400000      0.39324548
 21.500000      0.35308190
 21.600000      0.31263517
 21.700000      0.27202846
 21.800000      0.23138242
 21.900000      0.19081603
 22.000000      0.15044543
 22.100000      0.11038629
 22.200000      0.07075146
 22.300000      0.03165007
 22.400000     -0.00681427
 22.500000     -0.04454238
 22.600000     -0.08143818
 22.700000     -0.11741114
 22.800000     -0.15237593
 22.900000     -0.18625053
 23.000000     -0.21896159
 23.100000     -0.25044351
 23.200000     -0.28063255
 23.300000     -0.30947443
 23.400000     -0.33692122
 23.500000     -0.36293029
 23.600000     -0.38746636
 23.700000     -0.41050193
 23.800000     -0.43201194
 23.900000     -0.45196867
 24.000000     -0.47036236
 24.100000     -0.48719791
 24.200000     -0.50247760
 24.300000     -0.51620626
 24.400000     -0.52839617
 24.500000     -0.53906496
 24.600000     -0.54823613
 24.700000     -0.55593720
 24.800000     -0.56220193
 24.900000     -0.56706383
 25.000000     -0.57056458
 25.100000     -0.57275675
 25.200000     -0.57368737
 25.300000     -0.57341068
 25.400000     -0.57198425
 25.500000     -0.56946428
 25.600000     -0.56591173
 25.700000     -0.56138915
 25.800000     -0.55596573
 25.900000     -0.54970504
 26.000000     -0.54267313
 26.100000     -0.53494077
 26.200000     -0.52657253
 26.300000     -0.51763795
 26.400000     -0.50820228
 26.500000     -0.49833043
 26.600000     -0.48808940
 26.700000     -0.47754188
 26.800000     -0.46674908
 26.900000     -0.45576772
 27.000000     -0.44465785
 27.100000     -0.43347294
 27.200000     -0.42226552
 27.300000     -0.41108410
 27.400000     -0.39997519
 27.500000     -0.38898086
 27.600000     -0.37814185
 27.700000     -0.36749488
 27.800000     -0.35707176
 27.900000     -0.34690353
 28.000000     -0.33701709
 28.100000     -0.32743457
 28.200000     -0.31817640
 28.300000     -0.30925924
 28.400000     -0.30069763
 28.500000     -0.29250149
 28.600000     -0.28468016
 28.700000     -0.27723754
 28.800000     -0.27017933
 28.900000     -0.26351447
 29.000000     -0.25724333
 29.100000     -0.25135532
 29.200000     -0.24584576
 29.300000     -0.24070822
 29.400000     -0.23593493
 29.500000     -0.23151749
 29.600000     -0.22744805
 29.700000     -0.22371682
 29.800000     -0.22031262
 29.900000     -0.21722421
 30.000000     -0.21443943
 30.100000     -0.21194451
 30.200000     -0.20972809
 30.300000     -0.20777697
 30.400000     -0.20607709
 30.500000     -0.20461307
 30.600000     -0.20337053
 30.700000     -0.20233718
 30.800000     -0.20149804
 30.900000     -0.20084151
 31.000000     -0.20035455
 31.100000     -0.20002252
 31.200000     -0.19983283
 31.300000     -0.19977264
 31.400000     -0.19983006
 31.500000     -0.19999407
 31.600000     -0.20025252
 31.700000     -0.20059313
 31.800000     -0.20100464
 31.900000     -0.20147591
 32.000000     -0.20212146
 32.100000     -0.20274339
 32.200000     -0.20335325
 32.300000     -0.20397851
 32.400000     -0.20460838
 32.500000     -0.20523236
 32.600000     -0.20583883
 32.700000     -0.20659455
 32.800000     -0.20733936
 32.900000     -0.20836367
 33.000000     -0.20887790
 33.100000     -0.20942962
 33.200000     -0.20984895
 33.300000     -0.21033187
 33.400000     -0.21051911
 33.500000     -0.21049927
 33.600000     -0.21023737
 33.700000     -0.21029988
 33.800000     -0.21008397
 33.900000     -0.20969308
 34.000000     -0.20916029
 34.100000     -0.20829480
 34.200000     -0.20748328
 34.300000     -0.20648035
 34.400000     -0.20581041
 34.500000     -0.20456433
 34.600000     -0.20293361
 34.700000     -0.20135131
 34.800000     -0.19966350
 34.900000     -0.19787316
 35.000000     -0.19631856
 35.100000     -0.19420723
 35.200000     -0.19195927
 35.300000     -0.19015472
 35.400000     -0.18790003
 35.500000     -0.18530862
 35.600000     -0.18260059
 35.700000     -0.17977818
 35.800000     -0.17684774
 35.900000     -0.17381571
 36.000000     -0.17067448
 36.100000     -0.16747624
 36.200000     -0.16425383
 36.300000     -0.16083125
 36.400000     -0.15733483
 36.500000     -0.15374659
 36.600000     -0.14994555
 36.700000     -0.14643989
 36.800000     -0.14270922
 36.900000     -0.13903816
 37.000000     -0.13529552
 37.100000     -0.13161275
 37.200000     -0.12797523
 37.300000     -0.12435025
 37.400000     -0.12071726
 37.500000     -0.11719069
 37.600000     -0.11405958
 37.700000     -0.11055372
 37.800000     -0.10723162
 37.900000     -0.10385386
 38.000000     -0.10049312
 38.100000     -0.09720809
 38.200000     -0.09397374
 38.300000     -0.09091175
 38.400000     -0.08752925
 38.500000     -0.08436745
 38.600000     -0.08198885
 38.700000     -0.07924649
 38.800000     -0.07648347
 38.900000     -0.07377672
 39.000000     -0.07127019
 39.100000     -0.06861066
 39.200000     -0.06627844
 39.300000     -0.06390610
 39.400000     -0.06172231
 39.500000     -0.05958491
 39.600000     -0.05780941
 39.700000     -0.05593912
 39.800000     -0.05435874
 39.900000     -0.05290369
