  0.000000      0.00205968
  0.100000      0.00215352
  0.200000      0.00229450
  0.300000      0.00260303
  0.400000      0.00305416
  0.500000      0.00366059
  0.600000      0.00455669
  0.700000      0.00558652
  0.800000      0.00684487
  0.900000      0.00838544
  1.000000      0.01010555
  1.100000      0.01184061
  1.200000      0.01370923
  1.300000      0.01579860
  1.400000      0.01783830
  1.500000      0.01973089
  1.600000      0.02147772
  1.700000      0.02300118
  1.800000      0.02422813
  1.900000      0.02508313
  2.000000      0.02553294
  2.100000      0.02632722
  2.200000      0.02691228
  2.300000      0.02713405
  2.400000      0.02701633
  2.500000      0.02659976
  2.600000      0.02608022
  2.700000      0.02557999
  2.800000      0.02539600
  2.900000      0.02531547
  3.000000      0.02512839
  3.100000      0.02490687
  3.200000      0.02462531
  3.300000      0.02421008
  3.400000      0.02371161
  3.500000      0.02314719
  3.600000      0.02264602
  3.700000      0.02218761
  3.800000      0.02170236
  3.900000      0.02110401
  4.000000      0.02083228
  4.100000      0.02038242
  4.200000      0.01979394
  4.300000      0.01878687
  4.400000      0.01780434
  4.500000      0.01688560
  4.600000      0.01599084
  4.700000      0.01493807
  4.800000      0.01376657
  4.900000      0.01261918
  5.000000      0.01139162
  5.100000      0.01017236
  5.200000      0.00875082
  5.300000      0.00674735
  5.400000      0.00434097
  5.500000      0.00148656
  5.600000     -0.00152294
  5.700000     -0.00461065
  5.800000     -0.00780752
  5.900000     -0.01105912
  6.000000     -0.01414336
  6.100000     -0.01693240
  6.200000     -0.01938287
  6.300000     -0.02152155
  6.400000     -0.02338705
  6.500000     -0.02486888
  6.600000     -0.02614821
  6.700000     -0.02733055
  6.800000     -0.02813366
  6.900000     -0.02844105
  7.000000     -0.02820122
  7.100000     -0.02729246
  7.200000     -0.02579082
  7.300000     -0.02430424
  7.400000     -0.02286838
  7.500000     -0.02145342
  7.600000     -0.01998769
  7.700000     -0.01830981
  7.800000     -0.01658221
  7.900000     -0.01493702
  8.000000     -0.01335725
  8.100000     -0.01188120
  8.200000     -0.01067699
  8.300000     -0.01011180
  8.400000     -0.00968223
  8.500000     -0.00929460
  8.600000     -0.00873145
  8.700000     -0.00807079
  8.800000     -0.00797932
  8.900000     -0.00777415
  9.000000     -0.00767308
  9.100000     -0.00817537
  9.200000     -0.00897605
  9.300000     -0.00993029
  9.400000     -0.01099675
  9.500000     -0.01176355
  9.600000     -0.01259549
  9.700000     -0.01407486
  9.800000     -0.01635131
  9.900000     -0.01920660
 10.000000     -0.02241017
 10.100000     -0.02601555
 10.200000     -0.02959849
 10.300000     -0.03286383
 10.400000     -0.03584742
 10.500000     -0.03798231
 10.600000     -0.03925024
 10.700000     -0.04026319
 10.800000     -0.04088297
 10.900000     -0.04104825
 11.000000     -0.04090301
 11.100000     -0.04069077
 11.200000     -0.03987779
 11.300000     -0.03840563
 11.400000     -0.03601970
 11.500000     -0.03241274
 11.600000     -0.02801533
 11.700000     -0.02318315
 11.800000     -0.01748615
 11.900000     -0.01187635
 12.000000     -0.00618547
 12.100000     -0.00038442
 12.200000      0.00522782
 12.300000      0.01078223
 12.400000      0.01628399
 12.500000      0.02162378
 12.600000      0.02631164
 12.700000      0.03030911
 12.800000      0.03365849
 12.900000      0.03623161
 13.000000      0.03820678
 13.100000      0.03983531
 13.200000      0.04114804
 13.300000      0.04220433
 13.400000      0.04287227
 13.500000      0.04353510
 13.600000      0.04445854
 13.700000      0.04544236
 13.800000      0.04671998
 13.900000      0.04804429
 14.000000      0.04960765
 14.100000      0.05102314
 14.200000      0.05191670
 14.300000      0.05232301
 14.400000      0.05205563
 14.500000      0.05059429
 14.600000      0.04844693
 14.700000      0.04656145
 14.800000      0.04450841
 14.900000      0.04257362
 15.000000      0.04129979
 15.100000      0.04055048
 15.200000      0.04001899
 15.300000      0.03977522
 15.400000      0.03941974
 15.500000      0.03816221
 15.600000      0.03581047
 15.700000      0.03298308
 15.800000      0.02969102
 15.900000      0.02582233
 16.000000      0.02158692
 16.100000      0.01787485
 16.200000      0.01446011
 16.300000      0.01109462
 16.400000      0.00828084
 16.500000      0.00580364
 16.600000      0.00324233
 16.700000      0.00081532
 16.800000     -0.00144295
 16.900000     -0.00375560
 17.000000     -0.00536619
 17.100000     -0.00657903
 17.200000     -0.00810780
 17.300000     -0.01003721
 17.400000     -0.01234231
 17.500000     -0.01556574
 17.600000     -0.01937410
 17.700000     -0.02358672
 17.800000     -0.02831606
 17.900000     -0.03378580
 18.000000     -0.04036359
 18.100000     -0.04755345
 18.200000     -0.05462892
 18.300000     -0.06133550
 18.400000     -0.06816947
 18.500000     -0.07518168
 18.600000     -0.08148889
 18.700000     -0.08741438
 18.800000     -0.09380216
 18.900000     -0.10031093
 19.000000     -0.10659673
 19.100000     -0.11264542
 19.200000     -0.11873241
 19.300000     -0.12513685
 19.400000     -0.13198565
 19.500000     -0.13951644
 19.600000     -0.14762839
 19.700000     -0.15626333
 19.800000     -0.16476106
 19.900000     -0.17172387
 20.000000     -0.17754071
 20.100000     -0.18283215
 20.200000     -0.18769436
 20.300000     -0.19247985
 20.400000     -0.19712904
 20.500000     -0.20091990
 20.600000     -0.20432430
 20.700000     -0.20792752
 20.800000     -0.21254993
 20.900000     -0.21779546
 21.000000     -0.22335545
 21.100000     -0.22924478
 21.200000     -0.23558098
 21.300000     -0.24160576
 21.400000     -0.24739326
 21.500000     -0.25214404
 21.600000     -0.25592486
 21.700000     -0.25885190
 21.800000     -0.26235014
 21.900000     -0.26645950
 22.000000     -0.26946025
 22.100000     -0.27119834
 22.200000     -0.27140207
 22.300000     -0.27064789
 22.400000     -0.26932672
 22.500000     -0.26809731
 22.600000     -0.26621392
 22.700000     -0.26267759
 22.800000     -0.25653600
 22.900000     -0.24833596
 23.000000     -0.23788862
 23.100000     -0.22457927
 23.200000     -0.20901047
 23.300000     -0.19274688
 23.400000     -0.17626197
 23.500000     -0.15903040
 23.600000     -0.14131440
 23.700000     -0.12428775
 23.800000     -0.10646108
 23.900000     -0.08814663
 24.000000     -0.06903279
 24.100000     -0.04853169
 24.200000     -0.02598914
 24.300000     -0.00039069
 24.400000      0.02927506
 24.500000      0.06258857
 24.600000      0.09938065
 24.700000      0.13853592
 24.800000      0.17934170
 24.900000      0.22076770
 25.000000      0.26146490
 25.100000      0.30229130
 25.200000      0.34414719
 25.300000      0.38638505
 25.400000      0.42747596
 25.500000      0.46783513
 25.600000      0.50633825
 25.700000      0.54315638
 25.800000      0.57876082
 25.900000      0.61402866
 26.000000      0.64984350
 26.100000      0.68739948
 26.200000      0.72653072
 26.300000      0.76630675
 26.400000      0.80470220
 26.500000      0.84033635
 26.600000      0.87362280
 26.700000      0.90379557
 26.800000      0.92910989
 26.900000      0.94801200
 27.000000      0.96112037
 27.100000      0.97034323
 27.200000      0.97716407
 27.300000      0.98251660
 27.400000      0.98706381
 27.500000      0.99163593
 27.600000      0.99597531
 27.700000      0.99892425
 27.800000      0.99985405
 27.900000      1.00000000
 28.000000      0.99705148
 28.100000      0.99046895
 28.200000      0.98027462
 28.300000      0.96645854
 28.400000      0.94903679
 28.500000      0.92772542
 28.600000      0.90224066
 28.700000      0.87259699
 28.800000      0.83946517
 28.900000      0.80392742
 29.000000      0.76755283
 29.100000      0.72969317
 29.200000      0.68969048
 29.300000      0.64688047
 29.400000      0.60099953
 29.500000      0.55328632
 29.600000      0.50349191
 29.700000      0.45123471
 29.800000      0.39724404
 29.900000      0.34218413
 30.000000      0.28658837
 30.100000      0.23134011
 30.200000      0.17712776
 30.300000      0.12406822
 30.400000      0.07315587
 30.500000      0.02505507
 30.600000     -0.02051878
 30.700000     -0.06335024
 30.800000     -0.10323311
 30.900000     -0.14019811
 31.000000     -0.17437147
 31.100000     -0.20577756
 31.200000     -0.23415894
 31.300000     -0.26026145
 31.400000     -0.28430214
 31.500000     -0.30643690
 31.600000     -0.32728316
 31.700000     -0.34740258
 31.800000     -0.36619900
 31.900000     -0.38337534
 32.000000     -0.39858249
 32.100000     -0.41205501
 32.200000     -0.42374900
 32.300000     -0.43364323
 32.400000     -0.44172603
 32.500000     -0.44854422
 32.600000     -0.45374887
 32.700000     -0.45817020
 32.800000     -0.46209934
 32.900000     -0.46546848
 33.000000     -0.46858124
 33.100000     -0.47125504
 33.200000     -0.47327234
 33.300000     -0.47449856
 33.400000     -0.47490059
 33.500000     -0.47462518
 33.600000     -0.47386681
 33.700000     -0.47125425
 33.800000     -0.46778963
 33.900000     -0.46362012
 34.000000     -0.45836793
 34.100000     -0.45213605
 34.200000     -0.44523400
 34.300000     -0.43794453
 34.400000     -0.43065983
 34.500000     -0.42276663
 34.600000     -0.41492139
 34.700000     -0.40683703
 34.800000     -0.39918745
 34.900000     -0.39255103
 35.000000     -0.38568535
 35.100000     -0.37808564
 35.200000     -0.37072892
 35.300000     -0.36302414
 35.400000     -0.35590871
 35.500000     -0.34933208
 35.600000     -0.34323530
 35.700000     -0.33899506
 35.800000     -0.33533267
 35.900000     -0.33221902
 36.000000     -0.33000968
 36.100000     -0.32859368
 36.200000     -0.32780221
 36.300000     -0.32802020
 36.400000     -0.32890874
 36.500000     -0.33014194
 36.600000     -0.33135371
 36.700000     -0.33251436
 36.800000     -0.33322565
 36.900000     -0.33364104
 37.000000     -0.33372686
 37.100000     -0.33426038
 37.200000     -0.33495904
 37.300000     -0.33590215
 37.400000     -0.33704312
 37.500000     -0.33831693
 37.600000     -0.34004834
 37.700000     -0.34129404
 37.800000     -0.34228664
 37.900000     -0.34343317
 38.000000     -0.34463821
 38.100000     -0.34505016
 38.200000     -0.34345099
 38.300000     -0.34201985
 38.400000     -0.34011880
 38.500000     -0.33764076
 38.600000     -0.33470476
 38.700000     -0.33147885
 38.800000     -0.32808958
 38.900000     -0.32473608
 39.000000     -0.32163552
 39.100000     -0.31873015
 39.200000     -0.31639066
 39.300000     -0.31413693
 39.400000     -0.31196559
 39.500000     -0.30988998
 39.600000     -0.30802421
 39.700000     -0.30623998
 39.800000     -0.30460127
 39.900000     -0.30301852
