  0.000000     -0.02169996
  0.100000     -0.02291540
  0.200000     -0.02476746
  0.300000     -0.02469230
  0.400000     -0.02384419
  0.500000     -0.02260970
  0.600000     -0.02237078
  0.700000     -0.02184781
  0.800000     -0.02021489
  0.900000     -0.01868218
  1.000000     -0.01664083
  1.100000     -0.01466213
  1.200000     -0.01486269
  1.300000     -0.01505916
  1.400000     -0.01514968
  1.500000     -0.01324902
  1.600000     -0.01285850
  1.700000     -0.01430579
  1.800000     -0.01657468
  1.900000     -0.01975058
  2.000000     -0.02257259
  2.100000     -0.02058941
  2.200000     -0.02329979
  2.300000     -0.02787690
  2.400000     -0.02865909
  2.500000     -0.02870382
  2.600000     -0.02867171
  2.700000     -0.02876164
  2.800000     -0.02884055
  2.900000     -0.02978610
  3.000000     -0.02732136
  3.100000     -0.02583134
  3.200000     -0.02391875
  3.300000     -0.02062643
  3.400000     -0.01868484
  3.500000     -0.01691215
  3.600000     -0.01289174
  3.700000     -0.01098980
  3.800000     -0.00964931
  3.900000     -0.00643265
  4.000000     -0.00570839
  4.100000     -0.00557712
  4.200000     -0.00356459
  4.300000     -0.00037394
  4.400000      0.00294415
  4.500000      0.00544465
  4.600000      0.00881785
  4.700000      0.01549880
  4.800000      0.01779930
  4.900000      0.01704934
  5.000000      0.01962568
  5.100000      0.02353882
  5.200000      0.02422027
  5.300000      0.02347710
  5.400000      0.02392771
  5.500000      0.02599924
  5.600000      0.02487357
  5.700000      0.02389653
  5.800000      0.02339424
  5.900000      0.02004288
  6.000000      0.01605018
  6.100000      0.01278381
  6.200000      0.01310086
  6.300000      0.01141224
  6.400000      0.00752191
  6.500000      0.00450837
  6.600000      0.00139946
  6.700000     -0.00424223
  6.800000     -0.01109609
  6.900000     -0.01374583
  7.000000     -0.01647400
  7.100000     -0.02226237
  7.200000     -0.02863756
  7.300000     -0.02960138
  7.400000     -0.02885182
  7.500000     -0.03139430
  7.600000     -0.03106780
  7.700000     -0.02831703
  7.800000     -0.02718922
  7.900000     -0.02524688
  8.000000     -0.02207558
  8.100000     -0.02058609
  8.200000     -0.01948662
  8.300000     -0.01984979
  8.400000     -0.02064553
  8.500000     -0.02192951
  8.600000     -0.02533958
  8.700000     -0.02862853
  8.800000     -0.02984441
  8.900000     -0.03083422
  9.000000     -0.03359450
  9.100000     -0.03519010
  9.200000     -0.03562724
  9.300000     -0.03765428
  9.400000     -0.03834261
  9.500000     -0.03906626
  9.600000     -0.03848254
  9.700000     -0.03692529
  9.800000     -0.03680188
  9.900000     -0.04011192
 10.000000     -0.04097468
 10.100000     -0.03629297
 10.200000     -0.03694693
 10.300000     -0.03555227
 10.400000     -0.03142545
 10.500000     -0.02660823
 10.600000     -0.02407541
 10.700000     -0.02189860
 10.800000     -0.01307771
 10.900000     -0.00567538
 11.000000      0.00449987
 11.100000      0.02096452
 11.200000      0.03855050
 11.300000      0.05405656
 11.400000      0.07074284
 11.500000      0.08650535
 11.600000      0.10574031
 11.700000      0.12867791
 11.800000      0.15490197
 11.900000      0.18391069
 12.000000      0.21165836
 12.100000      0.23855329
 12.200000      0.26871105
 12.300000      0.30087422
 12.400000      0.33311178
 12.500000      0.36915047
 12.600000      0.40758019
 12.700000      0.44524059
 12.800000      0.48238538
 12.900000      0.51961181
 13.000000      0.55591950
 13.100000      0.59256135
 13.200000      0.62944426
 13.300000      0.66359523
 13.400000      0.69664346
 13.500000      0.73401917
 13.600000      0.76840544
 13.700000      0.79856163
 13.800000      0.82806815
 13.900000      0.85367370
 14.000000      0.87708788
 14.100000      0.89993907
 14.200000      0.92025829
 14.300000      0.93511822
 14.400000      0.94774428
 14.500000      0.96063864
 14.600000      0.97424843
 14.700000      0.98605406
 14.800000      0.99471881
 14.900000      1.00000000
 15.000000      0.99949846
 15.100000      0.99404801
 15.200000      0.98742157
 15.300000      0.97631895
 15.400000      0.96081627
 15.500000      0.94256819
 15.600000      0.91928557
 15.700000      0.88981830
 15.800000      0.85716271
 15.900000      0.81770026
 16.000000      0.77077017
 16.100000      0.72370280
 16.200000      0.67395937
 16.300000      0.62031566
 16.400000      0.56335086
 16.500000      0.50332552
 16.600000      0.44313159
 16.700000      0.38393015
 16.800000      0.32248359
 16.900000      0.25710619
 17.000000      0.19036377
 17.100000      0.12851769
 17.200000      0.06681931
 17.300000      0.00603905
 17.400000     -0.04855524
 17.500000     -0.09718562
 17.600000     -0.14454934
 17.700000     -0.19294931
 17.800000     -0.23751669
 17.900000     -0.27877322
 18.000000     -0.32331091
 18.100000     -0.36335888
 18.200000     -0.39699383
 18.300000     -0.42932102
 18.400000     -0.45971159
 18.500000     -0.48735487
 18.600000     -0.51657266
 18.700000     -0.54199357
 18.800000     -0.56713881
 18.900000     -0.58927880
 19.000000     -0.60633144
 19.100000     -0.61753228
 19.200000     -0.62908014
 19.300000     -0.63920565
 19.400000     -0.64467779
 19.500000     -0.64256472
 19.600000     -0.63844851
 19.700000     -0.63793438
 19.800000     -0.63471275
 19.900000     -0.62986863
 20.000000     -0.62686368
 20.100000     -0.62240078
 20.200000     -0.61269714
 20.300000     -0.60327860
 20.400000     -0.59452095
 20.500000     -0.58680785
 20.600000     -0.57787098
 20.700000     -0.56742140
 20.800000     -0.55842768
 20.900000     -0.54894189
 21.000000     -0.53894724
 21.100000     -0.53079488
 21.200000     -0.52441310
 21.300000     -0.51681553
 21.400000     -0.50613027
 21.500000     -0.49656712
 21.600000     -0.48670323
 21.700000     -0.47646839
 21.800000     -0.46378151
 21.900000     -0.45062712
 22.000000     -0.44203014
 22.100000     -0.43250460
 22.200000     -0.42003643
 22.300000     -0.40980363
 22.400000     -0.39768524
 22.500000     -0.38780680
 22.600000     -0.37693270
 22.700000     -0.36727876
 22.800000     -0.35817869
 22.900000     -0.35054222
 23.000000     -0.34198757
 23.100000     -0.33292311
 23.200000     -0.32488017
 23.300000     -0.31462982
 23.400000     -0.30472038
 23.500000     -0.29683796
 23.600000     -0.28674206
 23.700000     -0.28007274
 23.800000     -0.27619572
 23.900000     -0.27039952
 24.000000     -0.26467332
 24.100000     -0.25852156
 24.200000     -0.25236529
 24.300000     -0.24658707
 24.400000     -0.23710444
 24.500000     -0.22760043
 24.600000     -0.22102198
 24.700000     -0.21342536
 24.800000     -0.20259650
 24.900000     -0.19215919
 25.000000     -0.18654688
 25.100000     -0.17978183
 25.200000     -0.17330916
 25.300000     -0.16755264
 25.400000     -0.16066387
 25.500000     -0.15605654
 25.600000     -0.15245008
 25.700000     -0.14927040
 25.800000     -0.14572236
 25.900000     -0.14153638
 26.000000     -0.13693917
 26.100000     -0.13526047
 26.200000     -0.13184967
 26.300000     -0.12886882
 26.400000     -0.12565014
 26.500000     -0.12209701
 26.600000     -0.12009669
 26.700000     -0.12084745
 26.800000     -0.12018126
 26.900000     -0.11782662
 27.000000     -0.11921333
 27.100000     -0.12169559
 27.200000     -0.12192784
 27.300000     -0.12087461
 27.400000     -0.12212434
 27.500000     -0.12449739
 27.600000     -0.12399432
 27.700000     -0.11958536
 27.800000     -0.11793539
 27.900000     -0.11865033
 28.000000     -0.11826075
 28.100000     -0.11716010
 28.200000     -0.11413525
 28.300000     -0.11209539
 28.400000     -0.11080769
 28.500000     -0.10924477
 28.600000     -0.10716791
 28.700000     -0.10530681
 28.800000     -0.10276163
 28.900000     -0.09890307
 29.000000     -0.09448079
 29.100000     -0.08913573
 29.200000     -0.08513518
 29.300000     -0.08211420
 29.400000     -0.07923327
 29.500000     -0.07753421
 29.600000     -0.07503263
 29.700000     -0.07257490
 29.800000     -0.07208505
 29.900000     -0.07172911
 30.000000     -0.07094186
 30.100000     -0.06964301
 30.200000     -0.06755047
 30.300000     -0.06415013
 30.400000     -0.06337450
 30.500000     -0.06359408
 30.600000     -0.06122906
 30.700000     -0.05782276
 30.800000     -0.05621861
 30.900000     -0.05434640
 31.000000     -0.05067927
 31.100000     -0.04988137
 31.200000     -0.04764335
 31.300000     -0.04521487
 31.400000     -0.04453485
 31.500000     -0.04107212
 31.600000     -0.03706267
 31.700000     -0.03788056
 31.800000     -0.03877110
 31.900000     -0.03431799
 32.000000     -0.02945661
 32.100000     -0.02998727
 32.200000     -0.02844637
 32.300000     -0.02441212
 32.400000     -0.02383740
 32.500000     -0.02496483
 32.600000     -0.02443714
 32.700000     -0.02480130
 32.800000     -0.02496150
 32.900000     -0.02672533
 33.000000     -0.02889071
 33.100000     -0.02605953
 33.200000     -0.02437149
 33.300000     -0.02347177
 33.400000     -0.02400009
 33.500000     -0.02397913
 33.600000     -0.02006456
 33.700000     -0.01790751
 33.800000     -0.01848679
 33.900000     -0.02027078
 34.000000     -0.01802513
 34.100000     -0.01562959
 34.200000     -0.01643361
 34.300000     -0.01581104
 34.400000     -0.01371460
 34.500000     -0.01162068
 34.600000     -0.01447581
 34.700000     -0.01793359
 34.800000     -0.01690879
 34.900000     -0.01541950
 35.000000     -0.01767528
 35.100000     -0.01880895
 35.200000     -0.02042919
 35.300000     -0.02073123
 35.400000     -0.01959027
 35.500000     -0.01925884
 35.600000     -0.01887035
 35.700000     -0.01404407
 35.800000     -0.01282766
 35.900000     -0.01324236
 36.000000     -0.00864864
 36.100000     -0.00490387
 36.200000     -0.00178379
 36.300000      0.00132154
 36.400000      0.00421228
 36.500000      0.00396624
 36.600000      0.00297728
 36.700000      0.00406353
 36.800000      0.00776363
 36.900000      0.00965685
 37.000000      0.00821048
 37.100000      0.00580274
 37.200000      0.00754849
 37.300000      0.01150813
 37.400000      0.01289784
 37.500000      0.01217790
 37.600000      0.01142267
 37.700000      0.01256934
 37.800000      0.01126153
 37.900000      0.00754254
 38.000000      0.00661979
 38.100000      0.00783082
 38.200000      0.00620152
 38.300000      0.00578353
 38.400000      0.00742288
 38.500000      0.00945567
 38.600000      0.01010213
 38.700000      0.00865855
 38.800000      0.00786051
 38.900000      0.00992589
 39.000000      0.01346661
 39.100000      0.01513832
 39.200000      0.01446164
 39.300000      0.01498695
 39.400000      0.01476197
 39.500000      0.01379919
 39.600000      0.01327137
 39.700000      0.01229480
 39.800000      0.01116100
 39.900000      0.01079095
