  0.000000     -0.09261729
  0.100000     -0.09847323
  0.200000     -0.10180869
  0.300000     -0.10428145
  0.400000     -0.10680981
  0.500000     -0.11171294
  0.600000     -0.11820255
  0.700000     -0.12684859
  0.800000     -0.13634645
  0.900000     -0.14601301
  1.000000     -0.15562981
  1.100000     -0.16560889
  1.200000     -0.17558143
  1.300000     -0.18543576
  1.400000     -0.19821869
  1.500000     -0.21222069
  1.600000     -0.22323137
  1.700000     -0.23045057
  1.800000     -0.23864809
  1.900000     -0.24881051
  2.000000     -0.25785197
  2.100000     -0.26454756
  2.200000     -0.26777846
  2.300000     -0.26807500
  2.400000     -0.26739394
  2.500000     -0.26676379
  2.600000     -0.26569797
  2.700000     -0.26164293
  2.800000     -0.25410353
  2.900000     -0.24574226
  3.000000     -0.23727255
  3.100000     -0.22975290
  3.200000     -0.22195527
  3.300000     -0.21682461
  3.400000     -0.21188285
  3.500000     -0.20702820
  3.600000     -0.20000367
  3.700000     -0.18978987
  3.800000     -0.17827181
  3.900000     -0.16745254
  4.000000     -0.15734734
  4.100000     -0.14818631
  4.200000     -0.13399498
  4.300000     -0.11520925
  4.400000     -0.09407709
  4.500000     -0.07451284
  4.600000     -0.05683765
  4.700000     -0.04091979
  4.800000     -0.02608849
  4.900000     -0.00927438
  5.000000      0.01137026
  5.100000      0.03196615
  5.200000      0.04922808
  5.300000      0.06224763
  5.400000      0.07673237
  5.500000      0.09048889
  5.600000      0.10203324
  5.700000      0.11203596
  5.800000      0.12093728
  5.900000      0.13036631
  6.000000      0.13702092
  6.100000      0.14203347
  6.200000      0.14611375
  6.300000      0.14849278
  6.400000      0.14825892
  6.500000      0.14742749
  6.600000      0.15046720
  6.700000      0.15517620
  6.800000      0.15934624
  6.900000      0.16508450
  7.000000      0.17327639
  7.100000      0.18290270
  7.200000      0.19116518
  7.300000      0.19856990
  7.400000      0.20905354
  7.500000      0.22399055
  7.600000      0.23935191
  7.700000      0.25262890
  7.800000      0.26444135
  7.900000      0.27681149
  8.000000      0.28864194
  8.100000      0.30066279
  8.200000      0.31456855
  8.300000      0.32771485
  8.400000      0.33905468
  8.500000      0.34720602
  8.600000      0.35343396
  8.700000      0.35774793
  8.800000      0.35937818
  8.900000      0.36075324
  9.000000      0.36231209
  9.100000      0.36455126
  9.200000      0.36515358
  9.300000      0.36136720
  9.400000      0.35515744
  9.500000      0.34549951
  9.600000      0.33198020
  9.700000      0.31624346
  9.800000      0.30256033
  9.900000      0.29115811
 10.000000      0.27675079
 10.100000      0.26277414
 10.200000      0.24956835
 10.300000      0.23528235
 10.400000      0.21564324
 10.500000      0.19188116
 10.600000      0.16479721
 10.700000      0.13843535
 10.800000      0.11317033
 10.900000      0.08606211
 11.000000      0.05961813
 11.100000      0.03362429
 11.200000      0.00776084
 11.300000     -0.01610994
 11.400000     -0.03609364
 11.500000     -0.05143730
 11.600000     -0.06035227
 11.700000     -0.06685253
 11.800000     -0.07129692
 11.900000     -0.07518892
 12.000000     -0.07912811
 12.100000     -0.07666251
 12.200000     -0.06894614
 12.300000     -0.05963638
 12.400000     -0.05300048
 12.500000     -0.04781534
 12.600000     -0.04516715
 12.700000     -0.04243874
 12.800000     -0.03877170
 12.900000     -0.03442804
 13.000000     -0.03065369
 13.100000     -0.02661154
 13.200000     -0.02425690
 13.300000     -0.02520629
 13.400000     -0.02822899
 13.500000     -0.03011769
 13.600000     -0.03131388
 13.700000     -0.02730248
 13.800000     -0.01591327
 13.900000      0.00009585
 14.000000      0.01777528
 14.100000      0.03595675
 14.200000      0.05276500
 14.300000      0.06741159
 14.400000      0.07957984
 14.500000      0.08857030
 14.600000      0.09607811
 14.700000      0.10143571
 14.800000      0.10772663
 14.900000      0.11670062
 15.000000      0.12737352
 15.100000      0.13841989
 15.200000      0.15607404
 15.300000      0.17351841
 15.400000      0.18041584
 15.500000      0.17437541
 15.600000      0.16281048
 15.700000      0.14862062
 15.800000      0.13725096
 15.900000      0.12741898
 16.000000      0.11433797
 16.100000      0.09706683
 16.200000      0.07761385
 16.300000      0.05487365
 16.400000      0.02741313
 16.500000     -0.00047266
 16.600000     -0.03027415
 16.700000     -0.05878459
 16.800000     -0.08404224
 16.900000     -0.10329661
 17.000000     -0.11241127
 17.100000     -0.11175693
 17.200000     -0.10272117
 17.300000     -0.09035714
 17.400000     -0.08112101
 17.500000     -0.06742536
 17.600000     -0.04686965
 17.700000     -0.01882724
 17.800000      0.01768395
 17.900000      0.05369435
 18.000000      0.08019962
 18.100000      0.09943597
 18.200000      0.11030188
 18.300000      0.11191072
 18.400000      0.10416544
 18.500000      0.08909623
 18.600000      0.07241395
 18.700000      0.05663734
 18.800000      0.04390056
 18.900000      0.03566311
 19.000000      0.03096000
 19.100000      0.02577752
 19.200000      0.01793152
 19.300000      0.01278810
 19.400000      0.01611313
 19.500000      0.02597093
 19.600000      0.03586425
 19.700000      0.03598797
 19.800000      0.02520331
 19.900000     -0.00513107
 20.000000     -0.05218231
 20.100000     -0.11016363
 20.200000     -0.16985245
 20.300000     -0.22321575
 20.400000     -0.26329208
 20.500000     -0.28732047
 20.600000     -0.29609461
 20.700000     -0.28822640
 20.800000     -0.26324456
 20.900000     -0.22843291
 21.000000     -0.18957721
 21.100000     -0.14663063
 21.200000     -0.09989106
 21.300000     -0.05200775
 21.400000     -0.00437713
 21.500000      0.03930320
 21.600000      0.07335043
 21.700000      0.09527619
 21.800000      0.10672194
 21.900000      0.11183398
 22.000000      0.11526162
 22.100000      0.11927576
 22.200000      0.11942105
 22.300000      0.11857594
 22.400000      0.11414899
 22.500000      0.10333253
 22.600000      0.08373321
 22.700000      0.05311661
 22.800000      0.01764711
 22.900000     -0.00901924
 23.000000     -0.02356097
 23.100000     -0.02749164
 23.200000     -0.02003837
 23.300000     -0.00114808
 23.400000      0.01987020
 23.500000      0.03148143
 23.600000      0.03149684
 23.700000      0.02153255
 23.800000      0.00145435
 23.900000     -0.02196980
 24.000000     -0.04694507
 24.100000     -0.07721246
 24.200000     -0.10997817
 24.300000     -0.14899675
 24.400000     -0.19537735
 24.500000     -0.24552666
 24.600000     -0.29170909
 24.700000     -0.32344193
 24.800000     -0.33688662
 24.900000     -0.33379621
 25.000000     -0.31395669
 25.100000     -0.28594964
 25.200000     -0.25716529
 25.300000     -0.23313518
 25.400000     -0.21490457
 25.500000     -0.20037422
 25.600000     -0.18534401
 25.700000     -0.15921375
 25.800000     -0.12759599
 25.900000     -0.08886373
 26.000000     -0.05098099
 26.100000     -0.01420735
 26.200000      0.01771396
 26.300000      0.03842001
 26.400000      0.04142481
 26.500000      0.02414113
 26.600000     -0.00962005
 26.700000     -0.04537897
 26.800000     -0.06552866
 26.900000     -0.06619147
 27.000000     -0.05474799
 27.100000     -0.04309387
 27.200000     -0.03603794
 27.300000     -0.03536939
 27.400000     -0.03449481
 27.500000     -0.02655290
 27.600000     -0.01129137
 27.700000      0.00579094
 27.800000      0.01828191
 27.900000      0.02029273
 28.000000      0.01317045
 28.100000     -0.00132658
 28.200000     -0.02229625
 28.300000     -0.04002232
 28.400000     -0.04662682
 28.500000     -0.04857008
 28.600000     -0.05188121
 28.700000     -0.06445638
 28.800000     -0.08275315
 28.900000     -0.09830374
 29.000000     -0.10209019
 29.100000     -0.09077363
 29.200000     -0.07213592
 29.300000     -0.05696260
 29.400000     -0.05551506
 29.500000     -0.06193071
 29.600000     -0.07621485
 29.700000     -0.09989855
 29.800000     -0.12820992
 29.900000     -0.15565034
 30.000000     -0.16984464
 30.100000     -0.17212607
 30.200000     -0.16205912
 30.300000     -0.13969101
 30.400000     -0.10860852
 30.500000     -0.07485191
 30.600000     -0.04030438
 30.700000     -0.01020939
 30.800000      0.00626202
 30.900000      0.00598075
 31.000000     -0.00518220
 31.100000     -0.01920628
 31.200000     -0.02701587
 31.300000     -0.02849371
 31.400000     -0.02983035
 31.500000     -0.03610879
 31.600000     -0.05378935
 31.700000     -0.08825745
 31.800000     -0.13621624
 31.900000     -0.18622172
 32.000000     -0.22826244
 32.100000     -0.25031280
 32.200000     -0.25338980
 32.300000     -0.23954909
 32.400000     -0.21218852
 32.500000     -0.17533273
 32.600000     -0.13498976
 32.700000     -0.09826825
 32.800000     -0.06552868
 32.900000     -0.03891765
 33.000000     -0.02130388
 33.100000     -0.01350609
 33.200000     -0.01660341
 33.300000     -0.02520866
 33.400000     -0.03121704
 33.500000     -0.03207869
 33.600000     -0.03288916
 33.700000     -0.03365255
 33.800000     -0.03843917
 33.900000     -0.04639423
 34.000000     -0.05024011
 34.100000     -0.04839958
 34.200000     -0.04091663
 34.300000     -0.03253224
 34.400000     -0.02785365
 34.500000     -0.02889023
 34.600000     -0.02889223
 34.700000     -0.02498197
 34.800000     -0.01336065
 34.900000      0.01228039
 35.000000      0.05046856
 35.100000      0.09837874
 35.200000      0.15149140
 35.300000      0.20693266
 35.400000      0.25811299
 35.500000      0.30426491
 35.600000      0.34164520
 35.700000      0.37318340
 35.800000      0.40041655
 35.900000      0.42815630
 36.000000      0.46419256
 36.100000      0.51671830
 36.200000      0.58167560
 36.300000      0.65195420
 36.400000      0.72065477
 36.500000      0.77559813
 36.600000      0.80844404
 36.700000      0.82423229
 36.800000      0.83146748
 36.900000      0.84344495
 37.000000      0.86528620
 37.100000      0.89786683
 37.200000      0.93557285
 37.300000      0.97026818
 37.400000      0.99432835
 37.500000      1.00000000
 37.600000      0.99032548
 37.700000      0.96578387
 37.800000      0.92898784
 37.900000      0.88131130
 38.000000      0.82426615
 38.100000      0.76248096
 38.200000      0.69705234
 38.300000      0.63075585
 38.400000      0.56841565
 38.500000      0.51480095
 38.600000      0.47659929
 38.700000      0.44279234
 38.800000      0.41210587
 38.900000      0.38344061
 39.000000      0.36542546
 39.100000      0.34476884
 39.200000      0.32165865
 39.300000      0.29609810
 39.400000      0.26832643
 39.500000      0.24070753
 39.600000      0.21377059
 39.700000      0.19540893
 39.800000      0.18364561
 39.900000      0.17066333
