  0.000000      0.12528922
  0.100000      0.12580300
  0.200000      0.12617034
  0.300000      0.12643640
  0.400000      0.12661965
  0.500000      0.12631370
  0.600000      0.12585845
  0.700000      0.12537454
  0.800000      0.12466997
  0.900000      0.12432765
  1.000000      0.12432047
  1.100000      0.12399392
  1.200000      0.12340995
  1.300000      0.12279405
  1.400000      0.12140843
  1.500000      0.11849108
  1.600000      0.11684790
  1.700000      0.11258824
  1.800000      0.10768381
  1.900000      0.10482004
  2.000000      0.10426554
  2.100000      0.10159269
  2.200000      0.09662824
  2.300000      0.09508739
  2.400000      0.09397087
  2.500000      0.08958974
  2.600000      0.08772336
  2.700000      0.08779175
  2.800000      0.08517681
  2.900000      0.08289135
  3.000000      0.08212300
  3.100000      0.07971915
  3.200000      0.07723234
  3.300000      0.07661082
  3.400000      0.07408967
  3.500000      0.07172122
  3.600000      0.06834528
  3.700000      0.06260027
  3.800000      0.05969869
  3.900000      0.05724439
  4.000000      0.05357243
  4.100000      0.05114437
  4.200000      0.04945688
  4.300000      0.04790254
  4.400000      0.04458898
  4.500000      0.04167953
  4.600000      0.04133232
  4.700000      0.04121011
  4.800000      0.03888241
  4.900000      0.03637049
  5.000000      0.03743510
  5.100000      0.03694072
  5.200000      0.03300819
  5.300000      0.03016170
  5.400000      0.03044820
  5.500000      0.02848572
  5.600000      0.02434442
  5.700000      0.02272865
  5.800000      0.02353653
  5.900000      0.02148463
  6.000000      0.01685253
  6.100000      0.01575198
  6.200000      0.01569826
  6.300000      0.01232155
  6.400000      0.00907118
  6.500000      0.00902727
  6.600000      0.00738928
  6.700000      0.00307523
  6.800000     -0.00131684
  6.900000     -0.00505102
  7.000000     -0.00832712
  7.100000     -0.01292437
  7.200000     -0.01841566
  7.300000     -0.02159905
  7.400000     -0.02358422
  7.500000     -0.02740496
  7.600000     -0.03304009
  7.700000     -0.03685510
  7.800000     -0.04120183
  7.900000     -0.04542669
  8.000000     -0.05012456
  8.100000     -0.05484593
  8.200000     -0.05957765
  8.300000     -0.06470548
  8.400000     -0.06762171
  8.500000     -0.07166333
  8.600000     -0.07687334
  8.700000     -0.08221553
  8.800000     -0.08760759
  8.900000     -0.09313120
  9.000000     -0.09754936
  9.100000     -0.10434505
  9.200000     -0.11165551
  9.300000     -0.11481408
  9.400000     -0.11947646
  9.500000     -0.12821816
  9.600000     -0.13555296
  9.700000     -0.13957742
  9.800000     -0.14335579
  9.900000     -0.15047160
 10.000000     -0.15694333
 10.100000     -0.16055010
 10.200000     -0.16559158
 10.300000     -0.17375921
 10.400000     -0.18023057
 10.500000     -0.18445936
 10.600000     -0.19216280
 10.700000     -0.20081861
 10.800000     -0.20989548
 10.900000     -0.21833138
 11.000000     -0.22435391
 11.100000     -0.23178670
 11.200000     -0.23898278
 11.300000     -0.24477483
 11.400000     -0.25053062
 11.500000     -0.25649512
 11.600000     -0.25945986
 11.700000     -0.26367182
 11.800000     -0.27000149
 11.900000     -0.27383173
 12.000000     -0.27822999
 12.100000     -0.28278992
 12.200000     -0.28606287
 12.300000     -0.28815513
 12.400000     -0.29097255
 12.500000     -0.29526715
 12.600000     -0.29998702
 12.700000     -0.29998823
 12.800000     -0.30179803
 12.900000     -0.30509981
 13.000000     -0.30788354
 13.100000     -0.30768534
 13.200000     -0.30743109
 13.300000     -0.30663465
 13.400000     -0.30557415
 13.500000     -0.30350496
 13.600000     -0.29945294
 13.700000     -0.29690844
 13.800000     -0.29595374
 13.900000     -0.29241726
 14.000000     -0.28678634
 14.100000     -0.28374200
 14.200000     -0.27753683
 14.300000     -0.26929165
 14.400000     -0.26266508
 14.500000     -0.25556132
 14.600000     -0.24796211
 14.700000     -0.23904641
 14.800000     -0.22683214
 14.900000     -0.21269203
 15.000000     -0.19802489
 15.100000     -0.18053725
 15.200000     -0.16164207
 15.300000     -0.14233526
 15.400000     -0.12232514
 15.500000     -0.10114058
 15.600000     -0.07811697
 15.700000     -0.05429946
 15.800000     -0.02828156
 15.900000     -0.00079048
 16.000000      0.02711090
 16.100000      0.05642647
 16.200000      0.08603117
 16.300000      0.11734981
 16.400000      0.15214588
 16.500000      0.18550519
 16.600000      0.21638928
 16.700000      0.25039936
 16.800000      0.28849448
 16.900000      0.32507798
 17.000000      0.36277138
 17.100000      0.39984947
 17.200000      0.43518714
 17.300000      0.47267988
 17.400000      0.51069493
 17.500000      0.54766811
 17.600000      0.58493864
 17.700000      0.62146096
 17.800000      0.65481129
 17.900000      0.68744927
 18.000000      0.72029762
 18.100000      0.75114167
 18.200000      0.78073793
 18.300000      0.81029641
 18.400000      0.83832655
 18.500000      0.86194301
 18.600000      0.88452755
 18.700000      0.90695439
 18.800000      0.92286419
 18.900000      0.93753894
 19.000000      0.95212172
 19.100000      0.96348061
 19.200000      0.97229512
 19.300000      0.97946899
 19.400000      0.98518666
 19.500000      0.99145725
 19.600000      0.99643210
 19.700000      0.99813828
 19.800000      0.99876500
 19.900000      1.00000000
 20.000000      0.99687740
 20.100000      0.99086211
 20.200000      0.98557888
 20.300000      0.97739814
 20.400000      0.96488082
 20.500000      0.95110748
 20.600000      0.93350567
 20.700000      0.91387524
 20.800000      0.89110091
 20.900000      0.86529327
 21.000000      0.83709176
 21.100000      0.80589799
 21.200000      0.77090405
 21.300000      0.73566017
 21.400000      0.69817372
 21.500000      0.65469488
 21.600000      0.61015940
 21.700000      0.56254887
 21.800000      0.51163345
 21.900000      0.45976236
 22.000000      0.40544174
 22.100000      0.35132131
 22.200000      0.29870345
 22.300000      0.24664332
 22.400000      0.19290379
 22.500000      0.13903182
 22.600000      0.08554136
 22.700000      0.03472564
 22.800000     -0.01581927
 22.900000     -0.06588332
 23.000000     -0.11490327
 23.100000     -0.16174570
 23.200000     -0.20577835
 23.300000     -0.24839632
 23.400000     -0.29069429
 23.500000     -0.33003080
 23.600000     -0.36605543
 23.700000     -0.40153209
 23.800000     -0.43340584
 23.900000     -0.45968298
 24.000000     -0.48633710
 24.100000     -0.51152747
 24.200000     -0.53245546
 24.300000     -0.55133853
 24.400000     -0.56965944
 24.500000     -0.58435276
 24.600000     -0.59641250
 24.700000     -0.60663401
 24.800000     -0.61796895
 24.900000     -0.62740514
 25.000000     -0.63278102
 25.100000     -0.63910145
 25.200000     -0.64690436
 25.300000     -0.65111574
 25.400000     -0.65391332
 25.500000     -0.65725994
 25.600000     -0.65955409
 25.700000     -0.66026679
 25.800000     -0.65992270
 25.900000     -0.65941332
 26.000000     -0.66029663
 26.100000     -0.65785243
 26.200000     -0.65278768
 26.300000     -0.65010513
 26.400000     -0.64677163
 26.500000     -0.63862518
 26.600000     -0.63148771
 26.700000     -0.62756171
 26.800000     -0.61950324
 26.900000     -0.61130311
 27.000000     -0.60277385
 27.100000     -0.59260190
 27.200000     -0.57883357
 27.300000     -0.56424127
 27.400000     -0.55218358
 27.500000     -0.54044028
 27.600000     -0.52479762
 27.700000     -0.50615749
 27.800000     -0.48987026
 27.900000     -0.47469885
 28.000000     -0.45830038
 28.100000     -0.43900449
 28.200000     -0.42209145
 28.300000     -0.40696429
 28.400000     -0.38982303
 28.500000     -0.37307963
 28.600000     -0.35768707
 28.700000     -0.34313227
 28.800000     -0.32776966
 28.900000     -0.31406997
 29.000000     -0.29998047
 29.100000     -0.28865274
 29.200000     -0.27668959
 29.300000     -0.26415013
 29.400000     -0.25217374
 29.500000     -0.24099971
 29.600000     -0.23088944
 29.700000     -0.22048689
 29.800000     -0.21105239
 29.900000     -0.20055620
 30.000000     -0.18891501
 30.100000     -0.17946624
 30.200000     -0.17048314
 30.300000     -0.16136536
 30.400000     -0.15322397
 30.500000     -0.14384541
 30.600000     -0.13439966
 30.700000     -0.12601912
 30.800000     -0.11718812
 30.900000     -0.10817621
 31.000000     -0.09966967
 31.100000     -0.09335299
 31.200000     -0.08766149
 31.300000     -0.08285414
 31.400000     -0.07895987
 31.500000     -0.07459740
 31.600000     -0.07029083
 31.700000     -0.06758752
 31.800000     -0.06497426
 31.900000     -0.06291945
 32.000000     -0.06173213
 32.100000     -0.06024403
 32.200000     -0.05814336
 32.300000     -0.05813559
 32.400000     -0.05678960
 32.500000     -0.05442292
 32.600000     -0.05189565
 32.700000     -0.05055365
 32.800000     -0.05082642
 32.900000     -0.05051485
 33.000000     -0.04861224
 33.100000     -0.04694238
 33.200000     -0.04457246
 33.300000     -0.04311643
 33.400000     -0.04300457
 33.500000     -0.04361537
 33.600000     -0.04274013
 33.700000     -0.04149819
 33.800000     -0.04094729
 33.900000     -0.04069004
 34.000000     -0.04057290
 34.100000     -0.03873538
 34.200000     -0.03682507
 34.300000     -0.03745802
 34.400000     -0.03558568
 34.500000     -0.03270987
 34.600000     -0.03122899
 34.700000     -0.02952391
 34.800000     -0.02611432
 34.900000     -0.02359705
 35.000000     -0.02156955
 35.100000     -0.01807450
 35.200000     -0.01614392
 35.300000     -0.01527629
 35.400000     -0.01469081
 35.500000     -0.01380947
 35.600000     -0.01216023
 35.700000     -0.01255834
 35.800000     -0.01364129
 35.900000     -0.01211943
 36.000000     -0.01193009
 36.100000     -0.01247404
 36.200000     -0.01047488
 36.300000     -0.00802092
 36.400000     -0.00673203
 36.500000     -0.00544813
 36.600000     -0.00314843
 36.700000     -0.00110810
 36.800000     -0.00045665
 36.900000     -0.00007294
 37.000000      0.00083325
 37.100000      0.00131333
 37.200000      0.00270601
 37.300000      0.00461955
 37.400000      0.00514823
 37.500000      0.00502562
 37.600000      0.00532666
 37.700000      0.00598443
 37.800000      0.00606957
 37.900000      0.00648996
 38.000000      0.00693422
 38.100000      0.00788942
 38.200000      0.00814475
 38.300000      0.00628980
 38.400000      0.00451313
 38.500000      0.00414598
 38.600000      0.00366781
 38.700000      0.00273245
 38.800000      0.00046377
 38.900000      0.00027192
 39.000000      0.00110858
 39.100000     -0.00075787
 39.200000     -0.00210863
 39.300000     -0.00180088
 39.400000     -0.00282490
 39.500000     -0.00485045
 39.600000     -0.00507959
 39.700000     -0.00431199
 39.800000     -0.00462177
 39.900000     -0.00569002
