  0.000000     -0.10409846
  0.100000     -0.10075803
  0.200000     -0.09675853
  0.300000     -0.09238610
  0.400000     -0.08772254
  0.500000     -0.08229407
  0.600000     -0.07621613
  0.700000     -0.06983862
  0.800000     -0.06211551
  0.900000     -0.05396649
  1.000000     -0.04523724
  1.100000     -0.03732753
  1.200000     -0.02883095
  1.300000     -0.01969117
  1.400000     -0.01108307
  1.500000     -0.00214527
  1.600000      0.00759839
  1.700000      0.01791193
  1.800000      0.02826597
  1.900000      0.03852128
  2.000000      0.04957291
  2.100000      0.06165006
  2.200000      0.07379306
  2.300000      0.08630416
  2.400000      0.09979368
  2.500000      0.11431791
  2.600000      0.12964569
  2.700000      0.14720129
  2.800000      0.16601185
  2.900000      0.18699367
  3.000000      0.20933427
  3.100000      0.23114533
  3.200000      0.25373992
  3.300000      0.27495282
  3.400000      0.29318254
  3.500000      0.31019099
  3.600000      0.32751455
  3.700000      0.34595030
  3.800000      0.36650293
  3.900000      0.38541574
  4.000000      0.40190807
  4.100000      0.41705320
  4.200000      0.43180300
  4.300000      0.44962793
  4.400000      0.46598594
  4.500000      0.47743323
  4.600000      0.48840809
  4.700000      0.50009697
  4.800000      0.51124139
  4.900000      0.52161791
  5.000000      0.53020914
  5.100000      0.53854782
  5.200000      0.54906341
  5.300000      0.56077975
  5.400000      0.57336170
  5.500000      0.58601822
  5.600000      0.59846175
  5.700000      0.61386007
  5.800000      0.62832539
  5.900000      0.64182943
  6.000000      0.65570930
  6.100000      0.67337619
  6.200000      0.69476217
  6.300000      0.71312040
  6.400000      0.73028341
  6.500000      0.74815198
  6.600000      0.76670773
  6.700000      0.78642281
  6.800000      0.80471644
  6.900000      0.82615748
  7.000000      0.85689219
  7.100000      0.89033370
  7.200000      0.91968605
  7.300000      0.94265928
  7.400000      0.96240274
  7.500000      0.97917965
  7.600000      0.98858599
  7.700000      0.99564471
  7.800000      1.00000000
  7.900000      0.99989499
  8.000000      0.99511951
  8.100000      0.98633988
  8.200000      0.97495466
  8.300000      0.95678186
  8.400000      0.93143330
  8.500000      0.89616488
  8.600000      0.85514278
  8.700000      0.81272085
  8.800000      0.76502439
  8.900000      0.70539623
  9.000000      0.65013869
  9.100000      0.61028320
  9.200000      0.56012039
  9.300000      0.50803455
  9.400000      0.45256481
  9.500000      0.41644788
  9.600000      0.37974620
  9.700000      0.33590032
  9.800000      0.30305870
  9.900000      0.27522866
 10.000000      0.23878200
 10.100000      0.21585310
 10.200000      0.18426020
 10.300000      0.15759807
 10.400000      0.13708082
 10.500000      0.11746204
 10.600000      0.09068915
 10.700000      0.06183767
 10.800000      0.03605132
 10.900000      0.01206559
 11.000000     -0.00834062
 11.100000     -0.02914980
 11.200000     -0.04746165
 11.300000     -0.06045444
 11.400000     -0.07270837
 11.500000     -0.08100548
 11.600000     -0.08799779
 11.700000     -0.09730287
 11.800000     -0.10860530
 11.900000     -0.11574298
 12.000000     -0.11932276
 12.100000     -0.12169139
 12.200000     -0.13189407
 12.300000     -0.13788438
 12.400000     -0.13955481
 12.500000     -0.13772298
 12.600000     -0.12667628
 12.700000     -0.12693979
 12.800000     -0.12655141
 12.900000     -0.12655662
 13.000000     -0.12815415
 13.100000     -0.13486453
 13.200000     -0.14262167
 13.300000     -0.14896692
 13.400000     -0.15595349
 13.500000     -0.16140280
 13.600000     -0.16517692
 13.700000     -0.16601729
 13.800000     -0.16384922
 13.900000     -0.16058287
 14.000000     -0.15239527
 14.100000     -0.14305950
 14.200000     -0.14044891
 14.300000     -0.14451116
 14.400000     -0.14656135
 14.500000     -0.14608394
 14.600000     -0.14572626
 14.700000     -0.14372215
 14.800000     -0.13583875
 14.900000     -0.12378676
 15.000000     -0.11506082
 15.100000     -0.11816880
 15.200000     -0.11781357
 15.300000     -0.10807816
 15.400000     -0.10874307
 15.500000     -0.10579005
 15.600000     -0.10144473
 15.700000     -0.09435945
 15.800000     -0.08114551
 15.900000     -0.07382594
 16.000000     -0.07004034
 16.100000     -0.05818156
 16.200000     -0.06252866
 16.300000     -0.06746984
 16.400000     -0.07067981
 16.500000     -0.07333995
 16.600000     -0.07997966
 16.700000     -0.08563579
 16.800000     -0.09038150
 16.900000     -0.08805798
 17.000000     -0.07327300
 17.100000     -0.07140240
 17.200000     -0.07341624
 17.300000     -0.06473242
 17.400000     -0.06464430
 17.500000     -0.06670756
 17.600000     -0.06922206
 17.700000     -0.07116830
 17.800000     -0.07526338
 17.900000     -0.07456674
 18.000000     -0.06681519
 18.100000     -0.06282221
 18.200000     -0.06151228
 18.300000     -0.06347730
 18.400000     -0.07493277
 18.500000     -0.07548259
 18.600000     -0.07273852
 18.700000     -0.07135580
 18.800000     -0.08738359
 18.900000     -0.07063545
 19.000000     -0.06122738
 19.100000     -0.05542977
 19.200000     -0.04989140
 19.300000     -0.04377324
 19.400000     -0.03443328
 19.500000     -0.02271903
 19.600000     -0.01382701
 19.700000     -0.00703098
 19.800000      0.00023646
 19.900000      0.00224725
 20.000000      0.00630024
 20.100000      0.00962881
 20.200000      0.01335331
 20.300000      0.01816309
 20.400000      0.02162463
 20.500000      0.02479858
 20.600000      0.02675753
 20.700000      0.02973621
 20.800000      0.03197436
 20.900000      0.03342395
 21.000000      0.03664078
 21.100000      0.03996717
 21.200000      0.04420896
 21.300000      0.04323021
 21.400000      0.05092284
 21.500000      0.07360494
 21.600000      0.08125975
 21.700000      0.08634519
 21.800000      0.08981408
 21.900000      0.08772497
 22.000000      0.08584943
 22.100000      0.08898648
 22.200000      0.08908832
 22.300000      0.08658796
 22.400000      0.08909960
 22.500000      0.09147420
 22.600000      0.08482677
 22.700000      0.08686895
 22.800000      0.08710308
 22.900000      0.08551577
 23.000000      0.08295751
 23.100000      0.07726895
 23.200000      0.07165358
 23.300000      0.06569349
 23.400000      0.05814683
 23.500000      0.04815831
 23.600000      0.04373004
 23.700000      0.03056540
 23.800000      0.02695968
 23.900000      0.01975894
 24.000000      0.02111844
 24.100000      0.02477201
 24.200000      0.02289574
 24.300000      0.01977282
 24.400000      0.01535912
 24.500000      0.01542430
 24.600000      0.02701463
 24.700000      0.02737444
 24.800000      0.02625326
 24.900000      0.02656629
 25.000000      0.02896372
 25.100000      0.02975354
 25.200000      0.03176669
 25.300000      0.03453415
 25.400000      0.03706219
 25.500000      0.03871346
 25.600000      0.03928419
 25.700000      0.03894284
 25.800000      0.03768062
 25.900000      0.03622431
 26.000000      0.03988415
 26.100000      0.04611564
 26.200000      0.05264941
 26.300000      0.05457833
 26.400000      0.05411585
 26.500000      0.05491978
 26.600000      0.05546734
 26.700000      0.05579162
 26.800000      0.05589027
 26.900000      0.05466228
 27.000000      0.05228272
 27.100000      0.04546735
 27.200000      0.04227254
 27.300000      0.04454369
 27.400000      0.04604211
 27.500000      0.04914845
 27.600000      0.05243195
 27.700000      0.05505550
 27.800000      0.05686880
 27.900000      0.05841656
 28.000000      0.06093453
 28.100000      0.06178694
 28.200000      0.06291619
 28.300000      0.06451199
 28.400000      0.06697691
 28.500000      0.06913094
 28.600000      0.07060890
 28.700000      0.07210040
 28.800000      0.07287364
 28.900000      0.07297528
 29.000000      0.07351668
 29.100000      0.07386633
 29.200000      0.07698981
 29.300000      0.07616548
 29.400000      0.07527130
 29.500000      0.07280353
 29.600000      0.07397360
 29.700000      0.07640560
 29.800000      0.07884845
 29.900000      0.08161077
 30.000000      0.08420407
 30.100000      0.08633140
 30.200000      0.08840866
 30.300000      0.09042979
 30.400000      0.09243343
 30.500000      0.09536701
 30.600000      0.09841239
 30.700000      0.10143881
 30.800000      0.10511537
 30.900000      0.10864302
 31.000000      0.11167927
 31.100000      0.11458744
 31.200000      0.12153153
 31.300000      0.12490145
 31.400000      0.12493122
 31.500000      0.11658499
 31.600000      0.11673393
 31.700000      0.11644011
 31.800000      0.11608529
 31.900000      0.11615210
 32.000000      0.11558498
 32.100000      0.11456767
 32.200000      0.11370814
 32.300000      0.11261296
 32.400000      0.11176342
 32.500000      0.11156210
 32.600000      0.11179673
 32.700000      0.11273715
 32.800000      0.11426353
 32.900000      0.11560410
 33.000000      0.11721192
 33.100000      0.11919922
 33.200000      0.12078615
 33.300000      0.12234336
 33.400000      0.12370100
 33.500000      0.12399029
 33.600000      0.12391309
 33.700000      0.12334624
 33.800000      0.12242103
 33.900000      0.12167821
 34.000000      0.11843627
 34.100000      0.11627842
 34.200000      0.11521858
 34.300000      0.09665607
 34.400000      0.09533728
 34.500000      0.09599172
 34.600000      0.09672444
 34.700000      0.09699500
 34.800000      0.09797953
 34.900000      0.09889089
 35.000000      0.09938387
 35.100000      0.10015179
 35.200000      0.10075509
 35.300000      0.10165351
 35.400000      0.10315065
 35.500000      0.10447166
 35.600000      0.10579962
 35.700000      0.10755368
 35.800000      0.10880945
 35.900000      0.11028641
 36.000000      0.11182051
 36.100000      0.11288257
 36.200000      0.11422072
 36.300000      0.11561628
 36.400000      0.11694547
 36.500000      0.11846143
 36.600000      0.11983475
 36.700000      0.12105189
 36.800000      0.12255090
 36.900000      0.12366557
 37.000000      0.12448340
 37.100000      0.12570766
 37.200000      0.12697200
 37.300000      0.12802005
 37.400000      0.12933145
 37.500000      0.13066768
 37.600000      0.13214160
 37.700000      0.13358546
 37.800000      0.13467349
 37.900000      0.13530600
 38.000000      0.13556089
 38.100000      0.13725541
 38.200000      0.14069285
 38.300000      0.14060340
 38.400000      0.14126590
 38.500000      0.14213574
 38.600000      0.13835921
 38.700000      0.13764959
 38.800000      0.13679275
 38.900000      0.13626793
 39.000000      0.13542118
 39.100000      0.13430211
 39.200000      0.13288056
 39.300000      0.13113283
 39.400000      0.12931838
 39.500000      0.12730988
 39.600000      0.12527069
 39.700000      0.12347239
 39.800000      0.12176126
 39.900000      0.12029939
