  0.000000     -0.04572066
  0.100000     -0.04672054
  0.200000     -0.04726079
  0.300000     -0.04741482
  0.400000     -0.04725138
  0.500000     -0.04695914
  0.600000     -0.04667957
  0.700000     -0.04642306
  0.800000     -0.04619278
  0.900000     -0.04604599
  1.000000     -0.04607107
  1.100000     -0.04634506
  1.200000     -0.04691379
  1.300000     -0.04765786
  1.400000     -0.04837094
  1.500000     -0.04884365
  1.600000     -0.04910294
  1.700000     -0.04923806
  1.800000     -0.04935579
  1.900000     -0.04944601
  2.000000     -0.04940957
  2.100000     -0.04906889
  2.200000     -0.04828998
  2.300000     -0.04707575
  2.400000     -0.04553631
  2.500000     -0.04388868
  2.600000     -0.04225584
  2.700000     -0.04065704
  2.800000     -0.03903346
  2.900000     -0.03737036
  3.000000     -0.03636862
  3.100000     -0.03554928
  3.200000     -0.03454884
  3.300000     -0.03334089
  3.400000     -0.03187821
  3.500000     -0.03015103
  3.600000     -0.02848773
  3.700000     -0.02729860
  3.800000     -0.02661425
  3.900000     -0.02621866
  4.000000     -0.02628282
  4.100000     -0.02676449
  4.200000     -0.02743621
  4.300000     -0.02807352
  4.400000     -0.02853368
  4.500000     -0.02871030
  4.600000     -0.02876550
  4.700000     -0.02850664
  4.800000     -0.02801628
  4.900000     -0.02765618
  5.000000     -0.02739459
  5.100000     -0.02703387
  5.200000     -0.02709783
  5.300000     -0.02757000
  5.400000     -0.02848297
  5.500000     -0.02960359
  5.600000     -0.03030685
  5.700000     -0.03041494
  5.800000     -0.03021165
  5.900000     -0.02958191
  6.000000     -0.02832354
  6.100000     -0.02684383
  6.200000     -0.02540316
  6.300000     -0.02447072
  6.400000     -0.02335668
  6.500000     -0.02242276
  6.600000     -0.02151041
  6.700000     -0.02045314
  6.800000     -0.01936532
  6.900000     -0.01826946
  7.000000     -0.01680562
  7.100000     -0.01586203
  7.200000     -0.01455982
  7.300000     -0.01309607
  7.400000     -0.01177546
  7.500000     -0.01033548
  7.600000     -0.00940527
  7.700000     -0.00889826
  7.800000     -0.00860003
  7.900000     -0.00863476
  8.000000     -0.00876696
  8.100000     -0.00842541
  8.200000     -0.00797490
  8.300000     -0.00735183
  8.400000     -0.00699204
  8.500000     -0.00654359
  8.600000     -0.00691422
  8.700000     -0.00778409
  8.800000     -0.00966640
  8.900000     -0.01236785
  9.000000     -0.01525632
  9.100000     -0.01879153
  9.200000     -0.02243543
  9.300000     -0.02570371
  9.400000     -0.02896019
  9.500000     -0.03154408
  9.600000     -0.03297241
  9.700000     -0.03340423
  9.800000     -0.03332179
  9.900000     -0.03305842
 10.000000     -0.03315817
 10.100000     -0.03296474
 10.200000     -0.03287343
 10.300000     -0.03277787
 10.400000     -0.03275701
 10.500000     -0.03244093
 10.600000     -0.03140189
 10.700000     -0.03015446
 10.800000     -0.02813911
 10.900000     -0.02481541
 11.000000     -0.02103068
 11.100000     -0.01715809
 11.200000     -0.01303886
 11.300000     -0.00907700
 11.400000     -0.00569299
 11.500000     -0.00331340
 11.600000     -0.00183469
 11.700000     -0.00129636
 11.800000     -0.00068137
 11.900000      0.00022773
 12.000000      0.00147852
 12.100000      0.00298747
 12.200000      0.00516507
 12.300000      0.00735185
 12.400000      0.01001597
 12.500000      0.01314288
 12.600000      0.01614278
 12.700000      0.02001549
 12.800000      0.02384327
 12.900000      0.02752888
 13.000000      0.03148666
 13.100000      0.03509225
 13.200000      0.03937287
 13.300000      0.04337497
 13.400000      0.04745426
 13.500000      0.05152226
 13.600000      0.05482680
 13.700000      0.05744327
 13.800000      0.06010120
 13.900000      0.06327827
 14.000000      0.06708585
 14.100000      0.07194122
 14.200000      0.07740524
 14.300000      0.08368822
 14.400000      0.09083822
 14.500000      0.09843273
 14.600000      0.10710916
 14.700000      0.11626662
 14.800000      0.12581580
 14.900000      0.13651462
 15.000000      0.14774769
 15.100000      0.16002862
 15.200000      0.17374912
 15.300000      0.18903049
 15.400000      0.20533937
 15.500000      0.22322241
 15.600000      0.24160599
 15.700000      0.26064159
 15.800000      0.28035663
 15.900000      0.30028067
 16.000000      0.32121864
 16.100000      0.34261241
 16.200000      0.36502786
 16.300000      0.38824203
 16.400000      0.41207965
 16.500000      0.43701699
 16.600000      0.46197271
 16.700000      0.48692417
 16.800000      0.51176424
 16.900000      0.53647505
 17.000000      0.56150275
 17.100000      0.58622124
 17.200000      0.61062776
 17.300000      0.63464282
 17.400000      0.65812811
 17.500000      0.68112961
 17.600000      0.70397411
 17.700000      0.72625019
 17.800000      0.74792920
 17.900000      0.76885962
 18.000000      0.78916226
 18.100000      0.80884718
 18.200000      0.82713470
 18.300000      0.84425952
 18.400000      0.86057017
 18.500000      0.87554029
 18.600000      0.88967526
 18.700000      0.90281003
 18.800000      0.91556713
 18.900000      0.92736177
 19.000000      0.93857288
 19.100000      0.94916411
 19.200000      0.95882340
 19.300000      0.96795459
 19.400000      0.97628538
 19.500000      0.98298536
 19.600000      0.98794276
 19.700000      0.99107963
 19.800000      0.99325749
 19.900000      0.99543159
 20.000000      0.99736216
 20.100000      0.99883034
 20.200000      1.00000000
 20.300000      0.99994181
 20.400000      0.99927954
 20.500000      0.99822306
 20.600000      0.99653530
 20.700000      0.99435449
 20.800000      0.99127575
 20.900000      0.98678701
 21.000000      0.98148779
 21.100000      0.97515705
 21.200000      0.96803352
 21.300000      0.95994441
 21.400000      0.95092909
 21.500000      0.94082857
 21.600000      0.92960016
 21.700000      0.91657802
 21.800000      0.90205809
 21.900000      0.88567549
 22.000000      0.86723718
 22.100000      0.84688501
 22.200000      0.82384080
 22.300000      0.79861160
 22.400000      0.77050536
 22.500000      0.74033821
 22.600000      0.70805541
 22.700000      0.67413114
 22.800000      0.63804570
 22.900000      0.60296882
 23.000000      0.56684572
 23.100000      0.53310021
 23.200000      0.49909469
 23.300000      0.46427211
 23.400000      0.42973923
 23.500000      0.39709916
 23.600000      0.36139570
 23.700000      0.32835803
 23.800000      0.29343825
 23.900000      0.26081252
 24.000000      0.22681081
 24.100000      0.19582375
 24.200000      0.16506554
 24.300000      0.13251937
 24.400000      0.10322629
 24.500000      0.07745402
 24.600000      0.05059333
 24.700000      0.02303751
 24.800000     -0.00412098
 24.900000     -0.03152583
 25.000000     -0.05718341
 25.100000     -0.08076649
 25.200000     -0.10559702
 25.300000     -0.12883096
 25.400000     -0.15364023
 25.500000     -0.18041807
 25.600000     -0.20262041
 25.700000     -0.22753598
 25.800000     -0.25304219
 25.900000     -0.27421781
 26.000000     -0.29784200
 26.100000     -0.31915586
 26.200000     -0.34055211
 26.300000     -0.36156961
 26.400000     -0.38063263
 26.500000     -0.39877128
 26.600000     -0.41557874
 26.700000     -0.42983667
 26.800000     -0.44538651
 26.900000     -0.46177578
 27.000000     -0.47845285
 27.100000     -0.49278221
 27.200000     -0.50588161
 27.300000     -0.51923537
 27.400000     -0.53248549
 27.500000     -0.54634428
 27.600000     -0.56045307
 27.700000     -0.57298601
 27.800000     -0.58468231
 27.900000     -0.59709024
 28.000000     -0.60963532
 28.100000     -0.62120564
 28.200000     -0.62940360
 28.300000     -0.63825428
 28.400000     -0.65060315
 28.500000     -0.66530154
 28.600000     -0.67916352
 28.700000     -0.69157663
 28.800000     -0.70605705
 28.900000     -0.72232163
 29.000000     -0.73804286
 29.100000     -0.75326809
 29.200000     -0.77157115
 29.300000     -0.79001658
 29.400000     -0.80441952
 29.500000     -0.82014023
 29.600000     -0.83507657
 29.700000     -0.84977056
 29.800000     -0.86091436
 29.900000     -0.86996688
 30.000000     -0.87520403
 30.100000     -0.88532987
 30.200000     -0.89508373
 30.300000     -0.90278501
 30.400000     -0.91282493
 30.500000     -0.91997180
 30.600000     -0.92602470
 30.700000     -0.93093953
 30.800000     -0.93451362
 30.900000     -0.93658696
 31.000000     -0.93743621
 31.100000     -0.93849090
 31.200000     -0.93933987
 31.300000     -0.94003041
 31.400000     -0.94056652
 31.500000     -0.94094438
 31.600000     -0.94119858
 31.700000     -0.94101358
 31.800000     -0.94043132
 31.900000     -0.93882479
 32.000000     -0.93649976
 32.100000     -0.93300132
 32.200000     -0.92844658
 32.300000     -0.92315687
 32.400000     -0.91735873
 32.500000     -0.91081813
 32.600000     -0.90379505
 32.700000     -0.89585542
 32.800000     -0.88759410
 32.900000     -0.87879313
 33.000000     -0.86945549
 33.100000     -0.85972743
 33.200000     -0.84991458
 33.300000     -0.84024174
 33.400000     -0.83012585
 33.500000     -0.82016658
 33.600000     -0.81013569
 33.700000     -0.80038658
 33.800000     -0.79140861
 33.900000     -0.78297703
 34.000000     -0.77565934
 34.100000     -0.76902630
 34.200000     -0.76306969
 34.300000     -0.75857724
 34.400000     -0.75445560
 34.500000     -0.75082272
 34.600000     -0.74758261
 34.700000     -0.74442021
 34.800000     -0.74118269
 34.900000     -0.73740744
 35.000000     -0.73341144
 35.100000     -0.72887094
 35.200000     -0.72435307
 35.300000     -0.72015324
 35.400000     -0.71528976
 35.500000     -0.71061744
 35.600000     -0.70644069
 35.700000     -0.70185379
 35.800000     -0.69759091
 35.900000     -0.69365064
 36.000000     -0.68992990
 36.100000     -0.68646316
 36.200000     -0.68289455
 36.300000     -0.67932228
 36.400000     -0.67593905
 36.500000     -0.67268241
 36.600000     -0.66969515
 36.700000     -0.66682401
 36.800000     -0.66409524
 36.900000     -0.66154717
 37.000000     -0.65984402
 37.100000     -0.65824544
 37.200000     -0.65728236
 37.300000     -0.65654171
 37.400000     -0.65588817
 37.500000     -0.65518146
 37.600000     -0.65423124
 37.700000     -0.65289396
 37.800000     -0.65107512
 37.900000     -0.64882306
 38.000000     -0.64632991
 38.100000     -0.64378072
 38.200000     -0.64137910
 38.300000     -0.63921925
 38.400000     -0.63732229
 38.500000     -0.63549554
 38.600000     -0.63412420
 38.700000     -0.63268780
 38.800000     -0.63108180
 38.900000     -0.62950863
 39.000000     -0.62799637
 39.100000     -0.62662490
 39.200000     -0.62548679
 39.300000     -0.62482293
 39.400000     -0.62479784
 39.500000     -0.62543832
 39.600000     -0.62671383
 39.700000     -0.62848613
 39.800000     -0.63058407
 39.900000     -0.63273452
