  0.000000     -0.04844083
  0.100000     -0.04821740
  0.200000     -0.04781556
  0.300000     -0.04755286
  0.400000     -0.04749909
  0.500000     -0.04746139
  0.600000     -0.04743660
  0.700000     -0.04742508
  0.800000     -0.04743049
  0.900000     -0.04745822
  1.000000     -0.04750351
  1.100000     -0.04756544
  1.200000     -0.04765197
  1.300000     -0.04776648
  1.400000     -0.04792664
  1.500000     -0.04810999
  1.600000     -0.04831659
  1.700000     -0.05080380
  1.800000     -0.05138854
  1.900000     -0.05071460
  2.000000     -0.04922904
  2.100000     -0.04907073
  2.200000     -0.04924889
  2.300000     -0.04944246
  2.400000     -0.04965170
  2.500000     -0.04988090
  2.600000     -0.05012694
  2.700000     -0.05039796
  2.800000     -0.05069133
  2.900000     -0.05101121
  3.000000     -0.05136057
  3.100000     -0.05134904
  3.200000     -0.05156032
  3.300000     -0.05197907
  3.400000     -0.05243726
  3.500000     -0.05293771
  3.600000     -0.05347845
  3.700000     -0.05406740
  3.800000     -0.05409262
  3.900000     -0.05388540
  4.000000     -0.05468233
  4.100000     -0.05554062
  4.200000     -0.05645476
  4.300000     -0.05741667
  4.400000     -0.05843002
  4.500000     -0.05911611
  4.600000     -0.05878389
  4.700000     -0.06021546
  4.800000     -0.06169602
  4.900000     -0.06321385
  5.000000     -0.06476046
  5.100000     -0.06654295
  5.200000     -0.07001863
  5.300000     -0.07164017
  5.400000     -0.07325666
  5.500000     -0.07486951
  5.600000     -0.07647374
  5.700000     -0.07783479
  5.800000     -0.07895388
  5.900000     -0.08184026
  6.000000     -0.08543619
  6.100000     -0.08692249
  6.200000     -0.08835506
  6.300000     -0.08973475
  6.400000     -0.09106563
  6.500000     -0.09233226
  6.600000     -0.09473921
  6.700000     -0.09897749
  6.800000     -0.10005550
  6.900000     -0.10108989
  7.000000     -0.10207176
  7.100000     -0.10300188
  7.200000     -0.10409541
  7.300000     -0.10526039
  7.400000     -0.10647006
  7.500000     -0.10771166
  7.600000     -0.10898044
  7.700000     -0.11029609
  7.800000     -0.11165162
  7.900000     -0.11306841
  8.000000     -0.11453192
  8.100000     -0.11605490
  8.200000     -0.11763298
  8.300000     -0.11926266
  8.400000     -0.12093006
  8.500000     -0.12264190
  8.600000     -0.12438299
  8.700000     -0.12705555
  8.800000     -0.12885691
  8.900000     -0.13053034
  9.000000     -0.13218586
  9.100000     -0.13380314
  9.200000     -0.13538168
  9.300000     -0.13689622
  9.400000     -0.13835796
  9.500000     -0.13975383
  9.600000     -0.14106667
  9.700000     -0.14230678
  9.800000     -0.14347548
  9.900000     -0.14688163
 10.000000     -0.15021286
 10.100000     -0.15115334
 10.200000     -0.15200752
 10.300000     -0.15125197
 10.400000     -0.15210955
 10.500000     -0.15291747
 10.600000     -0.15368290
 10.700000     -0.15441027
 10.800000     -0.15509350
 10.900000     -0.15571274
 11.000000     -0.15627010
 11.100000     -0.15675197
 11.200000     -0.15713354
 11.300000     -0.15739972
 11.400000     -0.15752414
 11.500000     -0.15747733
 11.600000     -0.15723739
 11.700000     -0.15676463
 11.800000     -0.15602639
 11.900000     -0.15498677
 12.000000     -0.15361669
 12.100000     -0.15187613
 12.200000     -0.14972067
 12.300000     -0.14713058
 12.400000     -0.14407504
 12.500000     -0.14049648
 12.600000     -0.13636688
 12.700000     -0.13168229
 12.800000     -0.12638026
 12.900000     -0.12044372
 13.000000     -0.11383858
 13.100000     -0.10655674
 13.200000     -0.09856055
 13.300000     -0.08984115
 13.400000     -0.08036295
 13.500000     -0.07012262
 13.600000     -0.05912157
 13.700000     -0.04735622
 13.800000     -0.03476693
 13.900000     -0.02140669
 14.000000     -0.00727175
 14.100000      0.00765490
 14.200000      0.02335918
 14.300000      0.03981236
 14.400000      0.05703062
 14.500000      0.07500029
 14.600000      0.09368617
 14.700000      0.11309172
 14.800000      0.13320211
 14.900000      0.15398092
 15.000000      0.17541266
 15.100000      0.19747870
 15.200000      0.22015249
 15.300000      0.24339988
 15.400000      0.26719998
 15.500000      0.29150353
 15.600000      0.31628379
 15.700000      0.34150237
 15.800000      0.36711601
 15.900000      0.39306919
 16.000000      0.41931378
 16.100000      0.44579828
 16.200000      0.47245813
 16.300000      0.49923019
 16.400000      0.52604489
 16.500000      0.55282973
 16.600000      0.57950900
 16.700000      0.60600403
 16.800000      0.63223457
 16.900000      0.65811564
 17.000000      0.68356101
 17.100000      0.70849077
 17.200000      0.73281983
 17.300000      0.75646110
 17.400000      0.77933711
 17.500000      0.80136596
 17.600000      0.82250967
 17.700000      0.84264504
 17.800000      0.86175730
 17.900000      0.87977574
 18.000000      0.89664967
 18.100000      0.91232240
 18.200000      0.92682070
 18.300000      0.94003111
 18.400000      0.95196498
 18.500000      0.96261057
 18.600000      0.97192747
 18.700000      0.97992079
 18.800000      0.98661211
 18.900000      0.99195657
 19.000000      0.99595320
 19.100000      0.99862895
 19.200000      1.00000000
 19.300000      0.99997487
 19.400000      0.99862639
 19.500000      0.99597323
 19.600000      0.99194322
 19.700000      0.98660920
 19.800000      0.97990226
 19.900000      0.97181775
 20.000000      0.94982889
 20.100000      0.93886175
 20.200000      0.92666335
 20.300000      0.91338823
 20.400000      0.89911815
 20.500000      0.88378652
 20.600000      0.86743399
 20.700000      0.85016348
 20.800000      0.83194160
 20.900000      0.81272097
 21.000000      0.79250604
 21.100000      0.77127946
 21.200000      0.74892232
 21.300000      0.72539373
 21.400000      0.70060316
 21.500000      0.67449451
 21.600000      0.64699732
 21.700000      0.61813415
 21.800000      0.58786904
 21.900000      0.55624935
 22.000000      0.52336051
 22.100000      0.48933943
 22.200000      0.45429707
 22.300000      0.41841216
 22.400000      0.38190566
 22.500000      0.34489210
 22.600000      0.30752035
 22.700000      0.26992766
 22.800000      0.23227249
 22.900000      0.19464977
 23.000000      0.15715011
 23.100000      0.11991993
 23.200000      0.08307752
 23.300000      0.04667426
 23.400000      0.01075095
 23.500000     -0.02463559
 23.600000     -0.05948395
 23.700000     -0.09379210
 23.800000     -0.12749374
 23.900000     -0.16062322
 24.000000     -0.19321970
 24.100000     -0.22525108
 24.200000     -0.25673713
 24.300000     -0.28768225
 24.400000     -0.31797996
 24.500000     -0.34755039
 24.600000     -0.37629770
 24.700000     -0.40407811
 24.800000     -0.43068858
 24.900000     -0.45605204
 25.000000     -0.48001825
 25.100000     -0.50248987
 25.200000     -0.52343191
 25.300000     -0.54285440
 25.400000     -0.56066479
 25.500000     -0.57693097
 25.600000     -0.59169294
 25.700000     -0.60490725
 25.800000     -0.61656859
 25.900000     -0.62675227
 26.000000     -0.63554664
 26.100000     -0.64301669
 26.200000     -0.64921884
 26.300000     -0.65432614
 26.400000     -0.65845847
 26.500000     -0.66171416
 26.600000     -0.66404163
 26.700000     -0.66529625
 26.800000     -0.66555266
 26.900000     -0.66479779
 27.000000     -0.66301320
 27.100000     -0.66036633
 27.200000     -0.65689912
 27.300000     -0.65255024
 27.400000     -0.64739765
 27.500000     -0.64154452
 27.600000     -0.63499649
 27.700000     -0.62773871
 27.800000     -0.61984477
 27.900000     -0.61139691
 28.000000     -0.60234815
 28.100000     -0.59278393
 28.200000     -0.58274146
 28.300000     -0.57224332
 28.400000     -0.56132505
 28.500000     -0.55005518
 28.600000     -0.53845362
 28.700000     -0.52657118
 28.800000     -0.51447705
 28.900000     -0.50219830
 29.000000     -0.48979555
 29.100000     -0.47731404
 29.200000     -0.46415939
 29.300000     -0.45165453
 29.400000     -0.43921829
 29.500000     -0.42689162
 29.600000     -0.41471418
 29.700000     -0.40271813
 29.800000     -0.39095459
 29.900000     -0.37945103
 30.000000     -0.36821329
 30.100000     -0.35727209
 30.200000     -0.34668815
 30.300000     -0.33641743
 30.400000     -0.32645454
 30.500000     -0.31684598
 30.600000     -0.30758950
 30.700000     -0.29864317
 30.800000     -0.29000235
 30.900000     -0.28173401
 31.000000     -0.27376499
 31.100000     -0.26604615
 31.200000     -0.25861775
 31.300000     -0.25147313
 31.400000     -0.24460491
 31.500000     -0.23798589
 31.600000     -0.22670288
 31.700000     -0.22060130
 31.800000     -0.21473068
 31.900000     -0.20909018
 32.000000     -0.20367155
 32.100000     -0.19847934
 32.200000     -0.19351476
 32.300000     -0.18879050
 32.400000     -0.18425286
 32.500000     -0.17996005
 32.600000     -0.17618773
 32.700000     -0.17262722
 32.800000     -0.16925952
 32.900000     -0.16610105
 33.000000     -0.16316048
 33.100000     -0.16042097
 33.200000     -0.15786943
 33.300000     -0.15593140
 33.400000     -0.15419475
 33.500000     -0.14670707
 33.600000     -0.14515521
 33.700000     -0.14371741
 33.800000     -0.14239056
 33.900000     -0.14113000
 34.000000     -0.13996823
 34.100000     -0.13909009
 34.200000     -0.13825818
 34.300000     -0.13751102
 34.400000     -0.13681455
 34.500000     -0.13639541
 34.600000     -0.13621708
 34.700000     -0.13602589
 34.800000     -0.13581302
 34.900000     -0.13556688
 35.000000     -0.13529318
 35.100000     -0.13540723
 35.200000     -0.13548657
 35.300000     -0.13552028
 35.400000     -0.13551061
 35.500000     -0.13545025
 35.600000     -0.13533130
 35.700000     -0.13513739
 35.800000     -0.13492354
 35.900000     -0.13464741
 36.000000     -0.13430326
 36.100000     -0.13387184
 36.200000     -0.13335946
 36.300000     -0.13277297
 36.400000     -0.13211083
 36.500000     -0.13135669
 36.600000     -0.13051301
 36.700000     -0.12958627
 36.800000     -0.12858197
 36.900000     -0.12748686
 37.000000     -0.12629210
 37.100000     -0.12501678
 37.200000     -0.12365805
 37.300000     -0.12220335
 37.400000     -0.12702924
 37.500000     -0.12717704
 37.600000     -0.12569150
 37.700000     -0.12410167
 37.800000     -0.12243267
 37.900000     -0.12068739
 38.000000     -0.11885403
 38.100000     -0.11694644
 38.200000     -0.11496868
 38.300000     -0.11292104
 38.400000     -0.11081650
 38.500000     -0.10865911
 38.600000     -0.10646927
 38.700000     -0.10427042
 38.800000     -0.10245558
 38.900000     -0.10063674
 39.000000     -0.09880560
 39.100000     -0.09697586
 39.200000     -0.09523123
 39.300000     -0.09352994
 39.400000     -0.09185457
 39.500000     -0.09021004
 39.600000     -0.08860606
 39.700000     -0.08705850
 39.800000     -0.08557109
 39.900000     -0.08414972
