  0.000000     -0.03813779
  0.100000     -0.03513912
  0.200000     -0.03237624
  0.300000     -0.02990457
  0.400000     -0.02776991
  0.500000     -0.02602084
  0.600000     -0.02460400
  0.700000     -0.02338391
  0.800000     -0.02227474
  0.900000     -0.02106653
  1.000000     -0.01981797
  1.100000     -0.01834424
  1.200000     -0.01699073
  1.300000     -0.01577107
  1.400000     -0.01475031
  1.500000     -0.01422104
  1.600000     -0.01386545
  1.700000     -0.01410291
  1.800000     -0.01467077
  1.900000     -0.01572716
  2.000000     -0.01712559
  2.100000     -0.01876796
  2.200000     -0.02055432
  2.300000     -0.02229438
  2.400000     -0.02389957
  2.500000     -0.02526714
  2.600000     -0.02629822
  2.700000     -0.02701690
  2.800000     -0.02732989
  2.900000     -0.02743054
  3.000000     -0.02726820
  3.100000     -0.02692748
  3.200000     -0.02653700
  3.300000     -0.02591621
  3.400000     -0.02532249
  3.500000     -0.02451419
  3.600000     -0.02368310
  3.700000     -0.02280086
  3.800000     -0.02177483
  3.900000     -0.02077624
  4.000000     -0.01967599
  4.100000     -0.01852060
  4.200000     -0.01725475
  4.300000     -0.01592458
  4.400000     -0.01455095
  4.500000     -0.01314195
  4.600000     -0.01180234
  4.700000     -0.01058624
  4.800000     -0.00950033
  4.900000     -0.00855615
  5.000000     -0.00767332
  5.100000     -0.00674231
  5.200000     -0.00566521
  5.300000     -0.00425770
  5.400000     -0.00252522
  5.500000     -0.00050583
  5.600000      0.00182912
  5.700000      0.00409983
  5.800000      0.00638745
  5.900000      0.00739713
  6.000000      0.00709275
  6.100000      0.00538486
  6.200000      0.00256210
  6.300000     -0.00087157
  6.400000     -0.00427244
  6.500000     -0.00723800
  6.600000     -0.00978922
  6.700000     -0.01230313
  6.800000     -0.01502671
  6.900000     -0.01791061
  7.000000     -0.02095531
  7.100000     -0.02429074
  7.200000     -0.02775974
  7.300000     -0.03118926
  7.400000     -0.03472500
  7.500000     -0.03794549
  7.600000     -0.04047579
  7.700000     -0.04232406
  7.800000     -0.04362317
  7.900000     -0.04440399
  8.000000     -0.04469682
  8.100000     -0.04479528
  8.200000     -0.04500913
  8.300000     -0.04568940
  8.400000     -0.04693353
  8.500000     -0.04851451
  8.600000     -0.05017380
  8.700000     -0.05142818
  8.800000     -0.05200076
  8.900000     -0.05193032
  9.000000     -0.05131857
  9.100000     -0.05037087
  9.200000     -0.04928974
  9.300000     -0.04832642
  9.400000     -0.04805549
  9.500000     -0.04854198
  9.600000     -0.04973966
  9.700000     -0.05130592
  9.800000     -0.05298390
  9.900000     -0.05468148
 10.000000     -0.05646524
 10.100000     -0.05801426
 10.200000     -0.05918975
 10.300000     -0.05997333
 10.400000     -0.06033834
 10.500000     -0.06051146
 10.600000     -0.06042783
 10.700000     -0.05973573
 10.800000     -0.05833941
 10.900000     -0.05608790
 11.000000     -0.05361692
 11.100000     -0.05090336
 11.200000     -0.04812440
 11.300000     -0.04487069
 11.400000     -0.04115586
 11.500000     -0.03765876
 11.600000     -0.03440083
 11.700000     -0.03195708
 11.800000     -0.03027164
 11.900000     -0.02946202
 12.000000     -0.02948597
 12.100000     -0.03012829
 12.200000     -0.03060429
 12.300000     -0.03055259
 12.400000     -0.02980706
 12.500000     -0.02817886
 12.600000     -0.02592624
 12.700000     -0.02337939
 12.800000     -0.02092555
 12.900000     -0.01895789
 13.000000     -0.01738237
 13.100000     -0.01574955
 13.200000     -0.01486193
 13.300000     -0.01545893
 13.400000     -0.01707294
 13.500000     -0.01951691
 13.600000     -0.02246087
 13.700000     -0.02630616
 13.800000     -0.03094145
 13.900000     -0.03668733
 14.000000     -0.04332902
 14.100000     -0.05112448
 14.200000     -0.06021688
 14.300000     -0.06983162
 14.400000     -0.07900365
 14.500000     -0.08793987
 14.600000     -0.09582688
 14.700000     -0.10274885
 14.800000     -0.10869805
 14.900000     -0.11348970
 15.000000     -0.11673910
 15.100000     -0.11886415
 15.200000     -0.12027808
 15.300000     -0.12195699
 15.400000     -0.12425530
 15.500000     -0.12616394
 15.600000     -0.12792615
 15.700000     -0.13004297
 15.800000     -0.13075278
 15.900000     -0.13215266
 16.000000     -0.13343511
 16.100000     -0.13451350
 16.200000     -0.13541114
 16.300000     -0.13594060
 16.400000     -0.13608489
 16.500000     -0.13590620
 16.600000     -0.13617510
 16.700000     -0.13725719
 16.800000     -0.13991967
 16.900000     -0.14406051
 17.000000     -0.14867285
 17.100000     -0.15278336
 17.200000     -0.15527122
 17.300000     -0.15568245
 17.400000     -0.15423670
 17.500000     -0.15152653
 17.600000     -0.14799827
 17.700000     -0.14420600
 17.800000     -0.14018180
 17.900000     -0.13608770
 18.000000     -0.13206832
 18.100000     -0.12782951
 18.200000     -0.12390398
 18.300000     -0.12073988
 18.400000     -0.11817215
 18.500000     -0.11559112
 18.600000     -0.11277201
 18.700000     -0.10903434
 18.800000     -0.10465797
 18.900000     -0.10059854
 19.000000     -0.09696560
 19.100000     -0.09377795
 19.200000     -0.09053757
 19.300000     -0.08615239
 19.400000     -0.08189998
 19.500000     -0.07702483
 19.600000     -0.07180394
 19.700000     -0.06534119
 19.800000     -0.05816546
 19.900000     -0.05079713
 20.000000     -0.04371419
 20.100000     -0.03691040
 20.200000     -0.03047907
 20.300000     -0.02415046
 20.400000     -0.01719579
 20.500000     -0.00953315
 20.600000     -0.00061402
 20.700000      0.00914309
 20.800000      0.01903111
 20.900000      0.02729918
 21.000000      0.03263886
 21.100000      0.03482832
 21.200000      0.03431915
 21.300000      0.03162644
 21.400000      0.02801723
 21.500000      0.02365524
 21.600000      0.01936729
 21.700000      0.01502337
 21.800000      0.01108018
 21.900000      0.00689855
 22.000000      0.00199298
 22.100000     -0.00368067
 22.200000     -0.01072653
 22.300000     -0.01841471
 22.400000     -0.02674774
 22.500000     -0.03635709
 22.600000     -0.04721710
 22.700000     -0.05903617
 22.800000     -0.06998265
 22.900000     -0.07966929
 23.000000     -0.08792082
 23.100000     -0.09531075
 23.200000     -0.10178932
 23.300000     -0.10857054
 23.400000     -0.11387447
 23.500000     -0.11803629
 23.600000     -0.12112634
 23.700000     -0.12345149
 23.800000     -0.12512129
 23.900000     -0.12589016
 24.000000     -0.12647923
 24.100000     -0.12628876
 24.200000     -0.12416179
 24.300000     -0.11968468
 24.400000     -0.11299273
 24.500000     -0.10463779
 24.600000     -0.09557854
 24.700000     -0.08688839
 24.800000     -0.07909437
 24.900000     -0.07208083
 25.000000     -0.06413858
 25.100000     -0.05515817
 25.200000     -0.04650747
 25.300000     -0.03833395
 25.400000     -0.03003566
 25.500000     -0.02218556
 25.600000     -0.01331311
 25.700000     -0.00421915
 25.800000      0.00598146
 25.900000      0.01733980
 26.000000      0.02604460
 26.100000      0.03145175
 26.200000      0.03619983
 26.300000      0.03973879
 26.400000      0.04062456
 26.500000      0.04093302
 26.600000      0.04165547
 26.700000      0.04291018
 26.800000      0.04498432
 26.900000      0.04732418
 27.000000      0.05392874
 27.100000      0.06506666
 27.200000      0.08036555
 27.300000      0.09919767
 27.400000      0.11944786
 27.500000      0.14426841
 27.600000      0.17076658
 27.700000      0.19459781
 27.800000      0.22420496
 27.900000      0.25570904
 28.000000      0.28402806
 28.100000      0.30747795
 28.200000      0.32554235
 28.300000      0.34119176
 28.400000      0.35294101
 28.500000      0.36583899
 28.600000      0.38113051
 28.700000      0.39793190
 28.800000      0.41815611
 28.900000      0.43734599
 29.000000      0.45674168
 29.100000      0.48038183
 29.200000      0.50444697
 29.300000      0.53414124
 29.400000      0.57067656
 29.500000      0.60437222
 29.600000      0.62737993
 29.700000      0.64420391
 29.800000      0.66109516
 29.900000      0.67758689
 30.000000      0.69605336
 30.100000      0.71648384
 30.200000      0.73957786
 30.300000      0.76910204
 30.400000      0.80237933
 30.500000      0.83597669
 30.600000      0.87136869
 30.700000      0.91373664
 30.800000      0.95126586
 30.900000      0.98103831
 31.000000      0.99573294
 31.100000      0.99924096
 31.200000      1.00000000
 31.300000      0.99843152
 31.400000      0.99154777
 31.500000      0.98049788
 31.600000      0.96679792
 31.700000      0.95236081
 31.800000      0.93096358
 31.900000      0.90207408
 32.000000      0.87605882
 32.100000      0.85245919
 32.200000      0.82595794
 32.300000      0.80069517
 32.400000      0.78223336
 32.500000      0.76950450
 32.600000      0.76291389
 32.700000      0.75847440
 32.800000      0.75129903
 32.900000      0.74671208
 33.000000      0.74240385
 33.100000      0.73560942
 33.200000      0.72522634
 33.300000      0.70996058
 33.400000      0.69079720
 33.500000      0.66639611
 33.600000      0.63825119
 33.700000      0.60294638
 33.800000      0.57104024
 33.900000      0.53984504
 34.000000      0.50538029
 34.100000      0.46391049
 34.200000      0.41964284
 34.300000      0.37844543
 34.400000      0.33678101
 34.500000      0.29541590
 34.600000      0.25581247
 34.700000      0.21691267
 34.800000      0.18235237
 34.900000      0.14995564
 35.000000      0.11860293
 35.100000      0.08581425
 35.200000      0.05640297
 35.300000      0.03125460
 35.400000      0.01150591
 35.500000     -0.00499656
 35.600000     -0.01959509
 35.700000     -0.03073618
 35.800000     -0.04224767
 35.900000     -0.05626507
 36.000000     -0.07313102
 36.100000     -0.08970172
 36.200000     -0.10662309
 36.300000     -0.12465960
 36.400000     -0.14401845
 36.500000     -0.16209377
 36.600000     -0.17897452
 36.700000     -0.19295173
 36.800000     -0.20160266
 36.900000     -0.20705148
 37.000000     -0.21262015
 37.100000     -0.21891953
 37.200000     -0.22238172
 37.300000     -0.22344724
 37.400000     -0.22082892
 37.500000     -0.21198232
 37.600000     -0.19749171
 37.700000     -0.17844200
 37.800000     -0.15418211
 37.900000     -0.12536064
 38.000000     -0.09479893
 38.100000     -0.06328797
 38.200000     -0.03194804
 38.300000     -0.00405214
 38.400000      0.00201344
 38.500000      0.00172714
 38.600000     -0.00339246
 38.700000     -0.01132662
 38.800000     -0.02637335
 38.900000     -0.04636127
 39.000000     -0.05462701
 39.100000     -0.05987073
 39.200000     -0.06557956
 39.300000     -0.07211635
 39.400000     -0.07893290
 39.500000     -0.08570785
 39.600000     -0.09235106
 39.700000     -0.09890756
 39.800000     -0.10528185
 39.900000     -0.11153997
