  0.000000     -0.00321436
  0.100000     -0.00344365
  0.200000     -0.00361282
  0.300000     -0.00375691
  0.400000     -0.00380967
  0.500000     -0.00394003
  0.600000     -0.00420614
  0.700000     -0.00446583
  0.800000     -0.00460811
  0.900000     -0.00469661
  1.000000     -0.00483534
  1.100000     -0.00479669
  1.200000     -0.00456515
  1.300000     -0.00465318
  1.400000     -0.00469443
  1.500000     -0.00447269
  1.600000     -0.00450287
  1.700000     -0.00472028
  1.800000     -0.00477256
  1.900000     -0.00484226
  2.000000     -0.00510236
  2.100000     -0.00530949
  2.200000     -0.00526714
  2.300000     -0.00511410
  2.400000     -0.00483024
  2.500000     -0.00481704
  2.600000     -0.00474997
  2.700000     -0.00479982
  2.800000     -0.00463540
  2.900000     -0.00445151
  3.000000     -0.00435377
  3.100000     -0.00421083
  3.200000     -0.00407482
  3.300000     -0.00406910
  3.400000     -0.00418750
  3.500000     -0.00435984
  3.600000     -0.00446122
  3.700000     -0.00450399
  3.800000     -0.00456307
  3.900000     -0.00419672
  4.000000     -0.00400246
  4.100000     -0.00412542
  4.200000     -0.00426326
  4.300000     -0.00426082
  4.400000     -0.00440153
  4.500000     -0.00446128
  4.600000     -0.00431793
  4.700000     -0.00419413
  4.800000     -0.00398340
  4.900000     -0.00368735
  5.000000     -0.00331796
  5.100000     -0.00298791
  5.200000     -0.00256246
  5.300000     -0.00230530
  5.400000     -0.00214599
  5.500000     -0.00216871
  5.600000     -0.00212942
  5.700000     -0.00201131
  5.800000     -0.00206859
  5.900000     -0.00216030
  6.000000     -0.00207200
  6.100000     -0.00205004
  6.200000     -0.00207306
  6.300000     -0.00208508
  6.400000     -0.00194197
  6.500000     -0.00168601
  6.600000     -0.00168287
  6.700000     -0.00171706
  6.800000     -0.00171490
  6.900000     -0.00183173
  7.000000     -0.00204952
  7.100000     -0.00205832
  7.200000     -0.00189787
  7.300000     -0.00196993
  7.400000     -0.00188799
  7.500000     -0.00169020
  7.600000     -0.00144090
  7.700000     -0.00129168
  7.800000     -0.00113937
  7.900000     -0.00113493
  8.000000     -0.00094751
  8.100000     -0.00098957
  8.200000     -0.00116499
  8.300000     -0.00149061
  8.400000     -0.00178864
  8.500000     -0.00192868
  8.600000     -0.00243002
  8.700000     -0.00294921
  8.800000     -0.00355346
  8.900000     -0.00426136
  9.000000     -0.00504382
  9.100000     -0.00585894
  9.200000     -0.00660594
  9.300000     -0.00729152
  9.400000     -0.00783494
  9.500000     -0.00803346
  9.600000     -0.00872435
  9.700000     -0.00959064
  9.800000     -0.01031817
  9.900000     -0.01083868
 10.000000     -0.01130266
 10.100000     -0.01151208
 10.200000     -0.01190115
 10.300000     -0.01189113
 10.400000     -0.01201477
 10.500000     -0.01233473
 10.600000     -0.01253941
 10.700000     -0.01290666
 10.800000     -0.01358478
 10.900000     -0.01477317
 11.000000     -0.01582226
 11.100000     -0.01689696
 11.200000     -0.01825488
 11.300000     -0.01999316
 11.400000     -0.02155057
 11.500000     -0.02261598
 11.600000     -0.02276983
 11.700000     -0.02197122
 11.800000     -0.02084437
 11.900000     -0.02006529
 12.000000     -0.01978183
 12.100000     -0.02001330
 12.200000     -0.01972947
 12.300000     -0.01834897
 12.400000     -0.01524091
 12.500000     -0.01077990
 12.600000     -0.00496111
 12.700000      0.00199991
 12.800000      0.01004223
 12.900000      0.01949940
 13.000000      0.03071457
 13.100000      0.04392491
 13.200000      0.05884301
 13.300000      0.07624918
 13.400000      0.09638272
 13.500000      0.11901839
 13.600000      0.14393943
 13.700000      0.17156274
 13.800000      0.20213397
 13.900000      0.23559530
 14.000000      0.27216824
 14.100000      0.31154532
 14.200000      0.35372175
 14.300000      0.39890535
 14.400000      0.44647009
 14.500000      0.49597927
 14.600000      0.54721608
 14.700000      0.59916356
 14.800000      0.65086171
 14.900000      0.70184790
 15.000000      0.75116930
 15.100000      0.79828121
 15.200000      0.84267199
 15.300000      0.88325468
 15.400000      0.91866063
 15.500000      0.94856241
 15.600000      0.97216250
 15.700000      0.98882492
 15.800000      0.99827817
 15.900000      1.00000000
 16.000000      0.99306474
 16.100000      0.97787458
 16.200000      0.95438778
 16.300000      0.92252209
 16.400000      0.88230499
 16.500000      0.83361987
 16.600000      0.77724870
 16.700000      0.71380739
 16.800000      0.64400169
 16.900000      0.56907971
 17.000000      0.49045933
 17.100000      0.40912393
 17.200000      0.32667775
 17.300000      0.24443234
 17.400000      0.16382057
 17.500000      0.08563464
 17.600000      0.01096019
 17.700000     -0.05937625
 17.800000     -0.12481942
 17.900000     -0.18524552
 18.000000     -0.24006404
 18.100000     -0.28904937
 18.200000     -0.33202251
 18.300000     -0.36932476
 18.400000     -0.40128044
 18.500000     -0.42765059
 18.600000     -0.44882834
 18.700000     -0.46570356
 18.800000     -0.47835443
 18.900000     -0.48686285
 19.000000     -0.49260885
 19.100000     -0.49584901
 19.200000     -0.49648913
 19.300000     -0.49465481
 19.400000     -0.49123049
 19.500000     -0.48626116
 19.600000     -0.47998253
 19.700000     -0.47310580
 19.800000     -0.46587061
 19.900000     -0.45810177
 20.000000     -0.44997999
 20.100000     -0.44171595
 20.200000     -0.43388305
 20.300000     -0.42612387
 20.400000     -0.41820369
 20.500000     -0.41045113
 20.600000     -0.40334228
 20.700000     -0.39628182
 20.800000     -0.38917949
 20.900000     -0.38220633
 21.000000     -0.37557559
 21.100000     -0.36880691
 21.200000     -0.36195161
 21.300000     -0.35566186
 21.400000     -0.34942150
 21.500000     -0.34270934
 21.600000     -0.33593348
 21.700000     -0.32922442
 21.800000     -0.32250921
 21.900000     -0.31546031
 22.000000     -0.30796876
 22.100000     -0.30016241
 22.200000     -0.29227837
 22.300000     -0.28481042
 22.400000     -0.27751403
 22.500000     -0.26997945
 22.600000     -0.26204831
 22.700000     -0.25437490
 22.800000     -0.24696217
 22.900000     -0.24011741
 23.000000     -0.23349781
 23.100000     -0.22679655
 23.200000     -0.22005300
 23.300000     -0.21349174
 23.400000     -0.20694172
 23.500000     -0.20068349
 23.600000     -0.19457687
 23.700000     -0.18839064
 23.800000     -0.18169778
 23.900000     -0.17510090
 24.000000     -0.16863923
 24.100000     -0.16212187
 24.200000     -0.15574108
 24.300000     -0.14922361
 24.400000     -0.14272116
 24.500000     -0.13647638
 24.600000     -0.13082058
 24.700000     -0.12551832
 24.800000     -0.12055892
 24.900000     -0.11573821
 25.000000     -0.11125888
 25.100000     -0.10727373
 25.200000     -0.10348129
 25.300000     -0.09981866
 25.400000     -0.09627609
 25.500000     -0.09297133
 25.600000     -0.09004751
 25.700000     -0.08723959
 25.800000     -0.08469711
 25.900000     -0.08255306
 26.000000     -0.08074157
 26.100000     -0.07895015
 26.200000     -0.07706945
 26.300000     -0.07542725
 26.400000     -0.07387101
 26.500000     -0.07210387
 26.600000     -0.07013391
 26.700000     -0.06843212
 26.800000     -0.06682647
 26.900000     -0.06523412
 27.000000     -0.06356372
 27.100000     -0.06189558
 27.200000     -0.06044633
 27.300000     -0.05927554
 27.400000     -0.05795249
 27.500000     -0.05656979
 27.600000     -0.05527940
 27.700000     -0.05404407
 27.800000     -0.05251406
 27.900000     -0.05067187
 28.000000     -0.04856383
 28.100000     -0.04636690
 28.200000     -0.04427009
 28.300000     -0.04265161
 28.400000     -0.04110106
 28.500000     -0.03919131
 28.600000     -0.03717391
 28.700000     -0.03539125
 28.800000     -0.03351636
 28.900000     -0.03164731
 29.000000     -0.03003536
 29.100000     -0.02864374
 29.200000     -0.02733112
 29.300000     -0.02573581
 29.400000     -0.02398831
 29.500000     -0.02240091
 29.600000     -0.02078906
 29.700000     -0.01925517
 29.800000     -0.01798116
 29.900000     -0.01689853
 30.000000     -0.01592479
 30.100000     -0.01512130
 30.200000     -0.01432857
 30.300000     -0.01330606
 30.400000     -0.01229628
 30.500000     -0.01162601
 30.600000     -0.01093697
 30.700000     -0.01002527
 30.800000     -0.00941207
 30.900000     -0.00905412
 31.000000     -0.00853648
 31.100000     -0.00785210
 31.200000     -0.00712200
 31.300000     -0.00627601
 31.400000     -0.00561442
 31.500000     -0.00504060
 31.600000     -0.00433411
 31.700000     -0.00349685
 31.800000     -0.00273375
 31.900000     -0.00215260
 32.000000     -0.00166576
 32.100000     -0.00117272
 32.200000     -0.00067019
 32.300000     -0.00038312
 32.400000     -0.00015382
 32.500000     -0.00023208
 32.600000     -0.00047977
 32.700000     -0.00094303
 32.800000     -0.00133855
 32.900000     -0.00156771
 33.000000     -0.00160192
 33.100000     -0.00145217
 33.200000     -0.00122567
 33.300000     -0.00068911
 33.400000      0.00003616
 33.500000      0.00051628
 33.600000      0.00100441
 33.700000      0.00175590
 33.800000      0.00272414
 33.900000      0.00385108
 34.000000      0.00500580
 34.100000      0.00578922
 34.200000      0.00634300
 34.300000      0.00704105
 34.400000      0.00766291
 34.500000      0.00804760
 34.600000      0.00837833
 34.700000      0.00888067
 34.800000      0.00930927
 34.900000      0.00974886
 35.000000      0.01011290
 35.100000      0.01024564
 35.200000      0.01045817
 35.300000      0.01100526
 35.400000      0.01174491
 35.500000      0.01211895
 35.600000      0.01210833
 35.700000      0.01194893
 35.800000      0.01208411
 35.900000      0.01221604
 36.000000      0.01218735
 36.100000      0.01193410
 36.200000      0.01148796
 36.300000      0.01095584
 36.400000      0.01009683
 36.500000      0.00940833
 36.600000      0.00885742
 36.700000      0.00801836
 36.800000      0.00711865
 36.900000      0.00641298
 37.000000      0.00586473
 37.100000      0.00522398
 37.200000      0.00461706
 37.300000      0.00429099
 37.400000      0.00399183
 37.500000      0.00364446
 37.600000      0.00350859
 37.700000      0.00347597
 37.800000      0.00327269
 37.900000      0.00302969
 38.000000      0.00309343
 38.100000      0.00350208
 38.200000      0.00376439
 38.300000      0.00379218
 38.400000      0.00384828
 38.500000      0.00385175
 38.600000      0.00383287
 38.700000      0.00373194
 38.800000      0.00373299
 38.900000      0.00361036
 39.000000      0.00339754
 39.100000      0.00323410
 39.200000      0.00294913
 39.300000      0.00256147
 39.400000      0.00224549
 39.500000      0.00204954
 39.600000      0.00184504
 39.700000      0.00149596
 39.800000      0.00111631
 39.900000      0.00071341
