  0.000000      0.05504785
  0.100000      0.05545127
  0.200000      0.05374153
  0.300000      0.05310651
  0.400000      0.05112706
  0.500000      0.04888846
  0.600000      0.04653147
  0.700000      0.04470629
  0.800000      0.04313900
  0.900000      0.04387777
  1.000000      0.04509553
  1.100000      0.04586830
  1.200000      0.04586157
  1.300000      0.04525956
  1.400000      0.04416951
  1.500000      0.04018434
  1.600000      0.03367694
  1.700000      0.02799542
  1.800000      0.02250166
  1.900000      0.01533633
  2.000000      0.00809471
  2.100000      0.00345762
  2.200000     -0.00328652
  2.300000     -0.01137872
  2.400000     -0.02093736
  2.500000     -0.02563504
  2.600000     -0.02890410
  2.700000     -0.03149694
  2.800000     -0.03440118
  2.900000     -0.03894135
  3.000000     -0.04358597
  3.100000     -0.04730023
  3.200000     -0.04918144
  3.300000     -0.04688421
  3.400000     -0.04067561
  3.500000     -0.03441379
  3.600000     -0.02628315
  3.700000     -0.01666537
  3.800000     -0.00922434
  3.900000      0.00001141
  4.000000      0.01191173
  4.100000      0.02594504
  4.200000      0.04157009
  4.300000      0.05240115
  4.400000      0.05952317
  4.500000      0.06349754
  4.600000      0.06146726
  4.700000      0.05734338
  4.800000      0.05423312
  4.900000      0.05066660
  5.000000      0.04883554
  5.100000      0.05071727
  5.200000      0.05132243
  5.300000      0.05227867
  5.400000      0.04870978
  5.500000      0.04579791
  5.600000      0.04242473
  5.700000      0.03859783
  5.800000      0.03826875
  5.900000      0.04006332
  6.000000      0.04272520
  6.100000      0.04760892
  6.200000      0.05154798
  6.300000      0.05444503
  6.400000      0.05549729
  6.500000      0.05309069
  6.600000      0.04821914
  6.700000      0.04427150
  6.800000      0.04026211
  6.900000      0.03729042
  7.000000      0.03792462
  7.100000      0.03819550
  7.200000      0.03906263
  7.300000      0.03856121
  7.400000      0.03634040
  7.500000      0.03283193
  7.600000      0.02963345
  7.700000      0.02372435
  7.800000      0.02135770
  7.900000      0.01736009
  8.000000      0.01154766
  8.100000      0.00670102
  8.200000      0.00212442
  8.300000     -0.00523126
  8.400000     -0.01616042
  8.500000     -0.02788748
  8.600000     -0.03582754
  8.700000     -0.04232877
  8.800000     -0.04888450
  8.900000     -0.05532651
  9.000000     -0.06295512
  9.100000     -0.07426271
  9.200000     -0.07967230
  9.300000     -0.07852161
  9.400000     -0.07787871
  9.500000     -0.08850156
  9.600000     -0.09269723
  9.700000     -0.11236287
  9.800000     -0.13515535
  9.900000     -0.16125952
 10.000000     -0.17416969
 10.100000     -0.17543393
 10.200000     -0.16685365
 10.300000     -0.15197005
 10.400000     -0.14794921
 10.500000     -0.14682011
 10.600000     -0.14465928
 10.700000     -0.13339320
 10.800000     -0.12587804
 10.900000     -0.11459388
 11.000000     -0.09973588
 11.100000     -0.08766845
 11.200000     -0.05683710
 11.300000     -0.01664029
 11.400000      0.03570180
 11.500000      0.08805636
 11.600000      0.14486658
 11.700000      0.20773551
 11.800000      0.27372751
 11.900000      0.33728874
 12.000000      0.41681334
 12.100000      0.50339124
 12.200000      0.59796722
 12.300000      0.68102618
 12.400000      0.76148777
 12.500000      0.81616354
 12.600000      0.85403502
 12.700000      0.89816363
 12.800000      0.93908490
 12.900000      0.97659801
 13.000000      1.00000000
 13.100000      0.99810709
 13.200000      0.98174732
 13.300000      0.94098594
 13.400000      0.88804287
 13.500000      0.82890168
 13.600000      0.76299421
 13.700000      0.67923108
 13.800000      0.58033534
 13.900000      0.46610237
 14.000000      0.36182522
 14.100000      0.25373264
 14.200000      0.14193689
 14.300000      0.01434920
 14.400000     -0.11362736
 14.500000     -0.21637650
 14.600000     -0.30186400
 14.700000     -0.36542628
 14.800000     -0.42147468
 14.900000     -0.46274975
 15.000000     -0.49202716
 15.100000     -0.50956013
 15.200000     -0.50912401
 15.300000     -0.48932268
 15.400000     -0.46500824
 15.500000     -0.44952383
 15.600000     -0.42749087
 15.700000     -0.39340189
 15.800000     -0.35013174
 15.900000     -0.31989320
 16.000000     -0.29532884
 16.100000     -0.26749383
 16.200000     -0.24090742
 16.300000     -0.22147216
 16.400000     -0.20617890
 16.500000     -0.18342308
 16.600000     -0.16323127
 16.700000     -0.14147534
 16.800000     -0.12128848
 16.900000     -0.09813941
 17.000000     -0.08132196
 17.100000     -0.08023930
 17.200000     -0.07954652
 17.300000     -0.08022021
 17.400000     -0.08041217
 17.500000     -0.07765896
 17.600000     -0.06934637
 17.700000     -0.06143917
 17.800000     -0.03796439
 17.900000     -0.02060203
 18.000000     -0.01081012
 18.100000     -0.00888327
 18.200000     -0.00904730
 18.300000     -0.00813536
 18.400000     -0.00493778
 18.500000      0.00039504
 18.600000      0.00793410
 18.700000      0.00704736
 18.800000      0.00379360
 18.900000      0.00631033
 19.000000      0.01033385
 19.100000      0.00708250
 19.200000      0.01039391
 19.300000      0.02061653
 19.400000      0.03130689
 19.500000      0.03665811
 19.600000      0.03764017
 19.700000      0.02935437
 19.800000      0.02101326
 19.900000      0.00470782
 20.000000     -0.00801560
 20.100000     -0.02348223
 20.200000     -0.04054743
 20.300000     -0.05946622
 20.400000     -0.07553114
 20.500000     -0.09203113
 20.600000     -0.10392230
 20.700000     -0.11248937
 20.800000     -0.12389038
 20.900000     -0.13554132
 21.000000     -0.14800688
 21.100000     -0.15922280
 21.200000     -0.16276067
 21.300000     -0.16377779
 21.400000     -0.16820639
 21.500000     -0.17271411
 21.600000     -0.17164112
 21.700000     -0.15853420
 21.800000     -0.13682891
 21.900000     -0.11558953
 22.000000     -0.09604027
 22.100000     -0.08406485
 22.200000     -0.07783653
 22.300000     -0.07732271
 22.400000     -0.08230228
 22.500000     -0.08808979
 22.600000     -0.09338191
 22.700000     -0.09487737
 22.800000     -0.09745341
 22.900000     -0.10251707
 23.000000     -0.09866375
 23.100000     -0.09821095
 23.200000     -0.09741486
 23.300000     -0.09222038
 23.400000     -0.08820882
 23.500000     -0.08469555
 23.600000     -0.08272308
 23.700000     -0.08358979
 23.800000     -0.08869703
 23.900000     -0.09721639
 24.000000     -0.10779330
 24.100000     -0.11803605
 24.200000     -0.12745346
 24.300000     -0.13167262
 24.400000     -0.13480075
 24.500000     -0.13118187
 24.600000     -0.12542086
 24.700000     -0.11808222
 24.800000     -0.11256185
 24.900000     -0.10767616
 25.000000     -0.10335277
 25.100000     -0.10063766
 25.200000     -0.09874711
 25.300000     -0.09782056
 25.400000     -0.09686590
 25.500000     -0.09822323
 25.600000     -0.10037261
 25.700000     -0.10715867
 25.800000     -0.11777962
 25.900000     -0.12772707
 26.000000     -0.13263618
 26.100000     -0.13331836
 26.200000     -0.13006092
 26.300000     -0.12515246
 26.400000     -0.12219745
 26.500000     -0.12162627
 26.600000     -0.12161918
 26.700000     -0.12163883
 26.800000     -0.12173732
 26.900000     -0.12249825
 27.000000     -0.12300115
 27.100000     -0.12389744
 27.200000     -0.12440962
 27.300000     -0.12195078
 27.400000     -0.11913183
 27.500000     -0.11581159
 27.600000     -0.10788051
 27.700000     -0.10031731
 27.800000     -0.09342908
 27.900000     -0.08613559
 28.000000     -0.07976198
 28.100000     -0.07919414
 28.200000     -0.07532351
 28.300000     -0.07079875
 28.400000     -0.07170763
 28.500000     -0.07436409
 28.600000     -0.08003740
 28.700000     -0.09060435
 28.800000     -0.10464031
 28.900000     -0.12070096
 29.000000     -0.13351222
 29.100000     -0.14708791
 29.200000     -0.15726415
 29.300000     -0.16688488
 29.400000     -0.17830984
 29.500000     -0.18856549
 29.600000     -0.19380155
 29.700000     -0.19715087
 29.800000     -0.19590526
 29.900000     -0.19264056
 30.000000     -0.18265844
 30.100000     -0.17148774
 30.200000     -0.15767067
 30.300000     -0.14071577
 30.400000     -0.12559438
 30.500000     -0.11094594
 30.600000     -0.09709534
 30.700000     -0.08648377
 30.800000     -0.07848621
 30.900000     -0.07257786
 31.000000     -0.07022987
 31.100000     -0.07193179
 31.200000     -0.07487958
 31.300000     -0.07657004
 31.400000     -0.08050659
 31.500000     -0.08228273
 31.600000     -0.08455509
 31.700000     -0.09008403
 31.800000     -0.09692443
 31.900000     -0.10570918
 32.000000     -0.11316938
 32.100000     -0.11947048
 32.200000     -0.12644324
 32.300000     -0.12938029
 32.400000     -0.12996989
 32.500000     -0.12846057
 32.600000     -0.12565881
 32.700000     -0.12248695
 32.800000     -0.12072477
 32.900000     -0.11642790
 33.000000     -0.11450566
 33.100000     -0.11377874
 33.200000     -0.11188053
 33.300000     -0.10948252
 33.400000     -0.10962247
 33.500000     -0.10889832
 33.600000     -0.10887912
 33.700000     -0.10857425
 33.800000     -0.10772828
 33.900000     -0.10489307
 34.000000     -0.10076822
 34.100000     -0.09595513
 34.200000     -0.09365267
 34.300000     -0.09400019
 34.400000     -0.09414626
 34.500000     -0.09425413
 34.600000     -0.09079858
 34.700000     -0.08490098
 34.800000     -0.07725552
 34.900000     -0.06964057
 35.000000     -0.06384027
 35.100000     -0.05958583
 35.200000     -0.05600895
 35.300000     -0.05352758
 35.400000     -0.05219293
 35.500000     -0.05171683
 35.600000     -0.05082235
 35.700000     -0.04807946
 35.800000     -0.04289876
 35.900000     -0.03791317
 36.000000     -0.03736180
 36.100000     -0.03731809
 36.200000     -0.03666202
 36.300000     -0.03808791
 36.400000     -0.04135918
 36.500000     -0.04351061
 36.600000     -0.04687753
 36.700000     -0.05174363
 36.800000     -0.05760899
 36.900000     -0.06456644
 37.000000     -0.07380672
 37.100000     -0.08470584
 37.200000     -0.09555222
 37.300000     -0.10717291
 37.400000     -0.11755883
 37.500000     -0.12509221
 37.600000     -0.13196660
 37.700000     -0.13776587
 37.800000     -0.14227397
 37.900000     -0.14579082
 38.000000     -0.14637673
 38.100000     -0.14470579
 38.200000     -0.14241498
 38.300000     -0.14019127
 38.400000     -0.13811457
 38.500000     -0.13779603
 38.600000     -0.13740109
 38.700000     -0.13766994
 38.800000     -0.13866096
 38.900000     -0.14055475
 39.000000     -0.14350829
 39.100000     -0.14656925
 39.200000     -0.14825744
 39.300000     -0.14926602
 39.400000     -0.14932269
 39.500000     -0.14813809
 39.600000     -0.14664259
 39.700000     -0.14468216
 39.800000     -0.14289085
 39.900000     -0.13810075
