  0.000000      0.02319038
  0.100000      0.02210100
  0.200000      0.02087679
  0.300000      0.01937081
  0.400000      0.01756725
  0.500000      0.01588173
  0.600000      0.01443444
  0.700000      0.01315228
  0.800000      0.01225343
  0.900000      0.01119260
  1.000000      0.01005077
  1.100000      0.00917987
  1.200000      0.00826630
  1.300000      0.00742222
  1.400000      0.00701764
  1.500000      0.00689105
  1.600000      0.00655922
  1.700000      0.00612803
  1.800000      0.00619972
  1.900000      0.00668813
  2.000000      0.00731362
  2.100000      0.00797841
  2.200000      0.00865203
  2.300000      0.00960697
  2.400000      0.01040299
  2.500000      0.01181017
  2.600000      0.01385010
  2.700000      0.01568989
  2.800000      0.01748723
  2.900000      0.01892562
  3.000000      0.02037417
  3.100000      0.02192752
  3.200000      0.02335108
  3.300000      0.02441192
  3.400000      0.02504987
  3.500000      0.02588246
  3.600000      0.02678466
  3.700000      0.02753906
  3.800000      0.02826425
  3.900000      0.02967944
  4.000000      0.03062826
  4.100000      0.03063531
  4.200000      0.03042272
  4.300000      0.02951200
  4.400000      0.02796591
  4.500000      0.02585734
  4.600000      0.02321496
  4.700000      0.02030829
  4.800000      0.01661509
  4.900000      0.01158570
  5.000000      0.00554716
  5.100000     -0.00133655
  5.200000     -0.00929963
  5.300000     -0.01796686
  5.400000     -0.02769321
  5.500000     -0.03791777
  5.600000     -0.04942682
  5.700000     -0.06295286
  5.800000     -0.07786314
  5.900000     -0.09358909
  6.000000     -0.11019042
  6.100000     -0.12753030
  6.200000     -0.14527645
  6.300000     -0.16339952
  6.400000     -0.18288859
  6.500000     -0.20296617
  6.600000     -0.22156295
  6.700000     -0.23968958
  6.800000     -0.25637651
  6.900000     -0.27118215
  7.000000     -0.28421901
  7.100000     -0.29327959
  7.200000     -0.29840028
  7.300000     -0.29890681
  7.400000     -0.29233589
  7.500000     -0.27944497
  7.600000     -0.25856910
  7.700000     -0.22861479
  7.800000     -0.18929432
  7.900000     -0.14040970
  8.000000     -0.08272587
  8.100000     -0.01554407
  8.200000      0.06111989
  8.300000      0.14628955
  8.400000      0.23795895
  8.500000      0.33500827
  8.600000      0.43566193
  8.700000      0.53564705
  8.800000      0.63113389
  8.900000      0.71832433
  9.000000      0.79591671
  9.100000      0.86274678
  9.200000      0.91779450
  9.300000      0.95918189
  9.400000      0.98653429
  9.500000      1.00000000
  9.600000      0.99974393
  9.700000      0.98436487
  9.800000      0.95463284
  9.900000      0.91066291
 10.000000      0.85324099
 10.100000      0.78342932
 10.200000      0.70334197
 10.300000      0.61263617
 10.400000      0.51319313
 10.500000      0.40777637
 10.600000      0.29881285
 10.700000      0.18991096
 10.800000      0.08422877
 10.900000     -0.01263332
 11.000000     -0.10106139
 11.100000     -0.18092477
 11.200000     -0.25103313
 11.300000     -0.31087910
 11.400000     -0.36119165
 11.500000     -0.40111413
 11.600000     -0.43254553
 11.700000     -0.45500754
 11.800000     -0.46745379
 11.900000     -0.47091781
 12.000000     -0.46684607
 12.100000     -0.45563782
 12.200000     -0.43951578
 12.300000     -0.41993051
 12.400000     -0.39870834
 12.500000     -0.37603274
 12.600000     -0.35146361
 12.700000     -0.32617447
 12.800000     -0.30165523
 12.900000     -0.27750733
 13.000000     -0.25431421
 13.100000     -0.23321442
 13.200000     -0.21362790
 13.300000     -0.19555289
 13.400000     -0.17827535
 13.500000     -0.16195789
 13.600000     -0.14888167
 13.700000     -0.13721615
 13.800000     -0.12706449
 13.900000     -0.11799982
 14.000000     -0.10866833
 14.100000     -0.10092783
 14.200000     -0.09386994
 14.300000     -0.08801096
 14.400000     -0.08346043
 14.500000     -0.08039380
 14.600000     -0.07729521
 14.700000     -0.07369666
 14.800000     -0.07036991
 14.900000     -0.06755447
 15.000000     -0.06585708
 15.100000     -0.06629782
 15.200000     -0.06641034
 15.300000     -0.06665566
 15.400000     -0.06757607
 15.500000     -0.06875536
 15.600000     -0.07048631
 15.700000     -0.07190584
 15.800000     -0.07274717
 15.900000     -0.07415552
 16.000000     -0.07622327
 16.100000     -0.07843515
 16.200000     -0.08036925
 16.300000     -0.08094854
 16.400000     -0.08093164
 16.500000     -0.07968583
 16.600000     -0.07774519
 16.700000     -0.07690987
 16.800000     -0.07494932
 16.900000     -0.07325891
 17.000000     -0.07089294
 17.100000     -0.06833718
 17.200000     -0.06517864
 17.300000     -0.06200432
 17.400000     -0.05911999
 17.500000     -0.05639840
 17.600000     -0.05298649
 17.700000     -0.04956922
 17.800000     -0.04673329
 17.900000     -0.04480070
 18.000000     -0.04309202
 18.100000     -0.04170218
 18.200000     -0.03971384
 18.300000     -0.03792106
 18.400000     -0.03639822
 18.500000     -0.03499230
 18.600000     -0.03316028
 18.700000     -0.03113961
 18.800000     -0.02877842
 18.900000     -0.02610088
 19.000000     -0.02291324
 19.100000     -0.01996787
 19.200000     -0.01636249
 19.300000     -0.01361476
 19.400000     -0.01130293
 19.500000     -0.00878575
 19.600000     -0.00724872
 19.700000     -0.00530819
 19.800000     -0.00368925
 19.900000     -0.00230449
 20.000000     -0.00205236
 20.100000     -0.00282251
 20.200000     -0.00331541
 20.300000     -0.00477286
 20.400000     -0.00719979
 20.500000     -0.00952608
 20.600000     -0.01172239
 20.700000     -0.01450162
 20.800000     -0.01761047
 20.900000     -0.02021174
 21.000000     -0.02221316
 21.100000     -0.02365735
 21.200000     -0.02472238
 21.300000     -0.02510290
 21.400000     -0.02447247
 21.500000     -0.02373734
 21.600000     -0.02278028
 21.700000     -0.02215229
 21.800000     -0.02195010
 21.900000     -0.02217824
 22.000000     -0.02231500
 22.100000     -0.02302593
 22.200000     -0.02435342
 22.300000     -0.02588914
 22.400000     -0.02674651
 22.500000     -0.02743828
 22.600000     -0.02792276
 22.700000     -0.02938418
 22.800000     -0.03150703
 22.900000     -0.03363056
 23.000000     -0.03538716
 23.100000     -0.03658926
 23.200000     -0.03785465
 23.300000     -0.03875344
 23.400000     -0.03870856
 23.500000     -0.03770279
 23.600000     -0.03583532
 23.700000     -0.03323416
 23.800000     -0.03094630
 23.900000     -0.02901374
 24.000000     -0.02682768
 24.100000     -0.02380497
 24.200000     -0.02031198
 24.300000     -0.01704631
 24.400000     -0.01402604
 24.500000     -0.01131222
 24.600000     -0.00896721
 24.700000     -0.00735029
 24.800000     -0.00628956
 24.900000     -0.00635695
 25.000000     -0.00673412
 25.100000     -0.00725657
 25.200000     -0.00719516
 25.300000     -0.00669591
 25.400000     -0.00607775
 25.500000     -0.00509090
 25.600000     -0.00398432
 25.700000     -0.00259366
 25.800000     -0.00117337
 25.900000     -0.00047662
 26.000000     -0.00076444
 26.100000     -0.00117540
 26.200000     -0.00154897
 26.300000     -0.00203697
 26.400000     -0.00247569
 26.500000     -0.00323989
 26.600000     -0.00388672
 26.700000     -0.00494575
 26.800000     -0.00614023
 26.900000     -0.00705169
 27.000000     -0.00721703
 27.100000     -0.00740336
 27.200000     -0.00742017
 27.300000     -0.00694601
 27.400000     -0.00605503
 27.500000     -0.00529736
 27.600000     -0.00464355
 27.700000     -0.00367119
 27.800000     -0.00273888
 27.900000     -0.00225150
 28.000000     -0.00228157
 28.100000     -0.00256195
 28.200000     -0.00327276
 28.300000     -0.00423579
 28.400000     -0.00527148
 28.500000     -0.00588113
 28.600000     -0.00596934
 28.700000     -0.00561465
 28.800000     -0.00513621
 28.900000     -0.00462531
 29.000000     -0.00355303
 29.100000     -0.00167065
 29.200000     -0.00015609
 29.300000      0.00084121
 29.400000      0.00110560
 29.500000      0.00054375
 29.600000     -0.00075164
 29.700000     -0.00218243
 29.800000     -0.00317728
 29.900000     -0.00414335
 30.000000     -0.00552787
 30.100000     -0.00670010
 30.200000     -0.00754895
 30.300000     -0.00806047
 30.400000     -0.00772426
 30.500000     -0.00709616
 30.600000     -0.00652576
 30.700000     -0.00606919
 30.800000     -0.00586704
 30.900000     -0.00611379
 31.000000     -0.00658956
 31.100000     -0.00754603
 31.200000     -0.00853898
 31.300000     -0.00939934
 31.400000     -0.00994475
 31.500000     -0.01028882
 31.600000     -0.01048888
 31.700000     -0.01075716
 31.800000     -0.01134417
 31.900000     -0.01158845
 32.000000     -0.01167404
 32.100000     -0.01188138
 32.200000     -0.01131355
 32.300000     -0.00980399
 32.400000     -0.00790014
 32.500000     -0.00614271
 32.600000     -0.00475099
 32.700000     -0.00342143
 32.800000     -0.00203864
 32.900000     -0.00113716
 33.000000     -0.00064681
 33.100000      0.00005200
 33.200000      0.00054929
 33.300000      0.00106217
 33.400000      0.00120851
 33.500000      0.00054622
 33.600000     -0.00093659
 33.700000     -0.00308200
 33.800000     -0.00539135
 33.900000     -0.00805929
 34.000000     -0.01044165
 34.100000     -0.01229279
 34.200000     -0.01356057
 34.300000     -0.01405175
 34.400000     -0.01397528
 34.500000     -0.01383435
 34.600000     -0.01326693
 34.700000     -0.01221308
 34.800000     -0.01099233
 34.900000     -0.00910511
 35.000000     -0.00699690
 35.100000     -0.00475630
 35.200000     -0.00262649
 35.300000     -0.00036744
 35.400000      0.00191900
 35.500000      0.00435387
 35.600000      0.00651408
 35.700000      0.00767157
 35.800000      0.00787769
 35.900000      0.00780306
 36.000000      0.00762707
 36.100000      0.00708190
 36.200000      0.00605232
 36.300000      0.00469713
 36.400000      0.00324102
 36.500000      0.00181685
 36.600000      0.00035056
 36.700000     -0.00109089
 36.800000     -0.00253175
 36.900000     -0.00390142
 37.000000     -0.00528257
 37.100000     -0.00667117
 37.200000     -0.00744870
 37.300000     -0.00801254
 37.400000     -0.00890319
 37.500000     -0.00978773
 37.600000     -0.01017497
 37.700000     -0.01047620
 37.800000     -0.01030479
 37.900000     -0.00953559
 38.000000     -0.00874082
 38.100000     -0.00761274
 38.200000     -0.00674016
 38.300000     -0.00562276
 38.400000     -0.00474516
 38.500000     -0.00439779
 38.600000     -0.00440656
 38.700000     -0.00470708
 38.800000     -0.00504877
 38.900000     -0.00517919
 39.000000     -0.00531871
 39.100000     -0.00589436
 39.200000     -0.00674570
 39.300000     -0.00753404
 39.400000     -0.00863154
 39.500000     -0.00990336
 39.600000     -0.01143182
 39.700000     -0.01272326
 39.800000     -0.01385428
 39.900000     -0.01487940
