  0.000000     -0.06973594
  0.100000     -0.06977430
  0.200000     -0.06980800
  0.300000     -0.06984747
  0.400000     -0.06988488
  0.500000     -0.06992778
  0.600000     -0.06996857
  0.700000     -0.07000477
  0.800000     -0.06991593
  0.900000     -0.06993803
  1.000000     -0.06996683
  1.100000     -0.06999781
  1.200000     -0.07002362
  1.300000     -0.07004767
  1.400000     -0.07008461
  1.500000     -0.07012490
  1.600000     -0.07016492
  1.700000     -0.07019733
  1.800000     -0.07014420
  1.900000     -0.07020525
  2.000000     -0.07027126
  2.100000     -0.07035712
  2.200000     -0.07044595
  2.300000     -0.07054129
  2.400000     -0.07064290
  2.500000     -0.07075342
  2.600000     -0.07086996
  2.700000     -0.07108465
  2.800000     -0.07142396
  2.900000     -0.07161154
  3.000000     -0.07180617
  3.100000     -0.07199991
  3.200000     -0.07224968
  3.300000     -0.07254821
  3.400000     -0.07276399
  3.500000     -0.07298057
  3.600000     -0.07319732
  3.700000     -0.07341340
  3.800000     -0.07361253
  3.900000     -0.07383264
  4.000000     -0.07406677
  4.100000     -0.07431796
  4.200000     -0.07457232
  4.300000     -0.07497802
  4.400000     -0.07537549
  4.500000     -0.07564318
  4.600000     -0.07591483
  4.700000     -0.07618656
  4.800000     -0.07646821
  4.900000     -0.07674918
  5.000000     -0.07711191
  5.100000     -0.07747905
  5.200000     -0.07778021
  5.300000     -0.07809511
  5.400000     -0.07842122
  5.500000     -0.07875510
  5.600000     -0.07909781
  5.700000     -0.07945104
  5.800000     -0.07980494
  5.900000     -0.08016063
  6.000000     -0.08052455
  6.100000     -0.08089164
  6.200000     -0.08140189
  6.300000     -0.08197616
  6.400000     -0.08238264
  6.500000     -0.08279660
  6.600000     -0.08321847
  6.700000     -0.08364784
  6.800000     -0.08408196
  6.900000     -0.08452596
  7.000000     -0.08497958
  7.100000     -0.08544170
  7.200000     -0.08591170
  7.300000     -0.08639030
  7.400000     -0.08734515
  7.500000     -0.08783724
  7.600000     -0.08833038
  7.700000     -0.08911696
  7.800000     -0.08961749
  7.900000     -0.09011486
  8.000000     -0.09060715
  8.100000     -0.09109110
  8.200000     -0.09156457
  8.300000     -0.09202571
  8.400000     -0.09269175
  8.500000     -0.09359084
  8.600000     -0.09442813
  8.700000     -0.09499486
  8.800000     -0.09535165
  8.900000     -0.09567984
  9.000000     -0.09597368
  9.100000     -0.09623011
  9.200000     -0.09644608
  9.300000     -0.09661718
  9.400000     -0.09674021
  9.500000     -0.09681114
  9.600000     -0.09682451
  9.700000     -0.09677668
  9.800000     -0.09666246
  9.900000     -0.09647851
 10.000000     -0.09621836
 10.100000     -0.09587637
 10.200000     -0.09544545
 10.300000     -0.09492127
 10.400000     -0.09429749
 10.500000     -0.09362075
 10.600000     -0.09283897
 10.700000     -0.09187404
 10.800000     -0.09091856
 10.900000     -0.08971041
 11.000000     -0.08832640
 11.100000     -0.08678696
 11.200000     -0.08508268
 11.300000     -0.08320359
 11.400000     -0.08113831
 11.500000     -0.07887612
 11.600000     -0.07640705
 11.700000     -0.07372071
 11.800000     -0.07080387
 11.900000     -0.06764241
 12.000000     -0.06422598
 12.100000     -0.06054397
 12.200000     -0.05658297
 12.300000     -0.05232751
 12.400000     -0.04776749
 12.500000     -0.04288863
 12.600000     -0.03767913
 12.700000     -0.03212489
 12.800000     -0.02621350
 12.900000     -0.01993387
 13.000000     -0.01327306
 13.100000     -0.00622028
 13.200000      0.00123540
 13.300000      0.00910530
 13.400000      0.01740013
 13.500000      0.02612613
 13.600000      0.03529500
 13.700000      0.04491525
 13.800000      0.05499182
 13.900000      0.06553106
 14.000000      0.07653742
 14.100000      0.08801621
 14.200000      0.09997215
 14.300000      0.11240572
 14.400000      0.12531666
 14.500000      0.13870584
 14.600000      0.15257012
 14.700000      0.16690867
 14.800000      0.18171644
 14.900000      0.19698778
 15.000000      0.21271411
 15.100000      0.22888864
 15.200000      0.24550026
 15.300000      0.26253804
 15.400000      0.27998556
 15.500000      0.29782726
 15.600000      0.31605085
 15.700000      0.33463565
 15.800000      0.35355905
 15.900000      0.37279767
 16.000000      0.39233010
 16.100000      0.41213046
 16.200000      0.43216974
 16.300000      0.45241619
 16.400000      0.47283893
 16.500000      0.49340679
 16.600000      0.51408330
 16.700000      0.53483219
 16.800000      0.55561618
 16.900000      0.57639658
 17.000000      0.59713330
 17.100000      0.61778862
 17.200000      0.63832628
 17.300000      0.65869874
 17.400000      0.67886384
 17.500000      0.69877629
 17.600000      0.71839488
 17.700000      0.73767720
 17.800000      0.75657924
 17.900000      0.77505487
 18.000000      0.79306081
 18.100000      0.81055589
 18.200000      0.82750130
 18.300000      0.84385719
 18.400000      0.85958290
 18.500000      0.87463910
 18.600000      0.88898946
 18.700000      0.90260164
 18.800000      0.91543856
 18.900000      0.92746969
 19.000000      0.93866795
 19.100000      0.94900417
 19.200000      0.95845336
 19.300000      0.96698481
 19.400000      0.97454999
 19.500000      0.98118973
 19.600000      0.98685204
 19.700000      0.99151775
 19.800000      0.99517780
 19.900000      0.99782039
 20.000000      0.99943527
 20.100000      1.00000000
 20.200000      0.99950099
 20.300000      0.99794169
 20.400000      0.99532043
 20.500000      0.99162389
 20.600000      0.98684677
 20.700000      0.98100863
 20.800000      0.97410054
 20.900000      0.96611836
 21.000000      0.95706386
 21.100000      0.94695062
 21.200000      0.93579155
 21.300000      0.92359373
 21.400000      0.91035689
 21.500000      0.89609533
 21.600000      0.88082539
 21.700000      0.86455623
 21.800000      0.84729741
 21.900000      0.82905668
 22.000000      0.80985491
 22.100000      0.78971025
 22.200000      0.76863869
 22.300000      0.74665025
 22.400000      0.72376562
 22.500000      0.70000826
 22.600000      0.67539553
 22.700000      0.64995542
 22.800000      0.62371833
 22.900000      0.59672421
 23.000000      0.56901399
 23.100000      0.54063594
 23.200000      0.51164260
 23.300000      0.48208759
 23.400000      0.45202268
 23.500000      0.42150725
 23.600000      0.39059126
 23.700000      0.35932968
 23.800000      0.32777487
 23.900000      0.29598411
 24.000000      0.26401351
 24.100000      0.23191961
 24.200000      0.19976063
 24.300000      0.16759536
 24.400000      0.13547716
 24.500000      0.10345786
 24.600000      0.07158991
 24.700000      0.03992750
 24.800000      0.00851638
 24.900000     -0.02259425
 25.000000     -0.05335719
 25.100000     -0.08372386
 25.200000     -0.11364229
 25.300000     -0.14306333
 25.400000     -0.17194145
 25.500000     -0.20023266
 25.600000     -0.22788736
 25.700000     -0.25486908
 25.800000     -0.28114393
 25.900000     -0.30667918
 26.000000     -0.33143050
 26.100000     -0.35535887
 26.200000     -0.37842749
 26.300000     -0.40061131
 26.400000     -0.42186864
 26.500000     -0.44217248
 26.600000     -0.46147556
 26.700000     -0.47978061
 26.800000     -0.49708528
 26.900000     -0.51337199
 27.000000     -0.52863956
 27.100000     -0.54288143
 27.200000     -0.55608921
 27.300000     -0.56825484
 27.400000     -0.57917289
 27.500000     -0.58928566
 27.600000     -0.59838485
 27.700000     -0.60649319
 27.800000     -0.61361709
 27.900000     -0.61975764
 28.000000     -0.62492293
 28.100000     -0.62913965
 28.200000     -0.63243342
 28.300000     -0.63481823
 28.400000     -0.63630807
 28.500000     -0.63692818
 28.600000     -0.63669962
 28.700000     -0.63565564
 28.800000     -0.63381827
 28.900000     -0.63121203
 29.000000     -0.62786558
 29.100000     -0.62380972
 29.200000     -0.61907820
 29.300000     -0.61369261
 29.400000     -0.60768537
 29.500000     -0.60109713
 29.600000     -0.59398017
 29.700000     -0.58633835
 29.800000     -0.57820485
 29.900000     -0.56961902
 30.000000     -0.56061347
 30.100000     -0.55106396
 30.200000     -0.54129886
 30.300000     -0.53121645
 30.400000     -0.52084150
 30.500000     -0.51020491
 30.600000     -0.49917872
 30.700000     -0.48774946
 30.800000     -0.47651842
 30.900000     -0.46509917
 31.000000     -0.45242830
 31.100000     -0.44090532
 31.200000     -0.42933185
 31.300000     -0.41773245
 31.400000     -0.40613086
 31.500000     -0.39455609
 31.600000     -0.38263086
 31.700000     -0.36959616
 31.800000     -0.35606733
 31.900000     -0.34447898
 32.000000     -0.33345449
 32.100000     -0.32257716
 32.200000     -0.31111747
 32.300000     -0.29933397
 32.400000     -0.28779884
 32.500000     -0.27773191
 32.600000     -0.26732849
 32.700000     -0.25657436
 32.800000     -0.24543706
 32.900000     -0.23447173
 33.000000     -0.22352544
 33.100000     -0.21404525
 33.200000     -0.20374341
 33.300000     -0.19165959
 33.400000     -0.18293442
 33.500000     -0.17420006
 33.600000     -0.16585633
 33.700000     -0.15776293
 33.800000     -0.14638258
 33.900000     -0.13967892
 34.000000     -0.13295398
 34.100000     -0.12731758
 34.200000     -0.12117783
 34.300000     -0.11484732
 34.400000     -0.11002378
 34.500000     -0.10619025
 34.600000     -0.10287905
 34.700000     -0.09980909
 34.800000     -0.09454133
 34.900000     -0.09277316
 35.000000     -0.09126871
 35.100000     -0.09042167
 35.200000     -0.08733757
 35.300000     -0.08637424
 35.400000     -0.08375672
 35.500000     -0.08283076
 35.600000     -0.08356719
 35.700000     -0.08416777
 35.800000     -0.08446614
 35.900000     -0.08506976
 36.000000     -0.08603520
 36.100000     -0.08763280
 36.200000     -0.09069231
 36.300000     -0.09263860
 36.400000     -0.09521808
 36.500000     -0.09725783
 36.600000     -0.10005342
 36.700000     -0.10342781
 36.800000     -0.10727935
 36.900000     -0.11147400
 37.000000     -0.11429140
 37.100000     -0.11734401
 37.200000     -0.12133137
 37.300000     -0.12549671
 37.400000     -0.12894859
 37.500000     -0.13281514
 37.600000     -0.13851370
 37.700000     -0.14311964
 37.800000     -0.14772065
 37.900000     -0.15209145
 38.000000     -0.15504567
 38.100000     -0.15895659
 38.200000     -0.16265513
 38.300000     -0.16593969
 38.400000     -0.17014693
 38.500000     -0.17448139
 38.600000     -0.17807390
 38.700000     -0.18225440
 38.800000     -0.18594179
 38.900000     -0.18953145
 39.000000     -0.19189419
 39.100000     -0.19562270
 39.200000     -0.19933884
 39.300000     -0.20243918
 39.400000     -0.20559490
 39.500000     -0.20901365
 39.600000     -0.21237900
 39.700000     -0.21561359
 39.800000     -0.21867142
 39.900000     -0.22116691
