  0.000000      0.62501701
  0.100000      0.61644712
  0.200000      0.60787722
  0.300000      0.59930733
  0.400000      0.59073744
  0.500000      0.58216755
  0.600000      0.57353619
  0.700000      0.56490483
  0.800000      0.55628778
  0.900000      0.54769933
  1.000000      0.53911088
  1.100000      0.53052244
  1.200000      0.52193399
  1.300000      0.51347633
  1.400000      0.50543389
  1.500000      0.49756636
  1.600000      0.48969884
  1.700000      0.48183131
  1.800000      0.47396378
  1.900000      0.46614007
  2.000000      0.45833828
  2.100000      0.45053649
  2.200000      0.44283917
  2.300000      0.43514185
  2.400000      0.42744454
  2.500000      0.41974722
  2.600000      0.41155406
  2.700000      0.40274360
  2.800000      0.39468187
  2.900000      0.38662014
  3.000000      0.37855841
  3.100000      0.37049669
  3.200000      0.36243648
  3.300000      0.35437932
  3.400000      0.34632216
  3.500000      0.33840458
  3.600000      0.33055678
  3.700000      0.32270899
  3.800000      0.31486120
  3.900000      0.30701340
  4.000000      0.29953809
  4.100000      0.29328434
  4.200000      0.28703060
  4.300000      0.28077685
  4.400000      0.27452311
  4.500000      0.26826936
  4.600000      0.26175329
  4.700000      0.25523722
  4.800000      0.24880642
  4.900000      0.24254615
  5.000000      0.23628588
  5.100000      0.23002561
  5.200000      0.22376534
  5.300000      0.21844177
  5.400000      0.21417055
  5.500000      0.21019133
  5.600000      0.20621211
  5.700000      0.20223289
  5.800000      0.19825367
  5.900000      0.19403628
  6.000000      0.18969981
  6.100000      0.18536334
  6.200000      0.18134133
  6.300000      0.17731932
  6.400000            -nan
  6.500000      0.00000000
  6.600000            -nan
  6.700000      0.00000000
  6.800000      0.15573400
  6.900000      0.00000000
  7.000000      0.00000000
  7.100000      0.00000000
  7.200000            -nan
  7.300000      0.00000000
  7.400000      0.12713055
  7.500000      0.00000000
  7.600000      0.00000000
  7.700000            -nan
  7.800000      0.00000000
  7.900000            -nan
  8.000000      0.09818300
  8.100000      0.00000000
  8.200000      0.00000000
  8.300000      0.00000000
  8.400000      0.00000000
  8.500000     -0.00000000
  8.600000     -0.00000000
  8.700000      0.00000000
  8.800000      0.00000000
  8.900000            -nan
  9.000000      0.00000000
  9.100000            -nan
  9.200000      0.00000000
  9.300000      0.00000000
  9.400000      0.00000000
  9.500000      0.00990463
  9.600000      0.00402346
  9.700000     -0.00185772
  9.800000     -0.00773889
  9.900000     -0.01414265
 10.000000     -0.02080771
 10.100000     -0.02747277
 10.200000     -0.03378481
 10.300000     -0.04009685
 10.400000     -0.04640889
 10.500000     -0.05272092
 10.600000     -0.05857729
 10.700000     -0.06373719
 10.800000     -0.06932682
 10.900000     -0.07491645
 11.000000     -0.08050608
 11.100000     -0.08609571
 11.200000     -0.09198099
 11.300000     -0.09845758
 11.400000     -0.10493417
 11.500000     -0.11122433
 11.600000     -0.11742128
 11.700000     -0.12361823
 11.800000     -0.12981517
 11.900000     -0.13601212
 12.000000     -0.14323820
 12.100000     -0.15098359
 12.200000     -0.15872899
 12.300000     -0.16647438
 12.400000     -0.17421977
 12.500000     -0.18196517
 12.600000     -0.19046904
 12.700000     -0.19897292
 12.800000     -0.20741088
 12.900000     -0.21571699
 13.000000     -0.22402311
 13.100000     -0.23232923
 13.200000     -0.24063535
 13.300000     -0.25020275
 13.400000     -0.26034172
 13.500000     -0.27045114
 13.600000     -0.28056057
 13.700000     -0.29066999
 13.800000     -0.30077941
 13.900000     -0.31143286
 14.000000     -0.32235833
 14.100000     -0.33328379
 14.200000     -0.34396734
 14.300000     -0.35465089
 14.400000     -0.36533444
 14.500000     -0.37601799
 14.600000     -0.38628400
 14.700000     -0.39540883
 14.800000     -0.40392146
 14.900000     -0.41243410
 15.000000     -0.42094674
 15.100000     -0.42945937
 15.200000     -0.43831962
 15.300000     -0.44787510
 15.400000     -0.45743057
 15.500000     -0.46687217
 15.600000     -0.47625683
 15.700000     -0.48564149
 15.800000     -0.49502615
 15.900000     -0.50441081
 16.000000     -0.51255020
 16.100000     -0.51923074
 16.200000     -0.52591129
 16.300000     -0.53259183
 16.400000     -0.53927238
 16.500000     -0.54595292
 16.600000     -0.55338810
 16.700000     -0.56082328
 16.800000     -0.56823821
 16.900000     -0.57561265
 17.000000     -0.58298710
 17.100000     -0.59036154
 17.200000     -0.59773598
 17.300000     -0.60652929
 17.400000     -0.61490716
 17.500000     -0.62272259
 17.600000     -0.63053803
 17.700000     -0.63835346
 17.800000     -0.64616889
 17.900000     -0.65431091
 18.000000     -0.66261622
 18.100000     -0.67092152
 18.200000     -0.67923595
 18.300000     -0.68755038
 18.400000     -0.69586481
 18.500000     -0.70417924
 18.600000     -0.71243360
 18.700000     -0.71997532
 18.800000     -0.72633197
 18.900000     -0.73268862
 19.000000     -0.73904528
 19.100000     -0.74540193
 19.200000     -0.75194494
 19.300000     -0.75886063
 19.400000     -0.76577633
 19.500000     -0.77278601
 19.600000     -0.77984267
 19.700000     -0.78689933
 19.800000     -0.79395599
 19.900000     -0.80101265
 20.000000     -0.80637331
 20.100000     -0.81014535
 20.200000     -0.81391738
 20.300000     -0.81768941
 20.400000     -0.82146145
 20.500000     -0.82523348
 20.600000     -0.82955769
 20.700000     -0.83388190
 20.800000     -0.83828653
 20.900000     -0.84285203
 21.000000     -0.84741753
 21.100000     -0.85198303
 21.200000     -0.85654853
 21.300000     -0.86125912
 21.400000     -0.86513026
 21.500000     -0.86854540
 21.600000     -0.87196054
 21.700000     -0.87537568
 21.800000     -0.87879082
 21.900000     -0.88237065
 22.000000     -0.88603282
 22.100000     -0.88969499
 22.200000     -0.89366935
 22.300000     -0.89764371
 22.400000     -0.90161807
 22.500000     -0.90559242
 22.600000     -0.90992189
 22.700000     -0.91458262
 22.800000     -0.91848547
 22.900000     -0.92238833
 23.000000     -0.92629119
 23.100000     -0.93019405
 23.200000     -0.93405456
 23.300000     -0.93783037
 23.400000     -0.94160619
 23.500000     -0.94557838
 23.600000     -0.94964876
 23.700000     -0.95371914
 23.800000     -0.95778952
 23.900000     -0.96185991
 24.000000     -0.96566438
 24.100000     -0.96853873
 24.200000     -0.97141308
 24.300000     -0.97428743
 24.400000     -0.97716179
 24.500000     -0.98003614
 24.600000     -0.98263309
 24.700000     -0.98523005
 24.800000     -0.98787281
 24.900000     -0.99060721
 25.000000     -0.99334160
 25.100000     -0.99607599
 25.200000     -0.99881038
 25.300000     -1.00000000
 25.400000     -0.99996021
 25.500000     -0.99969190
 25.600000     -0.99942359
 25.700000     -0.99915529
 25.800000     -0.99888698
 25.900000     -0.99848779
 26.000000     -0.99802315
 26.100000     -0.99755851
 26.200000     -0.99707853
 26.300000     -0.99659856
 26.400000     -0.99611858
 26.500000     -0.99563860
 26.600000     -0.99516360
 26.700000     -0.99454643
 26.800000     -0.99362496
 26.900000     -0.99270350
 27.000000     -0.99178203
 27.100000     -0.99086057
 27.200000     -0.98982830
 27.300000     -0.98857443
 27.400000     -0.98732056
 27.500000     -0.98596649
 27.600000     -0.98456233
 27.700000     -0.98315817
 27.800000     -0.98175400
 27.900000     -0.98034984
 28.000000     -0.97974446
 28.100000     -0.97914455
 28.200000     -0.97854464
 28.300000     -0.97794473
 28.400000     -0.97734482
 28.500000     -0.97674491
 28.600000     -0.97558631
 28.700000     -0.97442771
 28.800000     -0.97318074
 28.900000     -0.97175701
 29.000000     -0.97033328
 29.100000     -0.96890955
 29.200000     -0.96748582
 29.300000      0.00000000
 29.400000     -0.96385575
 29.500000     -0.96194842
 29.600000     -0.96004110
 29.700000     -0.95813377
 29.800000     -0.95622645
 29.900000     -0.95401651
 30.000000     -0.95165528
 30.100000     -0.94929404
 30.200000     -0.94677236
 30.300000     -0.94425068
 30.400000     -0.94172900
 30.500000     -0.93920732
 30.600000     -0.93644870
 30.700000     -0.93322960
 30.800000     -0.93003732
 30.900000     -0.92684504
 31.000000     -0.92365276
 31.100000     -0.92046048
 31.200000     -0.91720740
 31.300000     -0.91383269
 31.400000     -0.91045798
 31.500000     -0.90709350
 31.600000     -0.90373413
 31.700000     -0.90037476
 31.800000     -0.89701539
 31.900000     -0.89365602
 32.000000     -0.88989735
 32.100000     -0.88620967
 32.200000     -0.88252198
 32.300000     -0.87883429
 32.400000     -0.87514661
 32.500000     -0.87145892
 32.600000     -0.86773982
 32.700000     -0.86402071
 32.800000     -0.86037810
 32.900000     -0.85688847
 33.000000     -0.85339884
 33.100000     -0.84990921
 33.200000     -0.84641959
 33.300000     -0.84272911
 33.400000     -0.83870819
 33.500000     -0.83457225
 33.600000     -0.83043632
 33.700000     -0.82630039
 33.800000     -0.82216445
 33.900000     -0.81789572
 34.000000     -0.81356060
 34.100000     -0.80922547
 34.200000     -0.80532173
 34.300000     -0.80141798
 34.400000     -0.79751424
 34.500000     -0.79361049
 34.600000     -0.78968065
 34.700000     -0.78552048
 34.800000     -0.78100408
 34.900000     -0.77648768
 35.000000     -0.77197128
 35.100000     -0.76745488
 35.200000     -0.76292633
 35.300000     -0.75837347
 35.400000     -0.75382061
 35.500000     -0.74961780
 35.600000     -0.74559002
 35.700000     -0.74156223
 35.800000     -0.73753445
 35.900000     -0.73350667
 36.000000     -0.72951915
 36.100000     -0.72481893
 36.200000     -0.72011871
 36.300000     -0.71541849
 36.400000     -0.71071827
 36.500000     -0.70601805
 36.600000     -0.70134401
 36.700000     -0.69666997
 36.800000     -0.69217799
 36.900000     -0.68805017
 37.000000     -0.68392235
 37.100000     -0.67979453
 37.200000     -0.67566670
 37.300000     -0.67139556
 37.400000     -0.66635387
 37.500000     -0.66096273
 37.600000     -0.65557159
 37.700000     -0.65018045
 37.800000     -0.64478931
 37.900000     -0.63924683
 38.000000     -0.63362870
 38.100000     -0.62801056
 38.200000     -0.62288994
 38.300000     -0.61776931
 38.400000     -0.61264868
 38.500000     -0.60752805
 38.600000     -0.60239729
 38.700000     -0.59691918
 38.800000     -0.59078693
 38.900000     -0.58465469
 39.000000     -0.57852245
 39.100000     -0.57239021
 39.200000     -0.56618631
 39.300000     -0.55983911
 39.400000     -0.55349191
 39.500000     -0.54742898
 39.600000     -0.54150818
 39.700000     -0.53558739
 39.800000     -0.52966659
 39.900000     -0.52374579
