  0.000000     -0.03360005
  0.100000     -0.03340814
  0.200000     -0.03321618
  0.300000     -0.03302611
  0.400000     -0.03283674
  0.500000     -0.03261708
  0.600000     -0.03239524
  0.700000     -0.03216223
  0.800000     -0.03231161
  0.900000     -0.03207317
  1.000000     -0.03180721
  1.100000     -0.03153459
  1.200000     -0.03128732
  1.300000     -0.03104039
  1.400000     -0.03072272
  1.500000     -0.03061369
  1.600000     -0.03041029
  1.700000     -0.03004989
  1.800000     -0.02979258
  1.900000     -0.02950058
  2.000000     -0.02931201
  2.100000     -0.02932164
  2.200000     -0.02919808
  2.300000     -0.02893570
  2.400000     -0.02872540
  2.500000     -0.02863537
  2.600000     -0.02890210
  2.700000     -0.02861002
  2.800000     -0.02850695
  2.900000     -0.02837662
  3.000000     -0.02834717
  3.100000     -0.02814557
  3.200000     -0.02828031
  3.300000     -0.02920473
  3.400000     -0.02947483
  3.500000     -0.02975458
  3.600000     -0.02998076
  3.700000     -0.03089030
  3.800000     -0.03133762
  3.900000     -0.03168723
  4.000000     -0.03194615
  4.100000     -0.03258665
  4.200000     -0.03315566
  4.300000     -0.03357662
  4.400000     -0.03397727
  4.500000     -0.03452805
  4.600000     -0.03519831
  4.700000     -0.03559349
  4.800000     -0.03603746
  4.900000     -0.03676551
  5.000000     -0.03762166
  5.100000     -0.03827414
  5.200000     -0.03889523
  5.300000     -0.03955880
  5.400000     -0.04027148
  5.500000     -0.04113643
  5.600000     -0.04191553
  5.700000     -0.04272985
  5.800000     -0.04357598
  5.900000     -0.04450182
  6.000000     -0.04545962
  6.100000     -0.04640828
  6.200000     -0.04746976
  6.300000     -0.04862393
  6.400000     -0.04968251
  6.500000     -0.05075726
  6.600000     -0.05186108
  6.700000     -0.05299189
  6.800000     -0.05414767
  6.900000     -0.05532392
  7.000000     -0.05652179
  7.100000     -0.05773658
  7.200000     -0.05896929
  7.300000     -0.06021563
  7.400000     -0.06147150
  7.500000     -0.06273393
  7.600000     -0.06400120
  7.700000     -0.06527745
  7.800000     -0.06648754
  7.900000     -0.06754950
  8.000000     -0.06880086
  8.100000     -0.07003799
  8.200000     -0.07125510
  8.300000     -0.07244850
  8.400000     -0.07361740
  8.500000     -0.07475446
  8.600000     -0.07585291
  8.700000     -0.07690734
  8.800000     -0.07791235
  8.900000     -0.07886276
  9.000000     -0.07975258
  9.100000     -0.08057532
  9.200000     -0.08132496
  9.300000     -0.08199468
  9.400000     -0.08257871
  9.500000     -0.08307054
  9.600000     -0.08346308
  9.700000     -0.08375003
  9.800000     -0.08392467
  9.900000     -0.08397989
 10.000000     -0.08390944
 10.100000     -0.08370578
 10.200000     -0.08336156
 10.300000     -0.08286957
 10.400000     -0.08222049
 10.500000     -0.08140732
 10.600000     -0.08042270
 10.700000     -0.07925849
 10.800000     -0.07790745
 10.900000     -0.07636203
 11.000000     -0.07461441
 11.100000     -0.07265603
 11.200000     -0.07047834
 11.300000     -0.06807286
 11.400000     -0.06543213
 11.500000     -0.06254785
 11.600000     -0.05941303
 11.700000     -0.05602004
 11.800000     -0.05236139
 11.900000     -0.04843062
 12.000000     -0.04422054
 12.100000     -0.03972553
 12.200000     -0.03493868
 12.300000     -0.02985445
 12.400000     -0.02446818
 12.500000     -0.01877541
 12.600000     -0.01277185
 12.700000     -0.00645264
 12.800000      0.00018492
 12.900000      0.00714346
 13.000000      0.01442674
 13.100000      0.02203638
 13.200000      0.02997354
 13.300000      0.03823938
 13.400000      0.04683447
 13.500000      0.05576033
 13.600000      0.06501564
 13.700000      0.07460126
 13.800000      0.08451526
 13.900000      0.09475632
 14.000000      0.10532292
 14.100000      0.11621424
 14.200000      0.12742529
 14.300000      0.13895464
 14.400000      0.15079725
 14.500000      0.16295120
 14.600000      0.17541218
 14.700000      0.18817525
 14.800000      0.20123684
 14.900000      0.21459243
 15.000000      0.22823845
 15.100000      0.24216900
 15.200000      0.25637918
 15.300000      0.27086337
 15.400000      0.28561977
 15.500000      0.30064243
 15.600000      0.31592139
 15.700000      0.33145049
 15.800000      0.34722266
 15.900000      0.36323181
 16.000000      0.37947095
 16.100000      0.39593189
 16.200000      0.41260552
 16.300000      0.42948343
 16.400000      0.44655541
 16.500000      0.46381153
 16.600000      0.48123977
 16.700000      0.49882872
 16.800000      0.51656356
 16.900000      0.53443062
 17.000000      0.55241359
 17.100000      0.57049435
 17.200000      0.58865325
 17.300000      0.60687043
 17.400000      0.62512284
 17.500000      0.64338802
 17.600000      0.66163921
 17.700000      0.67984887
 17.800000      0.69798946
 17.900000      0.71602922
 18.000000      0.73393602
 18.100000      0.75167565
 18.200000      0.76921084
 18.300000      0.78650210
 18.400000      0.80350812
 18.500000      0.82018583
 18.600000      0.83648851
 18.700000      0.85236614
 18.800000      0.86776774
 18.900000      0.88263954
 19.000000      0.89692421
 19.100000      0.91056139
 19.200000      0.92349285
 19.300000      0.93565392
 19.400000      0.94698221
 19.500000      0.95740461
 19.600000      0.96685507
 19.700000      0.97526686
 19.800000      0.98256882
 19.900000      0.98869200
 20.000000      0.99356590
 20.100000      0.99712092
 20.200000      0.99928878
 20.300000      1.00000000
 20.400000      0.99918554
 20.500000      0.99678735
 20.600000      0.99275500
 20.700000      0.98704260
 20.800000      0.97960868
 20.900000      0.97041682
 21.000000      0.95943599
 21.100000      0.94663809
 21.200000      0.93199955
 21.300000      0.91550603
 21.400000      0.89715779
 21.500000      0.87694950
 21.600000      0.85490140
 21.700000      0.83103125
 21.800000      0.80536834
 21.900000      0.77795251
 22.000000      0.74882343
 22.100000      0.71803670
 22.200000      0.68565178
 22.300000      0.65173585
 22.400000      0.61637090
 22.500000      0.57964238
 22.600000      0.54164273
 22.700000      0.50246928
 22.800000      0.46223189
 22.900000      0.42104226
 23.000000      0.37901837
 23.100000      0.33628306
 23.200000      0.29296377
 23.300000      0.24919054
 23.400000      0.20509256
 23.500000      0.16080082
 23.600000      0.11644431
 23.700000      0.07215132
 23.800000      0.02804813
 23.900000     -0.01574547
 24.000000     -0.05910896
 24.100000     -0.10193043
 24.200000     -0.14410164
 24.300000     -0.18551967
 24.400000     -0.22608944
 24.500000     -0.26571750
 24.600000     -0.30431746
 24.700000     -0.34181249
 24.800000     -0.37812958
 24.900000     -0.41320284
 25.000000     -0.44697173
 25.100000     -0.47938543
 25.200000     -0.51040027
 25.300000     -0.53985127
 25.400000     -0.56755600
 25.500000     -0.59417825
 25.600000     -0.61928915
 25.700000     -0.64288453
 25.800000     -0.66496090
 25.900000     -0.68552663
 26.000000     -0.70459356
 26.100000     -0.72217818
 26.200000     -0.73830226
 26.300000     -0.75299207
 26.400000     -0.76628520
 26.500000     -0.77821485
 26.600000     -0.78882026
 26.700000     -0.79814792
 26.800000     -0.80624205
 26.900000     -0.81314975
 27.000000     -0.81891711
 27.100000     -0.82391384
 27.200000     -0.82757965
 27.300000     -0.83024690
 27.400000     -0.83197754
 27.500000     -0.83282435
 27.600000     -0.83283924
 27.700000     -0.83207247
 27.800000     -0.83057426
 27.900000     -0.82839174
 28.000000     -0.82557430
 28.100000     -0.82216628
 28.200000     -0.81821065
 28.300000     -0.81345050
 28.400000     -0.80795671
 28.500000     -0.80262550
 28.600000     -0.79690084
 28.700000     -0.79081518
 28.800000     -0.78439798
 28.900000     -0.77767598
 29.000000     -0.77067428
 29.100000     -0.76341500
 29.200000     -0.75591946
 29.300000     -0.74820462
 29.400000     -0.74028561
 29.500000     -0.73217460
 29.600000     -0.72388364
 29.700000     -0.71542369
 29.800000     -0.70680294
 29.900000     -0.69802683
 30.000000     -0.68910038
 30.100000     -0.68002316
 30.200000     -0.67032572
 30.300000     -0.65962918
 30.400000     -0.65015754
 30.500000     -0.64054588
 30.600000     -0.63079847
 30.700000     -0.62083213
 30.800000     -0.60892273
 30.900000     -0.59766753
 31.000000     -0.58583503
 31.100000     -0.57477353
 31.200000     -0.56424997
 31.300000     -0.55082679
 31.400000     -0.53879630
 31.500000     -0.52643601
 31.600000     -0.51323388
 31.700000     -0.50213428
 31.800000     -0.49093597
 31.900000     -0.47962286
 32.000000     -0.46723019
 32.100000     -0.45586055
 32.200000     -0.44433975
 32.300000     -0.43260920
 32.400000     -0.42081934
 32.500000     -0.40906963
 32.600000     -0.39726216
 32.700000     -0.38541711
 32.800000     -0.37366317
 32.900000     -0.36216903
 33.000000     -0.35053007
 33.100000     -0.33818915
 33.200000     -0.32589259
 33.300000     -0.31449974
 33.400000     -0.30313069
 33.500000     -0.29177836
 33.600000     -0.28046347
 33.700000     -0.26922809
 33.800000     -0.25793978
 33.900000     -0.24688408
 34.000000     -0.23595157
 34.100000     -0.22512679
 34.200000     -0.21441301
 34.300000     -0.20380593
 34.400000     -0.19331530
 34.500000     -0.18295448
 34.600000     -0.17273868
 34.700000     -0.16267397
 34.800000     -0.15275037
 34.900000     -0.14298448
 35.000000     -0.13338626
 35.100000     -0.12396276
 35.200000     -0.11472047
 35.300000     -0.10571969
 35.400000     -0.09693510
 35.500000     -0.08834634
 35.600000     -0.07997140
 35.700000     -0.07180874
 35.800000     -0.06385384
 35.900000     -0.05611127
 36.000000     -0.04864587
 36.100000     -0.04142482
 36.200000     -0.03442395
 36.300000     -0.02766411
 36.400000     -0.02112568
 36.500000     -0.01477943
 36.600000     -0.00859631
 36.700000     -0.00268780
 36.800000      0.00295897
 36.900000      0.00840782
 37.000000      0.01364421
 37.100000      0.01856447
 37.200000      0.02328998
 37.300000      0.02750222
 37.400000      0.03152505
 37.500000      0.03428088
 37.600000      0.03768724
 37.700000      0.04119092
 37.800000      0.04424623
 37.900000      0.04691180
 38.000000      0.04960808
 38.100000      0.05207621
 38.200000      0.05431687
 38.300000      0.05630863
 38.400000      0.05781239
 38.500000      0.05904589
 38.600000      0.06052344
 38.700000      0.06172629
 38.800000      0.06279417
 38.900000      0.06327853
 39.000000      0.06422949
 39.100000      0.06476850
 39.200000      0.06429996
 39.300000      0.06422373
 39.400000      0.06522119
 39.500000      0.06537296
 39.600000      0.06558970
 39.700000      0.06506221
 39.800000      0.06483813
 39.900000      0.06443045
