  0.000000     -0.00093480
  0.100000     -0.00128711
  0.200000     -0.00149585
  0.300000     -0.00163406
  0.400000     -0.00178822
  0.500000     -0.00191179
  0.600000     -0.00199150
  0.700000     -0.00199732
  0.800000     -0.00196511
  0.900000     -0.00183109
  1.000000     -0.00173159
  1.100000     -0.00171562
  1.200000     -0.00180108
  1.300000     -0.00198763
  1.400000     -0.00220235
  1.500000     -0.00247018
  1.600000     -0.00269745
  1.700000     -0.00291143
  1.800000     -0.00298450
  1.900000     -0.00302751
  2.000000     -0.00313521
  2.100000     -0.00315620
  2.200000     -0.00315614
  2.300000     -0.00322900
  2.400000     -0.00325397
  2.500000     -0.00331836
  2.600000     -0.00325250
  2.700000     -0.00316983
  2.800000     -0.00316344
  2.900000     -0.00326720
  3.000000     -0.00335903
  3.100000     -0.00332113
  3.200000     -0.00339234
  3.300000     -0.00354011
  3.400000     -0.00362825
  3.500000     -0.00361389
  3.600000     -0.00363251
  3.700000     -0.00374170
  3.800000     -0.00379286
  3.900000     -0.00368830
  4.000000     -0.00354508
  4.100000     -0.00336514
  4.200000     -0.00329115
  4.300000     -0.00328716
  4.400000     -0.00326817
  4.500000     -0.00339320
  4.600000     -0.00350544
  4.700000     -0.00353894
  4.800000     -0.00358986
  4.900000     -0.00365951
  5.000000     -0.00366762
  5.100000     -0.00358636
  5.200000     -0.00346780
  5.300000     -0.00337124
  5.400000     -0.00315280
  5.500000     -0.00279849
  5.600000     -0.00246642
  5.700000     -0.00217856
  5.800000     -0.00199086
  5.900000     -0.00173896
  6.000000     -0.00156504
  6.100000     -0.00140764
  6.200000     -0.00123317
  6.300000     -0.00085167
  6.400000     -0.00037701
  6.500000     -0.00003391
  6.600000      0.00029725
  6.700000      0.00060772
  6.800000      0.00074016
  6.900000      0.00071586
  7.000000      0.00064531
  7.100000      0.00044522
  7.200000      0.00018612
  7.300000      0.00012304
  7.400000      0.00021129
  7.500000      0.00041796
  7.600000      0.00066323
  7.700000      0.00100868
  7.800000      0.00132208
  7.900000      0.00147817
  8.000000      0.00123254
  8.100000      0.00070805
  8.200000     -0.00000398
  8.300000     -0.00096741
  8.400000     -0.00198849
  8.500000     -0.00296241
  8.600000     -0.00383602
  8.700000     -0.00493302
  8.800000     -0.00624293
  8.900000     -0.00765204
  9.000000     -0.00891863
  9.100000     -0.01004422
  9.200000     -0.01120417
  9.300000     -0.01229815
  9.400000     -0.01334710
  9.500000     -0.01451624
  9.600000     -0.01582282
  9.700000     -0.01732238
  9.800000     -0.01868721
  9.900000     -0.02007067
 10.000000     -0.02128832
 10.100000     -0.02210103
 10.200000     -0.02277525
 10.300000     -0.02337666
 10.400000     -0.02411469
 10.500000     -0.02503133
 10.600000     -0.02615283
 10.700000     -0.02715374
 10.800000     -0.02819318
 10.900000     -0.02933697
 11.000000     -0.03044302
 11.100000     -0.03145778
 11.200000     -0.03231592
 11.300000     -0.03299783
 11.400000     -0.03345272
 11.500000     -0.03393890
 11.600000     -0.03486181
 11.700000     -0.03576865
 11.800000     -0.03629897
 11.900000     -0.03639961
 12.000000     -0.03592235
 12.100000     -0.03495379
 12.200000     -0.03383776
 12.300000     -0.03266727
 12.400000     -0.03119789
 12.500000     -0.02913151
 12.600000     -0.02617895
 12.700000     -0.02241883
 12.800000     -0.01801375
 12.900000     -0.01281646
 13.000000     -0.00648313
 13.100000      0.00146444
 13.200000      0.01110963
 13.300000      0.02262117
 13.400000      0.03608617
 13.500000      0.05129970
 13.600000      0.06837979
 13.700000      0.08773304
 13.800000      0.10917308
 13.900000      0.13296183
 14.000000      0.15917571
 14.100000      0.18742160
 14.200000      0.21796115
 14.300000      0.25053664
 14.400000      0.28477990
 14.500000      0.32059601
 14.600000      0.35770150
 14.700000      0.39551163
 14.800000      0.43400643
 14.900000      0.47296577
 15.000000      0.51241120
 15.100000      0.55191880
 15.200000      0.59112726
 15.300000      0.62960775
 15.400000      0.66698617
 15.500000      0.70324432
 15.600000      0.73803132
 15.700000      0.77123833
 15.800000      0.80284422
 15.900000      0.83254908
 16.000000      0.86015483
 16.100000      0.88568114
 16.200000      0.90897652
 16.300000      0.93003151
 16.400000      0.94874817
 16.500000      0.96482811
 16.600000      0.97817717
 16.700000      0.98868157
 16.800000      0.99614588
 16.900000      0.99991934
 17.000000      1.00000000
 17.100000      0.99684456
 17.200000      0.99012850
 17.300000      0.97989306
 17.400000      0.96626759
 17.500000      0.94896573
 17.600000      0.92840607
 17.700000      0.90426406
 17.800000      0.87628558
 17.900000      0.84456121
 18.000000      0.80855775
 18.100000      0.76758113
 18.200000      0.72089329
 18.300000      0.66859784
 18.400000      0.61014110
 18.500000      0.54556192
 18.600000      0.47594626
 18.700000      0.40255052
 18.800000      0.32683339
 18.900000      0.25086609
 19.000000      0.17638480
 19.100000      0.10492247
 19.200000      0.03765168
 19.300000     -0.02531803
 19.400000     -0.08370073
 19.500000     -0.13734481
 19.600000     -0.18673126
 19.700000     -0.23173428
 19.800000     -0.27217168
 19.900000     -0.30846333
 20.000000     -0.34055994
 20.100000     -0.36896772
 20.200000     -0.39399085
 20.300000     -0.41567002
 20.400000     -0.43419277
 20.500000     -0.44995462
 20.600000     -0.46322510
 20.700000     -0.47425341
 20.800000     -0.48374383
 20.900000     -0.49154696
 21.000000     -0.49742752
 21.100000     -0.50128625
 21.200000     -0.50280698
 21.300000     -0.50216053
 21.400000     -0.49967175
 21.500000     -0.49519670
 21.600000     -0.48894036
 21.700000     -0.48122207
 21.800000     -0.47218209
 21.900000     -0.46264695
 22.000000     -0.45275617
 22.100000     -0.44249171
 22.200000     -0.43223127
 22.300000     -0.42219037
 22.400000     -0.41232934
 22.500000     -0.40267649
 22.600000     -0.39342868
 22.700000     -0.38453115
 22.800000     -0.37620784
 22.900000     -0.36853473
 23.000000     -0.36157272
 23.100000     -0.35542080
 23.200000     -0.34989308
 23.300000     -0.34507201
 23.400000     -0.34101393
 23.500000     -0.33761626
 23.600000     -0.33459343
 23.700000     -0.33182606
 23.800000     -0.32947875
 23.900000     -0.32749729
 24.000000     -0.32606620
 24.100000     -0.32531364
 24.200000     -0.32521578
 24.300000     -0.32541784
 24.400000     -0.32607943
 24.500000     -0.32697526
 24.600000     -0.32796924
 24.700000     -0.32913748
 24.800000     -0.33010003
 24.900000     -0.33098235
 25.000000     -0.33191532
 25.100000     -0.33292119
 25.200000     -0.33374323
 25.300000     -0.33438208
 25.400000     -0.33507539
 25.500000     -0.33547811
 25.600000     -0.33553768
 25.700000     -0.33522800
 25.800000     -0.33453544
 25.900000     -0.33327185
 26.000000     -0.33129284
 26.100000     -0.32865709
 26.200000     -0.32545990
 26.300000     -0.32146403
 26.400000     -0.31678964
 26.500000     -0.31151323
 26.600000     -0.30622993
 26.700000     -0.30098306
 26.800000     -0.29556934
 26.900000     -0.28993827
 27.000000     -0.28441145
 27.100000     -0.27866408
 27.200000     -0.27259736
 27.300000     -0.26612109
 27.400000     -0.25915365
 27.500000     -0.25211316
 27.600000     -0.24521008
 27.700000     -0.23851369
 27.800000     -0.23184453
 27.900000     -0.22550914
 28.000000     -0.21939676
 28.100000     -0.21348839
 28.200000     -0.20758703
 28.300000     -0.20166716
 28.400000     -0.19597798
 28.500000     -0.19069449
 28.600000     -0.18593208
 28.700000     -0.18168564
 28.800000     -0.17761341
 28.900000     -0.17352211
 29.000000     -0.16946134
 29.100000     -0.16519191
 29.200000     -0.16109056
 29.300000     -0.15708800
 29.400000     -0.15301058
 29.500000     -0.14876828
 29.600000     -0.14456732
 29.700000     -0.14021963
 29.800000     -0.13598850
 29.900000     -0.13206842
 30.000000     -0.12848034
 30.100000     -0.12495045
 30.200000     -0.12162148
 30.300000     -0.11834098
 30.400000     -0.11529526
 30.500000     -0.11250677
 30.600000     -0.10981635
 30.700000     -0.10697428
 30.800000     -0.10394566
 30.900000     -0.10089154
 31.000000     -0.09773611
 31.100000     -0.09468405
 31.200000     -0.09161923
 31.300000     -0.08866602
 31.400000     -0.08576540
 31.500000     -0.08293450
 31.600000     -0.08021502
 31.700000     -0.07777981
 31.800000     -0.07594695
 31.900000     -0.07459183
 32.000000     -0.07372187
 32.100000     -0.07315802
 32.200000     -0.07269300
 32.300000     -0.07214909
 32.400000     -0.07151231
 32.500000     -0.07058090
 32.600000     -0.06946868
 32.700000     -0.06842703
 32.800000     -0.06767885
 32.900000     -0.06722586
 33.000000     -0.06699494
 33.100000     -0.06682051
 33.200000     -0.06656624
 33.300000     -0.06611836
 33.400000     -0.06558558
 33.500000     -0.06482323
 33.600000     -0.06387633
 33.700000     -0.06291237
 33.800000     -0.06179925
 33.900000     -0.06068793
 34.000000     -0.05967133
 34.100000     -0.05884022
 34.200000     -0.05805360
 34.300000     -0.05739323
 34.400000     -0.05686342
 34.500000     -0.05643722
 34.600000     -0.05598582
 34.700000     -0.05559663
 34.800000     -0.05522129
 34.900000     -0.05498516
 35.000000     -0.05479593
 35.100000     -0.05459810
 35.200000     -0.05435405
 35.300000     -0.05385868
 35.400000     -0.05306396
 35.500000     -0.05186925
 35.600000     -0.05029290
 35.700000     -0.04865074
 35.800000     -0.04714151
 35.900000     -0.04560151
 36.000000     -0.04391292
 36.100000     -0.04220680
 36.200000     -0.04064087
 36.300000     -0.03910934
 36.400000     -0.03770479
 36.500000     -0.03636297
 36.600000     -0.03507949
 36.700000     -0.03397464
 36.800000     -0.03281518
 36.900000     -0.03168130
 37.000000     -0.03060690
 37.100000     -0.02965528
 37.200000     -0.02875885
 37.300000     -0.02785808
 37.400000     -0.02685260
 37.500000     -0.02580107
 37.600000     -0.02480079
 37.700000     -0.02392319
 37.800000     -0.02317070
 37.900000     -0.02257560
 38.000000     -0.02212818
 38.100000     -0.02175303
 38.200000     -0.02140034
 38.300000     -0.02098073
 38.400000     -0.02058508
 38.500000     -0.02011090
 38.600000     -0.01968043
 38.700000     -0.01921509
 38.800000     -0.01872058
 38.900000     -0.01824582
 39.000000     -0.01774365
 39.100000     -0.01718976
 39.200000     -0.01649097
 39.300000     -0.01565695
 39.400000     -0.01474286
 39.500000     -0.01382180
 39.600000     -0.01291715
 39.700000     -0.01199789
 39.800000     -0.01102793
 39.900000     -0.01005539
