  0.000000      0.07266623
  0.100000      0.07376300
  0.200000      0.07493835
  0.300000      0.07613484
  0.400000      0.07752395
  0.500000      0.07886871
  0.600000      0.08002638
  0.700000      0.08131817
  0.800000      0.08271233
  0.900000      0.08409673
  1.000000      0.08517914
  1.100000      0.08613290
  1.200000      0.08730552
  1.300000      0.08851532
  1.400000      0.08954946
  1.500000      0.09042179
  1.600000      0.09143669
  1.700000      0.09266004
  1.800000      0.09362117
  1.900000      0.09450144
  2.000000      0.09542856
  2.100000      0.09643431
  2.200000      0.09735706
  2.300000      0.09832040
  2.400000      0.09940874
  2.500000      0.10032298
  2.600000      0.10107410
  2.700000      0.10200047
  2.800000      0.10299200
  2.900000      0.10380624
  3.000000      0.10478755
  3.100000      0.10563443
  3.200000      0.10641842
  3.300000      0.10729830
  3.400000      0.10798479
  3.500000      0.10864865
  3.600000      0.10960440
  3.700000      0.11058142
  3.800000      0.11157789
  3.900000      0.11289808
  4.000000      0.11403979
  4.100000      0.11507698
  4.200000      0.11614855
  4.300000      0.11729196
  4.400000      0.11850587
  4.500000      0.11954668
  4.600000      0.12055218
  4.700000      0.12181847
  4.800000      0.12296413
  4.900000      0.12395357
  5.000000      0.12479750
  5.100000      0.12560367
  5.200000      0.12644750
  5.300000      0.12736707
  5.400000      0.12804427
  5.500000      0.12880462
  5.600000      0.12941966
  5.700000      0.12994937
  5.800000      0.13056864
  5.900000      0.13113889
  6.000000      0.13170874
  6.100000      0.13225051
  6.200000      0.13274010
  6.300000      0.13314911
  6.400000      0.13338131
  6.500000      0.13360920
  6.600000      0.13369195
  6.700000      0.13389135
  6.800000      0.13416453
  6.900000      0.13453212
  7.000000      0.13464942
  7.100000      0.13498499
  7.200000      0.13539480
  7.300000      0.13585417
  7.400000      0.13646794
  7.500000      0.13709760
  7.600000      0.13768559
  7.700000      0.13830085
  7.800000      0.13883407
  7.900000      0.13946684
  8.000000      0.14028646
  8.100000      0.14112177
  8.200000      0.14219225
  8.300000      0.14339969
  8.400000      0.14457467
  8.500000      0.14573012
  8.600000      0.14695493
  8.700000      0.14870465
  8.800000      0.15061127
  8.900000      0.15244217
  9.000000      0.15454499
  9.100000      0.15677334
  9.200000      0.15932344
  9.300000      0.16204622
  9.400000      0.16484125
  9.500000      0.16780764
  9.600000      0.17098064
  9.700000      0.17417017
  9.800000      0.17756882
  9.900000      0.18128944
 10.000000      0.18510847
 10.100000      0.18926047
 10.200000      0.19358798
 10.300000      0.19801216
 10.400000      0.20295071
 10.500000      0.20823009
 10.600000      0.21379008
 10.700000      0.21962404
 10.800000      0.22570277
 10.900000      0.23192601
 11.000000      0.23832819
 11.100000      0.24510446
 11.200000      0.25241066
 11.300000      0.26020545
 11.400000      0.26805168
 11.500000      0.27603508
 11.600000      0.28455741
 11.700000      0.29323459
 11.800000      0.30238371
 11.900000      0.31185334
 12.000000      0.32159486
 12.100000      0.33172493
 12.200000      0.34230595
 12.300000      0.35312024
 12.400000      0.36428027
 12.500000      0.37569566
 12.600000      0.38742450
 12.700000      0.39910403
 12.800000      0.41112517
 12.900000      0.42350371
 13.000000      0.43589619
 13.100000      0.44859338
 13.200000      0.46137269
 13.300000      0.47418148
 13.400000      0.48712092
 13.500000      0.50030737
 13.600000      0.51364776
 13.700000      0.52682788
 13.800000      0.54010944
 13.900000      0.55352075
 14.000000      0.56688592
 14.100000      0.58008798
 14.200000      0.59315207
 14.300000      0.60615990
 14.400000      0.61906229
 14.500000      0.63196405
 14.600000      0.64448998
 14.700000      0.65657503
 14.800000      0.66844018
 14.900000      0.68029794
 15.000000      0.69182839
 15.100000      0.70304749
 15.200000      0.71404502
 15.300000      0.72454168
 15.400000      0.73468320
 15.500000      0.74437287
 15.600000      0.75358364
 15.700000      0.76256258
 15.800000      0.77127568
 15.900000      0.77971459
 16.000000      0.78788274
 16.100000      0.79561902
 16.200000      0.80308425
 16.300000      0.81033879
 16.400000      0.81719120
 16.500000      0.82377075
 16.600000      0.83041967
 16.700000      0.83696162
 16.800000      0.84328004
 16.900000      0.84944859
 17.000000      0.85551453
 17.100000      0.86179633
 17.200000      0.86792804
 17.300000      0.87410942
 17.400000      0.88048814
 17.500000      0.88675300
 17.600000      0.89317089
 17.700000      0.89982469
 17.800000      0.90628068
 17.900000      0.91269998
 18.000000      0.91896575
 18.100000      0.92524448
 18.200000      0.93171603
 18.300000      0.93808784
 18.400000      0.94408701
 18.500000      0.95005472
 18.600000      0.95601380
 18.700000      0.96157454
 18.800000      0.96685371
 18.900000      0.97198158
 19.000000      0.97703618
 19.100000      0.98150383
 19.200000      0.98553090
 19.300000      0.98898696
 19.400000      0.99196588
 19.500000      0.99468406
 19.600000      0.99709650
 19.700000      0.99871025
 19.800000      0.99971096
 19.900000      1.00000000
 20.000000      0.99943386
 20.100000      0.99818997
 20.200000      0.99597203
 20.300000      0.99233868
 20.400000      0.98787932
 20.500000      0.98249194
 20.600000      0.97561443
 20.700000      0.96709087
 20.800000      0.95731403
 20.900000      0.94644796
 21.000000      0.93399612
 21.100000      0.91938675
 21.200000      0.90340392
 21.300000      0.88618450
 21.400000      0.86709928
 21.500000      0.84631065
 21.600000      0.82407824
 21.700000      0.80058364
 21.800000      0.77557733
 21.900000      0.74894260
 22.000000      0.72113732
 22.100000      0.69201455
 22.200000      0.66170286
 22.300000      0.63042415
 22.400000      0.59811200
 22.500000      0.56464468
 22.600000      0.53074697
 22.700000      0.49631717
 22.800000      0.46132008
 22.900000      0.42626827
 23.000000      0.39057166
 23.100000      0.35481443
 23.200000      0.31939752
 23.300000      0.28385979
 23.400000      0.24833272
 23.500000      0.21268757
 23.600000      0.17722853
 23.700000      0.14182065
 23.800000      0.10647072
 23.900000      0.07175157
 24.000000      0.03753168
 24.100000      0.00349501
 24.200000     -0.03013551
 24.300000     -0.06340762
 24.400000     -0.09612300
 24.500000     -0.12821922
 24.600000     -0.15978480
 24.700000     -0.19084801
 24.800000     -0.22095782
 24.900000     -0.25026955
 25.000000     -0.27898030
 25.100000     -0.30671365
 25.200000     -0.33372170
 25.300000     -0.36284217
 25.400000     -0.39872219
 25.500000     -0.42672691
 25.600000     -0.45236765
 25.700000     -0.48994023
 25.800000     -0.50427456
 25.900000     -0.50954398
 26.000000     -0.52080637
 26.100000     -0.53495452
 26.200000     -0.54983085
 26.300000     -0.56453188
 26.400000     -0.57833920
 26.500000     -0.59171476
 26.600000     -0.60401699
 26.700000     -0.61514815
 26.800000     -0.62509056
 26.900000     -0.63449571
 27.000000     -0.64261646
 27.100000     -0.65006567
 27.200000     -0.65658126
 27.300000     -0.66233500
 27.400000     -0.66740642
 27.500000     -0.67195438
 27.600000     -0.67579184
 27.700000     -0.67906478
 27.800000     -0.68165732
 27.900000     -0.68381858
 28.000000     -0.68557719
 28.100000     -0.68679972
 28.200000     -0.68747462
 28.300000     -0.68778898
 28.400000     -0.68811433
 28.500000     -0.68805809
 28.600000     -0.68785487
 28.700000     -0.68754443
 28.800000     -0.68678951
 28.900000     -0.68573112
 29.000000     -0.68466540
 29.100000     -0.68341467
 29.200000     -0.68201334
 29.300000     -0.68051273
 29.400000     -0.67914701
 29.500000     -0.67758153
 29.600000     -0.67590734
 29.700000     -0.67438182
 29.800000     -0.67287563
 29.900000     -0.67146952
 30.000000     -0.67005499
 30.100000     -0.66873702
 30.200000     -0.66737423
 30.300000     -0.66588231
 30.400000     -0.66432928
 30.500000     -0.66265243
 30.600000     -0.66098994
 30.700000     -0.65934882
 30.800000     -0.65810355
 30.900000     -0.66026829
 31.000000     -0.66483686
 31.100000     -0.66088185
 31.200000     -0.65431060
 31.300000     -0.65001068
 31.400000     -0.65673633
 31.500000     -0.65712731
 31.600000     -0.64881246
 31.700000     -0.64380025
 31.800000     -0.64531874
 31.900000     -0.64778637
 32.000000     -0.64902706
 32.100000     -0.64581030
 32.200000     -0.63622668
 32.300000     -0.62987009
 32.400000     -0.62525627
 32.500000     -0.62136626
 32.600000     -0.61780188
 32.700000     -0.61430101
 32.800000     -0.61065292
 32.900000     -0.60686241
 33.000000     -0.60299988
 33.100000     -0.59928788
 33.200000     -0.59564077
 33.300000     -0.59188614
 33.400000     -0.58811205
 33.500000     -0.58442788
 33.600000     -0.58063440
 33.700000     -0.57656551
 33.800000     -0.57268937
 33.900000     -0.56867317
 34.000000     -0.56458774
 34.100000     -0.56044795
 34.200000     -0.55640379
 34.300000     -0.55240995
 34.400000     -0.54828308
 34.500000     -0.54427575
 34.600000     -0.54030146
 34.700000     -0.53628905
 34.800000     -0.53225178
 34.900000     -0.52829286
 35.000000     -0.52428902
 35.100000     -0.52017801
 35.200000     -0.51598512
 35.300000     -0.51168629
 35.400000     -0.50761963
 35.500000     -0.50360232
 35.600000     -0.49947899
 35.700000     -0.49547396
 35.800000     -0.49154049
 35.900000     -0.48737345
 36.000000     -0.48330311
 36.100000     -0.47912225
 36.200000     -0.47497335
 36.300000     -0.47091713
 36.400000     -0.46687190
 36.500000     -0.46285145
 36.600000     -0.45898768
 36.700000     -0.45510732
 36.800000     -0.45102222
 36.900000     -0.44681743
 37.000000     -0.44262578
 37.100000     -0.43851180
 37.200000     -0.43458580
 37.300000     -0.43071066
 37.400000     -0.42691126
 37.500000     -0.42306786
 37.600000     -0.41924792
 37.700000     -0.41556309
 37.800000     -0.41178552
 37.900000     -0.40812198
 38.000000     -0.40436937
 38.100000     -0.40054884
 38.200000     -0.39679122
 38.300000     -0.39308674
 38.400000     -0.38912104
 38.500000     -0.38506368
 38.600000     -0.38109026
 38.700000     -0.37732635
 38.800000     -0.37346374
 38.900000     -0.36940493
 39.000000     -0.36562225
 39.100000     -0.36197154
 39.200000     -0.35801345
 39.300000     -0.35407882
 39.400000     -0.35012425
 39.500000     -0.34618295
 39.600000     -0.34222695
 39.700000     -0.33820344
 39.800000     -0.33401972
 39.900000     -0.32975935
