  0.000000      0.03259952
  0.100000      0.03118677
  0.200000      0.02904676
  0.300000      0.02791744
  0.400000      0.02746648
  0.500000      0.02627433
  0.600000      0.02583974
  0.700000      0.02573368
  0.800000      0.02507498
  0.900000      0.02320464
  1.000000      0.02049599
  1.100000      0.01909955
  1.200000      0.01808598
  1.300000      0.01653018
  1.400000      0.01447217
  1.500000      0.01408395
  1.600000      0.01567800
  1.700000      0.01717760
  1.800000      0.01809305
  1.900000      0.01916251
  2.000000      0.01996431
  2.100000      0.01983117
  2.200000      0.02002636
  2.300000      0.02042540
  2.400000      0.02104259
  2.500000      0.02202740
  2.600000      0.02432738
  2.700000      0.02838420
  2.800000      0.03107993
  2.900000      0.03265564
  3.000000      0.03436425
  3.100000      0.03737466
  3.200000      0.03996902
  3.300000      0.04223694
  3.400000      0.04400661
  3.500000      0.04616980
  3.600000      0.04787828
  3.700000      0.04993541
  3.800000      0.05261704
  3.900000      0.05548608
  4.000000      0.05685376
  4.100000      0.05930829
  4.200000      0.06356400
  4.300000      0.06791333
  4.400000      0.07020799
  4.500000      0.07182194
  4.600000      0.07469637
  4.700000      0.07784631
  4.800000      0.07956441
  4.900000      0.08192668
  5.000000      0.08398017
  5.100000      0.08735443
  5.200000      0.08998964
  5.300000      0.09045089
  5.400000      0.09076184
  5.500000      0.09149013
  5.600000      0.09411908
  5.700000      0.09596480
  5.800000      0.09704941
  5.900000      0.09701552
  6.000000      0.09552570
  6.100000      0.09560981
  6.200000      0.09367153
  6.300000      0.09152994
  6.400000      0.08782314
  6.500000      0.08363197
  6.600000      0.08053698
  6.700000      0.07729392
  6.800000      0.07095352
  6.900000      0.06282255
  7.000000      0.05661252
  7.100000      0.05035967
  7.200000      0.04271393
  7.300000      0.03218451
  7.400000      0.02444574
  7.500000      0.01626288
  7.600000      0.00728104
  7.700000      0.00133277
  7.800000     -0.00488818
  7.900000     -0.01376713
  8.000000     -0.02397980
  8.100000     -0.03289135
  8.200000     -0.03903665
  8.300000     -0.04395511
  8.400000     -0.04987690
  8.500000     -0.05629852
  8.600000     -0.06022257
  8.700000     -0.06302488
  8.800000     -0.06273628
  8.900000     -0.06490914
  9.000000     -0.06395035
  9.100000     -0.06063252
  9.200000     -0.05667237
  9.300000     -0.05152566
  9.400000     -0.04276145
  9.500000     -0.03106299
  9.600000     -0.01755029
  9.700000     -0.00325399
  9.800000      0.01253486
  9.900000      0.03063803
 10.000000      0.05260991
 10.100000      0.08025788
 10.200000      0.11159379
 10.300000      0.14654575
 10.400000      0.18662449
 10.500000      0.22983338
 10.600000      0.27857145
 10.700000      0.32864145
 10.800000      0.37974461
 10.900000      0.43101461
 11.000000      0.48425857
 11.100000      0.53876308
 11.200000      0.59766966
 11.300000      0.65497620
 11.400000      0.70876105
 11.500000      0.75886101
 11.600000      0.80668029
 11.700000      0.85058701
 11.800000      0.88869889
 11.900000      0.92175453
 12.000000      0.94863016
 12.100000      0.97195858
 12.200000      0.99014533
 12.300000      0.99945453
 12.400000      1.00000000
 12.500000      0.99177413
 12.600000      0.97953448
 12.700000      0.95918447
 12.800000      0.92764570
 12.900000      0.88835931
 13.000000      0.84044760
 13.100000      0.78520964
 13.200000      0.72661524
 13.300000      0.66215478
 13.400000      0.59383817
 13.500000      0.51950509
 13.600000      0.44078784
 13.700000      0.36148897
 13.800000      0.28159710
 13.900000      0.20222084
 14.000000      0.12521382
 14.100000      0.04877815
 14.200000     -0.02549803
 14.300000     -0.09538822
 14.400000     -0.15985486
 14.500000     -0.21928445
 14.600000     -0.27388685
 14.700000     -0.32019036
 14.800000     -0.36626264
 14.900000     -0.40642020
 15.000000     -0.44085647
 15.100000     -0.47092250
 15.200000     -0.49499312
 15.300000     -0.51597367
 15.400000     -0.53275948
 15.500000     -0.54572108
 15.600000     -0.55546935
 15.700000     -0.56078513
 15.800000     -0.56230685
 15.900000     -0.56038714
 16.000000     -0.55675610
 16.100000     -0.55050868
 16.200000     -0.54367942
 16.300000     -0.53561102
 16.400000     -0.52634480
 16.500000     -0.51418264
 16.600000     -0.49857934
 16.700000     -0.48135160
 16.800000     -0.46479522
 16.900000     -0.44615983
 17.000000     -0.42728253
 17.100000     -0.40821200
 17.200000     -0.38938965
 17.300000     -0.37159740
 17.400000     -0.35535172
 17.500000     -0.33728437
 17.600000     -0.31941211
 17.700000     -0.30158848
 17.800000     -0.28469111
 17.900000     -0.26918264
 18.000000     -0.25315476
 18.100000     -0.23670670
 18.200000     -0.22144624
 18.300000     -0.20917610
 18.400000     -0.19848347
 18.500000     -0.18865781
 18.600000     -0.18032307
 18.700000     -0.17134993
 18.800000     -0.16389292
 18.900000     -0.15791748
 19.000000     -0.15282927
 19.100000     -0.14775357
 19.200000     -0.14419028
 19.300000     -0.14099532
 19.400000     -0.13909910
 19.500000     -0.13646452
 19.600000     -0.13354559
 19.700000     -0.13268968
 19.800000     -0.13327856
 19.900000     -0.13476226
 20.000000     -0.13600746
 20.100000     -0.13704751
 20.200000     -0.13922251
 20.300000     -0.14135863
 20.400000     -0.14150058
 20.500000     -0.14254188
 20.600000     -0.14330957
 20.700000     -0.14470994
 20.800000     -0.14711164
 20.900000     -0.14888485
 21.000000     -0.15047235
 21.100000     -0.15145421
 21.200000     -0.15280301
 21.300000     -0.15569628
 21.400000     -0.15574613
 21.500000     -0.15470701
 21.600000     -0.15468485
 21.700000     -0.15530649
 21.800000     -0.15693921
 21.900000     -0.15732445
 22.000000     -0.15843384
 22.100000     -0.16013200
 22.200000     -0.16014224
 22.300000     -0.15911247
 22.400000     -0.15890938
 22.500000     -0.15808521
 22.600000     -0.15769079
 22.700000     -0.15555382
 22.800000     -0.15270817
 22.900000     -0.14988816
 23.000000     -0.14773973
 23.100000     -0.14529730
 23.200000     -0.14295543
 23.300000     -0.14048230
 23.400000     -0.13650095
 23.500000     -0.13144052
 23.600000     -0.12670855
 23.700000     -0.12304932
 23.800000     -0.12020481
 23.900000     -0.11760798
 24.000000     -0.11538491
 24.100000     -0.11283616
 24.200000     -0.11074866
 24.300000     -0.10902873
 24.400000     -0.10861265
 24.500000     -0.10796310
 24.600000     -0.10707615
 24.700000     -0.10630166
 24.800000     -0.10558792
 24.900000     -0.10293030
 25.000000     -0.10130180
 25.100000     -0.09978430
 25.200000     -0.09759683
 25.300000     -0.09626571
 25.400000     -0.09400176
 25.500000     -0.09224417
 25.600000     -0.09215799
 25.700000     -0.09124917
 25.800000     -0.09031426
 25.900000     -0.08786247
 26.000000     -0.08572007
 26.100000     -0.08485760
 26.200000     -0.08364834
 26.300000     -0.08233440
 26.400000     -0.07912183
 26.500000     -0.07613335
 26.600000     -0.07365673
 26.700000     -0.07168831
 26.800000     -0.06955156
 26.900000     -0.06684062
 27.000000     -0.06486033
 27.100000     -0.06227818
 27.200000     -0.06052828
 27.300000     -0.05978787
 27.400000     -0.05911165
 27.500000     -0.05781407
 27.600000     -0.05686520
 27.700000     -0.05494938
 27.800000     -0.05151847
 27.900000     -0.04734173
 28.000000     -0.04422532
 28.100000     -0.04241119
 28.200000     -0.04067553
 28.300000     -0.03953874
 28.400000     -0.04098694
 28.500000     -0.04077190
 28.600000     -0.04097028
 28.700000     -0.04130568
 28.800000     -0.04253976
 28.900000     -0.04247674
 29.000000     -0.04270312
 29.100000     -0.04474333
 29.200000     -0.04641322
 29.300000     -0.04644406
 29.400000     -0.04680865
 29.500000     -0.04766356
 29.600000     -0.04836130
 29.700000     -0.04955756
 29.800000     -0.05189696
 29.900000     -0.05314346
 30.000000     -0.05379303
 30.100000     -0.05373082
 30.200000     -0.05427240
 30.300000     -0.05559517
 30.400000     -0.05619979
 30.500000     -0.05553874
 30.600000     -0.05515994
 30.700000     -0.05396946
 30.800000     -0.05300986
 30.900000     -0.05069028
 31.000000     -0.04754976
 31.100000     -0.04514345
 31.200000     -0.04393279
 31.300000     -0.04128582
 31.400000     -0.03822700
 31.500000     -0.03500210
 31.600000     -0.03280808
 31.700000     -0.03095826
 31.800000     -0.02945592
 31.900000     -0.02693990
 32.000000     -0.02420873
 32.100000     -0.02102621
 32.200000     -0.01809266
 32.300000     -0.01486851
 32.400000     -0.01154036
 32.500000     -0.00887786
 32.600000     -0.00681102
 32.700000     -0.00332730
 32.800000      0.00079267
 32.900000      0.00499178
 33.000000      0.00748807
 33.100000      0.00959278
 33.200000      0.01326217
 33.300000      0.01674546
 33.400000      0.01913966
 33.500000      0.02160280
 33.600000      0.02492717
 33.700000      0.02787076
 33.800000      0.02967187
 33.900000      0.03036432
 34.000000      0.03053838
 34.100000      0.03067481
 34.200000      0.03196762
 34.300000      0.03266012
 34.400000      0.03256744
 34.500000      0.03152208
 34.600000      0.02980349
 34.700000      0.02800019
 34.800000      0.02680682
 34.900000      0.02508220
 35.000000      0.02375492
 35.100000      0.02248269
 35.200000      0.01989097
 35.300000      0.01797116
 35.400000      0.01520354
 35.500000      0.01158190
 35.600000      0.00786353
 35.700000      0.00486447
 35.800000      0.00185135
 35.900000      0.00014458
 36.000000     -0.00152432
 36.100000     -0.00336578
 36.200000     -0.00502627
 36.300000     -0.00656026
 36.400000     -0.00745386
 36.500000     -0.00857487
 36.600000     -0.00963513
 36.700000     -0.01037642
 36.800000     -0.01084022
 36.900000     -0.01075380
 37.000000     -0.01087331
 37.100000     -0.01157996
 37.200000     -0.01189715
 37.300000     -0.01104317
 37.400000     -0.00894331
 37.500000     -0.00658931
 37.600000     -0.00547697
 37.700000     -0.00544659
 37.800000     -0.00602682
 37.900000     -0.00615383
 38.000000     -0.00557723
 38.100000     -0.00538182
 38.200000     -0.00584779
 38.300000     -0.00612717
 38.400000     -0.00643121
 38.500000     -0.00711517
 38.600000     -0.00819010
 38.700000     -0.00927261
 38.800000     -0.00931456
 38.900000     -0.00873136
 39.000000     -0.00876441
 39.100000     -0.00976728
 39.200000     -0.01057699
 39.300000     -0.01112904
 39.400000     -0.01102156
 39.500000     -0.01011335
 39.600000     -0.00971498
 39.700000     -0.01019110
 39.800000     -0.01077215
 39.900000     -0.01137965
